0	2
0	19
0	62
0	69
0	94
0	239
0	278
0	414
0	481
0	559
0	627
0	628
0	682
0	708
0	774
0	855
0	861
0	976
1	12
1	62
1	82
1	83
1	109
1	110
1	113
1	119
1	143
1	243
1	303
1	486
1	534
1	618
1	679
1	818
1	944
1	970
2	8
2	22
2	27
2	62
2	99
2	177
2	332
2	407
2	482
2	544
2	576
2	617
2	621
2	697
2	823
2	884
2	890
2	892
2	939
2	946
2	948
2	956
3	4
3	5
3	16
3	31
3	32
3	33
3	77
3	86
3	177
3	229
3	242
3	285
3	316
3	343
3	348
3	352
3	361
3	375
3	378
3	419
3	520
3	583
3	607
3	634
3	656
3	718
3	721
3	733
3	745
3	827
3	885
3	955
4	10
4	16
4	17
4	20
4	27
4	51
4	80
4	109
4	237
4	252
4	314
4	363
4	395
4	443
4	490
4	575
4	643
4	728
4	763
4	767
4	885
5	31
5	32
5	51
5	73
5	94
5	163
5	202
5	307
5	388
5	425
5	594
5	639
5	739
5	772
5	825
5	911
5	981
6	18
6	20
6	25
6	34
6	50
6	70
6	107
6	459
6	499
6	570
6	588
6	654
6	713
6	751
6	794
6	880
6	991
7	7
7	14
7	17
7	23
7	25
7	29
7	31
7	45
7	57
7	75
7	242
7	297
7	390
7	434
7	460
7	599
7	657
7	671
7	708
7	728
7	765
7	887
7	899
7	915
7	938
7	969
8	16
8	27
8	41
8	45
8	53
8	58
8	72
8	90
8	601
8	635
8	726
8	770
8	784
8	844
8	869
8	877
9	31
9	36
9	49
9	56
9	74
9	84
9	89
9	96
9	230
9	355
9	357
9	377
9	512
9	573
9	640
9	658
9	787
9	910
9	921
9	922
9	937
10	10
10	27
10	42
10	47
10	82
10	88
10	141
10	178
10	179
10	277
10	360
10	363
10	487
10	536
10	543
10	600
10	754
10	771
10	792
10	831
10	835
10	892
11	51
11	62
11	82
11	84
11	178
11	290
11	302
11	685
11	732
11	765
11	770
11	861
11	912
11	980
11	992
12	16
12	45
12	81
12	220
12	264
12	484
12	512
12	582
12	593
12	670
12	778
12	866
12	869
12	896
12	897
12	912
12	913
12	959
13	29
13	37
13	107
13	122
13	243
13	324
13	369
13	381
13	400
13	476
13	493
13	530
13	579
13	582
13	736
13	760
13	780
13	783
13	804
13	807
13	869
13	881
13	956
14	25
14	34
14	63
14	92
14	99
14	227
14	242
14	268
14	286
14	413
14	533
14	564
14	638
14	755
14	901
14	950
15	23
15	38
15	57
15	138
15	226
15	249
15	403
15	460
15	530
15	681
15	726
15	736
15	821
16	18
16	24
16	71
16	98
16	103
16	107
16	183
16	333
16	398
16	412
16	481
16	482
16	485
16	733
16	802
16	877
17	42
17	45
17	55
17	67
17	75
17	87
17	89
17	104
17	168
17	276
17	338
17	341
17	352
17	388
17	391
17	394
17	395
17	403
17	480
17	632
17	690
17	711
17	713
17	742
17	915
17	957
18	32
18	49
18	54
18	59
18	62
18	80
18	86
18	90
18	91
18	207
18	213
18	712
18	765
18	773
18	779
18	812
18	908
19	54
19	58
19	67
19	77
19	179
19	200
19	242
19	281
19	382
19	485
19	779
19	841
19	887
19	951
20	25
20	33
20	37
20	55
20	80
20	87
20	122
20	195
20	320
20	334
20	347
20	390
20	409
20	469
20	561
20	638
20	724
20	754
20	812
20	819
20	969
20	972
20	974
21	61
21	83
21	100
21	109
21	156
21	184
21	227
21	287
21	577
21	602
21	652
21	672
21	674
21	715
21	796
21	972
21	993
22	22
22	23
22	39
22	77
22	82
22	98
22	230
22	260
22	274
22	276
22	420
22	481
22	715
22	738
22	762
22	800
22	806
22	818
22	858
22	949
23	83
23	93
23	182
23	244
23	247
23	300
23	320
23	376
23	454
23	474
23	550
23	600
23	611
23	691
23	762
23	800
23	801
23	804
23	850
23	876
23	886
23	901
23	934
24	29
24	32
24	44
24	64
24	89
24	96
24	144
24	158
24	183
24	199
24	224
24	257
24	323
24	461
24	496
24	578
24	719
24	726
24	771
24	825
24	855
24	995
25	50
25	54
25	64
25	86
25	99
25	189
25	212
25	257
25	372
25	455
25	458
25	570
25	585
25	624
25	749
25	759
25	821
25	853
25	886
25	901
25	924
26	44
26	64
26	68
26	72
26	85
26	104
26	202
26	334
26	335
26	363
26	422
26	432
26	451
26	492
26	544
26	614
26	651
26	656
26	687
26	793
26	837
26	839
26	894
27	30
27	64
27	65
27	142
27	163
27	167
27	207
27	258
27	318
27	403
27	475
27	751
27	784
27	825
28	48
28	49
28	344
28	386
28	512
28	534
28	557
28	674
28	693
28	771
28	781
28	829
28	841
28	921
28	964
28	971
28	981
28	999
29	52
29	55
29	56
29	57
29	74
29	83
29	91
29	94
29	161
29	408
29	410
29	440
29	457
29	473
29	576
29	606
29	631
29	698
29	815
30	32
30	35
30	71
30	86
30	263
30	370
30	428
30	440
30	471
30	481
30	539
30	677
30	754
30	755
30	788
30	803
30	872
31	53
31	69
31	97
31	151
31	174
31	242
31	378
31	548
31	586
31	595
31	620
31	633
32	36
32	45
32	46
32	52
32	73
32	74
32	153
32	169
32	382
32	500
32	514
32	659
32	695
32	758
32	762
32	771
32	831
32	840
32	918
32	933
33	49
33	72
33	87
33	99
33	102
33	196
33	212
33	229
33	273
33	524
33	568
33	729
34	79
34	80
34	99
34	168
34	182
34	205
34	372
34	438
34	597
34	651
34	677
34	684
34	709
34	722
34	724
34	728
34	826
34	873
34	995
35	35
35	45
35	61
35	65
35	70
35	82
35	130
35	177
35	261
35	275
35	291
35	303
35	309
35	392
35	413
35	423
35	443
35	538
35	784
35	787
35	892
35	960
35	987
36	42
36	56
36	82
36	105
36	171
36	451
36	517
36	560
36	593
36	603
36	639
36	867
36	967
36	971
37	90
37	123
37	215
37	250
37	339
37	369
37	432
37	470
37	507
37	513
37	553
37	616
37	662
37	713
37	784
37	797
37	846
37	852
37	860
37	881
37	901
37	947
38	45
38	76
38	99
38	101
38	261
38	345
38	419
38	453
38	531
38	547
38	559
38	625
38	786
38	807
39	62
39	89
39	94
39	178
39	194
39	318
39	344
39	383
39	549
39	597
39	644
39	654
39	740
39	756
39	786
39	815
39	817
39	875
39	925
39	963
39	985
40	57
40	58
40	71
40	74
40	89
40	110
40	133
40	205
40	403
40	417
40	425
40	446
40	458
40	481
40	489
40	787
40	808
40	813
40	885
40	970
41	46
41	77
41	123
41	132
41	144
41	230
41	263
41	297
41	305
41	361
41	410
41	709
41	714
41	863
41	966
41	967
42	56
42	57
42	79
42	80
42	92
42	197
42	245
42	292
42	346
42	349
42	546
42	684
42	727
42	839
42	879
42	933
42	992
43	53
43	55
43	61
43	63
43	99
43	129
43	270
43	429
43	440
43	448
43	479
43	495
43	582
43	583
43	608
43	628
43	710
43	715
43	756
43	766
43	771
43	930
44	45
44	49
44	58
44	82
44	95
44	113
44	137
44	207
44	259
44	367
44	541
44	571
44	599
44	601
44	610
44	661
44	730
45	62
45	73
45	92
45	193
45	281
45	321
45	323
45	376
45	407
45	568
45	697
45	728
45	758
45	759
45	793
45	812
45	940
46	72
46	73
46	87
46	95
46	102
46	149
46	178
46	186
46	220
46	288
46	333
46	361
46	391
46	438
46	565
46	576
46	712
46	936
47	71
47	173
47	336
47	417
47	431
47	565
47	668
47	687
47	716
47	815
47	980
48	220
48	231
48	248
48	271
48	285
48	319
48	344
48	346
48	528
48	584
48	629
48	673
49	65
49	369
49	412
49	535
49	558
49	613
49	661
49	941
49	969
49	981
50	52
50	55
50	64
50	74
50	89
50	154
50	192
50	361
50	425
50	501
50	510
50	605
50	670
50	690
50	748
50	880
50	903
50	912
50	928
50	935
50	936
50	956
50	999
51	80
51	88
51	227
51	316
51	365
51	534
51	539
51	714
51	755
51	763
51	777
51	792
51	823
51	834
51	873
51	882
51	915
51	951
51	989
52	83
52	102
52	230
52	349
52	393
52	417
52	426
52	499
52	534
52	541
52	636
52	697
52	714
52	759
52	900
53	88
53	132
53	198
53	207
53	301
53	554
53	605
53	615
53	674
53	752
53	853
53	884
53	887
53	909
53	931
54	62
54	86
54	166
54	175
54	201
54	294
54	360
54	365
54	376
54	408
54	480
54	498
54	524
54	653
54	697
54	820
54	826
54	828
54	907
54	963
54	985
55	97
55	115
55	157
55	209
55	261
55	290
55	318
55	319
55	363
55	413
55	428
55	457
55	566
55	574
55	596
55	775
55	780
55	849
55	851
55	943
55	954
56	57
56	98
56	120
56	152
56	169
56	194
56	356
56	408
56	453
56	578
56	631
56	780
56	785
56	898
56	967
57	61
57	64
57	82
57	97
57	143
57	174
57	203
57	320
57	322
57	377
57	610
57	705
57	714
57	765
57	865
58	67
58	70
58	75
58	90
58	392
58	458
58	492
58	571
58	694
58	752
58	856
58	862
58	863
58	869
58	875
58	881
58	882
58	914
58	923
58	975
59	65
59	74
59	194
59	518
59	529
59	536
59	562
59	599
59	622
59	697
59	802
59	803
59	814
59	898
59	971
60	66
60	71
60	81
60	87
60	95
60	196
60	205
60	270
60	271
60	342
60	477
60	482
60	551
60	573
60	574
60	676
60	679
60	732
60	824
60	827
60	837
60	838
60	975
60	991
61	105
61	136
61	281
61	418
61	436
61	455
61	545
61	650
61	654
61	720
61	727
61	788
61	857
61	863
62	83
62	85
62	91
62	97
62	115
62	124
62	139
62	246
62	288
62	312
62	439
62	526
62	540
62	729
63	129
63	151
63	180
63	322
63	332
63	390
63	627
63	658
63	686
63	715
63	724
63	794
63	873
63	876
63	967
64	74
64	362
64	364
64	554
64	707
64	864
64	893
64	965
64	974
65	82
65	87
65	97
65	104
65	118
65	172
65	248
65	295
65	315
65	524
65	536
65	613
65	622
65	642
65	671
65	706
65	747
65	848
65	895
65	953
65	963
66	78
66	83
66	146
66	167
66	191
66	251
66	270
66	320
66	365
66	374
66	392
66	405
66	489
66	516
66	559
66	571
66	633
66	636
66	644
66	737
66	740
66	777
66	818
66	874
67	74
67	80
67	84
67	101
67	108
67	169
67	171
67	177
67	288
67	314
67	388
67	707
67	972
68	172
68	325
68	419
68	547
68	732
68	779
68	787
68	802
68	859
68	870
68	903
68	949
68	984
69	191
69	248
69	343
69	382
69	490
69	585
69	781
69	811
69	874
69	922
69	931
70	114
70	118
70	373
70	390
70	461
70	525
70	548
70	840
70	950
71	78
71	89
71	92
71	171
71	190
71	228
71	281
71	321
71	394
71	458
71	528
71	703
71	798
71	851
71	911
71	924
72	82
72	89
72	119
72	257
72	278
72	405
72	424
72	474
72	537
72	552
72	666
72	677
72	758
72	845
72	852
72	868
72	937
72	949
73	74
73	92
73	95
73	241
73	383
73	430
73	524
73	636
73	716
73	723
73	732
73	799
73	847
73	978
74	96
74	99
74	116
74	156
74	249
74	251
74	348
74	366
74	389
74	402
74	440
74	498
74	508
74	553
74	620
74	633
74	715
74	837
74	890
74	953
75	90
75	132
75	136
75	300
75	361
75	417
75	511
75	526
75	581
75	650
75	767
75	944
76	91
76	127
76	170
76	223
76	228
76	229
76	562
76	622
76	720
76	727
76	818
76	881
76	928
76	944
76	967
76	968
76	972
76	974
77	95
77	196
77	199
77	274
77	282
77	288
77	323
77	452
77	489
77	660
77	676
77	725
77	827
77	859
77	994
77	996
78	199
78	318
78	466
78	515
78	585
78	614
78	735
78	743
78	765
78	855
78	895
79	90
79	96
79	117
79	153
79	207
79	222
79	259
79	284
79	304
79	407
79	516
79	792
79	857
79	919
79	957
80	83
80	104
80	239
80	244
80	287
80	292
80	422
80	425
80	478
80	520
80	734
80	750
80	791
80	809
80	854
80	870
80	932
80	958
81	95
81	132
81	500
81	513
81	705
81	719
81	722
81	745
81	830
81	835
81	877
81	882
81	911
81	956
82	89
82	310
82	345
82	419
82	622
82	700
82	726
82	738
82	742
82	747
82	904
82	943
82	963
83	125
83	132
83	138
83	145
83	156
83	193
83	251
83	311
83	485
83	512
83	538
83	607
83	609
83	643
83	794
83	872
83	875
83	969
84	90
84	106
84	164
84	262
84	329
84	354
84	360
84	394
84	419
84	444
84	453
84	478
84	528
84	542
84	562
84	595
84	603
84	660
84	806
84	810
84	836
84	873
84	934
84	989
85	150
85	161
85	225
85	233
85	442
85	449
85	475
85	502
85	564
85	920
86	96
86	149
86	170
86	200
86	217
86	248
86	308
86	402
86	529
86	533
86	642
86	812
86	850
86	854
86	929
87	119
87	137
87	140
87	285
87	388
87	391
87	519
87	616
87	697
87	778
87	830
87	839
87	880
87	928
87	947
87	984
88	92
88	95
88	164
88	207
88	229
88	298
88	743
88	744
88	808
88	809
88	852
88	969
89	97
89	116
89	205
89	259
89	280
89	632
89	711
89	731
89	754
89	755
89	786
89	794
89	813
89	867
89	954
89	970
90	90
90	106
90	129
90	147
90	148
90	271
90	273
90	284
90	330
90	393
90	464
90	527
90	623
90	669
90	696
90	729
90	822
90	930
90	964
91	230
91	238
91	318
91	321
91	339
91	408
91	499
91	523
91	604
91	699
91	784
91	818
91	874
91	904
91	954
92	136
92	144
92	159
92	172
92	239
92	336
92	346
92	392
92	420
92	639
92	993
93	226
93	255
93	292
93	302
93	326
93	380
93	432
93	443
93	446
93	456
93	497
93	511
93	702
93	881
93	914
93	920
93	975
94	320
94	500
94	570
94	573
94	575
94	673
94	800
94	891
94	916
94	936
94	970
95	108
95	193
95	276
95	344
95	355
95	383
95	579
95	581
95	695
95	728
95	782
95	790
95	795
95	823
95	859
95	892
96	98
96	140
96	164
96	214
96	225
96	246
96	258
96	329
96	338
96	607
96	802
96	812
96	832
96	840
96	844
96	868
96	878
96	885
96	905
96	949
96	967
97	119
97	197
97	212
97	252
97	264
97	371
97	406
97	429
97	470
97	548
97	567
97	619
97	631
97	639
97	737
97	785
97	840
97	923
98	151
98	188
98	310
98	322
98	336
98	396
98	559
98	578
98	648
98	695
98	723
98	834
98	987
98	994
99	174
99	230
99	238
99	302
99	362
99	451
99	452
99	487
99	521
99	547
99	573
99	584
99	717
99	777
99	812
99	842
99	901
99	938
99	957
100	108
100	125
100	131
100	163
100	188
100	195
100	317
100	419
100	483
100	530
100	643
100	669
100	713
100	849
100	906
100	907
100	918
100	964
101	117
101	164
101	190
101	196
101	197
101	272
101	311
101	365
101	427
101	478
101	715
101	780
101	886
101	891
101	927
101	983
102	166
102	185
102	250
102	340
102	348
102	432
102	455
102	487
102	499
102	626
102	700
102	735
102	764
102	853
102	904
102	942
102	947
103	106
103	108
103	113
103	125
103	132
103	135
103	160
103	190
103	381
103	427
103	502
103	520
103	550
103	555
103	650
103	705
103	770
103	776
103	802
103	909
104	116
104	127
104	172
104	179
104	198
104	441
104	452
104	595
104	605
104	665
104	716
104	724
104	800
104	924
104	943
104	954
104	999
105	114
105	165
105	166
105	252
105	319
105	415
105	521
105	623
105	725
105	850
106	129
106	145
106	161
106	178
106	221
106	223
106	253
106	359
106	421
106	473
106	508
106	604
106	716
106	861
106	873
107	142
107	160
107	162
107	164
107	275
107	304
107	496
107	513
107	570
107	690
107	730
107	762
107	776
107	786
107	793
107	873
107	883
107	898
107	937
107	938
107	975
108	109
108	149
108	296
108	329
108	397
108	463
108	505
108	590
108	620
108	630
108	684
108	920
109	112
109	119
109	131
109	140
109	141
109	183
109	185
109	207
109	228
109	250
109	292
109	432
109	435
109	502
109	593
109	704
109	737
109	751
109	772
109	854
109	916
109	950
109	960
109	966
109	968
110	117
110	157
110	171
110	176
110	269
110	505
110	510
110	596
110	641
110	651
110	699
110	704
110	761
110	838
110	859
110	866
110	917
111	112
111	114
111	130
111	144
111	153
111	160
111	175
111	177
111	195
111	310
111	352
111	414
111	430
111	437
111	481
111	538
111	588
111	630
111	648
111	675
111	759
111	807
111	808
112	128
112	133
112	146
112	193
112	253
112	282
112	293
112	487
112	497
112	505
112	537
112	622
112	657
112	677
112	807
112	936
112	968
113	129
113	146
113	174
113	186
113	196
113	285
113	557
113	666
113	695
113	903
113	920
113	935
113	994
114	120
114	123
114	124
114	175
114	192
114	208
114	213
114	253
114	270
114	298
114	299
114	355
114	410
114	424
114	477
114	483
114	599
114	627
114	748
114	804
114	814
114	846
114	882
115	120
115	121
115	136
115	177
115	199
115	218
115	234
115	606
115	655
115	747
115	841
116	128
116	152
116	163
116	164
116	174
116	179
116	264
116	288
116	369
116	386
116	431
116	526
116	601
116	663
116	691
116	775
116	860
116	959
116	991
117	119
117	140
117	142
117	146
117	157
117	167
117	413
117	441
117	611
117	664
117	704
117	711
117	758
117	795
117	954
117	974
118	157
118	171
118	184
118	186
118	260
118	414
118	428
118	614
118	706
118	810
118	916
119	161
119	194
119	294
119	299
119	432
119	436
119	617
119	704
119	712
119	730
119	741
119	747
119	754
119	997
120	132
120	138
120	139
120	169
120	205
120	264
120	294
120	313
120	317
120	487
120	494
120	555
120	586
120	611
120	678
120	727
120	831
120	838
120	945
121	320
121	354
121	368
121	388
121	444
121	520
121	564
121	567
121	736
121	752
121	978
122	169
122	189
122	196
122	228
122	278
122	336
122	344
122	389
122	395
122	405
122	422
122	434
122	446
122	564
122	598
122	615
122	688
122	720
122	722
123	195
123	265
123	514
123	551
123	737
123	788
123	800
123	940
123	986
124	127
124	132
124	152
124	167
124	186
124	197
124	224
124	227
124	241
124	310
124	433
124	469
124	604
124	686
124	703
124	719
124	744
124	758
124	761
124	763
124	770
124	958
124	981
125	135
125	147
125	280
125	293
125	338
125	428
125	435
125	451
125	482
125	579
125	595
125	644
125	742
125	786
125	824
125	937
125	986
126	132
126	173
126	181
126	182
126	315
126	319
126	355
126	573
126	911
126	983
127	155
127	170
127	194
127	197
127	249
127	271
127	482
127	650
127	668
127	759
127	782
127	885
128	138
128	151
128	163
128	168
128	201
128	541
128	628
128	649
128	654
128	688
128	702
128	710
128	721
128	739
128	843
128	854
128	922
128	968
129	141
129	176
129	200
129	341
129	405
129	460
129	579
129	636
129	713
129	768
129	835
129	965
130	173
130	198
130	255
130	309
130	346
130	367
130	432
130	483
130	511
130	551
130	596
130	747
130	848
130	861
130	887
130	892
130	989
131	136
131	138
131	151
131	191
131	198
131	227
131	234
131	242
131	261
131	426
131	433
131	591
131	712
131	789
131	909
131	991
132	138
132	147
132	149
132	229
132	305
132	319
132	435
132	464
132	483
132	611
132	703
132	723
132	759
132	809
132	861
132	922
132	955
133	146
133	155
133	157
133	162
133	356
133	357
133	375
133	397
133	586
133	589
133	644
133	833
133	865
133	905
133	928
133	931
133	968
134	192
134	194
134	197
134	204
134	225
134	337
134	348
134	360
134	436
134	530
134	531
134	538
134	596
134	655
134	830
135	179
135	184
135	197
135	268
135	337
135	389
135	405
135	418
135	450
135	456
135	582
135	650
135	657
135	845
135	972
136	144
136	148
136	168
136	171
136	349
136	471
136	711
136	758
136	761
136	773
136	864
136	949
136	974
137	148
137	150
137	165
137	168
137	170
137	183
137	194
137	196
137	202
137	281
137	374
137	445
137	480
137	537
137	622
137	669
137	692
137	722
137	972
138	158
138	351
138	352
138	657
138	773
138	909
139	190
139	199
139	211
139	449
139	507
139	551
139	599
139	632
139	720
139	741
139	764
139	782
139	783
139	891
140	167
140	171
140	175
140	194
140	219
140	269
140	292
140	382
140	385
140	627
140	776
140	846
141	145
141	151
141	165
141	184
141	194
141	216
141	219
141	245
141	250
141	305
141	408
141	417
141	453
141	547
141	646
141	762
141	889
141	916
141	957
141	963
142	146
142	152
142	166
142	179
142	300
142	392
142	523
142	660
142	782
142	803
142	940
143	146
143	154
143	179
143	233
143	328
143	401
143	434
143	536
143	570
143	579
143	607
143	637
143	646
143	657
143	663
143	674
143	763
143	950
143	968
143	995
144	238
144	361
144	515
144	517
144	560
144	655
144	765
144	793
144	922
144	970
145	219
145	249
145	347
145	360
145	419
145	447
145	469
145	471
145	571
145	597
145	909
145	970
145	987
146	164
146	195
146	209
146	216
146	320
146	376
146	421
146	465
146	502
146	518
146	572
146	605
146	610
146	633
146	674
146	780
146	844
146	856
146	868
146	936
146	956
146	963
146	980
147	174
147	176
147	185
147	198
147	219
147	276
147	382
147	408
147	478
147	550
147	568
147	742
147	833
147	853
147	894
147	903
147	914
147	999
148	205
148	269
148	378
148	538
148	568
148	621
148	636
148	692
148	828
148	864
148	983
148	991
148	999
149	153
149	161
149	175
149	179
149	300
149	340
149	411
149	413
149	425
149	464
149	500
149	529
149	708
149	749
149	764
149	853
149	967
150	171
150	177
150	179
150	192
150	254
150	302
150	323
150	332
150	358
150	370
150	529
150	532
150	543
150	572
150	661
150	678
150	710
150	767
150	785
150	909
150	930
151	193
151	194
151	305
151	311
151	354
151	430
151	530
151	554
151	675
151	686
151	732
151	758
151	795
151	817
151	825
151	891
152	156
152	161
152	173
152	176
152	181
152	182
152	230
152	263
152	309
152	345
152	428
152	555
152	611
152	625
152	627
152	631
152	823
152	863
152	880
153	177
153	189
153	222
153	233
153	284
153	435
153	518
153	537
153	578
153	609
153	708
153	714
153	737
153	748
153	931
153	934
153	976
154	165
154	177
154	179
154	292
154	536
154	688
154	899
155	165
155	173
155	187
155	189
155	191
155	200
155	312
155	316
155	322
155	417
155	418
155	594
155	722
155	752
155	826
155	839
155	952
156	165
156	175
156	199
156	252
156	293
156	298
156	380
156	484
156	567
156	725
156	863
156	869
156	870
156	877
156	916
157	164
157	168
157	187
157	207
157	238
157	292
157	309
157	337
157	385
157	391
157	489
157	632
157	667
157	695
157	745
157	757
157	773
157	809
157	894
158	174
158	287
158	295
158	319
158	439
158	579
158	633
158	647
158	670
158	764
158	884
159	188
159	197
159	266
159	409
159	497
159	545
159	565
159	668
159	688
159	739
159	741
159	783
159	795
159	858
159	865
159	869
160	178
160	182
160	183
160	211
160	381
160	424
160	612
160	666
160	707
160	789
160	892
160	945
161	186
161	190
161	227
161	301
161	608
161	647
161	649
161	662
161	663
161	740
161	759
161	798
161	903
161	934
161	950
162	167
162	176
162	181
162	187
162	188
162	192
162	225
162	227
162	396
162	448
162	479
162	544
162	652
162	660
162	741
162	839
162	923
162	929
162	943
163	165
163	170
163	186
163	187
163	197
163	249
163	263
163	340
163	355
163	371
163	448
163	508
163	544
163	653
163	681
163	694
163	777
163	941
163	960
163	973
164	181
164	203
164	258
164	306
164	325
164	398
164	437
164	526
164	540
164	563
164	567
164	648
164	783
164	800
164	818
164	826
164	948
165	172
165	213
165	306
165	459
165	567
165	604
165	620
165	638
165	643
165	737
165	751
165	757
165	803
165	815
165	894
166	176
166	189
166	222
166	286
166	300
166	332
166	505
166	520
166	589
166	613
166	648
166	740
166	756
166	861
166	865
166	870
166	947
167	168
167	182
167	290
167	490
167	670
167	675
167	696
167	709
167	713
167	788
167	859
167	898
167	957
167	983
168	269
168	277
168	280
168	310
168	353
168	366
168	445
168	467
168	561
168	648
168	735
168	837
168	849
168	961
168	974
169	190
169	209
169	210
169	211
169	251
169	394
169	493
169	509
169	591
169	604
169	736
169	763
169	823
169	826
169	885
169	946
169	956
170	171
170	220
170	230
170	275
170	350
170	370
170	382
170	474
170	545
170	570
170	576
170	657
170	789
170	884
170	906
170	952
170	974
171	174
171	203
171	218
171	249
171	517
171	540
171	552
171	595
171	649
171	771
171	842
171	847
172	174
172	176
172	313
172	325
172	352
172	369
172	390
172	448
172	476
172	566
172	600
172	673
172	829
173	176
173	230
173	436
173	510
173	655
173	743
173	783
173	996
174	182
174	186
174	192
174	195
174	228
174	302
174	411
174	427
174	568
174	587
174	597
174	632
174	672
174	716
174	796
174	890
174	901
174	967
174	984
174	987
175	185
175	194
175	217
175	293
175	365
175	461
175	512
175	795
175	837
175	888
176	193
176	211
176	309
176	330
176	357
176	530
176	600
176	828
176	857
176	875
177	201
177	372
177	386
177	762
177	843
177	873
177	902
177	923
177	945
177	986
178	194
178	199
178	222
178	250
178	338
178	474
178	494
178	544
178	593
178	600
178	602
178	641
178	768
178	845
178	860
178	861
178	906
178	910
178	924
178	965
178	978
179	193
179	376
179	401
179	442
179	454
179	488
179	641
179	702
179	800
179	852
179	904
179	943
179	983
180	182
180	348
180	357
180	604
180	663
180	730
180	817
180	932
180	987
181	181
181	196
181	199
181	223
181	252
181	283
181	324
181	344
181	381
181	420
181	433
181	446
181	551
181	623
181	689
181	800
181	846
181	859
181	928
182	259
182	297
182	350
182	510
182	541
182	575
182	578
182	615
182	716
182	746
182	934
183	271
183	379
183	413
183	428
183	466
183	519
183	643
183	820
184	325
184	353
184	437
184	503
184	554
184	569
184	626
184	689
184	847
184	855
185	186
185	189
185	198
185	377
185	422
185	449
185	512
185	597
185	626
185	734
185	782
185	799
185	833
185	898
185	902
185	922
185	980
185	989
186	205
186	288
186	364
186	573
186	599
186	629
186	674
186	693
186	757
186	900
186	907
186	948
186	961
187	235
187	345
187	367
187	415
187	472
187	573
187	604
187	614
187	656
187	658
187	840
187	860
187	969
188	213
188	292
188	460
188	465
188	485
188	602
188	613
188	645
188	673
188	722
188	816
188	830
188	836
188	866
188	997
189	251
189	290
189	311
189	394
189	492
189	635
189	727
189	737
189	748
189	951
190	197
190	209
190	235
190	266
190	291
190	306
190	317
190	412
190	458
190	630
190	732
190	817
190	845
190	938
190	961
190	963
190	965
191	194
191	203
191	401
191	469
191	529
191	842
191	893
191	943
191	999
192	195
192	218
192	326
192	337
192	392
192	394
192	549
192	550
192	567
192	646
192	764
192	906
193	198
193	201
193	234
193	261
193	301
193	376
193	416
193	549
193	609
193	637
193	669
193	763
193	766
193	928
193	942
193	955
193	956
194	304
194	335
194	441
194	457
194	721
194	769
195	335
195	344
195	351
195	433
195	451
195	530
195	575
195	598
195	617
195	654
195	672
195	697
195	731
195	736
195	742
195	836
195	842
195	844
195	868
195	872
195	925
196	197
196	238
196	340
196	470
196	545
196	566
196	618
196	744
196	753
196	770
196	802
196	960
196	985
197	241
197	326
197	394
197	401
197	484
197	524
197	592
197	987
198	202
198	218
198	249
198	273
198	350
198	383
198	454
198	459
198	528
198	563
198	594
198	860
198	934
199	259
199	263
199	320
199	373
199	424
199	490
199	556
199	735
199	831
199	837
199	894
199	955
199	983
199	994
200	267
200	273
200	281
200	354
200	396
200	787
200	854
201	229
201	231
201	254
201	262
201	264
201	284
201	325
201	367
201	375
201	410
201	786
202	204
202	206
202	212
202	290
202	337
202	361
202	444
202	517
202	760
202	796
202	800
202	804
202	884
202	929
202	985
203	236
203	248
203	268
203	283
203	292
203	341
203	354
203	450
203	454
203	484
203	549
203	554
203	658
203	787
203	808
203	930
203	971
204	212
204	239
204	294
204	311
204	460
204	556
204	595
204	690
204	875
204	907
204	944
204	973
204	986
205	208
205	245
205	283
205	297
205	314
205	323
205	471
205	482
205	493
205	836
205	962
206	253
206	254
206	258
206	261
206	271
206	287
206	304
206	308
206	329
206	436
206	485
206	571
206	663
206	682
206	700
206	728
206	810
206	815
206	817
206	905
206	921
206	940
207	208
207	212
207	229
207	231
207	266
207	293
207	461
207	493
207	546
207	620
207	632
207	734
207	819
207	826
207	855
207	962
207	980
208	231
208	235
208	262
208	279
208	299
208	445
208	498
208	646
208	944
208	993
209	340
209	372
209	400
209	410
209	413
209	552
209	591
209	653
209	667
209	696
209	827
209	847
209	873
209	942
210	227
210	233
210	235
210	241
210	247
210	267
210	287
210	294
210	301
210	378
210	420
210	444
210	450
210	462
210	468
210	474
210	601
210	630
210	642
210	643
210	657
210	717
210	798
210	809
210	841
210	853
210	878
210	902
210	944
210	998
211	224
211	234
211	241
211	243
211	275
211	276
211	341
211	365
211	408
211	468
211	478
211	480
211	552
211	668
211	676
211	696
211	778
211	927
211	938
211	946
211	958
212	226
212	237
212	261
212	271
212	272
212	286
212	518
212	563
212	572
212	590
212	623
212	653
212	824
212	874
212	896
212	947
212	965
212	985
213	281
213	285
213	288
213	295
213	397
213	459
213	483
213	486
213	499
213	517
213	616
213	734
213	735
213	761
213	784
213	962
213	964
214	222
214	257
214	259
214	260
214	263
214	279
214	328
214	342
214	394
214	426
214	468
214	498
214	535
214	668
214	678
214	717
214	731
214	821
214	877
214	932
214	943
214	982
215	235
215	236
215	244
215	256
215	291
215	299
215	313
215	385
215	413
215	443
215	548
215	581
215	582
215	624
215	648
215	678
215	687
215	822
216	226
216	254
216	266
216	278
216	280
216	284
216	293
216	297
216	316
216	453
216	468
216	483
216	488
216	583
216	761
216	775
216	802
216	863
216	906
216	925
216	969
216	994
217	247
217	295
217	374
217	412
217	458
217	460
217	475
217	533
217	535
217	594
217	621
217	630
217	932
217	953
217	979
217	983
218	219
218	223
218	261
218	292
218	314
218	438
218	514
218	676
218	742
218	780
218	912
219	227
219	228
219	255
219	257
219	263
219	299
219	342
219	362
219	397
219	402
219	425
219	578
219	593
219	596
219	602
219	757
219	763
219	782
219	797
219	890
219	984
220	226
220	235
220	241
220	247
220	248
220	262
220	275
220	287
220	301
220	391
220	501
220	571
220	807
220	813
220	925
220	962
221	222
221	254
221	260
221	263
221	267
221	269
221	325
221	515
221	524
221	612
221	625
221	655
221	750
221	803
221	881
221	926
221	953
221	981
222	239
222	244
222	248
222	249
222	275
222	278
222	462
222	565
222	683
222	708
222	830
222	956
223	249
223	250
223	280
223	289
223	386
223	426
223	435
223	450
223	491
223	498
223	580
224	268
224	280
224	301
224	572
224	711
224	727
224	729
224	760
224	780
224	789
224	829
224	872
224	953
225	232
225	233
225	244
225	255
225	263
225	333
225	405
225	575
225	635
225	673
225	682
225	693
225	713
225	720
225	761
225	819
225	868
225	919
225	928
226	229
226	235
226	243
226	371
226	389
226	399
226	443
226	478
226	576
226	772
226	791
226	860
226	912
227	269
227	288
227	300
227	311
227	379
227	460
227	482
227	523
227	580
227	772
227	776
227	801
227	842
227	984
228	240
228	266
228	285
228	312
228	363
228	384
228	394
228	416
228	423
228	526
228	533
228	571
228	598
228	666
228	678
228	715
228	735
228	756
228	792
228	876
228	974
229	235
229	270
229	289
229	475
229	628
229	781
229	931
230	235
230	241
230	249
230	364
230	393
230	414
230	476
230	492
230	694
230	705
230	791
230	808
230	856
230	877
231	238
231	247
231	253
231	255
231	292
231	295
231	324
231	339
231	426
231	456
231	477
231	552
231	603
231	645
231	663
231	714
231	884
231	891
231	905
231	964
232	238
232	240
232	256
232	260
232	285
232	297
232	359
232	505
232	530
232	583
232	613
232	919
232	921
232	934
233	276
233	426
233	532
233	535
233	615
233	730
233	855
233	864
233	879
233	896
233	988
234	243
234	259
234	280
234	284
234	347
234	358
234	395
234	396
234	498
234	520
234	587
234	607
234	620
234	934
234	975
235	240
235	248
235	272
235	294
235	296
235	448
235	560
235	608
235	729
235	730
235	731
235	796
235	856
235	970
235	980
235	988
236	260
236	263
236	279
236	285
236	296
236	379
236	425
236	558
236	585
236	600
236	605
236	768
236	776
236	779
236	795
236	883
236	894
236	900
236	951
237	241
237	272
237	373
237	377
237	427
237	499
237	528
237	597
237	622
237	760
237	766
237	803
237	961
238	243
238	336
238	602
238	659
238	725
238	761
238	782
238	881
238	912
238	982
239	295
239	451
239	458
239	568
239	615
239	753
239	754
239	826
239	875
239	907
239	958
239	968
240	296
240	322
240	331
240	332
240	381
240	387
240	473
240	506
240	550
240	599
240	801
240	947
240	964
240	982
241	245
241	296
241	341
241	344
241	359
241	675
241	768
241	927
241	998
242	262
242	280
242	282
242	285
242	481
242	529
242	542
242	543
242	554
242	601
242	797
242	936
243	259
243	294
243	332
243	441
243	538
243	704
243	745
243	806
243	842
243	881
243	883
243	886
244	335
244	354
244	390
244	521
244	596
244	608
244	681
244	688
244	701
244	765
244	797
244	919
244	925
244	937
245	250
245	257
245	263
245	264
245	282
245	406
245	438
245	460
245	470
245	557
245	570
245	641
245	665
245	676
245	739
245	788
245	882
245	966
245	968
245	984
246	277
246	293
246	318
246	441
246	492
246	567
246	585
246	610
246	653
246	704
246	781
246	792
246	805
246	833
246	846
246	907
246	926
246	956
247	259
247	275
247	280
247	344
247	383
247	420
247	552
247	563
247	586
247	687
247	850
247	895
247	925
247	940
247	959
248	269
248	293
248	300
248	389
248	552
248	627
248	666
248	844
248	870
248	880
249	254
249	256
249	266
249	273
249	276
249	303
249	312
249	330
249	438
249	467
249	544
249	566
249	699
249	707
249	762
249	763
249	835
249	847
249	849
249	888
250	256
250	266
250	297
250	320
250	326
250	337
250	356
250	485
250	496
250	567
250	658
250	675
250	787
250	844
250	895
250	981
251	256
251	267
251	299
251	427
251	485
251	523
251	550
251	586
251	615
251	625
251	696
251	751
251	903
251	919
251	938
252	254
252	258
252	288
252	311
252	448
252	521
252	547
252	752
252	811
252	862
252	883
252	920
253	258
253	274
253	284
253	441
253	467
253	507
253	561
253	578
253	581
253	719
253	745
253	806
253	850
253	890
254	263
254	279
254	298
254	363
254	367
254	427
254	501
254	619
254	623
254	635
254	836
254	838
254	923
255	289
255	297
255	380
255	475
255	478
255	600
255	606
255	690
255	755
255	902
255	983
256	270
256	364
256	428
256	473
256	493
256	500
256	522
256	585
256	683
256	781
256	820
256	879
256	918
257	260
257	279
257	281
257	287
257	293
257	303
257	336
257	467
257	580
257	600
257	807
257	885
257	931
257	965
257	980
258	285
258	288
258	294
258	299
258	417
258	454
258	602
258	615
258	678
258	744
258	784
258	816
258	881
258	897
258	921
258	991
259	283
259	394
259	543
259	630
259	634
259	798
259	867
259	890
260	277
260	282
260	406
260	463
260	616
260	723
260	783
260	836
260	899
260	920
261	282
261	284
261	287
261	290
261	312
261	361
261	415
261	487
261	505
261	532
261	615
261	759
261	849
261	933
261	948
262	263
262	271
262	287
262	292
262	311
262	342
262	393
262	400
262	453
262	538
262	629
262	657
262	660
262	721
262	865
262	919
262	977
262	978
262	997
263	268
263	282
263	288
263	296
263	327
263	393
263	401
263	513
263	585
263	661
263	673
263	674
263	686
263	757
263	840
263	871
263	901
263	968
264	264
264	346
264	359
264	374
264	458
264	474
264	538
264	575
264	694
264	697
264	851
264	934
264	951
264	963
265	269
265	375
265	384
265	491
265	514
265	571
265	649
265	738
265	782
265	826
265	871
265	886
265	902
265	941
265	975
266	655
266	699
266	706
266	978
267	271
267	277
267	288
267	302
267	373
267	378
267	400
267	480
267	524
267	628
267	678
267	841
267	949
268	291
268	297
268	352
268	408
268	417
268	458
268	461
268	595
268	596
268	655
268	737
268	755
268	777
268	887
268	965
269	375
269	458
269	612
269	716
269	801
270	490
270	539
270	543
270	598
270	615
270	637
270	663
270	682
270	704
270	759
270	767
270	784
270	809
270	847
270	961
271	285
271	287
271	289
271	470
271	501
271	510
271	561
271	567
271	600
271	747
271	842
271	874
271	919
272	272
272	276
272	325
272	333
272	399
272	429
272	506
272	564
272	593
272	662
272	718
272	723
272	768
272	818
272	859
272	913
272	931
272	986
273	280
273	287
273	294
273	374
273	427
273	508
273	538
273	675
273	697
273	828
273	829
273	868
273	951
273	969
274	276
274	279
274	296
274	300
274	324
274	331
274	682
274	844
274	845
274	854
274	972
275	325
275	534
275	623
275	630
275	706
275	775
275	809
275	812
275	881
275	913
276	286
276	298
276	308
276	390
276	723
276	798
276	847
277	398
277	431
277	514
277	529
277	538
277	552
277	654
277	788
277	815
277	911
277	919
278	278
278	287
278	419
278	572
278	598
278	636
278	697
278	919
278	928
279	427
279	467
279	552
279	564
279	577
279	622
279	630
279	640
279	821
279	891
279	904
279	915
279	917
280	496
280	569
280	574
280	581
280	633
280	679
280	693
280	706
280	725
280	844
280	864
280	894
280	895
280	968
281	415
281	466
281	558
281	654
281	679
281	705
281	757
281	872
281	959
282	296
282	333
282	342
282	354
282	439
282	481
282	524
282	548
282	555
282	643
282	673
282	695
282	741
282	768
282	803
282	998
283	283
283	301
283	346
283	351
283	423
283	445
283	459
283	541
283	779
283	856
283	934
283	964
284	295
284	307
284	329
284	464
284	499
284	575
284	682
284	742
284	797
284	834
284	924
284	991
285	293
285	295
285	297
285	298
285	334
285	353
285	356
285	358
285	365
285	500
285	569
285	643
285	741
285	817
285	820
286	289
286	290
286	359
286	428
286	467
286	606
286	643
286	651
286	879
286	886
287	290
287	330
287	344
287	345
287	411
287	461
287	471
287	582
287	675
287	897
287	922
287	986
288	332
288	408
288	413
288	446
288	546
288	553
288	570
288	639
288	707
288	714
288	741
289	313
289	317
289	330
289	332
289	523
289	548
289	595
289	636
289	639
289	698
289	757
289	850
289	943
290	313
290	356
290	402
290	425
290	452
290	469
290	482
290	505
290	513
290	518
290	555
290	625
290	655
290	679
290	699
290	756
290	773
290	787
290	969
290	973
290	990
290	996
291	361
291	376
291	422
291	650
291	694
291	714
291	735
291	790
291	845
291	882
291	887
291	917
291	999
292	313
292	326
292	361
292	365
292	415
292	550
292	584
292	603
292	631
292	647
292	667
292	695
292	755
292	848
292	880
292	943
292	966
292	991
293	294
293	481
293	507
293	534
293	557
293	558
293	751
293	867
293	876
293	883
293	898
293	910
293	932
293	938
293	969
294	315
294	449
294	533
294	568
294	595
294	610
294	681
294	777
294	947
294	989
295	331
295	489
295	509
295	538
295	549
295	566
295	600
295	616
295	690
295	779
295	800
295	837
295	864
295	882
295	913
295	995
296	298
296	302
296	486
296	528
296	615
296	648
296	724
296	790
296	822
296	827
296	915
296	996
297	348
297	393
297	507
297	536
297	554
297	557
297	565
297	586
297	679
297	784
297	878
297	958
297	978
297	985
298	340
298	349
298	422
298	476
298	532
298	650
298	719
298	751
298	754
298	817
298	869
298	961
299	412
299	482
299	514
299	519
299	522
299	532
299	664
299	706
299	734
299	763
299	846
299	849
300	314
300	320
300	337
300	357
300	389
300	413
300	451
300	511
300	524
300	836
300	884
301	304
301	356
301	387
301	399
301	537
301	539
301	807
301	835
301	863
302	303
302	305
302	349
302	364
302	368
302	379
302	388
302	412
302	531
302	621
302	644
302	687
302	696
302	699
302	766
303	414
303	454
303	699
303	762
303	900
303	903
303	914
303	944
303	972
304	392
304	398
304	448
304	480
304	490
304	532
304	585
304	624
304	648
304	658
304	750
304	871
304	928
305	324
305	339
305	369
305	452
305	456
305	707
305	736
305	778
305	832
305	902
305	923
305	933
305	952
306	343
306	362
306	375
306	388
306	394
306	656
306	690
307	329
307	356
307	365
307	377
307	385
307	393
307	414
307	502
307	555
307	766
307	787
307	790
307	799
307	910
307	921
307	949
307	956
307	964
308	311
308	317
308	374
308	398
308	409
308	462
308	501
308	516
308	575
308	577
308	681
308	757
308	908
308	917
309	371
309	414
309	493
309	507
309	527
309	550
309	589
309	644
309	701
309	713
309	756
309	770
309	801
309	884
309	887
310	317
310	346
310	358
310	370
310	384
310	388
310	426
310	519
310	599
310	632
310	649
310	663
310	712
310	747
310	805
310	862
310	975
311	340
311	343
311	349
311	352
311	363
311	373
311	388
311	422
311	550
311	591
311	601
311	638
311	803
311	929
311	952
311	992
312	317
312	359
312	369
312	520
312	640
312	687
312	812
312	841
312	874
312	966
312	983
312	988
313	326
313	339
313	369
313	371
313	416
313	464
313	503
313	564
313	650
313	674
313	885
313	947
313	973
313	990
314	351
314	353
314	363
314	370
314	396
314	503
314	524
314	555
314	642
314	687
314	793
314	881
314	890
314	970
314	995
315	327
315	342
315	358
315	361
315	378
315	389
315	395
315	937
316	321
316	360
316	361
316	369
316	397
316	398
316	407
316	532
316	646
316	681
316	714
316	772
316	840
316	987
316	990
317	378
317	382
317	394
317	398
317	473
317	521
317	547
317	819
317	832
317	880
317	925
318	327
318	329
318	344
318	371
318	374
318	534
318	544
318	549
318	630
319	328
319	338
319	346
319	359
319	368
319	372
319	414
319	433
319	472
319	641
319	667
319	721
319	798
319	838
319	901
319	909
319	936
320	347
320	357
320	372
320	381
320	435
320	458
320	594
320	643
320	724
320	736
320	789
320	866
320	930
321	325
321	359
321	360
321	384
321	387
321	388
321	395
321	432
321	489
321	533
321	559
321	578
321	609
321	633
321	644
321	719
321	745
321	769
321	829
321	843
321	862
321	893
321	945
322	339
322	341
322	352
322	391
322	423
322	446
322	531
322	633
322	660
322	766
322	898
322	994
323	345
323	350
323	362
323	383
323	386
323	441
323	442
323	674
323	677
323	756
323	777
323	784
323	853
323	859
323	861
324	334
324	338
324	377
324	380
324	540
324	544
324	566
324	641
324	699
324	750
324	830
324	841
324	948
325	358
325	379
325	396
325	416
325	452
325	540
325	575
325	589
325	605
325	616
325	629
325	737
325	750
326	346
326	377
326	389
326	488
326	493
326	504
326	570
326	658
326	730
326	797
326	845
326	922
326	988
327	351
327	369
327	391
327	418
327	463
327	558
327	601
327	664
327	673
327	707
327	708
327	776
327	815
327	887
327	931
327	969
328	347
328	469
328	514
328	563
328	571
328	601
328	723
328	827
328	828
329	342
329	356
329	379
329	406
329	473
329	516
329	583
329	605
329	639
329	671
329	703
329	706
329	793
329	806
329	930
329	974
330	348
330	349
330	377
330	409
330	453
330	480
330	669
330	779
330	852
330	899
330	932
331	331
331	371
331	395
331	494
331	498
331	537
331	570
331	572
331	589
331	691
331	748
331	763
331	793
331	795
331	800
331	809
331	846
331	882
331	894
331	971
332	364
332	393
332	572
332	644
332	690
332	837
332	931
332	987
332	988
333	340
333	497
333	541
333	702
333	705
333	735
333	856
334	346
334	360
334	387
334	452
334	502
334	509
334	531
334	568
334	569
334	727
334	746
334	793
334	813
334	819
335	342
335	382
335	389
335	415
335	432
335	576
335	586
335	633
335	751
335	810
335	847
335	877
335	899
335	974
335	991
336	346
336	362
336	364
336	371
336	374
336	444
336	490
336	537
336	654
336	722
336	819
336	852
336	858
336	884
336	908
336	924
336	933
337	359
337	364
337	397
337	502
337	506
337	548
337	577
337	607
337	634
337	636
337	712
337	729
337	758
337	809
337	884
338	339
338	352
338	369
338	533
338	578
338	614
338	658
338	740
338	947
339	366
339	606
339	656
339	668
339	885
339	898
339	919
339	937
340	354
340	367
340	368
340	372
340	459
340	514
340	568
340	598
340	680
340	681
340	831
340	853
340	930
340	956
341	348
341	356
341	357
341	367
341	373
341	396
341	397
341	408
341	447
341	461
341	488
341	559
341	603
341	622
341	641
341	686
341	728
341	734
341	781
341	806
341	810
341	811
341	875
341	925
341	953
342	357
342	395
342	397
342	498
342	648
342	768
342	843
342	855
342	890
343	361
343	383
343	389
343	444
343	481
343	502
343	540
343	678
343	705
343	749
343	820
343	903
343	968
344	367
344	371
344	375
344	399
344	497
344	521
344	533
344	580
344	760
344	808
344	861
344	863
344	935
344	996
345	365
345	369
345	375
345	447
345	482
345	570
345	575
345	600
345	689
345	694
345	757
345	847
346	364
346	380
346	389
346	413
346	460
346	554
346	628
346	702
346	710
346	727
346	756
346	865
346	869
347	352
347	355
347	502
347	595
347	706
347	748
347	757
347	771
347	781
347	824
347	869
347	893
348	356
348	359
348	370
348	385
348	549
348	640
348	724
348	805
348	859
348	870
348	989
349	437
349	444
349	456
349	486
349	509
349	550
349	596
349	636
349	733
349	753
349	786
349	790
349	957
349	987
349	999
350	370
350	419
350	447
350	480
350	525
350	611
350	647
350	763
350	787
350	838
350	858
350	911
350	923
350	930
351	356
351	367
351	379
351	380
351	395
351	428
351	493
351	500
351	505
351	590
351	919
351	992
352	361
352	367
352	401
352	408
352	437
352	438
352	485
352	487
352	514
352	562
352	799
352	842
353	359
353	428
353	513
353	560
353	615
353	716
353	759
353	809
353	830
353	921
353	975
354	379
354	513
354	563
354	855
354	932
354	946
354	979
355	397
355	431
355	480
355	562
355	613
355	663
355	676
355	703
355	705
355	739
355	806
355	837
355	967
356	365
356	376
356	578
356	619
356	654
356	699
356	710
356	719
356	820
356	888
356	949
357	388
357	390
357	399
357	407
357	494
357	584
357	592
357	599
357	619
357	729
357	827
357	829
357	851
357	891
357	920
358	361
358	384
358	386
358	389
358	390
358	484
358	504
358	563
358	566
358	587
358	755
358	777
358	866
358	876
358	979
359	362
359	400
359	457
359	484
359	503
359	669
359	677
359	701
359	792
359	809
359	822
359	833
359	839
359	914
360	379
360	397
360	535
360	582
360	589
360	779
360	927
360	958
360	960
360	965
361	366
361	382
361	386
361	394
361	437
361	446
361	448
361	495
361	528
361	530
361	642
361	664
361	691
361	758
361	772
361	794
361	895
361	931
361	932
361	948
362	369
362	375
362	389
362	394
362	398
362	438
362	494
362	566
362	596
362	768
362	824
362	836
362	845
362	882
363	376
363	377
363	379
363	392
363	404
363	410
363	411
363	445
363	583
363	593
363	605
363	703
363	752
363	785
363	820
363	872
363	893
364	399
364	569
364	657
364	662
364	735
364	965
365	387
365	388
365	394
365	776
365	777
365	813
365	857
365	933
365	962
366	382
366	386
366	393
366	539
366	593
366	718
366	758
367	370
367	371
367	383
367	393
367	409
367	429
367	446
367	617
367	619
367	620
367	653
367	736
367	812
367	815
367	940
367	945
368	386
368	414
368	417
368	445
368	475
368	478
368	547
368	571
368	603
368	754
368	817
368	940
368	967
369	378
369	396
369	540
369	662
369	831
369	970
370	419
370	461
370	580
370	585
370	587
370	688
370	736
370	771
370	786
370	816
370	898
370	912
370	991
371	380
371	502
371	581
371	633
371	643
371	655
371	692
371	769
371	857
371	952
372	390
372	440
372	476
372	516
372	590
372	602
372	646
372	664
372	675
372	676
372	800
372	897
372	957
373	449
373	608
373	625
373	767
373	880
373	904
374	392
374	505
374	526
374	528
374	578
374	666
374	671
374	675
374	775
374	785
374	787
374	851
374	880
374	949
374	985
375	463
375	468
375	505
375	538
375	648
375	965
376	394
376	438
376	442
376	470
376	474
376	521
376	596
376	759
376	760
376	811
376	831
376	832
376	849
376	925
376	945
376	963
377	638
377	667
377	765
377	820
377	825
377	977
378	454
378	503
378	575
378	736
378	740
378	848
378	860
378	897
379	431
379	432
379	528
379	533
379	620
379	622
379	640
379	681
379	691
379	741
379	784
379	984
380	380
380	389
380	399
380	411
380	503
380	522
380	540
380	599
380	668
380	746
380	928
380	936
380	944
381	393
381	398
381	399
381	417
381	419
381	533
381	567
381	667
381	737
381	801
381	845
381	893
381	906
381	928
382	396
382	490
382	494
382	548
382	587
382	676
382	682
382	741
382	745
382	792
383	389
383	423
383	484
383	591
383	651
383	691
383	815
383	900
383	974
383	979
384	399
384	401
384	558
384	563
384	600
384	609
384	847
384	939
385	392
385	462
385	505
385	633
385	734
385	799
385	816
385	877
385	920
385	971
385	974
386	393
386	398
386	429
386	568
386	579
386	638
386	686
386	765
386	823
386	885
386	907
387	393
387	442
387	537
387	663
387	769
387	956
387	981
388	408
388	453
388	506
388	524
388	535
388	603
388	662
388	694
388	800
389	397
389	420
389	470
389	529
389	738
389	800
389	831
389	864
390	390
390	460
390	607
390	680
390	718
390	737
390	748
390	757
390	758
390	766
390	795
390	900
390	901
391	395
391	396
391	470
391	518
391	548
391	594
391	675
391	765
391	844
391	905
391	920
391	931
392	400
392	526
392	537
392	632
392	660
392	832
392	878
393	422
393	452
393	735
393	790
393	856
393	954
393	966
393	998
394	630
394	667
394	680
394	753
394	799
394	839
394	896
394	898
394	993
395	405
395	437
395	462
395	494
395	500
395	575
395	656
395	678
395	840
395	855
395	967
395	968
395	971
395	987
396	427
396	459
396	466
396	560
396	571
396	725
396	727
396	806
396	925
396	961
397	418
397	438
397	452
397	510
397	532
397	544
397	619
397	639
397	656
397	684
397	751
397	792
397	854
397	897
397	950
398	416
398	430
398	471
398	559
398	603
398	613
398	697
398	731
398	739
398	832
398	886
398	903
398	916
398	978
398	979
398	986
399	458
399	466
399	526
399	629
399	640
399	712
399	786
399	815
399	840
399	843
400	409
400	434
400	437
400	447
400	458
400	492
400	519
400	554
400	638
400	674
400	687
400	703
400	704
400	737
400	962
401	411
401	415
401	417
401	430
401	462
401	511
401	515
401	608
401	695
401	709
401	748
401	771
401	786
401	856
401	872
402	405
402	406
402	416
402	448
402	455
402	466
402	481
402	522
402	535
402	619
402	673
402	701
402	703
402	710
402	756
402	762
402	876
402	894
403	419
403	452
403	469
403	475
403	511
403	529
403	598
403	751
403	795
403	823
403	864
403	907
403	908
403	987
404	421
404	495
404	516
404	582
404	622
404	630
404	697
404	715
404	753
404	764
404	873
404	975
405	415
405	451
405	481
405	570
405	779
405	861
405	990
406	452
406	465
406	476
406	532
406	536
406	652
406	790
406	835
406	856
406	896
406	898
407	422
407	428
407	430
407	467
407	478
407	518
407	561
407	565
407	789
407	793
407	804
407	816
407	828
407	959
407	999
408	411
408	444
408	448
408	458
408	481
408	487
408	509
408	535
408	538
408	726
408	751
408	907
408	997
409	438
409	445
409	446
409	516
409	576
409	592
409	726
409	807
409	812
409	851
409	857
409	989
409	992
410	451
410	462
410	624
410	911
410	936
410	950
411	421
411	492
411	590
411	620
411	672
411	673
411	873
411	902
412	415
412	429
412	433
412	435
412	465
412	475
412	544
412	555
412	563
412	595
412	624
412	711
412	898
412	910
413	417
413	468
413	475
413	476
413	483
413	491
413	495
413	510
413	554
413	563
413	844
413	857
413	954
414	475
414	490
414	517
414	710
414	742
414	821
414	834
414	859
414	928
414	948
415	448
415	461
415	487
415	560
415	586
415	605
415	652
415	668
415	709
415	740
415	772
415	778
415	811
415	861
415	866
415	975
416	432
416	438
416	462
416	463
416	470
416	520
416	555
416	601
416	661
416	715
416	820
416	960
416	990
417	430
417	444
417	445
417	470
417	483
417	497
417	522
417	536
417	647
417	843
418	439
418	454
418	464
418	661
418	662
418	704
418	740
418	922
419	421
419	424
419	432
419	449
419	454
419	455
419	461
419	463
419	486
419	496
419	618
419	699
419	714
419	768
419	812
419	919
419	979
419	980
420	433
420	437
420	445
420	449
420	470
420	474
420	490
420	516
420	622
420	663
420	710
420	791
420	801
420	912
420	920
420	925
421	448
421	461
421	471
421	485
421	508
421	605
421	724
421	733
421	761
421	775
421	784
421	803
421	897
421	946
422	431
422	533
422	568
422	749
422	750
422	770
422	775
422	817
422	836
422	852
422	927
422	960
423	433
423	453
423	463
423	465
423	486
423	487
423	498
423	500
423	525
423	544
423	569
423	773
423	871
423	881
424	448
424	450
424	455
424	458
424	459
424	465
424	478
424	487
424	600
424	697
424	708
424	819
425	438
425	447
425	471
425	481
425	495
425	503
425	550
425	566
425	749
425	755
425	786
425	907
425	983
426	433
426	483
426	499
426	630
426	640
426	716
426	746
426	934
426	936
427	527
427	613
427	654
427	677
427	683
427	712
427	730
427	805
427	977
428	457
428	459
428	489
428	680
428	785
428	843
428	861
429	451
429	454
429	457
429	478
429	484
429	617
429	628
429	677
429	861
429	873
429	896
429	966
430	610
430	676
430	813
430	831
430	885
430	917
430	920
431	442
431	453
431	454
431	477
431	492
431	498
431	552
431	776
431	790
431	798
431	822
431	887
431	990
432	491
432	492
432	495
432	497
432	498
432	550
432	551
432	554
432	562
432	604
432	613
432	689
432	701
432	713
432	852
432	923
433	435
433	462
433	464
433	467
433	500
433	544
433	573
433	658
433	754
433	778
433	786
433	874
434	447
434	491
434	493
434	497
434	534
434	646
434	680
434	715
434	758
434	827
434	942
434	951
435	436
435	440
435	444
435	455
435	479
435	492
435	511
435	534
435	560
435	750
435	858
435	887
435	925
435	935
435	947
435	955
435	962
436	446
436	478
436	479
436	584
436	604
436	707
436	788
436	795
436	882
436	969
437	450
437	454
437	472
437	496
437	532
437	545
437	570
437	576
437	621
437	669
437	739
437	772
437	779
437	793
437	891
437	918
437	923
438	472
438	488
438	497
438	515
438	607
438	664
438	689
438	737
438	743
438	750
438	898
438	980
439	459
439	472
439	478
439	505
439	529
439	540
439	570
439	592
439	608
439	611
439	693
439	773
439	787
439	884
439	888
439	986
440	475
440	478
440	710
440	756
440	759
440	799
440	923
441	458
441	461
441	527
441	588
441	671
441	689
441	917
441	925
441	993
442	456
442	465
442	485
442	504
442	518
442	539
442	542
442	562
442	566
442	642
442	693
442	698
442	712
442	722
442	777
442	859
442	871
443	469
443	546
443	556
443	598
443	690
443	711
443	729
443	805
443	850
443	852
443	919
443	931
443	937
443	972
443	977
443	979
443	982
444	450
444	453
444	457
444	461
444	480
444	572
444	614
444	662
444	758
444	760
444	761
444	779
444	796
444	815
444	928
444	954
445	464
445	468
445	491
445	550
445	555
445	752
445	974
446	449
446	473
446	483
446	488
446	541
446	542
446	555
446	783
446	819
447	466
447	477
447	478
447	494
447	499
447	507
447	516
447	643
447	665
447	775
448	480
448	586
448	623
448	761
448	908
448	947
449	475
449	477
449	555
449	641
449	649
449	673
449	693
449	700
449	703
449	711
449	784
449	893
449	977
449	989
450	457
450	489
450	568
450	647
450	843
450	861
450	926
450	973
451	480
451	574
451	714
451	834
451	838
451	894
451	937
452	488
452	563
452	568
452	625
452	656
452	737
452	772
452	979
453	461
453	564
453	584
453	648
453	799
453	814
453	900
454	473
454	511
454	523
454	543
454	560
454	585
454	610
454	862
454	865
454	890
454	909
455	466
455	482
455	495
455	625
455	667
455	741
455	840
455	917
455	986
456	456
456	489
456	679
456	766
456	798
456	841
456	850
456	872
456	899
456	956
456	977
457	460
457	465
457	476
457	485
457	734
457	810
457	856
457	915
457	964
457	985
458	476
458	568
458	694
458	758
458	867
458	883
459	496
459	517
459	553
459	571
459	583
459	584
459	891
459	952
460	491
460	512
460	674
460	738
460	744
460	802
460	815
460	829
460	884
460	930
461	467
461	480
461	498
461	512
461	515
461	633
461	767
461	851
461	975
461	988
462	481
462	549
462	670
462	725
462	812
462	931
462	961
463	464
463	468
463	472
463	480
463	619
463	707
463	861
463	864
464	490
464	505
464	509
464	658
464	662
464	741
464	969
464	987
465	470
465	475
465	482
465	484
465	494
465	586
465	790
465	801
465	817
465	853
465	861
465	928
465	971
465	973
466	479
466	487
466	508
466	581
466	618
466	687
466	721
466	760
466	778
466	855
466	886
466	923
466	973
466	999
467	474
467	481
467	532
467	563
467	748
468	485
468	490
468	531
468	585
468	750
468	930
468	957
469	469
469	470
469	472
469	475
469	507
469	604
469	616
469	743
469	901
470	478
470	495
470	504
470	607
470	628
470	655
470	721
470	797
470	807
470	921
470	971
470	975
471	483
471	498
471	518
471	581
471	729
471	739
472	476
472	487
472	521
472	538
472	575
472	684
472	796
472	870
472	927
473	536
473	556
473	583
473	609
473	611
473	616
473	654
473	680
473	701
473	714
473	872
473	985
474	487
474	570
474	614
474	623
474	648
474	847
474	982
475	489
475	491
475	504
475	702
475	763
475	831
475	904
475	970
476	493
476	498
476	556
476	590
476	653
476	671
476	735
477	524
477	548
477	549
477	773
477	790
477	840
477	867
477	947
478	517
478	712
478	758
478	764
478	765
478	800
478	829
478	856
478	870
478	909
478	917
479	586
479	758
479	762
479	872
479	904
479	981
479	997
480	495
480	517
480	564
480	599
480	617
480	663
480	741
480	764
480	826
480	921
480	957
480	977
480	995
481	623
481	641
481	760
481	792
482	496
482	615
482	717
482	727
482	786
482	829
482	832
482	924
483	490
483	499
483	569
483	621
483	647
483	692
483	743
483	751
483	767
483	778
483	813
483	849
483	909
483	975
483	976
484	499
484	543
484	580
484	676
484	774
484	831
484	951
485	497
485	877
485	976
486	487
486	491
486	507
486	579
486	583
486	640
486	686
486	808
486	826
486	843
487	490
487	510
487	627
487	679
487	766
487	971
488	689
488	897
489	618
489	649
489	779
489	783
489	883
489	907
489	934
489	943
489	969
489	970
490	624
490	861
490	943
491	492
491	581
491	647
491	710
491	845
491	913
491	946
491	957
492	640
492	679
492	687
492	727
492	747
492	861
493	501
493	545
493	595
493	606
493	659
493	682
493	703
493	716
493	828
493	872
493	889
493	989
494	553
494	581
494	591
494	613
494	620
494	814
494	842
494	954
494	981
495	503
495	549
495	643
495	747
495	854
496	753
496	841
496	990
497	534
497	699
497	718
497	786
497	862
497	998
498	619
498	704
498	784
498	809
498	837
498	938
498	943
498	961
498	998
499	518
499	525
499	544
499	590
499	627
499	699
499	720
499	771
499	959
500	523
500	549
500	560
500	562
500	592
500	595
500	598
500	729
500	731
500	749
500	795
500	865
500	868
500	887
500	933
500	988
501	504
501	516
501	527
501	534
501	566
501	573
501	582
501	596
501	604
501	687
501	693
501	748
501	752
501	822
501	972
502	510
502	542
502	543
502	561
502	631
502	722
502	783
502	824
502	825
502	833
502	986
503	513
503	525
503	529
503	534
503	536
503	692
503	770
503	771
503	774
503	786
503	814
503	830
503	903
503	929
503	950
504	506
504	523
504	534
504	590
504	628
504	654
504	699
504	703
504	734
504	761
504	768
504	792
504	827
504	857
504	969
505	543
505	555
505	566
505	580
505	608
505	647
505	726
505	738
505	787
505	874
505	912
506	508
506	511
506	513
506	523
506	526
506	539
506	548
506	551
506	553
506	555
506	566
506	578
506	588
506	597
506	757
506	852
506	930
506	953
506	982
506	988
507	510
507	532
507	535
507	539
507	575
507	642
507	854
507	872
507	895
507	943
508	511
508	519
508	525
508	530
508	531
508	532
508	543
508	565
508	589
508	690
508	788
508	838
508	857
508	912
508	977
509	516
509	520
509	527
509	537
509	560
509	581
509	633
509	691
509	800
509	839
509	853
509	874
509	996
510	530
510	535
510	549
510	568
510	571
510	589
510	664
510	704
510	751
510	765
510	827
510	852
511	516
511	541
511	596
511	614
511	623
511	731
511	783
511	833
511	834
511	873
511	912
511	994
512	529
512	530
512	541
512	551
512	563
512	654
512	756
512	823
512	845
512	884
512	885
512	925
512	929
512	973
512	999
513	554
513	658
513	726
513	826
513	870
513	983
513	995
514	518
514	527
514	553
514	652
514	685
514	704
514	720
514	726
514	736
514	791
514	871
514	922
514	960
514	971
514	975
515	532
515	547
515	549
515	550
515	562
515	577
515	584
515	588
515	593
515	698
515	858
515	868
515	927
515	968
516	551
516	567
516	603
516	629
516	636
516	697
516	698
516	856
516	890
516	943
516	980
516	982
517	520
517	530
517	589
517	611
517	644
517	650
517	671
517	675
517	715
517	806
517	833
518	530
518	558
518	641
518	643
518	681
518	689
518	825
518	849
518	874
518	928
518	986
519	522
519	565
519	676
519	725
519	729
519	813
519	879
519	987
520	531
520	558
520	571
520	675
520	679
520	747
520	845
520	909
520	966
521	544
521	593
521	595
521	596
521	760
521	944
522	570
522	576
522	587
522	656
522	657
522	736
522	751
522	772
522	837
522	876
522	992
523	526
523	591
523	610
523	709
523	793
523	813
523	820
523	935
524	542
524	544
524	560
524	565
524	566
524	571
524	582
524	595
524	597
524	618
524	675
524	695
524	715
524	792
524	804
524	823
524	841
524	911
524	993
525	528
525	542
525	554
525	568
525	570
525	585
525	599
525	734
525	757
525	804
525	860
525	893
525	955
525	990
526	526
526	581
526	595
526	670
526	739
526	758
526	930
527	533
527	544
527	558
527	569
527	589
527	599
527	655
527	667
527	806
527	858
527	871
527	876
527	879
527	940
527	998
528	536
528	544
528	560
528	585
528	622
528	659
528	721
528	755
528	846
528	899
528	946
529	541
529	547
529	557
529	578
529	588
529	589
529	698
529	700
529	945
529	962
530	585
530	684
530	702
530	931
530	947
531	539
531	545
531	672
531	714
531	775
531	799
531	803
531	910
531	933
531	943
531	962
532	551
532	557
532	559
532	588
532	645
532	678
532	771
532	998
533	557
533	576
533	590
533	711
533	752
533	754
533	838
533	939
533	976
534	534
534	537
534	600
534	602
534	656
534	762
534	799
534	856
534	872
534	978
534	992
535	577
535	655
535	672
535	717
535	721
535	725
535	856
535	863
535	895
535	972
535	980
536	538
536	552
536	566
536	593
536	635
536	647
536	739
536	773
536	780
536	825
536	865
536	867
536	959
537	539
537	548
537	554
537	564
537	565
537	568
537	636
537	639
537	700
537	796
537	845
537	853
537	901
537	933
537	944
538	551
538	571
538	574
538	594
538	657
538	671
538	695
538	742
538	785
538	797
538	835
538	848
538	927
538	979
539	559
539	572
539	574
539	584
539	597
539	624
539	686
539	826
540	542
540	579
540	601
540	642
540	703
540	759
540	819
540	846
540	970
540	991
541	565
541	638
541	678
541	695
541	752
541	756
541	807
541	808
542	553
542	589
542	592
542	700
542	792
542	840
543	553
543	566
543	568
543	574
543	579
543	587
543	592
543	597
543	598
543	614
543	690
543	718
543	759
543	815
543	835
543	838
543	848
543	876
543	885
543	986
544	550
544	584
544	588
544	592
544	595
544	623
544	719
544	836
544	848
545	555
545	557
545	585
545	605
545	723
545	813
545	909
545	978
546	561
546	586
546	611
546	655
546	716
546	726
546	862
546	869
546	899
546	965
546	983
546	994
547	555
547	559
547	574
547	625
547	638
547	677
547	732
547	751
547	770
547	812
547	923
548	559
548	585
548	592
548	598
548	662
548	718
548	777
548	829
548	831
548	943
548	946
548	977
549	580
549	585
549	769
549	796
549	937
549	970
549	977
550	576
550	580
550	595
550	599
550	623
550	732
550	799
550	817
550	909
550	941
551	558
551	575
551	592
551	594
551	629
551	675
551	715
551	717
551	816
551	906
551	931
551	934
552	577
552	585
552	595
552	697
552	732
552	803
552	806
552	855
553	632
553	646
553	674
553	731
553	770
553	854
553	925
553	976
554	594
554	624
554	763
555	636
555	643
555	767
555	799
555	825
555	906
556	557
556	565
556	599
556	624
556	659
556	685
556	709
556	715
556	739
556	756
556	776
556	914
556	919
557	558
557	584
557	671
557	675
557	795
557	812
557	859
557	867
557	887
557	894
557	944
557	945
557	952
558	559
558	575
558	596
558	699
558	744
558	790
558	840
558	920
559	585
559	689
559	702
559	708
559	745
559	791
559	827
559	850
559	891
559	965
559	978
560	562
560	567
560	572
560	576
560	582
560	587
560	613
560	614
560	638
560	671
560	718
560	782
560	836
560	860
560	953
560	954
561	571
561	584
561	591
561	594
561	609
561	676
561	707
561	732
561	734
561	735
561	954
561	986
562	566
562	579
562	582
562	593
562	680
562	721
562	855
562	994
563	574
563	594
563	598
563	636
563	693
563	725
563	735
563	800
563	825
563	925
563	933
563	945
564	588
564	672
564	751
564	760
564	817
564	865
564	967
565	598
565	626
565	911
566	573
566	575
566	596
566	717
566	889
566	909
566	914
567	672
567	695
567	746
567	751
567	933
567	947
567	991
568	579
568	580
568	598
568	629
568	927
568	972
569	584
569	596
569	677
569	759
569	773
569	777
569	833
569	875
569	885
569	955
569	989
569	994
570	677
570	769
570	770
570	841
570	854
570	950
570	959
571	574
571	592
571	650
571	783
571	818
571	828
572	688
572	695
572	756
572	816
572	885
572	903
572	946
572	978
573	595
573	775
573	791
573	795
573	807
573	930
573	940
573	963
573	983
573	991
574	576
574	581
574	582
574	589
574	689
574	716
574	764
574	805
574	825
574	900
574	931
574	970
574	996
575	592
575	805
575	815
575	822
575	926
575	976
575	984
576	604
576	611
576	629
576	715
576	770
576	810
576	863
576	891
576	892
576	952
577	595
577	706
577	728
577	980
577	986
578	768
578	792
578	829
578	845
578	851
578	955
578	994
579	593
579	598
579	609
579	635
579	670
579	718
579	846
579	883
579	903
579	972
580	595
580	599
580	634
580	644
580	702
580	747
580	853
580	942
581	678
581	798
581	899
581	915
582	590
582	665
582	784
582	791
582	860
582	881
582	960
583	708
583	786
583	840
583	913
583	931
584	632
584	730
584	746
584	794
584	806
584	882
584	904
584	908
584	936
585	610
585	655
585	664
585	744
585	774
585	816
585	901
585	905
585	923
585	945
585	946
585	960
586	590
586	713
586	766
586	817
586	893
586	944
586	946
587	594
587	597
587	669
587	691
587	724
587	803
587	828
587	893
587	909
588	615
588	654
588	684
588	697
588	886
588	922
589	594
589	629
589	634
589	637
589	965
590	592
590	628
590	689
590	698
590	749
590	770
590	945
591	679
591	735
591	762
591	856
591	860
591	958
591	998
592	606
592	611
592	672
592	713
592	735
592	745
592	766
592	879
593	637
593	639
593	654
593	692
593	839
593	909
593	955
593	971
593	990
594	668
594	687
594	704
594	917
594	920
594	960
595	704
595	720
595	901
595	912
595	923
595	934
595	984
596	621
596	629
596	916
596	929
597	616
597	717
597	748
597	768
597	796
597	809
597	833
597	843
597	851
597	927
598	798
598	972
599	746
599	753
599	888
599	891
599	947
599	983
599	987
600	612
600	627
600	629
600	644
600	687
600	818
601	604
601	611
601	618
601	625
601	638
601	642
601	667
601	680
601	682
601	685
601	696
601	697
601	722
601	815
601	825
601	873
601	938
601	947
602	616
602	619
602	631
602	632
602	634
602	638
602	664
602	716
602	815
602	862
602	900
602	959
602	984
603	634
603	646
603	647
603	649
603	656
603	666
603	668
603	678
603	785
603	789
603	801
604	625
604	632
604	662
604	665
604	670
604	681
604	698
604	720
604	758
604	817
604	993
605	645
605	657
605	820
606	615
606	623
606	631
606	645
606	663
606	681
606	695
606	743
606	878
606	886
606	917
607	638
607	652
607	662
607	669
607	673
607	674
607	758
607	761
607	783
607	895
607	931
607	993
608	617
608	627
608	666
608	690
608	709
608	881
609	629
609	643
609	646
609	684
609	685
609	694
609	727
609	824
609	852
609	869
609	939
610	615
610	648
610	663
610	687
610	773
610	831
610	835
610	873
610	912
610	916
610	929
610	947
611	614
611	630
611	720
611	748
611	807
611	864
611	887
611	934
612	621
612	638
612	649
612	683
612	685
612	706
612	821
612	902
612	970
613	636
613	664
613	685
613	691
613	740
613	912
613	960
614	637
614	646
614	647
614	660
614	665
614	671
614	672
614	782
614	878
615	673
615	688
615	707
615	777
615	821
615	834
615	843
615	874
615	911
615	932
615	936
615	985
616	643
616	659
616	666
616	671
616	722
616	784
616	815
616	895
617	668
617	678
617	680
617	690
617	780
617	860
617	988
618	633
618	641
618	662
618	668
618	676
618	677
618	681
618	915
618	946
618	966
619	631
619	652
619	667
619	715
619	779
619	949
620	620
620	627
620	699
620	770
620	824
620	855
620	870
620	892
620	899
620	904
620	915
621	628
621	662
621	665
621	672
621	687
621	731
621	787
621	836
621	861
622	639
622	657
622	664
622	665
622	671
622	673
622	698
622	879
622	920
623	666
623	683
623	721
623	796
623	815
623	834
623	875
623	957
624	629
624	646
624	648
624	652
624	663
624	681
624	927
624	987
625	643
625	670
625	679
625	694
625	746
625	789
625	951
625	953
626	638
626	699
626	737
626	751
626	779
626	813
626	899
626	929
626	930
626	939
626	954
626	960
626	992
627	638
627	644
627	646
627	648
627	653
627	672
627	674
627	678
627	681
627	698
627	705
627	723
627	812
628	653
628	658
628	663
628	880
628	928
629	650
629	651
629	656
629	657
629	674
629	677
629	680
629	696
629	706
629	807
629	827
630	646
630	693
630	769
630	793
630	854
630	891
630	900
631	647
631	662
631	671
631	680
631	693
631	696
631	733
631	826
631	829
632	632
632	723
632	740
632	768
632	870
632	916
632	980
632	992
633	666
633	669
633	687
633	704
633	833
633	851
634	646
634	674
634	681
634	683
634	692
634	717
634	830
634	868
635	640
635	642
635	645
635	651
635	681
635	686
635	801
635	830
635	845
635	938
635	968
636	708
636	743
636	806
636	879
636	906
636	963
637	642
637	648
637	667
637	676
637	693
637	767
637	804
637	919
638	654
638	662
638	786
638	818
638	864
638	872
638	960
638	989
638	999
639	642
639	647
639	648
639	696
639	701
639	709
639	753
639	812
639	841
639	848
640	646
640	682
640	800
640	849
640	884
640	930
640	990
641	670
641	754
641	851
641	954
642	656
642	657
642	671
642	674
642	733
642	831
642	870
642	941
642	994
643	649
643	685
643	686
643	693
643	804
643	891
643	942
644	665
644	689
644	692
644	776
644	781
644	798
644	813
644	930
644	982
645	653
645	657
645	711
645	788
645	793
645	871
645	982
646	647
646	663
646	683
646	686
646	709
646	745
646	798
646	832
646	844
646	877
646	901
646	935
646	939
647	672
647	687
647	697
647	723
647	823
647	971
648	676
648	822
648	831
648	874
648	896
648	943
648	945
648	991
649	657
649	745
649	793
649	807
649	882
649	923
649	935
649	939
649	987
650	658
650	660
650	663
650	668
650	797
650	954
650	983
651	670
651	696
651	697
651	862
651	922
652	666
652	751
652	773
652	851
652	913
652	948
653	655
653	673
653	682
653	683
653	704
653	722
653	850
653	902
653	932
653	942
653	961
654	673
654	699
654	721
654	729
654	731
654	800
654	803
654	835
654	932
654	970
655	672
655	683
655	757
655	784
655	959
655	966
656	672
656	739
656	817
656	839
656	917
656	957
657	678
657	803
657	843
657	904
657	913
657	934
658	715
658	725
658	803
658	866
658	925
658	995
659	664
659	674
659	686
659	688
659	694
659	700
659	715
659	765
659	785
659	812
659	897
660	695
660	710
660	726
660	740
660	742
660	793
660	813
660	996
661	688
661	769
661	889
661	897
661	912
661	948
661	955
661	998
662	674
662	678
662	682
662	717
662	728
662	760
662	840
663	682
663	686
663	691
663	870
663	904
663	990
664	692
664	693
664	698
664	725
664	847
664	917
664	922
665	723
666	671
666	693
666	696
666	784
666	868
666	929
667	667
667	688
667	707
667	740
667	846
667	951
667	964
667	965
668	676
668	690
668	699
668	713
668	717
668	738
668	742
668	754
668	782
668	800
668	903
668	917
668	936
669	678
669	698
669	962
670	691
670	693
670	718
670	799
670	835
670	842
670	882
670	945
670	953
670	958
670	979
671	682
671	842
671	968
671	975
672	691
672	824
672	905
672	908
672	998
673	694
673	695
673	697
673	746
673	774
673	820
673	916
674	675
674	680
674	682
674	690
674	770
674	924
675	700
675	731
675	919
675	970
675	979
676	690
676	698
676	935
677	678
677	749
677	783
677	811
677	902
677	937
677	984
678	680
678	698
678	719
678	827
678	909
678	928
678	992
679	686
679	689
679	696
679	778
679	855
679	864
679	932
679	956
680	695
680	697
680	715
680	756
680	762
680	772
680	822
680	828
680	871
680	952
680	962
680	994
681	685
681	732
681	742
681	811
682	748
682	787
682	821
682	893
682	896
682	924
682	960
682	961
683	699
683	706
683	763
683	783
683	928
683	941
683	970
684	710
684	740
684	864
684	871
684	889
684	928
684	953
684	986
685	759
685	900
686	763
686	864
686	865
686	895
686	902
686	943
686	962
687	694
687	695
687	791
687	846
687	893
687	930
687	974
688	842
689	714
689	732
689	760
689	766
689	769
689	809
689	827
689	863
690	811
690	890
690	939
690	966
691	701
691	713
691	789
691	820
691	980
692	696
692	746
693	698
693	799
693	942
693	944
693	970
694	694
694	709
694	764
694	802
694	844
694	887
694	932
694	942
695	759
695	854
695	922
695	998
696	698
696	764
696	861
697	738
697	819
697	849
698	726
698	767
698	864
698	873
698	912
699	699
699	702
699	774
699	980
700	733
700	739
700	745
700	753
700	762
700	772
700	789
700	848
700	973
701	722
701	741
701	745
701	784
701	842
702	708
702	732
702	747
702	762
702	767
702	768
702	795
702	817
702	881
702	887
702	922
702	988
703	707
703	719
703	730
703	757
703	761
703	789
703	833
703	942
704	707
704	722
704	767
704	777
704	787
704	801
704	820
704	835
704	927
704	979
704	986
705	728
705	770
705	861
705	884
705	921
705	928
706	721
706	722
706	754
706	755
706	787
706	805
707	723
707	738
707	760
707	764
707	783
707	784
707	923
707	966
707	969
708	721
708	740
708	752
708	757
708	791
708	898
708	925
708	936
709	714
709	717
709	719
709	727
709	736
709	754
709	758
709	805
709	857
709	871
709	959
710	721
710	724
710	743
710	744
710	845
710	904
710	935
711	722
711	744
711	781
711	867
711	876
711	936
711	999
712	718
712	722
712	767
712	849
712	927
712	985
713	729
713	752
713	765
713	767
713	860
713	869
713	875
713	880
713	891
713	900
714	734
714	749
714	772
714	793
714	849
714	901
715	731
715	732
715	767
715	770
715	771
715	780
715	782
715	840
715	894
715	907
715	927
715	961
715	999
716	723
716	732
716	748
716	776
716	797
716	812
716	988
717	742
717	761
717	763
717	770
717	772
717	780
717	910
718	725
718	748
718	773
718	902
718	905
719	729
719	751
719	850
719	983
720	731
720	742
720	745
720	789
720	792
720	795
720	824
720	893
720	981
720	984
721	730
721	739
721	741
721	742
721	781
721	783
722	745
722	748
722	759
722	776
722	787
722	793
722	827
722	832
723	728
723	732
723	760
723	762
723	763
723	783
723	786
723	788
723	856
723	891
723	945
724	726
724	731
724	734
724	735
724	755
724	758
724	760
724	777
724	780
724	792
724	794
724	829
724	892
724	922
725	737
725	757
725	764
725	799
725	911
725	924
726	742
726	780
726	831
726	834
726	835
726	858
726	976
726	980
727	759
727	935
727	938
727	958
727	965
728	735
728	751
728	781
728	793
728	877
728	889
728	915
728	920
728	931
729	841
729	852
729	871
729	889
729	919
729	966
729	991
730	736
730	742
730	752
730	766
730	771
730	772
730	790
731	735
731	750
731	784
731	788
731	831
731	934
732	736
732	738
732	740
732	753
732	757
732	787
732	917
732	967
733	742
733	752
733	755
733	771
733	787
733	816
733	846
733	904
734	739
734	796
734	799
734	821
734	824
734	885
734	958
734	966
735	746
735	751
735	763
735	775
735	796
735	798
735	918
735	943
735	969
735	977
736	740
736	742
736	758
736	765
736	783
736	915
736	933
736	996
737	773
737	781
737	806
737	866
737	911
737	956
737	996
738	785
738	795
738	825
738	864
738	918
738	926
738	986
739	756
739	789
739	908
739	956
739	980
740	770
740	848
741	765
741	787
741	795
741	803
741	823
741	856
741	892
741	917
742	744
742	762
742	765
743	748
743	766
743	775
743	788
744	748
744	770
744	789
744	966
745	749
745	755
745	756
745	779
745	813
745	893
746	770
746	792
746	795
746	835
746	905
746	937
747	883
747	939
748	823
748	863
748	868
748	871
748	896
748	987
749	772
749	777
749	779
749	810
749	814
749	817
750	851
751	752
751	767
751	790
751	798
751	800
751	870
751	909
751	961
752	777
752	782
752	862
752	883
752	964
753	797
754	788
755	772
755	776
755	783
755	798
755	807
755	911
755	946
755	965
756	786
756	926
756	934
756	989
756	999
757	768
757	774
757	798
758	772
758	779
758	792
759	772
759	783
759	785
759	792
759	793
759	880
759	969
760	771
760	784
760	792
760	905
760	988
761	770
761	771
761	773
761	870
761	879
761	887
761	906
761	909
761	995
762	778
762	954
763	780
763	786
763	885
763	907
763	965
764	791
764	947
765	789
765	799
765	862
765	884
765	894
765	927
765	947
765	967
766	785
766	790
766	796
766	807
766	856
766	910
767	819
767	828
767	884
768	768
768	851
768	893
768	898
768	946
768	986
769	915
769	938
770	787
770	958
770	989
771	791
771	800
771	805
771	827
771	911
771	935
771	972
771	991
772	774
772	785
772	797
772	808
772	816
772	839
772	938
772	963
773	777
773	790
773	796
773	799
773	878
773	880
773	890
773	893
773	932
774	825
774	848
774	907
774	969
775	779
775	788
775	963
776	790
776	821
776	875
776	944
777	788
777	790
777	861
777	916
777	962
777	969
778	837
778	842
778	895
778	899
778	978
778	994
779	797
779	924
779	928
779	988
780	782
780	861
780	934
781	893
781	895
781	915
782	805
782	825
782	837
782	901
782	936
783	792
783	821
783	865
783	941
783	942
784	810
784	871
784	944
784	969
784	983
784	987
785	814
785	909
785	939
785	967
786	793
786	808
786	847
786	859
786	909
787	850
787	965
788	810
788	820
788	922
789	865
789	868
789	874
789	966
790	820
790	831
790	889
791	826
791	872
791	915
791	946
791	970
792	804
792	829
792	876
792	918
792	929
792	933
793	997
794	797
794	870
794	958
794	991
795	863
795	868
795	888
795	911
795	920
796	810
796	898
797	798
797	920
798	873
798	889
798	904
798	935
799	799
799	874
799	946
799	962
799	983
800	802
800	810
800	819
800	821
800	829
800	832
800	833
800	857
800	883
800	959
801	841
801	846
801	847
801	855
801	891
801	924
801	944
801	997
802	833
802	854
802	904
802	958
802	959
803	845
803	857
803	867
803	874
803	887
803	895
803	953
804	850
804	853
804	864
804	873
804	888
804	896
804	915
804	919
804	970
805	818
805	826
805	849
805	857
805	873
805	892
806	819
806	844
806	926
807	808
807	897
807	901
807	929
808	809
808	812
808	835
808	838
808	849
808	850
808	858
808	883
808	884
808	936
808	956
809	832
809	843
809	855
809	856
809	857
809	859
809	917
809	946
810	817
810	818
810	845
810	846
810	870
810	875
810	952
810	955
810	970
811	815
811	852
811	874
811	882
811	887
811	893
811	900
811	951
812	823
812	848
812	881
812	884
812	886
812	889
812	898
812	909
812	971
813	826
813	847
813	889
813	902
813	910
813	935
813	981
814	823
814	835
814	891
814	955
815	824
815	828
815	838
815	847
815	861
815	863
815	884
815	897
816	822
816	826
816	858
816	866
816	868
816	880
816	882
816	884
816	888
816	892
816	901
816	917
816	949
817	836
817	847
817	855
817	999
818	896
818	916
818	968
819	835
819	859
819	877
819	897
819	912
820	863
820	868
820	881
820	887
820	950
820	964
821	825
821	837
821	862
821	870
821	892
821	899
821	930
822	827
822	847
822	853
822	856
822	867
822	873
822	990
823	826
823	844
823	856
823	861
823	876
823	879
823	881
823	887
824	872
824	873
824	880
825	830
825	853
825	865
825	868
825	869
825	876
825	893
825	913
826	828
826	833
826	858
826	859
826	869
826	877
826	889
826	986
827	860
827	882
827	908
828	829
828	832
828	842
828	882
828	914
828	918
828	932
828	938
828	942
828	974
828	989
829	834
829	841
829	852
829	884
829	887
829	889
829	914
829	915
829	957
829	966
829	993
830	836
830	852
830	879
830	892
830	999
831	852
831	857
831	888
831	917
832	865
832	891
832	906
832	948
833	835
833	838
833	852
833	907
833	935
833	937
834	841
834	854
834	864
834	887
834	946
834	948
834	985
835	868
835	903
835	927
836	840
836	842
836	869
836	881
836	887
836	895
837	869
837	873
837	877
837	886
837	911
837	926
837	942
838	867
838	924
839	840
839	843
839	854
839	857
839	896
839	996
840	843
840	844
840	860
840	891
840	928
840	988
841	848
841	851
841	876
841	956
841	985
842	856
842	890
842	914
842	949
842	969
843	852
843	924
843	931
843	996
844	848
844	849
844	875
844	885
844	896
844	920
844	945
845	851
845	875
845	882
845	888
845	896
846	847
846	870
846	881
846	883
846	900
847	898
847	966
847	978
847	995
848	860
848	866
848	870
848	879
848	891
848	966
848	998
849	870
849	871
849	872
849	881
849	893
849	930
850	850
850	897
851	864
851	880
851	886
851	892
851	937
851	971
852	860
852	863
852	885
852	895
852	996
853	897
853	915
853	986
853	992
854	871
854	874
854	878
854	886
854	899
854	913
855	855
855	883
855	967
856	860
856	887
856	916
857	872
857	983
857	987
858	885
858	892
858	917
858	920
858	965
859	878
859	959
860	863
860	870
860	905
860	920
860	973
860	989
861	893
861	899
861	909
861	927
861	942
861	955
861	957
862	880
862	883
862	959
863	868
863	884
864	893
864	900
864	967
865	898
865	929
865	939
865	977
865	990
865	997
866	881
866	907
866	908
866	994
867	871
867	879
867	890
867	955
867	965
869	891
869	962
869	964
869	977
870	871
870	880
870	894
871	874
871	891
871	894
871	961
871	965
871	994
872	874
873	894
873	896
873	975
874	884
874	887
874	928
874	936
874	970
875	884
876	893
876	949
877	900
878	952
878	972
879	945
879	955
881	958
881	981
882	931
882	932
882	976
883	889
883	912
883	934
883	954
883	970
883	985
883	996
884	888
884	899
884	947
884	975
885	889
885	978
886	958
887	959
888	900
889	892
889	894
889	904
889	949
890	953
891	947
891	951
891	957
891	988
892	972
893	996
894	940
894	941
895	935
896	956
897	973
898	920
898	927
898	931
898	943
898	958
899	929
900	914
900	942
900	978
900	981
900	982
901	903
901	906
901	932
901	950
901	970
901	978
901	981
902	925
902	926
902	946
902	956
902	992
903	952
903	954
903	965
903	976
904	905
904	934
904	959
905	911
905	934
905	936
905	947
905	951
905	985
905	986
906	924
907	910
907	980
908	937
908	946
908	959
908	989
908	995
909	950
909	962
909	975
909	987
909	995
909	997
910	914
910	918
910	925
910	957
910	983
911	966
911	980
911	983
911	999
912	916
912	947
912	949
912	970
912	999
913	955
913	964
913	966
913	988
913	994
914	921
914	941
914	955
915	919
915	996
917	920
917	960
917	975
917	986
918	926
918	955
918	976
918	990
918	991
919	948
919	967
919	968
919	972
919	973
919	979
919	984
919	985
919	987
919	997
920	950
920	966
920	978
921	921
921	922
921	943
921	956
922	924
922	928
922	949
922	991
922	998
923	941
923	945
923	951
923	978
923	984
923	997
924	944
924	961
924	988
925	929
925	948
925	957
926	932
926	939
926	945
926	948
926	965
926	978
927	934
927	953
927	961
927	962
927	964
927	977
927	983
927	988
928	939
928	976
928	983
929	934
929	942
929	968
929	983
929	991
929	998
930	950
930	961
930	977
930	980
931	961
931	968
931	983
932	934
932	938
932	956
932	984
932	998
933	948
933	952
933	954
933	970
933	999
934	936
934	947
934	961
934	980
935	941
935	947
935	957
935	978
935	984
936	953
936	954
936	956
936	983
936	990
936	996
937	942
937	967
937	971
937	976
937	986
937	998
938	939
938	948
938	999
940	973
940	977
941	957
941	983
941	987
942	942
942	993
943	977
943	980
943	999
944	949
944	982
944	999
945	961
945	975
945	990
946	978
947	972
947	995
948	967
949	975
949	983
950	968
950	970
950	982
951	964
951	978
951	985
953	959
953	975
953	982
953	991
954	955
954	987
956	963
956	975
956	993
957	998
959	986
959	995
964	975
964	977
964	981
964	985
965	978
965	987
966	969
966	971
966	986
966	997
967	990
968	982
969	973
969	974
969	976
969	977
969	985
971	985
971	989
972	975
972	990
973	985
973	987
975	976
975	977
976	979
977	977
977	983
979	999
982	982
982	989
982	997
983	985
984	996
986	986
987	990
987	996
987	999
991	997
994	999
