0	4
0	9
0	12
0	17
0	21
0	40
0	42
0	44
0	52
0	53
0	54
0	58
0	65
0	77
0	91
0	98
0	240
0	429
1	7
1	14
1	20
1	26
1	31
1	41
1	49
1	51
1	55
1	65
1	74
1	75
1	80
1	82
1	416
1	490
1	769
2	13
2	17
2	41
2	46
2	48
2	55
2	62
2	67
2	72
2	91
2	95
2	286
3	6
3	14
3	16
3	27
3	29
3	35
3	38
3	43
3	47
3	65
3	71
3	87
3	89
3	90
3	97
3	151
3	471
4	9
4	13
4	24
4	29
4	31
4	39
4	40
4	46
4	51
4	59
4	61
4	68
4	72
4	88
4	91
4	93
4	94
4	246
5	10
5	15
5	18
5	20
5	24
5	30
5	39
5	42
5	43
5	53
5	59
5	66
5	78
5	87
5	97
5	99
5	203
5	394
5	418
6	9
6	29
6	33
6	42
6	49
6	53
6	54
6	65
6	68
6	74
6	75
6	81
6	85
6	90
6	237
6	633
6	712
6	769
7	10
7	13
7	17
7	23
7	24
7	29
7	32
7	34
7	37
7	43
7	57
7	58
7	70
7	72
7	74
7	76
7	87
7	92
7	93
7	98
7	337
8	10
8	14
8	20
8	32
8	34
8	37
8	40
8	45
8	58
8	61
8	65
8	66
8	70
8	85
8	90
8	426
8	451
8	892
8	968
9	14
9	16
9	18
9	19
9	20
9	30
9	33
9	44
9	50
9	65
9	70
9	84
9	90
9	292
9	351
9	914
10	13
10	19
10	21
10	22
10	23
10	25
10	29
10	31
10	45
10	60
10	62
10	70
10	72
10	80
10	254
10	295
10	801
11	12
11	13
11	25
11	31
11	32
11	34
11	38
11	46
11	58
11	60
11	63
11	65
11	74
11	77
11	84
11	87
11	96
11	97
11	279
11	425
11	567
12	15
12	23
12	26
12	28
12	37
12	47
12	48
12	72
12	90
12	98
12	899
13	16
13	22
13	31
13	37
13	46
13	50
13	54
13	60
13	61
13	72
13	90
13	93
13	94
13	99
13	134
13	158
13	526
13	706
14	15
14	17
14	27
14	41
14	47
14	49
14	59
14	66
14	77
14	78
14	79
14	85
14	641
14	785
14	950
15	26
15	29
15	30
15	43
15	52
15	56
15	59
15	68
15	69
15	73
15	79
15	81
15	85
16	25
16	28
16	35
16	42
16	61
16	74
16	75
16	78
16	83
16	623
16	751
17	20
17	25
17	30
17	32
17	36
17	37
17	43
17	44
17	50
17	60
17	76
17	86
17	90
17	91
17	95
17	96
17	363
17	560
18	26
18	27
18	30
18	33
18	34
18	35
18	51
18	337
19	27
19	38
19	44
19	55
19	60
19	68
19	71
19	73
19	77
19	80
19	89
19	90
20	28
20	30
20	39
20	47
20	49
20	57
20	63
20	70
20	73
20	77
20	93
21	41
21	42
21	50
21	51
21	55
21	69
21	73
21	74
21	76
21	77
21	78
21	91
21	95
22	31
22	43
22	46
22	47
22	48
22	75
22	77
22	98
22	260
22	529
23	27
23	40
23	49
23	55
23	59
23	64
23	77
23	82
23	92
23	565
23	834
23	885
24	25
24	26
24	28
24	44
24	45
24	50
24	51
24	59
24	65
24	72
24	73
24	83
24	86
24	87
24	95
24	252
24	428
24	616
24	777
24	869
25	31
25	37
25	39
25	40
25	57
25	61
25	63
25	70
25	72
25	77
25	79
25	80
25	82
25	83
25	86
25	91
25	92
25	93
25	680
26	27
26	45
26	53
26	60
26	66
26	67
26	69
26	72
26	73
26	77
26	87
26	97
26	98
26	169
26	311
27	28
27	44
27	49
27	60
27	64
27	68
27	75
27	92
27	95
27	163
27	216
27	708
28	35
28	37
28	38
28	41
28	45
28	47
28	52
28	60
28	67
28	79
28	80
28	86
28	91
28	93
28	99
28	592
29	35
29	37
29	38
29	52
29	64
29	67
29	77
29	80
29	89
29	92
29	98
29	724
29	764
29	910
29	982
30	33
30	41
30	47
30	48
30	53
30	58
30	84
30	96
30	97
30	99
30	198
30	490
30	554
30	572
30	843
31	32
31	41
31	51
31	57
31	76
31	77
31	81
31	96
31	99
31	167
31	621
31	846
32	55
32	56
32	57
32	58
32	62
32	70
32	78
32	81
32	89
32	90
32	97
32	670
33	44
33	48
33	50
33	51
33	79
33	86
33	87
33	89
33	91
33	201
33	275
33	331
33	603
33	719
33	737
33	847
34	38
34	47
34	61
34	73
34	76
34	90
34	473
34	812
35	36
35	49
35	51
35	54
35	61
35	64
35	65
35	83
35	85
35	87
35	95
35	125
35	171
36	45
36	48
36	53
36	67
36	72
36	76
37	51
37	61
37	62
37	81
37	89
37	91
37	92
37	98
38	39
38	53
38	59
38	65
38	66
38	79
38	441
38	659
39	49
39	53
39	63
39	66
39	69
39	84
39	85
39	86
39	87
39	95
39	96
39	137
39	813
40	40
40	48
40	50
40	53
40	54
40	56
40	66
40	83
40	86
40	98
40	223
40	405
40	701
41	41
41	42
41	43
41	49
41	51
41	53
41	55
41	57
41	66
41	67
41	69
41	74
41	77
41	85
41	88
41	984
42	42
42	44
42	45
42	47
42	51
42	54
42	59
42	70
42	72
42	75
42	77
42	86
42	87
42	93
42	96
42	97
42	98
42	108
42	640
43	43
43	51
43	55
43	59
43	65
43	66
43	80
43	86
43	90
43	225
44	45
44	49
44	50
44	56
44	57
44	70
44	71
44	72
44	74
44	91
45	46
45	48
45	56
45	71
45	75
45	77
45	80
45	433
45	476
45	985
46	57
46	60
46	61
46	70
46	83
46	86
46	88
46	90
46	93
46	95
46	884
47	52
47	53
47	54
47	58
47	64
47	67
47	71
47	87
47	93
47	94
47	98
47	136
48	69
48	75
48	76
48	92
48	651
48	919
49	58
49	76
49	80
49	90
49	97
49	378
49	484
49	816
50	50
50	54
50	76
50	86
51	55
51	63
51	67
51	73
51	78
51	79
51	92
51	94
51	95
51	301
51	307
51	768
51	910
51	961
52	59
52	60
52	62
52	67
52	69
52	82
52	83
52	86
52	90
52	98
52	99
52	201
52	666
53	54
53	57
53	59
53	62
53	64
53	70
53	78
53	79
53	81
53	86
53	668
54	70
54	72
54	75
54	81
54	84
54	85
54	92
54	95
54	98
54	99
54	192
54	941
55	58
55	70
55	71
55	89
55	99
55	207
55	438
55	688
56	58
56	66
56	75
56	96
56	99
56	558
56	612
57	59
57	63
57	64
57	67
57	70
57	77
57	78
57	83
57	86
57	91
57	93
57	95
57	238
58	72
58	73
58	77
58	78
58	94
58	308
58	312
58	956
59	66
59	81
59	87
59	90
59	93
59	96
60	62
60	80
60	82
60	428
60	724
60	810
61	76
61	80
61	87
61	221
61	964
62	76
62	79
62	80
62	83
62	86
62	95
62	98
62	687
62	999
63	63
63	76
63	82
63	86
63	90
63	91
63	829
64	66
64	69
64	74
64	80
64	96
64	455
65	73
65	75
65	83
65	88
66	66
66	71
66	76
66	88
66	96
66	656
66	787
67	70
67	80
67	95
67	96
67	343
67	482
68	70
68	77
68	87
68	89
68	94
68	95
68	975
69	70
69	72
69	74
69	76
69	80
69	81
69	82
69	84
69	264
69	712
70	93
70	520
71	80
71	99
71	264
71	887
71	991
72	73
72	75
72	76
72	81
72	82
72	90
72	95
72	210
72	432
72	614
73	73
73	89
73	286
73	367
73	618
73	683
74	81
74	82
74	86
74	88
74	90
74	96
74	785
75	79
75	83
75	85
75	88
75	377
75	724
76	78
76	88
76	90
76	102
77	78
77	79
77	82
77	85
77	86
77	89
77	91
77	93
77	781
77	792
78	79
78	85
78	91
78	98
78	502
79	79
79	80
79	86
79	90
79	95
80	83
81	82
81	91
81	94
81	275
82	83
82	85
82	86
82	87
82	88
82	127
82	472
82	806
83	84
83	86
83	89
83	95
83	97
83	99
83	951
84	84
84	86
84	87
84	96
84	644
84	835
85	85
85	87
85	88
85	94
85	98
85	366
86	97
86	222
86	436
86	881
86	942
87	91
87	98
88	94
88	96
88	707
89	89
89	97
89	498
89	619
90	131
91	92
91	95
91	96
91	99
91	150
91	344
91	660
93	95
93	97
93	99
94	95
94	98
94	379
94	739
95	97
95	98
96	108
97	671
97	833
98	99
99	102
99	370
100	105
100	108
100	111
100	112
100	122
100	127
100	137
100	152
100	153
100	159
100	160
100	166
100	172
100	176
100	183
100	195
100	198
100	586
101	104
101	117
101	122
101	127
101	131
101	134
101	135
101	145
101	147
101	152
101	161
101	170
101	173
101	181
101	195
101	428
102	105
102	106
102	115
102	116
102	122
102	124
102	129
102	136
102	138
102	140
102	145
102	186
102	189
102	922
103	103
103	105
103	107
103	113
103	121
103	127
103	130
103	140
103	144
103	146
103	154
103	156
103	161
103	162
103	168
103	174
103	175
103	181
103	187
103	188
103	191
103	194
103	845
104	109
104	120
104	126
104	133
104	140
104	152
104	169
104	177
104	178
104	179
104	182
104	191
104	193
104	198
104	408
104	597
104	662
105	105
105	113
105	124
105	125
105	142
105	145
105	146
105	148
105	157
105	163
105	168
105	169
105	173
105	179
105	181
105	182
105	186
105	188
105	189
105	273
105	400
105	709
106	110
106	116
106	122
106	129
106	130
106	132
106	140
106	146
106	169
106	170
106	174
106	177
106	192
106	195
106	196
106	199
107	108
107	109
107	111
107	114
107	117
107	118
107	123
107	124
107	130
107	133
107	147
107	155
107	170
107	179
107	188
107	190
107	193
107	196
107	197
107	199
107	645
108	112
108	113
108	135
108	136
108	137
108	143
108	149
108	156
108	158
108	161
108	163
108	166
108	169
108	176
108	178
108	179
108	181
108	184
108	190
108	193
108	531
109	111
109	117
109	118
109	149
109	150
109	160
109	169
109	174
109	182
109	192
109	198
109	813
110	118
110	122
110	142
110	159
110	166
110	167
110	168
110	169
110	171
110	176
110	192
110	198
110	404
110	808
110	928
111	111
111	116
111	117
111	134
111	139
111	152
111	154
111	156
111	168
111	171
111	175
111	178
111	179
111	197
111	199
111	339
111	462
112	112
112	117
112	131
112	143
112	144
112	155
112	156
112	163
112	167
112	168
112	169
112	184
112	189
112	198
112	199
112	817
113	120
113	127
113	130
113	141
113	151
113	159
113	160
113	167
113	172
113	187
113	195
113	197
113	198
114	117
114	133
114	154
114	157
114	158
114	164
114	167
114	169
114	173
114	176
114	177
114	187
114	189
114	196
114	785
115	122
115	124
115	135
115	151
115	152
115	175
115	183
115	187
115	193
115	196
115	199
115	584
115	719
115	752
116	119
116	122
116	128
116	129
116	133
116	134
116	135
116	140
116	141
116	149
116	159
116	168
116	172
116	174
116	191
116	197
116	432
116	857
117	120
117	140
117	152
117	174
117	195
117	196
117	197
117	199
118	119
118	136
118	141
118	142
118	149
118	151
118	158
118	164
118	169
118	175
118	176
118	177
118	181
118	182
118	184
118	194
118	813
118	818
119	119
119	127
119	129
119	130
119	131
119	132
119	140
119	146
119	147
119	157
119	173
119	178
119	197
119	431
120	123
120	140
120	147
120	157
120	158
120	161
120	165
120	170
120	175
120	178
120	184
120	185
120	567
120	746
121	126
121	130
121	160
121	161
121	183
121	184
121	186
121	187
121	192
121	195
122	125
122	147
122	156
122	162
122	174
122	179
123	151
123	152
123	153
123	156
123	160
123	175
123	180
123	184
123	186
123	187
123	190
123	689
124	127
124	136
124	149
124	156
124	157
124	159
124	164
124	171
124	178
124	182
124	184
124	189
124	194
124	932
125	127
125	131
125	141
125	143
125	146
125	147
125	150
125	158
125	160
125	175
125	179
125	183
125	185
125	192
125	198
125	199
125	762
126	130
126	132
126	163
126	168
126	169
126	170
126	178
126	179
126	180
126	181
126	186
126	191
126	192
126	736
126	860
127	128
127	131
127	135
127	138
127	140
127	147
127	154
127	156
127	180
127	183
127	198
127	642
128	140
128	144
128	146
128	160
128	164
128	167
128	168
128	176
128	185
128	198
128	624
128	794
128	875
129	131
129	134
129	135
129	157
129	161
129	167
129	169
129	173
129	174
129	177
129	180
129	204
129	497
130	131
130	134
130	142
130	145
130	156
130	165
130	173
130	183
130	187
131	131
131	132
131	148
131	151
131	164
131	166
131	168
131	179
131	180
131	183
131	185
131	190
131	191
131	198
131	229
131	543
132	140
132	154
132	156
132	161
132	164
132	167
132	171
132	179
132	182
132	183
132	186
132	190
132	192
132	193
132	198
132	963
132	984
133	133
133	140
133	166
133	168
133	169
133	171
133	175
133	179
133	180
133	181
133	182
133	186
133	196
133	198
133	431
134	140
134	147
134	162
134	164
134	166
134	168
134	170
134	174
134	182
134	185
134	193
134	359
134	556
135	137
135	151
135	154
135	165
135	167
135	168
135	169
135	170
135	171
135	178
135	180
135	199
136	146
136	149
136	158
136	162
136	170
136	171
136	181
136	183
136	188
136	197
136	199
137	143
137	144
137	163
137	169
137	174
137	180
137	192
137	902
138	139
138	142
138	166
138	175
138	181
138	183
138	187
138	195
138	196
138	197
138	656
138	861
138	945
139	146
139	160
139	161
139	162
139	163
139	167
139	176
139	193
139	237
139	618
140	145
140	152
140	155
140	156
140	157
140	164
140	169
140	174
140	187
140	191
140	195
140	199
140	382
140	422
140	704
140	840
140	841
141	142
141	163
141	170
141	185
141	195
142	147
142	148
142	155
142	172
142	184
142	191
142	192
142	197
142	198
142	378
143	151
143	155
143	161
143	181
143	182
143	185
143	188
143	190
144	145
144	153
144	163
144	181
144	185
144	189
144	272
145	149
145	151
145	156
145	169
145	176
145	177
145	179
145	185
145	199
145	210
146	146
146	150
146	152
146	158
146	161
146	166
146	173
146	188
146	192
146	199
146	958
147	149
147	150
147	154
147	160
147	168
147	175
147	192
147	196
147	554
147	885
148	155
148	163
148	173
148	185
148	188
148	193
148	195
148	232
149	153
149	157
149	159
149	163
149	181
149	183
149	187
149	192
149	327
150	155
150	177
150	181
150	183
150	187
150	193
150	194
150	195
150	196
151	156
151	162
151	164
151	165
151	173
151	176
151	187
151	193
151	194
151	199
151	217
151	750
152	157
152	164
152	171
152	199
152	314
152	925
153	153
153	162
153	168
153	177
153	181
153	186
153	198
153	306
153	523
154	155
154	170
154	171
154	179
154	183
154	193
154	196
154	197
154	249
155	159
155	165
155	167
155	180
155	182
155	184
155	188
155	193
155	412
156	157
156	159
156	160
156	166
156	170
156	183
156	189
156	192
156	196
157	158
157	162
157	171
157	174
157	175
157	184
157	185
157	186
157	199
157	519
158	160
158	174
158	175
158	183
158	185
158	197
158	307
158	899
159	163
159	171
159	179
159	180
159	187
159	192
159	194
159	424
160	163
160	169
160	171
160	182
160	185
160	186
160	207
160	675
160	748
160	849
160	855
160	981
161	163
161	165
161	183
161	190
161	197
161	648
161	881
162	169
162	171
162	173
162	185
162	191
162	353
162	874
162	962
163	171
163	179
163	180
163	184
163	190
163	367
163	399
164	168
164	172
164	173
164	174
164	185
164	186
164	192
164	199
164	765
164	921
164	998
165	181
165	188
165	192
165	195
165	198
165	594
165	668
166	170
166	173
166	175
166	176
166	190
166	193
166	196
166	198
166	586
166	744
166	815
167	167
167	171
167	176
167	178
167	180
167	183
167	185
167	192
167	314
168	169
168	170
168	171
168	188
168	194
168	837
169	179
169	183
169	187
169	194
169	197
169	594
169	690
169	875
170	175
170	176
170	182
171	180
171	188
171	190
171	195
171	941
172	181
172	199
172	210
172	862
173	173
173	179
173	197
173	199
173	226
174	178
174	180
174	570
174	640
174	722
174	773
175	193
175	198
175	245
175	411
176	180
176	181
176	188
176	192
176	629
176	921
177	183
177	184
177	185
177	186
177	190
177	385
177	485
178	184
178	186
178	187
178	188
178	189
178	191
178	195
178	624
179	180
179	185
179	186
179	190
179	193
179	194
179	421
180	181
180	184
180	185
180	187
180	190
180	196
180	484
180	787
181	184
181	186
181	188
181	767
182	182
182	183
182	191
182	195
182	196
182	579
182	690
183	188
183	190
183	191
183	195
183	556
184	187
184	195
184	199
185	195
185	880
186	189
186	193
186	196
187	190
187	406
187	546
187	987
188	195
188	265
188	322
188	847
189	193
189	353
190	192
190	199
191	705
192	193
192	395
193	199
193	643
194	196
194	250
194	329
194	486
194	893
194	952
196	197
196	199
196	233
196	641
197	749
199	346
200	207
200	217
200	219
200	221
200	222
200	224
200	237
200	239
200	243
200	256
200	264
200	266
200	268
200	273
200	298
200	299
200	470
201	202
201	206
201	207
201	212
201	219
201	221
201	227
201	228
201	256
201	257
201	258
201	264
201	276
201	280
201	298
201	527
202	205
202	210
202	213
202	216
202	225
202	229
202	242
202	245
202	248
202	253
202	264
202	275
202	284
202	288
202	289
202	297
202	343
202	778
203	205
203	210
203	217
203	225
203	227
203	230
203	236
203	246
203	248
203	250
203	257
203	258
203	263
203	266
203	270
203	272
203	277
203	279
203	281
203	282
203	286
203	289
203	291
203	295
203	296
203	299
203	365
203	641
203	721
204	205
204	225
204	228
204	229
204	231
204	233
204	242
204	246
204	247
204	249
204	263
204	267
204	273
204	281
204	292
204	300
204	532
204	987
205	209
205	213
205	216
205	217
205	218
205	221
205	228
205	229
205	233
205	241
205	249
205	253
205	259
205	265
205	266
205	267
205	269
205	270
205	279
205	483
206	209
206	219
206	226
206	230
206	232
206	240
206	245
206	268
206	273
206	284
206	298
206	721
207	208
207	221
207	235
207	236
207	238
207	241
207	243
207	247
207	250
207	256
207	264
207	274
207	275
207	283
207	286
207	292
207	832
207	891
208	210
208	211
208	215
208	217
208	219
208	221
208	229
208	230
208	232
208	235
208	239
208	254
208	257
208	259
208	268
208	270
208	291
208	298
208	464
208	492
209	210
209	224
209	228
209	230
209	233
209	241
209	254
209	277
210	211
210	217
210	219
210	236
210	237
210	243
210	253
210	278
210	285
210	289
210	292
210	298
210	299
210	524
211	217
211	230
211	239
211	251
211	255
211	256
211	264
211	277
211	281
211	285
211	289
211	298
211	687
211	688
212	218
212	220
212	225
212	227
212	232
212	235
212	239
212	246
212	250
212	265
212	282
212	290
212	295
212	471
213	217
213	219
213	226
213	227
213	237
213	246
213	249
213	254
213	263
213	265
213	268
213	269
213	275
213	278
213	279
213	289
213	292
213	746
214	219
214	223
214	237
214	241
214	249
214	250
214	251
214	258
214	260
214	261
214	264
214	273
214	274
214	275
214	297
214	875
215	215
215	216
215	219
215	221
215	227
215	240
215	251
215	252
215	266
215	268
215	269
215	275
215	276
215	277
215	282
215	291
215	293
215	296
215	435
216	228
216	231
216	239
216	240
216	241
216	249
216	270
216	275
216	286
216	292
216	295
216	804
217	218
217	221
217	225
217	239
217	242
217	244
217	259
217	261
217	265
217	270
217	273
217	274
217	282
217	286
217	289
217	622
218	221
218	235
218	240
218	242
218	245
218	260
218	263
218	265
218	272
218	298
218	299
218	385
219	220
219	222
219	223
219	230
219	231
219	233
219	236
219	238
219	240
219	241
219	242
219	244
219	245
219	246
219	247
219	248
219	250
219	253
219	254
219	258
219	269
219	280
219	282
219	290
219	291
220	221
220	226
220	232
220	234
220	242
220	249
220	265
220	268
220	272
220	277
220	284
220	292
221	229
221	240
221	241
221	249
221	257
221	270
221	523
221	726
222	231
222	232
222	235
222	237
222	244
222	250
222	265
222	268
222	270
222	281
222	282
222	426
222	499
222	939
223	227
223	228
223	243
223	256
223	257
223	261
223	266
223	278
223	282
223	285
223	290
223	513
224	226
224	227
224	230
224	233
224	234
224	248
224	257
224	259
224	265
224	267
224	269
224	270
224	279
224	283
224	295
224	297
224	298
224	909
224	934
224	936
225	227
225	228
225	229
225	232
225	236
225	242
225	245
225	247
225	257
225	261
225	264
225	265
225	267
225	271
225	272
225	276
225	278
225	280
225	292
225	294
225	295
226	229
226	231
226	234
226	235
226	241
226	257
226	262
226	267
226	270
226	273
226	279
226	289
226	298
226	324
226	366
226	553
226	638
226	895
227	234
227	239
227	240
227	245
227	254
227	256
227	261
227	262
227	273
227	276
227	277
227	279
227	291
227	294
228	231
228	245
228	250
228	255
228	256
228	259
228	260
228	261
228	268
228	273
228	281
228	288
228	291
228	293
228	296
228	298
228	337
228	583
228	855
229	234
229	237
229	249
229	255
229	265
229	276
229	284
229	286
229	291
229	740
230	231
230	232
230	235
230	237
230	239
230	240
230	244
230	246
230	253
230	255
230	258
230	261
230	283
230	295
231	232
231	261
231	262
231	287
231	291
231	434
231	528
231	958
232	238
232	240
232	243
232	254
232	257
232	261
232	268
232	270
232	273
232	277
232	284
232	288
232	295
233	240
233	241
233	254
233	260
233	262
233	271
233	281
233	297
233	446
234	236
234	246
234	250
234	255
234	256
234	260
234	262
234	266
234	281
234	283
234	285
234	287
234	288
234	712
234	821
235	239
235	240
235	250
235	251
235	254
235	261
235	262
235	264
235	278
235	292
235	451
236	239
236	247
236	260
236	266
236	275
236	278
236	279
236	280
236	285
236	286
236	407
236	953
237	245
237	247
237	251
237	262
237	268
237	277
237	295
237	430
237	627
237	910
238	242
238	265
238	269
238	283
238	485
238	916
239	245
239	253
239	257
239	264
239	288
239	290
239	297
239	953
240	265
240	266
240	273
240	275
240	281
240	286
240	287
240	292
240	294
240	701
241	243
241	249
241	250
241	261
241	266
241	269
241	279
241	281
241	285
241	288
241	868
242	243
242	247
242	271
242	275
242	278
242	288
242	293
242	294
243	246
243	256
243	260
243	262
243	267
243	273
243	279
243	284
243	293
243	297
243	298
244	248
244	254
244	255
244	269
244	270
244	273
244	274
244	284
244	296
244	417
244	780
244	807
244	851
245	246
245	251
245	256
245	259
245	262
245	263
245	267
245	277
245	280
245	283
245	286
245	292
245	294
245	638
246	249
246	250
246	257
246	262
246	272
246	273
246	275
246	282
246	298
246	555
247	248
247	262
247	266
247	273
247	291
247	294
247	441
247	515
247	675
248	256
248	261
248	268
248	282
248	289
248	291
248	294
248	908
249	251
249	257
249	260
249	263
249	268
249	272
249	279
249	280
249	286
249	293
249	295
249	296
249	298
250	251
250	256
250	259
250	261
250	262
250	267
250	276
250	278
250	279
250	280
250	282
250	295
251	253
251	270
251	272
251	278
251	280
251	283
251	285
251	290
251	295
251	504
251	658
252	256
252	268
252	283
252	284
252	287
252	990
253	255
253	258
253	267
253	269
253	294
253	297
254	259
254	261
254	262
254	263
254	264
254	268
254	269
254	271
254	277
254	282
254	288
254	296
254	579
255	263
255	265
255	266
255	269
255	284
255	287
255	291
255	292
255	611
256	257
256	258
256	259
256	263
256	269
256	270
256	275
256	280
256	283
256	286
256	293
257	262
257	273
257	284
257	286
257	608
257	783
257	803
257	870
257	915
258	262
258	266
258	271
258	273
258	280
258	282
258	284
258	285
258	287
258	288
258	298
259	262
259	268
259	274
259	286
259	289
259	297
259	337
259	386
260	287
261	262
261	265
261	266
261	269
261	270
261	273
261	276
261	280
261	282
261	283
261	284
261	289
261	291
261	296
261	862
262	264
262	267
262	271
262	274
262	281
262	295
262	462
262	954
262	955
263	274
263	275
263	280
263	286
263	294
263	324
264	271
264	272
264	275
264	286
264	290
264	298
264	857
264	890
265	268
265	269
265	272
265	274
265	278
265	281
265	283
265	295
265	865
265	983
266	266
266	295
266	296
266	862
267	268
267	280
268	271
268	273
268	281
268	297
269	278
269	279
269	286
269	293
269	298
270	287
270	289
270	290
270	291
270	294
270	344
270	472
270	552
271	276
271	283
271	284
271	285
271	290
271	298
271	695
272	281
272	285
272	295
272	568
272	899
273	282
273	283
273	290
273	293
273	299
273	725
274	279
274	280
274	285
274	286
274	290
274	418
274	483
275	276
275	280
275	284
275	287
275	291
275	293
275	473
276	276
276	280
276	286
277	281
277	289
277	299
277	353
278	282
278	285
278	342
278	534
278	686
278	859
279	281
279	288
279	292
279	293
279	295
280	280
280	296
280	574
280	810
281	292
281	294
281	431
282	282
282	287
282	293
282	297
282	440
282	887
283	294
283	296
283	815
284	285
284	287
284	292
284	814
285	289
285	299
286	286
286	297
286	345
287	289
287	290
287	294
287	501
287	507
287	924
288	297
288	298
288	443
289	295
289	441
289	954
290	293
290	294
290	669
291	292
291	881
291	963
292	293
292	295
292	296
292	695
293	295
293	297
293	921
293	984
294	296
294	298
294	470
294	951
295	297
296	693
297	367
297	425
297	448
297	648
298	768
298	862
298	869
299	904
300	302
300	307
300	313
300	314
300	321
300	324
300	334
300	336
300	340
300	344
300	346
300	349
300	362
300	365
300	385
300	388
300	391
300	397
300	398
301	303
301	311
301	313
301	316
301	322
301	325
301	328
301	331
301	333
301	334
301	341
301	348
301	360
301	364
301	368
301	371
301	372
301	397
301	418
302	305
302	307
302	330
302	335
302	339
302	340
302	341
302	354
302	356
302	371
302	373
302	378
302	391
302	392
302	393
302	399
302	952
303	309
303	313
303	344
303	351
303	356
303	361
303	367
303	368
303	369
303	375
303	376
303	380
303	384
303	393
303	395
303	752
304	307
304	308
304	309
304	311
304	319
304	323
304	324
304	326
304	331
304	333
304	335
304	339
304	343
304	350
304	373
304	375
304	378
304	385
304	393
304	397
305	309
305	313
305	315
305	328
305	334
305	344
305	350
305	353
305	359
305	360
305	364
305	371
305	372
305	374
305	378
305	388
305	393
305	397
305	399
305	518
306	315
306	317
306	322
306	326
306	329
306	342
306	348
306	351
306	362
306	367
306	370
306	376
306	377
306	378
306	390
307	309
307	310
307	315
307	317
307	318
307	325
307	326
307	338
307	344
307	348
307	352
307	354
307	367
307	369
307	370
307	374
307	384
307	388
307	396
307	399
308	309
308	312
308	314
308	323
308	325
308	331
308	332
308	335
308	338
308	350
308	351
308	354
308	359
308	360
308	367
308	372
308	381
308	383
308	389
308	395
308	516
309	311
309	321
309	336
309	341
309	345
309	346
309	354
309	355
309	356
309	364
309	371
309	374
309	377
309	380
309	381
309	383
309	385
309	390
309	420
310	310
310	316
310	318
310	322
310	323
310	326
310	340
310	352
310	358
310	386
310	393
310	395
310	398
310	399
310	480
310	888
311	324
311	331
311	335
311	336
311	338
311	342
311	346
311	361
311	363
311	365
311	366
311	374
311	380
311	387
311	388
311	396
311	851
312	312
312	321
312	323
312	329
312	331
312	343
312	352
312	353
312	354
312	372
312	374
312	377
312	379
312	380
312	381
312	384
312	387
312	392
312	396
313	315
313	329
313	331
313	332
313	339
313	341
313	342
313	344
313	346
313	350
313	352
313	355
313	357
313	358
313	359
313	362
313	368
313	375
313	376
313	380
313	387
313	390
313	398
313	505
314	318
314	319
314	320
314	324
314	339
314	357
314	361
314	371
314	382
314	383
314	394
314	397
314	399
315	324
315	328
315	330
315	338
315	344
315	346
315	355
315	357
315	378
315	379
315	381
315	383
315	387
315	396
315	397
315	741
316	323
316	327
316	329
316	342
316	347
316	350
316	351
316	356
316	378
316	380
316	383
316	386
316	390
316	391
317	324
317	330
317	332
317	334
317	342
317	344
317	348
317	359
317	370
317	371
317	375
317	376
317	379
317	383
317	391
317	392
317	397
317	704
317	749
317	972
318	318
318	321
318	324
318	333
318	337
318	338
318	342
318	343
318	354
318	356
318	358
318	369
318	377
318	385
318	388
318	393
318	395
319	323
319	329
319	344
319	346
319	347
319	356
319	365
319	367
319	370
319	374
319	375
319	377
319	381
319	384
319	385
319	391
319	860
319	937
320	346
320	357
320	363
320	370
320	372
320	375
320	376
320	382
320	394
320	399
320	508
320	919
321	321
321	331
321	334
321	336
321	338
321	341
321	344
321	348
321	351
321	367
321	373
321	380
321	385
321	389
321	396
321	703
322	330
322	336
322	359
322	360
322	362
322	381
322	384
322	388
322	392
323	329
323	334
323	335
323	336
323	339
323	340
323	356
323	360
323	364
323	375
323	396
323	806
323	807
323	948
324	330
324	342
324	349
324	350
324	361
324	381
324	397
324	674
325	326
325	331
325	339
325	344
325	347
325	348
325	352
325	356
325	357
325	362
325	363
325	369
325	388
325	390
325	392
325	396
325	398
326	327
326	329
326	337
326	343
326	354
326	357
326	359
326	361
326	365
326	372
326	373
326	374
326	375
326	382
326	383
326	388
326	389
326	390
326	614
327	327
327	330
327	338
327	342
327	348
327	389
327	390
327	392
327	395
327	466
328	329
328	335
328	338
328	360
328	368
328	377
328	381
328	383
328	386
328	387
328	393
328	397
328	398
328	476
328	974
329	330
329	331
329	357
329	360
329	365
329	367
329	368
329	371
329	372
329	373
329	383
329	384
329	385
329	389
329	395
329	396
330	342
330	350
330	364
330	366
330	372
330	375
330	377
330	381
330	387
330	396
330	871
331	333
331	334
331	342
331	350
331	351
331	352
331	377
331	383
331	385
331	471
331	664
332	335
332	351
332	352
332	364
332	367
332	369
332	383
332	391
332	395
332	478
332	827
333	333
333	336
333	337
333	354
333	355
333	357
333	360
333	374
333	377
333	387
333	392
333	394
333	397
333	398
333	432
333	604
334	336
334	341
334	367
334	371
334	373
334	377
334	379
334	391
334	452
334	952
335	335
335	337
335	348
335	351
335	354
335	358
335	377
335	379
335	382
335	683
335	959
336	337
336	343
336	354
336	370
336	381
336	399
336	797
337	343
337	346
337	349
337	350
337	354
337	355
337	367
337	369
337	371
337	375
337	377
337	385
337	391
337	511
337	707
338	350
338	358
338	359
338	360
338	361
338	365
338	374
338	380
338	382
338	383
338	389
338	398
338	526
338	812
339	343
339	349
339	358
339	377
339	383
339	385
339	390
339	396
339	398
339	617
339	856
340	350
340	363
340	367
340	375
340	376
340	396
340	398
340	967
341	349
341	350
341	353
341	358
341	365
341	371
341	385
342	350
342	356
342	359
342	361
342	381
342	385
342	396
342	399
342	601
342	787
342	996
343	353
343	358
343	359
343	361
343	368
343	378
343	382
343	383
344	346
344	356
344	358
344	363
344	364
344	378
344	387
344	392
344	779
344	804
345	346
345	350
345	352
345	361
345	364
345	366
345	383
345	384
345	389
345	462
346	346
346	354
346	370
346	375
346	377
346	388
346	390
346	391
346	467
346	477
346	905
346	933
347	354
347	358
347	382
347	384
347	388
347	389
347	391
347	393
347	399
347	693
348	357
348	369
348	376
348	388
348	395
348	396
349	374
349	377
349	381
349	384
349	385
349	388
349	391
349	392
349	397
350	353
350	362
350	365
350	384
350	385
350	399
350	527
350	983
351	356
351	368
351	379
351	387
351	388
351	392
351	399
351	910
352	354
352	356
352	363
352	378
352	391
352	397
352	438
353	361
353	366
353	371
353	377
353	379
353	385
353	387
353	399
354	362
354	370
354	371
354	372
354	378
354	388
354	389
354	390
354	395
354	535
355	360
355	368
355	369
355	370
355	376
355	378
355	381
355	389
355	390
355	394
355	398
356	361
356	370
356	372
356	381
356	384
356	385
356	391
356	393
357	362
357	366
357	369
357	382
357	386
357	388
357	389
357	392
357	473
358	363
358	373
358	376
358	384
358	394
358	395
358	396
358	875
358	884
359	360
359	362
359	363
359	380
359	389
359	395
359	396
360	366
360	375
360	377
360	380
360	382
360	383
360	391
360	394
360	490
360	643
361	362
361	365
361	367
361	370
361	372
361	379
361	381
361	398
362	366
362	369
362	377
363	364
363	370
363	372
363	373
363	383
363	384
363	386
363	398
363	585
364	364
364	368
364	379
364	380
364	382
364	391
364	539
364	541
364	614
365	365
365	367
365	368
365	373
365	378
365	379
365	396
365	774
366	367
366	373
366	377
366	991
367	375
367	377
367	379
367	381
367	386
367	392
367	394
367	870
368	369
368	374
368	391
368	396
368	397
368	572
368	933
368	970
368	976
369	371
369	377
369	378
369	867
370	371
370	375
370	379
370	385
371	371
371	374
371	382
371	386
371	391
371	394
371	396
371	820
372	373
372	376
372	387
372	392
372	395
373	377
373	380
373	383
373	385
373	389
373	583
373	882
374	374
374	389
374	392
374	395
374	416
374	808
375	376
375	384
375	393
376	384
376	390
376	392
376	524
376	559
376	958
377	379
377	384
377	556
378	393
378	394
378	398
378	458
378	740
379	398
379	564
379	617
379	797
380	381
380	383
381	387
381	389
381	391
381	392
381	393
381	397
381	453
381	511
382	387
382	389
382	390
382	397
382	398
382	399
382	653
382	834
382	925
382	937
383	392
383	394
384	387
384	717
385	388
385	395
385	683
385	732
385	853
386	388
386	391
386	396
387	387
387	391
387	395
387	466
388	389
388	392
388	399
388	436
388	489
389	395
389	399
389	547
389	951
390	393
390	891
391	395
391	490
392	399
393	393
393	398
393	604
393	658
394	395
395	397
395	791
396	396
396	617
396	718
397	399
397	768
397	895
399	646
400	401
400	402
400	412
400	422
400	429
400	432
400	468
400	471
400	481
400	484
400	486
400	487
400	496
400	510
401	428
401	429
401	433
401	439
401	448
401	452
401	456
401	465
401	466
401	467
401	471
401	475
401	482
401	491
402	412
402	419
402	423
402	436
402	438
402	441
402	444
402	463
402	466
402	481
402	482
402	486
403	412
403	447
403	456
403	463
403	474
403	547
403	755
403	781
404	405
404	408
404	411
404	412
404	415
404	418
404	436
404	437
404	444
404	445
404	447
404	452
404	455
404	461
404	464
404	466
404	471
404	472
404	492
404	614
405	428
405	430
405	438
405	441
405	449
405	456
405	470
405	476
405	478
405	482
405	484
405	488
405	498
405	622
405	877
406	414
406	415
406	419
406	422
406	424
406	433
406	436
406	440
406	448
406	452
406	455
406	458
406	460
406	476
406	477
406	483
406	488
406	489
406	702
406	722
407	411
407	415
407	417
407	420
407	421
407	432
407	435
407	436
407	437
407	440
407	456
407	466
407	488
407	494
407	499
407	536
407	732
407	831
407	870
408	410
408	413
408	426
408	432
408	441
408	443
408	446
408	453
408	454
408	458
408	467
408	482
408	484
408	485
408	524
409	411
409	424
409	426
409	432
409	434
409	444
409	466
409	483
409	489
409	768
409	821
410	415
410	422
410	433
410	436
410	442
410	444
410	447
410	448
410	450
410	452
410	459
410	478
410	485
410	486
410	488
410	870
411	413
411	416
411	422
411	430
411	443
411	444
411	453
411	457
411	463
411	471
411	482
411	488
411	492
411	497
411	577
411	753
411	965
411	986
412	415
412	417
412	425
412	440
412	441
412	449
412	454
412	459
412	468
412	482
412	601
413	419
413	422
413	424
413	430
413	439
413	441
413	450
413	455
413	458
413	460
413	463
413	467
413	475
413	483
413	487
413	488
413	491
413	602
414	417
414	419
414	423
414	442
414	454
414	458
414	467
414	477
414	479
415	419
415	427
415	438
415	439
415	442
415	443
415	446
415	458
415	464
415	469
415	486
415	487
415	488
415	494
415	495
415	498
415	504
416	419
416	435
416	439
416	442
416	445
416	451
416	456
416	464
416	465
416	481
416	493
416	608
416	642
417	417
417	418
417	427
417	447
417	450
417	460
417	462
417	465
417	483
417	486
417	897
418	434
418	443
418	450
418	455
418	460
418	462
418	466
418	469
418	472
418	479
418	483
418	484
418	488
418	489
418	496
419	419
419	420
419	427
419	431
419	432
419	434
419	450
419	459
419	467
419	486
419	493
419	496
420	433
420	436
420	447
420	449
420	450
420	461
420	463
420	466
420	474
420	483
420	486
420	490
420	499
420	565
421	426
421	432
421	443
421	466
421	470
421	479
421	480
421	482
421	486
421	665
421	726
422	424
422	432
422	433
422	435
422	436
422	440
422	441
422	447
422	448
422	455
422	457
422	465
422	466
422	469
422	472
422	473
422	483
422	703
422	901
423	425
423	427
423	431
423	435
423	444
423	454
423	461
423	468
423	475
423	483
423	496
424	427
424	429
424	430
424	431
424	436
424	445
424	451
424	452
424	455
424	462
424	463
424	472
424	476
424	484
424	489
424	494
424	558
424	699
425	428
425	432
425	434
425	437
425	444
425	445
425	452
425	453
425	454
425	461
425	462
425	469
425	472
425	478
425	480
425	483
425	484
425	489
425	495
425	710
425	757
426	427
426	432
426	435
426	439
426	442
426	447
426	448
426	456
426	464
426	477
426	480
426	483
426	487
426	498
426	706
427	429
427	432
427	435
427	436
427	447
427	454
427	463
427	474
427	476
427	479
427	485
427	489
427	494
427	495
427	496
427	498
428	433
428	434
428	447
428	452
428	453
428	459
428	472
428	483
428	489
428	495
428	937
429	439
429	454
429	474
429	475
429	477
429	482
429	487
429	489
429	490
429	499
430	433
430	437
430	438
430	446
430	453
430	460
430	468
430	470
430	478
430	479
430	483
430	484
430	488
430	492
430	494
430	496
430	497
430	742
431	431
431	445
431	456
431	468
431	470
431	471
431	474
431	481
431	483
431	489
431	493
431	497
432	433
432	434
432	436
432	437
432	450
432	453
432	456
432	458
432	465
432	468
432	480
432	481
432	489
433	433
433	452
433	459
433	461
433	465
433	476
433	492
434	435
434	440
434	447
434	450
434	468
434	474
434	482
434	486
434	491
434	495
435	440
435	443
435	453
435	454
435	456
435	458
435	471
435	481
435	485
435	492
435	512
436	440
436	456
436	474
436	489
436	490
436	492
436	494
436	499
436	543
436	886
437	451
437	463
437	473
437	485
438	439
438	440
438	449
438	462
438	475
438	487
438	489
438	638
438	918
439	442
439	446
439	450
439	451
439	462
439	465
439	476
439	477
439	478
439	483
439	488
439	496
439	518
439	766
439	812
439	935
440	441
440	452
440	454
440	455
440	456
440	457
440	464
440	469
440	474
440	475
440	482
440	484
440	489
440	497
440	825
440	831
441	459
441	477
441	483
441	486
441	488
441	495
442	443
442	447
442	448
442	459
442	472
442	476
442	477
442	480
442	489
442	493
442	554
443	447
443	451
443	457
443	466
443	476
443	478
443	482
443	486
443	488
443	880
443	920
444	458
444	462
444	465
444	469
444	470
444	471
444	475
444	482
444	486
444	494
444	686
445	452
445	460
445	470
445	474
445	476
445	479
445	495
445	512
445	603
445	647
445	811
446	460
446	461
446	471
446	481
446	483
446	490
446	497
446	743
446	931
447	449
447	450
447	457
447	460
447	498
448	450
448	458
448	461
448	480
448	481
448	482
448	490
448	498
449	451
449	470
449	473
449	487
449	491
450	452
450	472
450	475
450	483
450	484
450	491
450	495
450	496
451	460
451	472
451	474
451	477
451	479
451	492
451	494
451	498
451	542
451	934
452	458
452	460
452	462
452	470
452	471
452	472
452	478
452	492
452	494
453	464
453	465
453	478
453	489
453	491
453	494
453	960
454	456
454	462
454	471
454	476
454	483
454	486
454	493
454	494
454	499
454	734
455	465
455	470
455	478
455	480
455	491
456	458
456	472
456	475
456	481
456	484
456	485
456	489
456	494
457	458
457	462
457	468
457	469
457	476
457	481
457	483
457	498
457	957
458	464
458	465
458	471
458	472
458	481
458	485
458	496
458	557
458	837
459	470
459	474
459	476
459	480
459	485
459	490
459	496
459	497
459	633
459	795
460	462
460	463
460	465
460	478
460	481
460	485
460	497
460	706
461	461
461	470
461	474
461	495
461	658
461	777
462	465
462	481
462	489
462	495
462	496
462	498
462	612
462	689
462	951
463	466
463	473
463	475
463	480
463	496
463	843
463	983
464	483
464	485
464	486
464	772
464	893
465	465
465	478
465	482
465	483
465	485
465	488
465	491
465	494
465	495
465	498
465	701
465	849
465	884
466	466
466	486
466	499
467	469
467	472
467	474
467	488
467	489
467	496
468	472
468	474
468	476
468	479
468	487
468	492
469	471
469	489
469	492
470	473
470	480
470	482
470	487
470	491
470	499
471	474
471	476
471	484
471	497
471	498
472	486
472	487
472	491
472	493
472	497
473	474
473	475
473	479
473	483
473	492
473	493
473	567
474	478
474	486
474	493
474	496
474	865
475	484
475	486
475	488
475	489
475	497
476	476
476	478
476	480
476	483
476	487
476	491
476	499
476	591
476	745
476	897
477	478
477	489
477	490
477	491
477	494
477	590
477	646
477	829
478	491
478	497
478	859
478	985
479	483
479	486
479	487
479	489
479	490
479	516
479	705
480	493
480	496
480	499
480	508
480	662
481	488
481	499
481	963
482	484
482	485
482	496
482	497
482	498
482	877
483	485
483	486
483	487
483	497
484	487
485	485
485	489
485	496
485	499
486	497
487	533
487	769
488	490
488	493
488	498
488	702
489	491
489	499
489	675
489	943
490	495
490	572
491	497
491	499
491	640
492	498
492	535
492	706
492	966
494	945
495	510
495	568
496	498
500	503
500	504
500	512
500	524
500	525
500	543
500	557
500	561
500	568
500	572
500	573
500	578
500	582
500	584
500	585
500	586
500	590
500	594
500	984
501	502
501	506
501	511
501	513
501	514
501	529
501	535
501	538
501	545
501	549
501	557
501	562
501	569
501	570
501	572
501	574
501	579
501	581
501	589
502	504
502	510
502	514
502	516
502	517
502	525
502	541
502	542
502	559
502	561
502	566
502	569
502	580
502	588
502	595
502	761
503	503
503	512
503	513
503	514
503	530
503	533
503	537
503	541
503	542
503	554
503	562
503	568
503	577
503	579
503	585
503	588
503	595
504	507
504	510
504	511
504	515
504	520
504	535
504	537
504	545
504	554
504	555
504	559
504	561
504	562
504	566
504	568
504	573
504	575
504	577
504	579
504	589
504	592
504	632
504	834
505	507
505	521
505	522
505	523
505	524
505	531
505	534
505	536
505	537
505	558
505	563
505	569
505	574
505	576
505	577
505	578
505	580
505	585
505	590
505	599
505	661
506	511
506	517
506	529
506	536
506	537
506	552
506	566
506	577
506	580
506	584
506	585
506	589
506	702
506	872
507	508
507	509
507	510
507	519
507	526
507	531
507	541
507	547
507	555
507	564
507	571
507	574
507	580
507	583
507	588
507	589
507	595
507	599
508	513
508	515
508	517
508	523
508	534
508	538
508	548
508	549
508	550
508	556
508	578
508	581
508	596
508	598
508	990
509	513
509	515
509	516
509	523
509	536
509	544
509	549
509	559
509	561
509	562
509	567
509	575
509	577
509	588
509	589
509	590
509	592
509	606
510	511
510	518
510	519
510	520
510	526
510	531
510	539
510	549
510	550
510	562
510	566
510	569
510	572
510	575
510	579
510	581
510	595
510	598
511	517
511	519
511	529
511	535
511	536
511	553
511	556
511	563
511	565
511	570
511	571
511	575
511	578
511	579
511	580
511	584
511	587
511	591
511	960
512	515
512	533
512	536
512	539
512	548
512	551
512	556
512	558
512	572
512	580
512	591
512	596
513	520
513	521
513	533
513	534
513	547
513	557
513	571
513	573
513	576
513	577
513	578
513	584
513	594
514	520
514	526
514	536
514	541
514	547
514	550
514	551
514	552
514	555
514	562
514	568
514	573
514	583
514	590
514	597
515	516
515	525
515	540
515	541
515	544
515	546
515	548
515	550
515	551
515	559
515	565
515	566
515	569
515	571
515	576
515	577
515	580
515	593
515	595
515	598
516	523
516	524
516	536
516	539
516	544
516	549
516	555
516	565
516	568
516	576
516	590
516	596
516	598
517	520
517	534
517	536
517	537
517	539
517	542
517	547
517	549
517	552
517	561
517	563
517	564
517	565
517	568
517	574
517	583
517	587
517	591
517	595
518	519
518	527
518	528
518	531
518	534
518	542
518	544
518	545
518	547
518	552
518	553
518	561
518	579
518	580
518	584
518	585
518	588
518	918
519	527
519	533
519	542
519	555
519	559
519	562
519	564
519	568
519	581
519	582
519	599
520	532
520	537
520	554
520	555
520	563
520	564
520	567
520	585
520	587
521	537
521	545
521	553
521	563
521	574
521	581
521	592
521	593
521	597
521	923
522	527
522	529
522	531
522	533
522	537
522	551
522	561
522	562
522	572
522	579
522	580
522	586
522	952
523	543
523	545
523	547
523	552
523	558
523	561
523	565
523	576
523	591
523	599
524	530
524	536
524	538
524	552
524	557
524	559
524	561
524	564
524	568
524	576
524	580
524	582
524	585
524	589
524	590
525	537
525	541
525	554
525	559
525	566
525	573
525	582
525	593
525	594
525	595
525	597
525	748
526	527
526	533
526	536
526	548
526	555
526	559
526	567
526	571
526	572
526	574
526	584
526	595
526	599
526	671
527	530
527	539
527	544
527	553
527	559
527	565
527	575
527	577
527	578
527	582
527	588
527	589
527	637
528	533
528	535
528	537
528	541
528	544
528	551
528	557
528	558
528	560
528	573
528	576
528	578
528	580
528	585
528	586
528	590
528	597
528	598
528	696
528	891
529	535
529	538
529	552
529	572
529	574
529	575
529	582
529	584
529	585
529	588
530	535
530	536
530	539
530	542
530	544
530	554
530	574
530	594
530	595
530	596
530	885
530	895
531	536
531	537
531	538
531	545
531	547
531	549
531	565
531	566
531	580
531	588
531	592
532	538
532	539
532	544
532	555
532	558
532	561
532	565
532	575
532	579
532	585
532	588
532	589
532	597
533	535
533	548
533	549
533	550
533	555
533	566
533	569
533	573
533	575
533	578
533	582
533	586
533	596
533	956
534	534
534	535
534	542
534	545
534	546
534	551
534	558
534	580
534	582
534	590
534	591
534	599
535	536
535	538
535	548
535	556
535	560
535	577
535	581
535	590
535	593
535	594
536	540
536	546
536	548
536	551
536	565
536	566
536	568
536	574
536	575
536	577
536	581
536	592
536	597
536	744
537	543
537	584
537	588
537	767
538	545
538	547
538	553
538	568
538	588
538	589
538	592
538	686
539	542
539	546
539	552
539	577
539	581
539	582
539	587
539	588
539	756
540	544
540	547
540	561
540	564
540	569
540	580
540	581
540	584
540	588
540	597
540	884
541	543
541	547
541	551
541	575
541	587
541	598
541	762
542	546
542	553
542	555
542	557
542	558
542	560
542	562
542	571
542	573
542	577
542	579
542	580
542	588
542	590
542	786
543	550
543	551
543	553
543	564
543	571
543	583
543	593
543	596
543	597
544	550
544	565
544	568
544	577
544	582
544	585
544	592
544	758
545	548
545	549
545	550
545	552
545	558
545	560
545	565
545	569
545	580
545	586
546	547
546	548
546	563
546	578
546	585
546	590
546	596
547	550
547	552
547	557
547	558
547	569
547	575
547	579
547	586
547	856
548	550
548	551
548	552
548	553
548	556
548	562
548	570
548	580
548	593
549	550
549	553
549	562
549	563
549	565
549	575
549	576
549	578
549	591
550	552
550	562
550	570
550	579
550	580
550	581
550	584
550	598
551	566
551	581
551	582
551	584
551	587
551	593
551	595
551	597
551	990
552	558
552	568
552	569
552	574
552	575
552	580
552	587
552	588
552	589
552	591
552	593
552	594
552	608
552	616
552	630
553	566
553	568
553	570
553	571
553	581
553	585
553	593
553	594
553	596
554	569
554	575
554	578
554	590
554	591
554	596
555	557
555	558
555	562
555	570
555	573
555	574
555	583
555	584
555	585
555	588
555	592
555	596
555	913
555	918
556	567
556	568
556	581
556	585
556	588
556	589
556	593
556	614
557	560
557	569
557	573
557	575
557	577
557	583
557	593
558	560
558	567
558	570
558	580
558	582
558	586
558	587
558	588
558	589
558	595
558	767
558	783
559	572
559	582
559	589
559	591
559	597
559	879
560	561
560	568
560	571
560	584
560	587
560	589
560	593
560	597
560	598
561	577
561	584
561	587
561	593
561	599
562	570
562	571
562	575
562	577
562	581
562	586
562	587
562	589
562	592
563	570
563	581
563	584
563	596
564	572
564	574
564	579
564	659
565	566
565	571
565	576
565	594
565	595
566	574
566	583
566	584
566	585
566	586
566	596
566	808
567	567
567	568
567	569
567	573
567	574
567	576
567	578
567	593
567	598
568	575
568	579
568	683
568	941
569	589
569	592
569	593
569	597
570	571
570	579
570	588
570	596
570	598
570	995
571	575
571	579
571	583
571	595
571	596
571	722
572	575
572	592
572	599
572	718
573	584
573	591
573	684
574	586
574	588
574	589
574	593
574	865
575	586
575	595
576	578
576	580
576	581
576	596
577	581
577	582
577	584
577	586
577	588
578	579
578	580
578	583
578	587
578	592
578	614
579	593
579	925
580	585
580	586
580	590
580	598
580	599
581	594
581	598
582	583
583	587
583	595
583	615
584	585
584	595
584	831
585	590
585	598
585	979
586	592
586	593
586	596
586	598
587	588
587	592
587	597
588	596
588	672
588	699
588	849
589	591
589	595
589	596
589	643
589	652
590	594
590	701
590	915
592	593
592	594
592	673
592	879
593	595
593	658
593	986
594	596
594	597
595	664
595	819
596	598
596	599
596	680
599	875
600	600
600	603
600	609
600	615
600	616
600	621
600	622
600	633
600	644
600	645
600	651
600	655
600	659
600	666
600	668
600	675
600	689
600	690
600	692
600	693
600	969
601	602
601	610
601	613
601	621
601	622
601	636
601	637
601	638
601	646
601	647
601	650
601	653
601	654
601	658
601	660
601	665
601	668
601	671
601	675
601	676
601	678
601	687
601	695
601	697
601	719
602	608
602	613
602	614
602	622
602	624
602	627
602	628
602	630
602	635
602	637
602	638
602	639
602	642
602	644
602	666
602	675
602	677
602	679
602	689
602	697
602	833
603	603
603	605
603	621
603	625
603	628
603	636
603	638
603	640
603	659
603	660
603	663
603	672
603	677
603	678
603	682
603	688
603	694
603	696
603	766
604	619
604	621
604	622
604	627
604	629
604	630
604	633
604	634
604	639
604	642
604	643
604	652
604	656
604	674
604	684
604	686
604	691
604	698
604	699
605	616
605	618
605	619
605	624
605	635
605	636
605	643
605	646
605	655
605	658
605	672
605	675
605	681
605	683
606	608
606	615
606	623
606	635
606	636
606	643
606	646
606	647
606	649
606	656
606	658
606	661
606	665
606	686
606	695
607	607
607	610
607	611
607	616
607	645
607	648
607	658
607	659
607	664
607	677
607	684
607	698
607	738
608	627
608	635
608	641
608	647
608	653
608	655
608	665
608	671
608	672
608	674
608	675
608	677
608	684
608	813
609	611
609	636
609	640
609	643
609	656
609	660
609	661
609	677
609	679
609	680
609	685
609	691
610	620
610	627
610	636
610	638
610	642
610	643
610	654
610	658
610	668
610	672
610	677
610	685
610	689
610	696
610	865
611	619
611	624
611	633
611	654
611	661
611	666
611	671
611	678
611	684
611	688
611	691
611	696
611	697
611	873
612	612
612	619
612	623
612	625
612	638
612	640
612	641
612	642
612	650
612	679
612	680
612	681
612	683
612	688
612	690
612	691
612	693
612	975
613	614
613	619
613	627
613	631
613	634
613	639
613	649
613	662
613	663
613	668
613	685
613	697
614	616
614	628
614	643
614	649
614	654
614	655
614	657
614	660
614	662
614	663
614	665
614	685
614	688
614	689
614	695
614	770
615	615
615	617
615	620
615	621
615	633
615	636
615	637
615	648
615	654
615	662
615	663
615	670
615	672
615	673
615	674
615	676
615	682
615	691
615	693
615	694
615	696
615	697
615	698
615	699
616	622
616	630
616	631
616	636
616	637
616	638
616	644
616	646
616	648
616	650
616	652
616	655
616	657
616	664
616	665
616	670
616	673
616	674
616	676
616	678
616	685
616	694
616	695
616	698
617	617
617	622
617	623
617	626
617	627
617	632
617	642
617	645
617	648
617	652
617	665
617	673
617	679
617	680
617	691
617	695
617	730
618	629
618	634
618	641
618	644
618	648
618	650
618	653
618	655
618	658
618	689
618	696
618	861
619	623
619	633
619	653
619	655
619	667
619	668
619	675
619	678
619	686
619	693
619	697
619	882
619	933
620	624
620	625
620	631
620	646
620	650
620	651
620	653
620	655
620	657
620	673
620	687
620	693
620	694
621	633
621	636
621	641
621	643
621	645
621	659
621	661
621	669
621	691
621	695
621	933
621	942
622	623
622	626
622	627
622	630
622	633
622	644
622	645
622	648
622	649
622	651
622	652
622	655
622	656
622	676
622	677
622	684
622	688
622	695
622	699
622	735
622	829
623	624
623	626
623	644
623	648
623	654
623	674
623	679
623	682
624	626
624	629
624	631
624	636
624	639
624	654
624	661
624	672
624	677
624	685
624	686
624	687
624	699
625	627
625	628
625	633
625	659
625	667
625	679
625	683
625	689
625	691
625	698
625	867
626	631
626	639
626	644
626	645
626	646
626	656
626	658
626	662
626	663
626	669
626	677
626	699
626	754
627	635
627	636
627	646
627	650
627	661
627	666
627	679
627	683
627	685
627	690
627	696
627	699
627	973
628	639
628	642
628	652
628	653
628	654
628	655
628	667
628	671
628	688
629	633
629	635
629	645
629	654
629	655
629	660
629	666
629	678
629	679
629	720
630	632
630	633
630	635
630	638
630	642
630	661
630	666
630	676
630	682
630	690
630	697
631	631
631	634
631	641
631	642
631	652
631	655
631	658
631	664
631	684
631	686
631	690
631	699
631	745
631	891
631	913
632	642
632	648
632	653
632	661
632	671
632	678
632	679
632	680
632	686
632	689
632	697
632	699
632	896
633	638
633	641
633	643
633	649
633	651
633	654
633	657
633	658
633	660
633	661
633	667
633	668
633	691
633	693
633	696
634	636
634	639
634	645
634	656
634	664
634	666
634	673
634	677
634	683
634	685
634	690
634	763
635	638
635	639
635	640
635	656
635	661
635	672
635	676
635	686
635	687
635	688
635	698
635	853
636	638
636	640
636	645
636	647
636	649
636	652
636	656
636	659
636	677
636	679
636	680
636	685
636	689
636	695
636	697
636	699
636	763
637	641
637	643
637	645
637	650
637	661
637	676
637	695
638	639
638	649
638	652
638	670
638	685
638	687
639	644
639	648
639	659
639	670
639	687
639	692
640	640
640	648
640	649
640	650
640	661
640	685
640	688
641	643
641	662
641	671
641	682
641	688
641	787
642	642
642	646
642	660
642	675
642	676
642	679
642	684
642	692
642	693
642	695
643	645
643	647
643	650
643	658
643	671
643	676
643	677
643	682
643	690
643	694
643	695
644	644
644	654
644	655
644	656
644	670
644	681
644	687
644	693
644	699
645	652
645	669
645	681
645	696
645	697
646	651
646	652
646	656
646	685
646	695
646	697
646	878
647	648
647	650
647	652
647	655
647	673
647	678
647	679
647	684
647	685
647	690
647	788
647	799
648	653
648	666
648	682
648	684
648	696
648	699
649	662
649	673
649	676
649	683
649	685
649	690
649	692
649	696
649	841
650	662
650	669
650	680
650	687
650	697
651	652
651	654
651	660
651	664
651	668
651	674
651	682
651	685
652	663
652	664
652	668
652	669
652	689
652	695
652	697
652	881
652	944
652	980
653	661
653	664
653	668
653	676
653	677
653	682
653	684
653	686
653	688
653	690
653	694
653	695
653	708
654	659
654	668
654	673
654	679
654	680
654	683
654	684
654	686
654	697
654	740
655	656
655	662
655	664
655	669
655	670
655	675
655	689
655	807
656	658
656	660
656	664
656	666
656	669
656	675
656	678
656	679
656	688
656	696
656	924
657	675
657	679
657	693
658	660
658	661
658	664
658	669
658	680
658	684
658	690
658	694
658	695
659	666
659	672
659	680
659	682
659	695
659	699
659	926
660	666
660	667
660	693
661	661
661	664
661	670
661	677
661	679
661	685
661	688
661	690
661	691
661	699
662	663
662	665
662	675
662	679
662	682
662	686
662	688
663	665
663	672
663	673
663	674
663	676
663	679
663	682
663	690
663	691
663	695
664	671
664	677
664	678
664	681
664	688
664	690
664	904
665	667
665	671
665	675
665	678
665	686
665	691
665	694
665	697
665	699
666	668
666	669
666	671
666	672
666	677
666	679
666	690
666	696
667	667
667	669
667	670
667	671
667	673
667	678
667	681
667	682
667	689
667	918
668	674
668	677
668	691
669	674
669	695
669	696
669	697
669	699
670	683
671	672
671	673
671	674
671	675
671	677
671	678
671	683
671	695
671	899
672	676
672	678
672	679
672	681
672	689
672	692
673	676
673	750
674	681
674	682
674	684
674	687
674	688
674	981
675	677
675	683
675	684
675	685
675	687
675	699
676	678
676	681
676	694
677	678
677	680
677	693
677	696
677	697
677	698
677	713
678	678
678	679
678	687
678	697
678	699
678	717
678	838
679	679
679	685
679	687
679	688
679	693
679	696
679	945
680	692
680	693
680	989
681	686
681	691
681	695
681	698
681	813
682	683
682	808
682	853
683	684
683	694
683	696
684	686
684	687
684	898
684	965
685	694
685	697
685	699
686	686
686	689
686	857
687	689
687	693
687	698
687	990
688	693
688	727
688	810
688	951
690	691
690	698
690	982
691	692
691	696
691	697
693	697
694	698
696	734
696	781
697	917
698	831
699	724
700	701
700	703
700	709
700	713
700	722
700	727
700	735
700	744
700	745
700	746
700	748
700	770
700	772
700	775
700	789
701	701
701	702
701	707
701	710
701	714
701	715
701	725
701	727
701	729
701	735
701	747
701	750
701	752
701	758
701	761
701	764
701	765
701	767
701	771
701	778
701	779
701	780
701	788
701	796
701	824
702	718
702	722
702	723
702	724
702	726
702	727
702	734
702	741
702	745
702	748
702	750
702	752
702	756
702	757
702	767
702	773
702	782
702	797
703	706
703	722
703	723
703	725
703	735
703	738
703	742
703	745
703	746
703	750
703	756
703	758
703	771
703	775
703	781
703	782
703	787
703	798
704	723
704	734
704	736
704	740
704	741
704	745
704	746
704	748
704	751
704	752
704	758
704	764
704	772
704	773
704	775
704	776
704	782
704	783
704	786
704	789
704	791
705	707
705	727
705	732
705	733
705	737
705	738
705	751
705	766
705	771
705	775
705	776
705	783
705	789
706	709
706	716
706	718
706	719
706	727
706	728
706	730
706	731
706	735
706	737
706	748
706	753
706	757
706	758
706	765
706	767
706	771
706	781
706	788
706	793
707	716
707	722
707	725
707	731
707	739
707	743
707	746
707	748
707	768
707	770
707	779
707	789
707	790
707	793
707	796
707	799
708	709
708	714
708	715
708	718
708	726
708	732
708	741
708	743
708	749
708	750
708	763
708	774
708	775
708	784
709	710
709	712
709	715
709	723
709	727
709	728
709	732
709	739
709	759
709	773
709	774
709	786
709	791
710	712
710	713
710	719
710	731
710	733
710	738
710	741
710	749
710	755
710	756
710	757
710	761
710	763
710	769
710	776
710	778
711	720
711	728
711	731
711	745
711	746
711	748
711	754
711	758
711	763
711	765
711	770
711	779
711	781
711	784
711	796
711	798
711	871
712	716
712	719
712	724
712	725
712	739
712	742
712	744
712	746
712	751
712	759
712	764
712	775
712	779
712	780
713	713
713	714
713	721
713	730
713	744
713	745
713	746
713	752
713	761
713	773
713	774
713	793
714	716
714	719
714	722
714	727
714	732
714	747
714	774
714	781
714	785
714	788
714	790
714	792
714	796
715	720
715	729
715	731
715	737
715	756
715	758
715	763
715	765
715	767
715	773
715	775
715	791
715	794
715	795
715	799
715	972
716	717
716	748
716	749
716	751
716	765
716	767
716	773
716	775
716	776
716	780
716	781
716	794
716	795
717	723
717	724
717	728
717	730
717	731
717	732
717	733
717	746
717	756
717	771
717	773
717	781
717	785
717	787
717	791
717	796
717	798
717	876
718	722
718	725
718	730
718	731
718	734
718	735
718	745
718	757
718	760
718	766
718	768
718	769
718	773
718	794
718	796
718	943
719	734
719	755
719	756
719	758
719	775
719	779
719	786
719	787
719	811
720	748
720	761
720	768
720	771
720	774
720	775
720	789
720	858
721	742
721	745
721	749
721	750
721	773
721	775
721	788
721	796
721	799
722	732
722	736
722	752
722	756
722	757
722	760
722	764
722	775
722	781
722	786
722	787
722	799
722	815
722	870
723	736
723	739
723	743
723	749
723	751
723	757
723	772
723	774
723	777
723	790
724	726
724	732
724	737
724	751
724	758
724	760
724	761
724	762
724	764
724	772
724	773
724	784
724	791
724	797
725	729
725	733
725	735
725	737
725	757
725	759
725	760
725	762
725	766
725	775
725	790
725	794
725	799
725	862
725	913
725	922
726	727
726	734
726	736
726	743
726	744
726	751
726	777
726	779
726	781
726	791
726	792
726	794
726	798
726	814
727	740
727	741
727	757
727	764
727	775
727	776
727	780
727	781
727	785
727	788
727	791
727	797
727	798
727	799
728	730
728	738
728	740
728	743
728	749
728	753
728	758
728	769
728	775
728	781
728	788
728	797
728	953
729	734
729	738
729	741
729	746
729	748
729	757
729	772
729	778
729	797
729	798
730	753
730	756
730	757
730	759
730	763
730	769
730	773
730	778
730	790
730	791
730	792
730	794
731	736
731	738
731	739
731	746
731	758
731	766
731	773
731	774
731	780
731	783
731	787
732	734
732	736
732	738
732	739
732	745
732	748
732	760
732	767
732	771
732	776
732	791
732	794
732	797
733	742
733	743
733	744
733	752
733	753
733	762
733	766
733	770
733	772
733	774
733	775
733	777
733	778
733	787
733	797
734	737
734	754
734	759
734	761
734	777
734	779
734	781
734	786
734	787
734	788
734	797
734	867
735	736
735	745
735	755
735	770
735	773
735	779
735	784
735	786
735	789
735	790
736	739
736	742
736	743
736	744
736	755
736	778
736	794
736	798
736	799
736	855
736	983
737	741
737	763
737	768
737	781
737	782
737	792
738	750
738	752
738	759
738	765
738	775
738	777
738	778
738	797
738	843
738	928
738	979
739	748
739	754
739	758
739	769
739	775
739	778
739	781
739	787
739	790
739	791
739	793
740	742
740	765
740	769
740	770
740	774
740	776
740	788
740	794
741	771
741	778
741	779
742	752
742	754
742	765
742	782
742	790
743	744
743	751
743	752
743	759
743	774
743	792
743	794
744	762
744	769
744	778
744	781
744	794
744	799
745	747
745	771
745	779
745	794
745	796
745	799
746	747
746	751
746	762
746	765
746	769
746	771
746	772
746	774
746	782
746	963
747	748
747	773
747	774
747	776
747	778
747	795
747	797
748	761
748	765
748	768
748	779
748	781
748	784
748	789
748	791
748	797
748	798
749	755
749	759
749	765
749	768
749	769
749	770
749	771
749	778
749	780
749	786
750	756
750	760
750	764
750	768
750	770
750	782
750	785
750	790
751	761
751	762
751	770
751	771
751	774
751	776
751	792
751	795
751	799
752	763
752	766
752	769
752	777
752	785
752	797
752	994
753	758
753	765
753	780
753	790
753	795
753	799
754	755
754	756
754	761
754	763
754	764
754	768
754	782
754	784
754	788
754	791
754	796
754	799
755	756
755	757
755	758
755	769
755	772
755	773
755	776
755	777
755	780
755	793
755	799
756	756
756	759
756	767
756	769
756	771
756	776
756	778
756	782
756	793
757	765
757	769
757	779
757	781
757	790
757	794
757	798
757	988
758	765
758	771
758	780
758	789
758	790
758	797
758	799
759	765
759	775
759	785
759	790
759	791
759	792
759	793
759	797
760	767
760	768
760	770
760	781
760	785
760	790
760	797
760	798
761	769
761	770
761	785
761	793
761	795
762	764
762	770
762	781
762	783
763	767
763	771
763	774
763	781
763	799
764	771
764	778
764	783
764	786
764	793
764	796
765	766
765	767
765	768
765	774
765	786
765	791
765	793
765	799
766	767
766	770
766	790
766	794
766	842
767	768
767	770
767	781
767	789
767	792
767	796
768	772
768	776
768	795
768	867
769	777
769	781
769	786
769	787
769	794
769	955
770	777
770	786
770	789
770	793
770	796
771	774
771	781
771	789
771	793
771	795
771	797
771	799
772	784
772	789
772	793
772	846
772	855
773	781
773	783
773	785
773	793
773	796
773	797
773	961
773	984
774	775
774	782
774	786
774	787
774	790
775	776
775	778
775	784
775	790
775	794
775	799
775	862
776	790
777	778
777	783
777	789
777	790
777	910
778	788
778	792
778	795
779	781
779	783
779	792
779	795
779	797
779	798
779	894
779	995
780	784
781	781
781	785
781	786
781	796
781	798
782	786
782	799
783	787
783	788
783	793
783	795
783	799
784	795
784	796
785	785
785	788
785	790
785	797
785	799
786	791
786	966
787	797
788	795
788	797
789	792
789	796
790	791
790	792
790	794
790	797
790	820
790	844
791	792
791	798
791	845
792	798
793	793
793	794
794	929
795	796
795	845
798	869
798	910
798	912
798	969
800	805
800	810
800	813
800	822
800	825
800	830
800	831
800	838
800	841
800	847
800	850
800	851
800	852
800	860
800	864
800	867
800	879
800	889
800	890
800	899
801	827
801	832
801	833
801	839
801	842
801	847
801	851
801	853
801	855
801	856
801	866
801	867
801	869
801	872
801	875
801	883
801	886
801	953
802	810
802	812
802	814
802	815
802	820
802	849
802	852
802	856
802	857
802	858
802	867
802	871
802	883
802	890
803	805
803	818
803	819
803	820
803	821
803	822
803	833
803	843
803	858
803	863
803	866
803	871
803	882
803	887
803	889
803	891
803	893
804	816
804	824
804	829
804	834
804	838
804	844
804	851
804	864
804	880
804	881
804	882
804	892
804	893
805	808
805	809
805	819
805	826
805	836
805	837
805	849
805	851
805	852
805	861
805	869
805	870
805	872
805	875
805	899
805	902
806	816
806	820
806	821
806	822
806	836
806	839
806	851
806	853
806	859
806	862
806	864
806	872
806	873
806	881
806	888
806	898
807	822
807	835
807	840
807	858
807	864
807	865
807	871
807	880
807	887
807	896
808	814
808	823
808	826
808	827
808	830
808	838
808	839
808	840
808	852
808	857
808	865
808	878
808	885
808	895
808	898
809	829
809	837
809	842
809	844
809	868
809	872
809	876
809	889
809	892
809	896
810	812
810	819
810	829
810	832
810	836
810	841
810	842
810	843
810	853
810	865
810	873
810	881
810	883
810	884
810	890
810	891
810	893
811	812
811	817
811	821
811	831
811	836
811	845
811	852
811	859
811	865
811	874
811	882
811	897
812	821
812	822
812	838
812	842
812	849
812	850
812	856
812	859
812	864
812	872
812	874
812	882
812	886
812	887
812	897
812	898
813	816
813	817
813	824
813	825
813	826
813	827
813	840
813	842
813	851
813	861
813	862
813	863
813	864
813	870
813	873
813	874
813	877
813	884
814	815
814	826
814	836
814	859
814	861
814	871
814	883
814	885
814	899
815	816
815	831
815	832
815	833
815	842
815	864
815	865
815	876
815	878
815	885
815	898
816	820
816	822
816	826
816	827
816	833
816	838
816	844
816	848
816	855
816	858
816	859
816	869
816	874
816	884
816	892
817	821
817	828
817	829
817	845
817	850
817	859
817	869
817	876
817	877
817	892
818	820
818	821
818	822
818	831
818	838
818	839
818	845
818	883
818	897
819	823
819	830
819	832
819	836
819	837
819	838
819	845
819	847
819	850
819	862
819	865
819	866
819	875
819	876
819	889
819	892
819	898
820	823
820	828
820	835
820	837
820	843
820	845
820	850
820	851
820	860
820	874
820	877
820	889
820	890
820	891
820	996
821	822
821	825
821	833
821	835
821	848
821	858
821	860
821	869
821	870
821	878
821	881
821	885
821	896
822	829
822	832
822	861
822	865
822	872
822	874
822	881
822	884
822	887
822	894
822	898
823	825
823	833
823	838
823	843
823	855
823	861
823	862
823	887
823	890
823	899
824	831
824	844
824	854
824	856
824	868
824	871
824	884
824	894
824	897
825	843
825	845
825	854
825	857
825	858
825	860
825	861
825	880
825	882
825	883
825	887
825	892
825	894
826	831
826	834
826	846
826	847
826	855
826	860
826	863
826	864
826	865
826	868
826	873
826	876
826	877
826	883
826	887
826	894
826	929
826	963
827	836
827	838
827	849
827	854
827	855
827	863
827	864
827	872
827	877
827	882
827	886
827	897
827	898
828	829
828	833
828	846
828	859
828	860
828	869
828	873
828	878
828	885
828	887
828	895
828	898
829	834
829	835
829	843
829	848
829	849
829	864
829	875
829	876
829	892
829	896
830	834
830	836
830	855
830	866
830	869
830	876
830	877
830	881
830	897
830	899
831	833
831	840
831	842
831	850
831	857
831	863
831	865
831	872
831	878
831	879
831	880
831	881
831	884
831	885
831	886
831	889
831	934
831	941
832	833
832	834
832	850
832	851
832	852
832	857
832	861
832	862
832	865
832	897
833	848
833	853
833	854
833	855
833	863
833	867
833	871
833	883
833	885
833	889
833	894
833	896
833	897
833	898
834	848
834	853
834	858
834	862
834	863
834	864
834	865
834	868
834	876
834	881
834	882
834	886
834	889
834	891
834	892
835	843
835	850
835	852
835	855
835	880
835	891
836	837
836	847
836	864
836	890
836	894
836	895
837	839
837	845
837	847
837	854
837	863
837	869
837	870
837	884
837	886
837	887
837	895
837	898
837	899
838	840
838	843
838	849
838	853
838	854
838	862
838	866
838	869
838	887
838	889
838	896
839	841
839	845
839	846
839	859
839	860
839	869
839	882
839	885
839	887
839	893
840	865
840	866
840	878
840	882
840	895
840	897
840	899
841	851
841	853
841	855
841	864
841	867
841	872
841	876
842	842
842	846
842	849
842	858
842	862
842	872
842	873
842	874
842	881
843	843
843	845
843	850
843	867
843	876
843	888
843	891
843	892
844	845
844	849
844	851
844	857
844	873
844	885
844	897
844	991
845	852
845	856
845	879
845	932
845	941
846	851
846	856
846	862
846	866
846	867
846	875
846	884
846	888
846	890
846	944
847	852
847	865
847	869
847	875
847	896
848	863
848	869
848	870
848	892
848	895
848	896
849	853
849	856
849	862
849	871
849	896
849	899
850	862
850	875
850	879
850	882
850	885
850	893
850	897
850	898
851	860
851	881
851	899
852	854
852	872
852	876
852	884
852	891
852	898
853	853
853	860
853	866
853	867
853	876
853	877
853	887
854	855
854	863
854	868
854	872
854	889
854	892
854	899
855	877
855	879
855	880
855	891
855	914
856	857
856	858
856	862
856	872
856	873
856	875
856	887
856	889
856	893
857	868
857	869
857	881
857	893
857	899
858	861
858	862
858	872
858	878
858	884
858	887
858	892
859	860
859	869
859	874
859	878
859	879
859	883
859	884
859	886
859	888
859	892
859	894
859	899
860	860
860	898
861	867
861	871
861	883
862	863
862	869
862	874
862	875
862	877
862	878
862	882
862	887
862	888
862	890
863	872
863	877
863	882
863	887
863	889
863	898
863	899
864	864
864	871
864	877
864	878
864	881
864	889
864	891
865	871
865	872
865	883
865	884
865	892
865	899
866	873
866	878
866	881
866	882
866	884
866	885
866	887
866	891
866	892
866	899
867	876
867	879
867	886
867	889
867	890
867	891
868	877
868	882
868	887
868	890
868	892
868	899
869	875
869	876
869	878
869	882
869	892
869	893
870	871
870	876
870	882
870	890
871	873
871	875
871	887
871	894
871	898
872	877
872	879
873	882
873	884
873	890
873	892
873	893
873	899
874	876
874	878
874	885
874	888
874	889
875	891
875	899
876	877
876	878
876	879
876	880
876	887
876	889
876	896
877	879
877	880
877	884
877	890
878	885
878	897
878	899
879	881
879	883
879	887
879	889
879	946
880	881
880	883
880	885
880	886
880	888
880	892
880	893
880	894
880	899
881	887
881	888
881	890
882	888
882	898
883	886
883	891
883	897
883	898
883	911
884	886
884	887
884	894
884	895
884	897
884	899
885	886
885	891
885	893
886	894
886	895
886	899
887	897
888	890
888	895
888	897
889	894
889	921
890	897
890	899
892	910
893	894
893	897
893	899
894	899
895	896
895	898
896	937
897	899
900	904
900	906
900	915
900	918
900	919
900	927
900	930
900	938
900	942
900	949
900	950
900	952
900	956
900	957
900	960
900	963
900	965
900	968
900	973
900	983
900	987
900	990
900	995
900	998
901	925
901	927
901	930
901	934
901	938
901	939
901	946
901	948
901	955
901	959
901	964
901	971
901	976
901	977
901	978
901	986
901	990
901	994
902	908
902	927
902	935
902	936
902	942
902	944
902	954
902	969
902	980
902	982
903	908
903	913
903	915
903	918
903	921
903	929
903	932
903	942
903	947
903	948
903	950
903	953
903	961
903	976
903	984
903	989
903	994
904	906
904	921
904	922
904	930
904	935
904	950
904	955
904	956
904	959
904	966
904	967
904	976
904	985
904	995
904	998
905	908
905	916
905	924
905	932
905	950
905	974
905	977
905	986
905	987
905	994
906	908
906	921
906	923
906	938
906	971
906	973
906	982
906	987
906	993
906	998
907	926
907	942
907	943
907	947
907	968
907	969
907	970
907	974
907	975
907	981
907	985
907	987
907	993
907	999
908	911
908	914
908	919
908	925
908	935
908	937
908	949
908	958
908	965
908	975
908	980
908	983
908	986
908	988
908	989
908	991
908	992
908	994
908	997
909	909
909	920
909	930
909	931
909	945
909	956
909	961
909	973
909	988
909	990
909	993
909	994
909	995
910	925
910	928
910	936
910	942
910	947
910	948
910	949
910	959
910	974
910	989
910	994
910	996
910	997
910	998
911	913
911	924
911	928
911	936
911	949
911	952
911	953
911	971
911	973
911	975
911	990
912	913
912	918
912	919
912	926
912	935
912	938
912	945
912	952
912	957
912	960
912	972
912	975
912	976
912	977
912	981
912	986
912	991
912	999
913	934
913	947
913	949
913	966
913	976
913	977
913	982
913	999
914	916
914	925
914	929
914	931
914	940
914	947
914	949
914	954
914	955
914	997
914	999
915	925
915	928
915	934
915	992
915	994
915	996
916	917
916	938
916	941
916	942
916	945
916	950
916	968
916	969
916	974
916	976
916	978
916	984
916	987
916	994
917	923
917	925
917	929
917	935
917	938
917	954
917	957
917	966
917	974
917	977
917	981
917	982
917	983
917	993
917	994
917	995
917	996
918	948
918	954
918	980
918	981
918	985
918	991
918	998
919	920
919	924
919	926
919	929
919	932
919	936
919	943
919	944
919	952
919	960
919	961
919	964
919	968
919	971
919	982
919	987
919	998
919	999
920	926
920	931
920	932
920	933
920	956
920	958
920	964
920	966
920	970
920	974
920	977
920	979
920	986
920	989
920	997
921	927
921	935
921	945
921	947
921	951
921	955
921	974
921	981
921	990
921	991
921	998
922	926
922	939
922	944
922	952
922	954
922	955
922	965
922	970
922	973
922	978
922	980
922	982
922	988
922	989
922	994
923	924
923	930
923	940
923	949
923	950
923	958
923	966
923	981
923	984
923	987
923	993
923	994
924	929
924	931
924	937
924	944
924	946
924	952
924	961
924	975
924	988
924	990
924	991
924	994
924	997
925	925
925	928
925	933
925	934
925	947
925	962
925	970
925	971
925	976
925	978
925	995
925	997
926	936
926	939
926	940
926	943
926	957
926	960
926	963
926	966
926	967
926	982
926	983
926	985
926	992
927	930
927	933
927	934
927	938
927	942
927	949
927	953
927	961
927	964
927	968
927	980
927	982
928	929
928	932
928	937
928	939
928	946
928	952
928	956
928	965
928	973
928	975
928	979
928	982
928	985
928	986
929	935
929	937
929	940
929	953
929	955
929	958
929	962
929	964
929	969
929	976
929	979
929	984
929	989
929	998
930	939
930	951
930	952
930	958
930	963
930	965
930	968
930	977
930	979
930	986
930	997
931	941
931	943
931	949
931	950
931	963
931	964
931	966
931	972
931	992
931	998
932	936
932	939
932	940
932	941
932	943
932	969
932	970
932	976
932	978
932	980
932	991
932	996
932	997
933	937
933	945
933	946
933	950
933	956
933	962
933	968
933	974
933	976
933	999
934	944
934	946
934	949
934	950
934	955
934	963
934	971
934	978
934	999
935	942
935	960
935	981
935	985
935	990
935	991
935	998
936	942
936	952
936	956
936	961
936	963
936	970
936	973
936	975
936	977
936	986
937	944
937	962
937	967
937	969
937	978
937	985
937	987
937	988
937	991
937	996
938	955
938	960
938	965
938	966
938	972
938	976
938	977
938	981
938	992
938	994
939	949
939	951
939	956
939	964
939	969
939	970
939	989
939	990
939	991
940	942
940	943
940	944
940	947
940	954
940	955
940	959
940	968
940	970
940	977
940	979
940	987
940	989
940	997
940	998
941	946
941	949
941	953
941	956
941	959
941	962
941	970
941	976
941	977
941	990
942	952
942	953
942	955
942	967
942	969
942	979
942	980
942	996
943	945
943	966
943	978
943	988
943	997
944	948
944	952
944	970
944	974
944	981
944	982
944	992
945	954
945	961
945	966
945	971
945	973
945	974
945	979
945	980
945	984
945	987
945	988
946	946
946	947
946	956
946	957
946	964
946	976
946	985
946	991
946	999
947	948
947	952
947	957
947	961
947	966
947	978
947	979
947	981
947	992
948	948
948	955
948	961
948	965
948	999
949	957
949	958
949	959
949	964
949	969
949	982
950	973
950	976
950	982
950	994
951	956
951	964
951	966
951	975
951	976
951	979
951	983
951	984
952	957
952	959
952	967
952	970
952	977
952	980
952	989
952	993
952	999
953	954
953	957
953	959
953	963
953	966
953	968
953	969
953	991
953	993
954	964
954	965
954	966
954	967
954	968
954	979
954	986
954	987
954	996
955	958
955	981
955	982
955	996
955	997
956	958
956	971
956	973
956	976
956	977
956	982
956	984
956	989
957	961
957	962
957	963
957	971
957	972
957	974
957	977
957	983
957	987
958	966
958	975
958	989
958	993
958	997
959	969
959	971
959	987
959	989
959	991
960	965
960	966
960	968
960	970
960	975
960	977
960	984
961	966
961	967
961	969
961	974
961	976
961	993
961	994
961	997
962	964
962	970
962	975
962	979
962	981
962	983
962	987
962	993
962	998
963	966
963	975
963	979
963	985
963	988
964	967
964	977
964	994
964	997
964	998
965	978
965	981
965	985
965	989
965	993
966	967
966	968
966	975
966	978
966	981
966	995
967	974
967	982
967	983
967	985
967	988
967	992
967	995
967	996
968	969
968	973
968	985
968	986
968	987
968	996
968	997
969	972
969	976
969	977
969	982
969	989
969	995
969	997
969	998
970	975
970	976
970	982
970	983
970	989
970	993
971	971
971	975
971	991
971	993
971	998
972	973
972	983
972	990
972	994
973	977
973	985
973	986
973	987
973	991
973	995
973	999
974	976
974	980
974	984
974	986
974	992
974	993
974	994
974	996
974	997
974	998
974	999
975	977
975	990
975	994
976	977
976	997
976	999
978	985
978	989
978	996
979	983
979	988
979	999
980	983
980	989
980	991
980	995
980	999
981	981
981	986
982	983
982	988
983	996
983	999
984	988
984	989
984	994
986	992
987	997
988	991
989	992
990	994
992	995
992	998
993	996
994	997
996	996
996	997
998	999
