0	0
0	4
0	26
0	29
0	38
0	39
0	40
0	43
0	52
0	63
0	83
0	88
0	135
0	195
0	324
0	365
0	925
1	2
1	9
1	16
1	31
1	37
1	47
1	55
1	59
1	62
1	64
1	72
1	74
1	82
1	96
1	385
1	697
1	891
2	14
2	34
2	46
2	53
2	56
2	84
2	90
2	721
2	732
2	940
3	13
3	16
3	27
3	36
3	38
3	46
3	58
3	60
3	62
3	64
3	70
3	232
3	774
3	807
3	905
4	11
4	14
4	15
4	18
4	26
4	27
4	33
4	49
4	53
4	58
4	69
4	75
4	83
4	90
4	189
4	290
4	806
4	975
5	6
5	7
5	15
5	35
5	48
5	55
5	70
5	71
5	75
5	84
5	87
5	88
5	559
5	638
5	969
6	10
6	17
6	24
6	26
6	31
6	34
6	36
6	38
6	46
6	50
6	67
6	81
6	90
6	96
6	99
6	344
6	395
6	963
6	986
7	11
7	14
7	17
7	23
7	30
7	32
7	40
7	41
7	44
7	51
7	61
7	72
7	81
7	82
7	96
7	238
7	322
7	471
7	526
7	855
8	17
8	41
8	55
8	56
8	57
8	67
8	68
8	72
8	75
8	76
8	84
8	92
8	96
8	97
8	246
8	410
8	580
8	721
8	951
9	9
9	14
9	27
9	28
9	30
9	60
9	73
9	81
9	82
9	84
9	96
9	203
9	222
9	280
9	476
10	37
10	43
10	45
10	59
10	61
10	70
10	95
10	97
11	12
11	13
11	18
11	22
11	33
11	43
11	53
11	61
11	67
11	74
11	75
11	86
11	99
11	171
11	497
11	651
11	866
11	934
12	13
12	18
12	23
12	31
12	37
12	44
12	62
12	72
12	84
12	85
12	205
12	219
12	230
12	349
12	552
12	591
12	876
13	32
13	35
13	36
13	51
13	68
13	84
13	88
13	93
13	94
13	213
13	298
14	20
14	23
14	25
14	36
14	38
14	44
14	48
14	51
14	55
14	62
14	66
14	70
14	72
14	75
14	77
14	84
14	451
15	17
15	20
15	33
15	35
15	43
15	44
15	46
15	48
15	54
15	59
15	66
15	227
16	17
16	22
16	23
16	24
16	42
16	48
16	52
16	53
16	62
16	65
16	69
16	70
16	78
16	84
16	93
16	352
16	721
16	722
16	872
17	19
17	30
17	34
17	42
17	84
17	92
17	93
17	99
17	194
17	302
17	303
17	602
17	755
17	762
18	25
18	28
18	32
18	35
18	48
18	49
18	52
18	67
18	70
18	79
18	90
18	200
18	266
18	278
18	476
18	741
19	22
19	34
19	40
19	55
19	74
19	89
19	93
19	416
19	671
20	28
20	35
20	57
20	72
20	73
20	74
20	77
20	84
20	85
20	96
20	98
20	99
20	386
20	573
20	764
20	799
21	33
21	40
21	49
21	50
21	51
21	62
21	63
21	73
21	79
21	81
21	85
21	96
21	424
21	931
22	23
22	26
22	27
22	44
22	52
22	73
22	87
22	88
22	89
22	95
22	96
22	156
22	273
22	315
22	704
22	730
22	904
23	23
23	41
23	42
23	44
23	47
23	50
23	71
23	79
23	80
23	82
23	93
23	107
23	123
23	236
23	861
23	963
24	31
24	40
24	41
24	42
24	45
24	46
24	47
24	55
24	68
24	77
24	95
24	98
24	273
24	544
24	716
24	917
25	43
25	46
25	50
25	54
25	64
25	75
25	76
25	82
25	97
25	253
26	27
26	32
26	33
26	34
26	39
26	49
26	55
26	60
26	63
26	66
26	76
26	85
26	86
26	764
26	824
27	39
27	41
27	50
27	62
27	63
27	67
27	72
27	75
27	78
27	85
27	196
27	468
27	651
28	32
28	34
28	40
28	41
28	42
28	48
28	64
28	72
28	78
28	85
28	93
28	98
28	153
28	196
28	749
28	774
28	936
28	958
29	32
29	34
29	36
29	39
29	58
29	63
29	99
29	712
29	970
30	32
30	33
30	38
30	50
30	53
30	61
30	67
30	74
30	75
30	83
30	92
30	98
30	359
30	559
30	783
31	39
31	44
31	50
31	54
31	55
31	56
31	58
31	76
31	78
31	81
31	85
31	105
31	417
31	901
32	48
32	56
32	81
32	85
32	402
33	46
33	49
33	59
33	63
33	68
33	83
33	85
33	86
33	88
33	99
33	460
33	482
33	985
34	40
34	55
34	79
34	82
34	83
34	164
34	220
34	472
34	607
34	925
35	36
35	57
35	60
35	83
35	95
35	97
35	99
35	185
35	403
35	634
35	834
36	67
36	73
36	76
36	79
36	84
36	88
36	90
36	98
36	604
37	46
37	52
37	71
37	75
37	93
37	98
37	758
37	851
37	947
37	988
38	48
38	50
38	54
38	58
38	60
38	70
38	76
38	80
38	85
38	92
38	97
38	772
39	50
39	55
39	59
39	67
39	70
39	82
39	89
39	93
39	204
39	660
40	41
40	42
40	54
40	59
40	68
40	77
40	81
40	82
40	83
40	87
40	92
40	254
40	342
40	579
40	581
41	51
41	60
41	64
41	80
41	90
41	91
41	172
41	391
41	631
41	712
42	46
42	48
42	52
42	53
42	59
42	61
42	62
42	67
42	72
42	76
42	89
42	93
42	99
42	184
42	486
42	541
42	629
42	774
43	46
43	65
43	68
43	78
43	88
43	90
43	93
43	650
44	53
44	54
44	60
44	63
44	67
44	74
44	77
44	80
44	90
44	180
44	905
45	50
45	54
45	71
45	76
45	79
45	92
45	98
45	464
45	676
45	684
46	55
46	59
46	64
46	80
46	82
46	190
46	300
46	352
46	365
46	542
46	724
47	55
47	59
47	64
47	81
47	88
47	96
47	99
47	148
47	277
47	389
47	407
47	733
48	50
48	57
48	61
48	89
48	90
48	99
48	106
48	424
48	494
48	556
48	589
48	877
48	920
49	57
49	62
49	69
49	76
49	77
49	95
49	494
49	792
50	74
50	82
50	85
50	86
50	481
50	577
50	820
51	51
51	55
51	56
51	83
51	88
51	89
51	96
51	444
51	555
51	655
51	931
52	58
52	61
52	77
52	79
52	81
52	82
52	84
52	85
52	89
52	99
52	657
53	57
53	59
53	61
53	68
53	71
53	81
53	84
53	91
53	96
53	182
53	501
53	783
54	66
54	68
54	70
54	78
54	81
54	88
54	194
54	337
54	487
55	57
55	60
55	63
55	72
55	81
55	89
55	158
55	379
55	512
55	523
56	70
56	73
56	77
56	86
56	93
56	166
56	292
56	380
56	458
56	525
57	64
57	66
57	67
57	75
57	83
57	84
57	89
57	97
57	470
57	655
58	58
58	61
58	67
58	68
58	75
58	81
58	83
58	84
58	89
58	90
58	92
58	94
58	97
58	99
58	202
58	273
58	513
58	880
58	964
59	72
59	76
59	82
59	89
59	91
59	98
59	288
59	327
59	583
59	588
59	787
60	70
60	81
60	82
60	86
60	90
60	91
60	92
60	97
60	101
60	142
60	183
60	354
60	688
61	68
61	77
61	84
61	91
61	312
61	341
61	836
61	904
61	928
62	67
62	71
62	80
62	88
62	536
62	650
62	690
62	972
63	68
63	73
63	80
63	84
63	93
63	224
63	486
63	541
63	965
64	68
64	71
64	72
64	75
64	78
64	94
64	99
64	458
64	664
64	757
64	794
65	80
65	86
65	479
65	528
65	539
66	66
66	69
66	70
66	74
66	76
66	81
66	86
66	92
66	93
66	554
66	682
67	92
67	93
67	96
67	689
67	713
68	68
68	87
68	96
68	98
68	385
68	658
68	669
68	932
69	69
69	72
69	73
69	81
69	86
69	89
69	93
69	97
69	118
69	679
69	933
70	84
70	86
70	89
70	97
70	195
70	645
70	758
70	789
70	867
71	75
71	76
71	91
71	96
71	97
71	452
71	764
71	867
72	82
72	88
72	89
72	91
72	95
72	565
72	943
73	75
73	88
73	92
73	567
73	588
73	686
74	77
74	121
74	129
74	662
75	76
75	90
75	94
75	99
75	430
75	454
75	803
75	942
76	87
76	88
76	98
76	164
76	410
76	916
77	83
77	87
77	89
77	91
77	92
77	97
77	543
77	654
78	243
78	981
79	157
80	215
80	769
80	846
80	988
81	83
81	146
81	462
81	590
81	636
81	652
81	756
81	971
82	83
82	85
82	91
82	93
82	410
82	653
82	683
82	798
83	90
83	91
83	206
83	367
83	428
83	580
83	781
84	89
84	249
84	576
84	588
85	86
85	89
85	95
85	96
85	184
85	460
85	914
85	964
86	93
86	94
86	99
86	374
86	436
87	93
87	329
87	335
88	91
88	97
88	102
88	268
88	429
88	452
88	894
89	92
89	95
89	626
89	854
90	107
90	159
90	301
90	364
90	634
91	94
91	268
91	486
91	500
91	561
92	95
92	99
92	667
93	95
94	96
94	98
94	139
94	173
94	331
94	886
94	928
95	95
95	99
95	556
95	785
95	974
96	242
96	392
96	435
96	562
96	602
96	827
97	98
97	621
97	652
98	806
98	831
99	272
99	483
99	841
100	115
100	125
100	146
100	149
100	164
100	165
100	175
100	179
100	180
100	188
100	191
100	235
100	293
101	102
101	113
101	117
101	127
101	138
101	139
101	142
101	147
101	150
101	157
101	163
101	177
101	188
101	190
101	358
102	104
102	122
102	123
102	124
102	131
102	133
102	137
102	146
102	156
102	157
102	158
102	162
102	168
102	169
102	178
102	188
102	191
102	194
102	308
102	908
103	106
103	112
103	125
103	126
103	129
103	133
103	137
103	138
103	149
103	151
103	159
103	166
103	195
103	513
103	649
103	904
103	953
103	959
104	111
104	117
104	121
104	135
104	136
104	137
104	142
104	154
104	157
104	160
104	163
104	167
104	182
104	184
104	185
104	189
104	191
104	197
104	220
104	562
104	692
104	779
105	106
105	114
105	125
105	139
105	160
105	196
105	197
105	198
105	199
105	526
105	678
105	702
105	756
105	861
106	111
106	117
106	119
106	127
106	131
106	132
106	135
106	140
106	148
106	158
106	159
106	162
106	163
106	170
106	175
106	181
106	191
106	193
106	199
106	727
106	843
107	108
107	119
107	132
107	133
107	142
107	148
107	152
107	157
107	158
107	166
107	174
107	182
107	183
107	185
107	186
107	192
107	271
107	450
107	791
107	877
108	110
108	116
108	117
108	133
108	135
108	138
108	144
108	156
108	169
108	184
108	192
108	536
108	779
108	790
108	809
108	839
108	934
109	119
109	134
109	139
109	140
109	142
109	151
109	153
109	157
109	168
109	169
109	171
109	181
109	183
109	196
110	111
110	126
110	142
110	146
110	152
110	167
110	170
110	175
110	178
110	179
110	185
110	191
110	326
110	373
110	786
111	114
111	125
111	128
111	138
111	139
111	140
111	146
111	148
111	153
111	155
111	166
111	185
111	194
111	196
111	949
112	116
112	119
112	129
112	138
112	152
112	154
112	158
112	186
112	188
112	197
112	857
113	119
113	122
113	124
113	128
113	133
113	141
113	142
113	148
113	155
113	156
113	163
113	176
113	184
113	189
113	190
113	296
113	373
113	386
113	454
113	490
114	117
114	133
114	137
114	138
114	141
114	142
114	144
114	151
114	199
114	392
114	463
114	466
114	637
114	799
115	120
115	121
115	138
115	163
115	178
115	186
115	189
115	283
115	566
115	733
116	121
116	129
116	132
116	137
116	152
116	153
116	155
116	172
116	174
116	177
116	179
116	182
116	186
116	187
116	196
116	197
116	236
116	432
116	758
117	117
117	120
117	131
117	137
117	141
117	142
117	150
117	155
117	156
117	187
117	191
117	194
117	195
117	808
117	897
117	949
118	118
118	121
118	126
118	132
118	139
118	155
118	165
118	168
118	176
118	180
118	182
118	188
118	198
118	199
118	366
118	490
118	918
119	122
119	131
119	136
119	143
119	146
119	149
119	150
119	156
119	163
119	167
119	177
119	192
119	561
119	580
119	716
119	971
120	130
120	141
120	149
120	150
120	154
120	157
120	168
120	179
120	181
120	188
120	190
120	193
120	399
120	433
120	473
120	697
120	786
120	883
121	129
121	132
121	140
121	145
121	153
121	156
121	158
121	162
121	166
121	173
121	178
121	179
121	185
121	191
121	195
121	251
121	327
121	444
121	614
121	674
122	124
122	131
122	134
122	140
122	145
122	151
122	152
122	153
122	164
122	175
122	176
122	193
122	197
122	220
122	255
122	284
122	364
122	540
122	666
123	125
123	139
123	150
123	155
123	168
123	173
123	187
123	198
123	352
123	647
124	129
124	134
124	136
124	137
124	146
124	147
124	149
124	154
124	155
124	156
124	164
124	166
124	185
124	194
124	197
124	368
124	882
125	126
125	139
125	146
125	151
125	155
125	157
125	160
125	165
125	172
125	178
125	182
125	191
125	455
125	541
125	957
126	129
126	134
126	137
126	141
126	151
126	154
126	173
126	191
126	198
126	236
126	444
126	506
126	764
127	137
127	138
127	141
127	156
127	166
127	180
127	188
127	270
127	353
127	577
127	759
127	901
127	927
127	931
128	128
128	132
128	144
128	151
128	153
128	155
128	159
128	167
128	171
128	175
128	185
128	198
128	580
128	724
128	908
128	999
129	129
129	147
129	153
129	155
129	167
129	182
129	189
129	191
129	192
129	194
129	460
129	736
129	905
129	992
130	131
130	155
130	161
130	169
130	176
130	180
130	197
130	339
130	745
130	781
130	930
131	137
131	144
131	156
131	166
131	177
131	178
131	184
131	186
131	189
131	198
132	133
132	140
132	141
132	142
132	150
132	156
132	159
132	170
132	172
132	175
132	182
132	184
132	191
132	195
132	199
132	284
132	969
132	975
133	146
133	148
133	157
133	162
133	169
133	176
133	182
133	184
133	189
133	679
134	134
134	140
134	141
134	144
134	145
134	147
134	168
134	174
134	176
134	177
134	178
134	196
134	254
134	585
135	141
135	148
135	149
135	152
135	161
135	171
135	178
135	194
135	197
135	328
135	379
135	423
135	633
135	755
136	137
136	149
136	175
136	177
136	179
136	539
136	677
137	143
137	148
137	158
137	163
137	171
137	179
137	373
137	493
137	564
137	640
137	670
137	727
137	888
138	151
138	163
138	169
138	190
138	268
139	140
139	146
139	150
139	156
139	157
139	162
139	167
139	177
139	178
139	182
139	184
139	195
140	141
140	142
140	148
140	156
140	157
140	158
140	167
140	168
140	172
140	179
140	197
140	209
140	443
140	640
141	150
141	152
141	164
141	172
141	182
141	184
141	700
141	752
141	891
142	145
142	150
142	153
142	154
142	157
142	158
142	163
142	165
142	170
142	173
142	192
142	195
142	225
142	786
143	152
143	165
143	168
143	178
143	192
143	194
143	247
143	268
143	594
143	606
143	783
144	146
144	148
144	150
144	154
144	155
144	157
144	161
144	162
144	163
144	166
144	173
144	178
144	181
144	194
144	195
144	196
144	351
144	506
144	668
144	921
144	989
145	146
145	149
145	156
145	164
145	165
145	171
145	175
145	177
145	179
145	184
145	189
145	193
145	505
145	875
146	148
146	151
146	154
146	155
146	157
146	160
146	162
146	163
146	164
146	167
146	173
146	174
146	175
146	181
146	183
146	192
146	195
146	199
146	331
146	593
146	961
147	172
147	180
147	185
147	192
147	211
147	679
147	789
148	159
148	161
148	162
148	171
148	172
148	173
148	182
148	191
148	245
148	345
148	466
148	509
148	511
148	872
149	150
149	151
149	152
149	156
149	164
149	165
149	167
149	168
149	176
149	179
149	181
149	189
149	196
149	198
149	351
149	499
149	506
149	998
150	151
150	156
150	161
150	170
150	171
150	183
150	187
150	203
150	318
150	827
150	860
151	170
151	177
151	188
151	190
151	196
151	198
151	933
152	157
152	172
152	179
152	186
152	196
152	295
152	447
153	160
153	164
153	166
153	169
153	174
153	176
153	187
153	200
153	852
154	154
154	168
154	172
154	182
154	183
154	185
154	199
154	483
154	962
155	160
155	162
155	173
155	176
155	180
155	185
155	190
155	199
156	174
156	182
156	183
156	186
156	195
156	196
156	197
157	159
157	160
157	162
157	177
157	179
157	182
157	191
157	393
157	482
157	484
157	489
157	613
158	159
158	161
158	165
158	166
158	169
158	177
158	182
158	194
158	195
158	744
158	918
159	159
159	166
159	170
159	175
159	177
159	180
159	181
159	199
159	331
159	620
159	921
160	163
160	165
160	168
160	169
160	171
160	183
160	188
160	195
160	198
160	599
161	162
161	167
161	178
161	179
161	182
161	190
161	193
161	215
161	421
161	708
161	802
161	954
162	164
162	180
162	182
162	183
162	184
162	187
162	190
162	193
162	975
163	168
163	174
163	177
163	178
163	183
163	189
163	192
163	193
163	273
163	408
163	470
163	827
164	168
164	171
164	176
164	181
164	182
164	183
164	186
164	190
164	220
164	351
164	611
164	741
164	916
165	168
165	169
165	178
165	180
165	185
165	186
165	190
165	193
165	447
165	895
165	920
165	941
166	169
166	172
166	191
166	539
166	541
166	725
166	785
166	906
167	167
167	175
167	184
167	191
167	266
167	282
167	441
167	879
168	171
168	172
168	177
168	183
168	184
168	190
168	198
168	385
168	865
169	179
169	183
169	184
169	187
169	189
169	354
169	464
169	531
169	552
169	631
169	682
169	979
170	174
170	194
170	234
170	511
170	569
170	597
171	180
171	188
171	191
171	196
171	653
171	959
172	175
172	177
172	181
172	187
172	189
172	198
172	199
172	483
172	720
172	868
173	176
173	186
173	192
173	193
173	195
173	197
173	522
173	677
173	687
173	945
174	179
174	185
174	187
174	194
174	452
174	525
174	572
174	892
175	197
175	269
175	407
175	641
175	987
176	176
176	320
176	387
176	819
176	902
177	177
177	180
177	181
177	186
177	588
177	600
177	910
177	983
178	185
178	188
178	191
178	192
178	193
178	194
178	197
178	207
178	359
178	376
178	558
178	716
178	987
179	181
179	193
179	197
179	273
179	339
179	517
179	719
180	188
180	192
180	666
180	712
180	812
181	181
181	191
181	609
181	840
182	183
182	189
182	375
182	477
182	646
183	184
183	723
184	192
184	193
184	195
184	369
184	386
184	779
184	845
184	865
185	193
185	195
185	219
185	899
186	187
186	188
186	191
186	241
187	192
187	195
187	198
187	631
187	720
187	861
187	884
188	190
188	444
188	717
188	770
189	196
189	197
189	606
189	675
189	782
190	198
190	647
190	909
190	918
191	195
191	365
191	488
191	579
191	740
191	816
192	195
192	242
192	486
192	675
193	199
193	334
193	526
193	675
194	488
194	578
194	666
195	197
195	295
195	757
195	807
195	893
196	197
196	284
196	305
196	429
196	683
196	700
196	765
196	995
197	401
197	482
197	502
197	722
198	437
198	584
198	617
198	624
198	698
198	894
199	691
200	202
200	215
200	226
200	227
200	250
200	255
200	267
200	271
200	275
200	280
200	650
200	779
200	832
201	202
201	208
201	209
201	210
201	225
201	237
201	238
201	253
201	256
201	272
201	274
201	280
201	286
201	288
201	295
201	297
201	342
201	482
201	599
202	209
202	218
202	225
202	226
202	233
202	234
202	235
202	252
202	255
202	263
202	269
202	284
202	290
202	291
202	294
202	441
202	895
202	961
203	204
203	206
203	209
203	223
203	226
203	235
203	245
203	247
203	254
203	267
203	269
203	272
203	278
203	285
203	292
203	408
203	483
203	598
203	733
204	212
204	215
204	237
204	245
204	246
204	251
204	254
204	259
204	275
204	282
204	290
204	299
204	442
204	594
204	725
204	747
204	925
205	211
205	213
205	218
205	239
205	243
205	246
205	248
205	254
205	256
205	263
205	267
205	268
205	270
205	274
205	277
205	294
205	698
205	776
206	206
206	211
206	223
206	227
206	228
206	238
206	246
206	249
206	254
206	255
206	272
206	280
206	284
206	297
206	738
207	214
207	227
207	235
207	240
207	248
207	256
207	261
207	267
207	270
207	275
207	285
207	292
207	295
207	298
207	310
207	413
207	560
207	612
207	865
208	218
208	224
208	228
208	232
208	234
208	235
208	237
208	244
208	247
208	250
208	255
208	258
208	260
208	269
208	270
208	271
208	274
208	276
208	280
208	283
208	284
208	289
208	294
208	457
208	764
209	211
209	218
209	245
209	247
209	254
209	259
209	279
209	289
209	296
209	297
209	576
209	609
209	720
210	212
210	221
210	223
210	224
210	229
210	243
210	244
210	260
210	279
210	280
210	284
210	287
210	298
210	299
210	339
210	495
210	531
210	661
210	784
210	844
210	999
211	216
211	218
211	222
211	237
211	242
211	253
211	267
211	275
211	291
211	295
211	358
211	748
211	802
211	877
211	998
212	213
212	215
212	221
212	226
212	232
212	238
212	241
212	244
212	246
212	258
212	259
212	263
212	267
212	271
212	274
212	275
212	279
212	282
212	287
212	289
212	295
212	359
212	416
212	470
212	602
212	873
213	215
213	217
213	226
213	228
213	231
213	235
213	236
213	237
213	253
213	255
213	264
213	269
213	275
213	285
213	288
213	290
213	297
213	356
213	466
213	548
213	620
213	623
213	781
213	814
213	845
214	215
214	223
214	238
214	239
214	242
214	250
214	259
214	270
214	278
214	283
214	297
214	940
215	216
215	222
215	225
215	242
215	254
215	257
215	264
215	267
215	268
215	271
215	284
215	288
215	289
215	543
216	220
216	225
216	228
216	239
216	240
216	242
216	245
216	252
216	255
216	256
216	257
216	259
216	273
216	279
216	283
216	291
216	293
216	294
217	220
217	224
217	226
217	240
217	246
217	250
217	257
217	270
217	273
217	280
217	282
217	289
217	423
217	532
217	635
218	221
218	231
218	246
218	255
218	257
218	258
218	260
218	264
218	277
218	285
218	292
218	308
218	451
218	512
218	622
218	966
219	222
219	223
219	231
219	235
219	239
219	246
219	249
219	252
219	268
219	269
219	285
219	286
219	290
219	293
219	557
220	236
220	241
220	244
220	254
220	258
220	271
220	272
220	273
220	288
220	291
221	221
221	223
221	232
221	242
221	249
221	250
221	257
221	261
221	264
221	268
221	272
221	284
221	287
221	290
221	296
221	543
221	674
222	224
222	225
222	227
222	228
222	230
222	234
222	239
222	240
222	243
222	244
222	246
222	248
222	255
222	263
222	271
222	282
222	284
222	290
222	291
222	316
222	368
222	490
222	501
223	226
223	230
223	234
223	235
223	239
223	264
223	267
223	275
223	276
223	307
223	316
224	224
224	237
224	249
224	251
224	254
224	262
224	269
224	275
224	277
224	296
224	341
224	353
224	449
224	651
225	232
225	241
225	258
225	272
225	278
225	282
225	284
225	286
225	291
225	297
225	318
225	861
225	912
226	227
226	236
226	239
226	248
226	259
226	267
226	273
226	274
226	284
226	294
226	299
226	418
226	487
226	912
227	232
227	233
227	240
227	248
227	259
227	261
227	264
227	269
227	272
227	275
227	276
227	283
227	288
227	295
227	339
227	435
227	440
228	242
228	247
228	248
228	263
228	266
228	269
228	276
228	283
228	285
228	544
228	545
228	586
229	231
229	238
229	243
229	260
229	267
229	271
229	284
229	705
229	720
229	753
229	875
229	899
230	236
230	237
230	238
230	239
230	240
230	242
230	250
230	260
230	264
230	275
230	277
230	283
230	288
230	298
230	317
230	650
231	235
231	238
231	242
231	245
231	247
231	255
231	258
231	263
231	273
231	278
231	291
231	320
231	830
231	903
232	247
232	248
232	254
232	271
232	273
232	279
232	280
232	296
232	299
232	656
232	754
233	233
233	236
233	251
233	261
233	263
233	268
233	272
233	274
233	275
233	277
233	368
233	538
233	888
234	242
234	266
234	269
234	271
234	279
234	280
234	284
234	286
234	292
234	296
235	243
235	248
235	262
235	265
235	266
235	267
235	276
235	296
235	522
235	674
236	237
236	239
236	243
236	253
236	256
236	260
236	263
236	266
236	277
236	280
236	292
236	324
236	437
236	749
236	838
237	241
237	262
237	264
237	268
237	288
237	289
237	297
237	298
237	464
237	730
237	788
237	851
237	920
238	240
238	243
238	260
238	263
238	267
238	276
238	277
238	279
238	377
238	550
238	563
238	699
238	768
239	248
239	249
239	253
239	255
239	257
239	260
239	281
239	284
239	295
239	299
239	713
239	896
240	257
240	265
240	276
240	279
240	280
240	285
240	291
240	293
240	294
240	295
240	296
240	460
241	242
241	250
241	257
241	269
241	276
241	277
241	289
241	294
241	296
241	327
241	968
242	259
242	262
242	293
242	666
243	245
243	264
243	268
243	272
243	275
244	244
244	245
244	249
244	258
244	261
244	266
244	296
244	297
244	298
244	342
244	554
244	867
245	245
245	249
245	257
245	262
245	282
245	286
245	287
245	292
245	293
245	296
246	250
246	270
246	272
246	277
246	280
246	281
246	282
246	284
246	286
246	293
246	295
246	762
247	249
247	254
247	264
247	268
247	272
247	273
247	285
247	291
247	297
247	299
247	703
247	925
248	252
248	253
248	261
248	266
248	271
248	288
248	295
248	529
248	709
249	250
249	257
249	267
249	276
249	279
249	284
249	292
249	390
249	473
249	810
249	883
250	253
250	257
250	258
250	265
250	269
250	270
250	273
250	280
250	281
250	296
250	532
250	691
251	251
251	256
251	279
251	285
251	287
251	288
251	293
251	316
251	358
251	480
251	565
252	256
252	268
252	274
252	295
252	297
252	368
252	748
252	754
252	909
253	254
253	275
253	295
253	805
254	273
254	277
254	280
254	291
254	293
255	256
255	260
255	265
255	268
255	269
255	273
255	282
255	284
255	288
255	299
255	378
255	380
255	385
255	668
255	942
256	266
256	271
256	279
256	281
256	290
256	291
256	292
256	296
256	297
256	383
256	642
257	266
257	267
257	269
257	273
257	276
257	292
257	532
257	628
257	814
258	271
258	274
258	276
258	278
258	280
258	283
258	284
258	287
258	291
258	294
258	494
258	950
259	274
259	275
259	621
259	963
259	989
260	293
260	764
261	264
261	266
261	296
261	297
261	331
261	442
261	615
262	268
262	272
262	275
262	283
262	284
262	285
262	297
262	332
262	360
262	468
262	515
262	565
262	877
262	901
263	265
263	270
263	276
263	287
263	289
263	487
263	606
263	752
263	822
264	265
264	276
264	295
265	269
265	271
265	277
265	287
265	289
265	290
265	292
265	529
265	586
265	662
265	760
265	805
265	875
266	268
266	276
266	291
266	299
266	325
266	365
266	586
266	741
266	992
267	268
267	274
267	279
267	289
267	290
267	317
267	543
267	678
268	273
268	287
268	288
268	295
268	430
268	498
268	527
268	627
269	279
269	289
269	290
269	294
269	298
269	863
269	904
269	958
270	280
270	285
270	288
270	289
270	290
270	291
270	293
270	296
270	298
270	329
270	372
270	393
270	548
270	600
270	961
271	275
271	281
271	282
271	291
271	294
271	357
271	386
271	513
271	841
272	280
272	281
272	283
272	287
272	288
272	294
272	295
272	299
272	681
273	277
273	280
273	289
273	291
273	296
273	298
273	299
273	503
273	648
273	707
273	922
274	285
274	294
274	367
274	481
274	585
275	283
275	288
275	293
275	314
275	454
275	534
275	648
275	985
276	285
276	393
276	414
276	619
276	781
277	295
277	296
277	465
277	627
277	762
277	858
277	903
278	281
278	290
278	298
278	721
278	773
279	287
279	289
279	593
279	598
279	754
279	863
280	287
280	927
281	281
281	285
281	289
282	286
282	293
282	295
282	296
282	557
282	740
282	859
282	978
283	285
283	287
283	288
283	289
283	295
283	299
283	596
283	693
283	806
283	819
284	287
284	293
284	295
284	296
284	299
284	331
284	652
284	838
285	290
285	296
285	876
286	295
286	296
286	297
286	398
286	554
286	776
287	287
287	289
287	290
287	294
288	309
288	464
288	852
288	865
289	291
289	311
289	328
289	972
290	544
290	759
290	859
291	298
292	296
292	297
292	356
292	376
292	670
292	803
293	296
293	297
293	882
293	920
294	298
294	378
294	467
294	641
294	748
294	916
295	298
295	388
295	390
295	660
296	298
296	673
296	810
296	932
296	977
297	535
297	709
297	852
298	762
299	331
300	307
300	309
300	310
300	311
300	314
300	318
300	321
300	323
300	327
300	329
300	337
300	343
300	352
300	356
300	364
300	379
300	382
300	386
300	391
300	396
300	515
300	554
301	302
301	303
301	313
301	314
301	325
301	328
301	341
301	373
301	382
301	384
301	386
301	392
301	395
301	565
302	307
302	315
302	317
302	319
302	328
302	335
302	337
302	339
302	340
302	344
302	353
302	372
302	376
302	384
302	385
302	390
302	399
302	593
302	604
302	887
303	339
303	346
303	350
303	366
303	369
303	382
303	385
303	388
303	390
303	552
303	789
303	848
304	306
304	308
304	317
304	320
304	321
304	327
304	339
304	363
304	373
304	397
304	610
305	307
305	312
305	318
305	319
305	352
305	364
305	374
305	386
305	387
305	399
306	307
306	322
306	333
306	338
306	349
306	351
306	355
306	364
306	372
306	374
306	398
306	530
307	316
307	319
307	321
307	331
307	332
307	348
307	349
307	354
307	359
307	367
307	375
307	377
307	378
307	381
307	389
307	867
308	320
308	324
308	325
308	334
308	335
308	337
308	348
308	350
308	356
308	360
308	375
308	377
308	386
308	392
308	444
308	476
308	733
308	909
308	997
309	313
309	316
309	317
309	320
309	336
309	345
309	350
309	351
309	357
309	362
309	369
309	372
309	375
309	377
309	387
309	390
309	392
309	632
309	709
309	783
309	871
309	956
310	312
310	314
310	331
310	332
310	340
310	350
310	363
310	366
310	378
310	381
310	387
310	391
310	397
310	399
310	425
310	809
311	318
311	326
311	328
311	338
311	360
311	364
311	374
311	376
311	381
311	393
311	949
312	315
312	322
312	331
312	334
312	346
312	349
312	350
312	361
312	365
312	373
312	375
312	380
312	389
312	394
312	631
313	314
313	316
313	317
313	328
313	336
313	337
313	352
313	353
313	358
313	361
313	365
313	368
313	371
313	379
313	381
313	398
313	418
313	871
314	314
314	331
314	335
314	342
314	365
314	366
314	373
314	375
314	653
315	318
315	321
315	336
315	341
315	357
315	359
315	365
315	370
315	374
315	377
315	384
315	389
315	394
315	864
316	331
316	362
316	363
316	364
316	368
316	371
316	372
316	385
316	395
316	652
316	944
316	980
317	320
317	323
317	324
317	326
317	327
317	334
317	343
317	344
317	345
317	348
317	363
317	378
317	391
317	552
317	608
317	689
317	812
318	319
318	329
318	332
318	341
318	342
318	353
318	376
318	380
318	384
318	502
318	564
318	585
318	707
319	319
319	321
319	332
319	341
319	358
319	371
319	377
319	382
319	386
319	387
319	396
319	397
319	581
319	658
319	754
319	904
319	923
320	324
320	325
320	329
320	339
320	345
320	366
320	367
320	370
320	374
320	377
320	383
320	386
320	391
320	393
320	809
320	829
320	894
321	321
321	324
321	332
321	335
321	342
321	356
321	358
321	363
321	364
321	368
321	370
321	373
321	378
321	384
321	388
321	390
321	395
321	451
322	323
322	332
322	339
322	346
322	348
322	353
322	354
322	359
322	361
322	364
322	367
322	381
322	391
322	392
322	420
322	844
322	983
323	330
323	336
323	342
323	347
323	348
323	354
323	378
323	383
323	385
323	391
323	397
323	767
324	325
324	329
324	331
324	358
324	360
324	373
324	374
324	382
324	386
324	394
324	564
324	638
325	346
325	349
325	358
325	380
325	387
325	388
325	391
325	393
325	579
325	928
325	968
326	327
326	349
326	356
326	357
326	361
326	362
326	378
326	380
326	381
326	391
326	396
326	595
326	748
326	905
327	331
327	339
327	344
327	346
327	349
327	378
327	379
327	382
327	384
327	386
327	391
327	395
327	396
327	466
327	908
328	331
328	338
328	355
328	360
328	371
328	380
328	393
328	661
329	336
329	338
329	345
329	347
329	349
329	357
329	361
329	363
329	368
329	369
329	378
329	442
329	733
330	343
330	348
330	380
330	385
330	387
330	399
330	683
330	843
331	338
331	346
331	348
331	351
331	357
331	381
331	389
331	391
331	395
332	334
332	340
332	350
332	352
332	353
332	359
332	361
332	372
332	377
332	393
332	398
332	500
332	660
333	344
333	348
333	358
333	369
333	388
333	681
333	837
334	337
334	356
334	357
334	360
334	361
334	374
334	382
334	388
334	396
334	658
335	339
335	357
335	367
335	374
335	375
335	377
335	383
335	397
335	699
335	704
335	864
335	982
336	349
336	358
336	361
336	365
336	368
336	369
336	384
336	387
336	388
336	391
336	394
336	395
336	396
336	397
336	514
336	574
336	605
336	943
337	347
337	348
337	351
337	354
337	361
337	375
337	378
337	381
337	388
337	390
337	396
337	856
338	344
338	355
338	363
338	364
338	373
338	376
338	379
338	380
338	382
338	389
338	392
338	397
338	487
338	697
339	350
339	359
339	374
339	375
339	393
339	688
339	716
340	351
340	355
340	357
340	367
340	374
340	381
340	382
340	394
340	542
340	697
341	347
341	358
341	363
341	370
341	372
341	374
341	380
341	386
341	395
341	396
341	434
341	600
341	810
341	927
342	347
342	349
342	358
342	373
342	390
342	392
342	398
342	617
343	346
343	354
343	364
343	370
343	372
343	383
343	386
343	390
343	459
343	469
343	604
343	731
343	832
344	350
344	358
344	363
344	374
344	380
344	393
344	712
344	765
344	925
345	349
345	357
345	372
345	373
345	377
345	381
345	384
345	385
345	396
345	460
345	537
345	644
345	784
346	352
346	361
346	368
346	369
346	374
346	380
346	393
346	459
347	353
347	355
347	357
347	360
347	364
347	369
347	370
347	374
347	375
347	376
347	378
347	395
347	439
347	686
347	797
347	922
347	963
348	356
348	367
348	371
348	375
348	384
348	397
348	455
348	689
348	730
348	925
348	950
349	356
349	360
349	375
349	379
349	388
349	394
349	395
349	399
349	902
350	350
350	372
350	386
350	389
350	398
350	716
350	804
350	952
350	984
351	353
351	359
351	375
351	384
351	385
351	388
351	395
351	904
351	927
352	357
352	361
352	365
352	370
352	373
352	374
352	376
352	387
352	391
352	393
352	760
353	358
353	365
353	377
353	379
353	387
353	396
353	397
353	399
353	403
353	866
354	361
354	364
354	365
354	367
354	374
354	384
354	396
354	603
354	727
355	358
355	362
355	379
355	386
355	388
355	390
355	391
355	393
355	395
355	396
355	399
355	491
355	861
356	370
356	374
356	376
356	378
356	387
356	396
356	398
356	734
356	797
356	834
356	944
357	379
357	382
357	390
357	391
357	571
357	886
358	363
358	375
358	377
358	384
358	385
358	386
358	388
358	390
358	391
358	397
359	360
359	366
359	368
359	372
359	376
359	381
359	386
359	390
359	395
359	397
359	554
360	363
360	365
360	370
360	371
360	375
360	380
360	383
360	385
360	394
360	399
360	522
360	713
360	716
360	799
361	361
361	363
361	369
361	372
361	378
361	384
361	385
361	397
361	398
361	508
362	364
362	377
362	387
362	388
362	389
362	391
362	394
362	398
362	722
363	377
363	383
363	390
363	391
363	392
363	396
363	421
363	520
363	576
363	597
363	915
363	924
363	948
364	368
364	371
364	398
364	801
365	369
365	380
365	390
365	392
365	396
366	375
366	379
366	380
366	386
366	390
366	392
366	396
366	591
366	651
367	372
367	378
367	394
367	697
367	705
367	754
368	370
368	678
368	825
369	370
369	372
369	376
369	387
369	392
369	398
369	467
369	501
369	605
369	763
369	818
369	870
370	370
370	371
370	386
370	388
370	395
370	396
370	397
370	640
370	848
371	373
371	384
371	386
371	388
371	389
371	392
371	393
371	394
372	378
372	383
372	395
372	781
373	381
373	385
373	392
374	380
374	390
374	393
374	396
374	399
374	414
374	576
374	663
374	806
375	381
375	383
375	390
375	391
375	583
375	819
375	857
376	382
376	385
376	389
376	586
376	593
376	771
376	901
377	378
377	380
377	381
377	393
377	396
377	398
377	797
378	388
378	392
378	393
378	398
378	399
378	809
378	851
379	382
379	385
379	410
379	704
380	392
380	398
380	544
380	722
380	805
380	868
380	914
380	925
381	388
381	399
382	384
382	610
382	903
382	988
383	386
383	398
383	407
383	538
383	600
383	754
384	389
384	393
384	395
384	397
384	492
384	812
386	389
386	394
386	395
386	397
386	712
386	844
386	871
387	392
387	398
387	890
388	391
388	485
388	811
388	954
389	393
389	394
389	397
389	751
389	861
390	401
390	580
390	980
391	391
391	394
391	862
391	866
391	895
391	937
392	668
392	775
392	809
393	593
393	614
393	661
393	687
393	924
393	926
394	669
395	713
395	767
396	459
396	583
396	927
398	401
398	406
398	427
398	599
398	802
398	821
399	634
399	770
399	957
400	400
400	409
400	412
400	414
400	415
400	419
400	420
400	421
400	425
400	431
400	435
400	443
400	448
400	467
400	471
400	474
400	477
400	482
400	758
401	415
401	417
401	424
401	439
401	440
401	449
401	452
401	454
401	455
401	456
401	459
401	461
401	481
401	487
401	489
401	496
401	498
401	640
401	840
402	404
402	406
402	425
402	433
402	443
402	460
402	469
402	479
402	485
402	488
402	491
402	493
402	508
403	433
403	434
403	439
403	441
403	454
403	459
403	471
403	475
403	480
403	481
403	486
403	493
403	497
404	405
404	424
404	426
404	437
404	446
404	447
404	458
404	464
404	485
404	493
404	565
404	621
404	854
405	421
405	426
405	437
405	442
405	451
405	466
405	478
405	488
405	490
405	512
406	411
406	428
406	429
406	432
406	439
406	441
406	443
406	452
406	460
406	463
406	465
406	467
406	468
406	475
406	477
406	478
406	486
406	490
406	495
406	684
407	422
407	432
407	448
407	453
407	454
407	462
407	463
407	473
407	483
407	491
407	496
407	525
407	632
407	733
407	947
407	999
408	417
408	421
408	426
408	433
408	437
408	440
408	447
408	451
408	460
408	473
408	478
408	482
408	487
408	489
408	658
408	758
408	900
408	939
409	411
409	417
409	428
409	431
409	433
409	450
409	464
409	492
409	497
409	528
409	915
409	926
410	413
410	423
410	426
410	427
410	439
410	445
410	448
410	459
410	464
410	467
410	473
410	490
410	865
411	413
411	420
411	433
411	434
411	438
411	440
411	442
411	444
411	448
411	460
411	462
411	466
411	467
411	475
411	476
411	484
411	498
411	499
411	545
411	699
411	946
412	422
412	426
412	429
412	432
412	436
412	440
412	446
412	449
412	460
412	464
412	479
412	480
412	495
412	714
413	421
413	425
413	433
413	436
413	437
413	447
413	464
413	468
413	469
413	490
413	497
413	499
413	682
414	415
414	420
414	435
414	438
414	442
414	447
414	451
414	452
414	479
414	486
414	487
414	494
414	831
415	416
415	423
415	435
415	460
415	483
415	484
415	485
415	496
415	941
416	423
416	427
416	444
416	450
416	466
416	479
416	483
416	485
416	486
416	493
416	498
416	499
416	505
416	832
416	912
417	418
417	421
417	425
417	428
417	456
417	457
417	459
417	460
417	464
417	469
417	477
417	486
417	497
417	568
417	630
417	998
418	419
418	423
418	432
418	434
418	435
418	438
418	443
418	445
418	455
418	463
418	469
418	472
418	475
418	486
418	494
418	496
418	497
418	498
418	787
419	422
419	425
419	432
419	446
419	448
419	453
419	454
419	456
419	457
419	469
419	479
419	480
419	487
419	492
419	493
419	496
420	421
420	429
420	430
420	431
420	432
420	434
420	437
420	441
420	445
420	451
420	452
420	453
420	460
420	466
420	467
420	472
420	475
420	479
420	480
420	482
420	484
420	485
420	486
420	488
420	496
420	529
421	424
421	426
421	427
421	432
421	435
421	455
421	456
421	461
421	462
421	465
421	466
421	472
421	475
421	489
421	495
421	710
421	976
422	445
422	447
422	452
422	457
422	458
422	466
422	476
422	489
422	492
422	545
422	789
423	423
423	427
423	429
423	431
423	432
423	449
423	455
423	465
423	466
423	473
423	478
423	480
423	489
423	494
423	498
423	944
424	425
424	427
424	433
424	437
424	440
424	451
424	474
424	486
425	436
425	442
425	456
425	467
425	470
425	473
425	476
425	478
425	676
426	427
426	449
426	465
426	466
426	467
426	469
426	485
426	490
426	498
426	585
426	602
427	438
427	439
427	441
427	454
427	463
427	468
427	477
427	489
427	494
427	495
427	735
428	429
428	434
428	439
428	441
428	445
428	450
428	451
428	453
428	455
428	456
428	463
428	474
428	476
428	481
428	487
428	493
428	494
428	499
429	438
429	445
429	454
429	471
429	477
429	480
429	533
429	768
430	432
430	443
430	445
430	458
430	471
430	472
430	478
430	487
430	491
430	492
430	493
430	495
430	897
431	436
431	437
431	439
431	468
431	481
431	485
431	490
431	496
431	570
432	436
432	451
432	452
432	463
432	468
432	482
432	497
433	436
433	445
433	461
433	480
433	481
433	482
433	483
433	494
433	495
434	440
434	445
434	448
434	456
434	465
434	470
434	471
434	485
434	490
434	493
434	497
435	442
435	447
435	449
435	450
435	478
435	486
435	499
435	711
435	766
435	876
435	913
436	446
436	457
436	458
436	470
436	471
436	487
436	621
436	627
436	835
436	879
436	900
437	443
437	458
437	462
437	467
437	472
437	493
437	495
437	496
437	498
437	630
437	868
437	919
438	438
438	442
438	452
438	455
438	459
438	460
438	465
438	471
438	485
438	497
438	626
438	774
439	443
439	449
439	450
439	453
439	459
439	477
439	479
439	485
439	772
439	815
440	441
440	449
440	454
440	455
440	462
440	463
440	464
440	465
440	467
440	473
440	474
440	476
440	478
440	481
440	482
440	488
440	497
440	498
440	578
440	611
440	767
441	442
441	444
441	445
441	447
441	450
441	451
441	459
441	464
441	479
441	481
441	483
441	490
441	493
441	499
441	983
442	443
442	445
442	453
442	466
442	491
442	492
442	972
443	460
443	465
443	466
443	467
443	469
443	478
443	493
443	498
444	454
444	458
444	467
444	474
444	558
444	598
444	708
445	446
445	447
445	450
445	453
445	455
445	461
445	467
445	468
445	469
445	474
445	475
445	485
445	487
445	489
445	495
445	499
445	500
445	752
446	447
446	462
446	463
446	471
446	472
446	485
446	496
446	497
446	499
446	962
447	448
447	457
447	460
447	465
447	466
447	470
447	472
447	477
447	479
447	483
447	558
447	578
447	778
447	849
448	458
448	462
448	467
448	480
448	485
448	498
448	722
448	804
448	839
449	453
449	465
449	479
449	486
449	487
449	679
449	740
450	451
450	455
450	463
450	476
450	481
450	485
450	487
450	497
450	553
450	607
450	860
450	945
451	452
451	454
451	456
451	463
451	471
451	475
451	483
451	491
451	497
451	574
451	647
451	657
451	766
451	910
452	455
452	461
452	462
452	468
452	488
452	499
452	927
453	457
453	460
453	473
453	476
453	485
453	490
453	493
453	499
453	877
453	944
454	473
454	479
454	480
454	483
454	487
454	491
454	662
454	929
455	470
455	478
455	479
455	481
455	488
455	496
455	497
455	867
456	465
456	482
456	486
456	499
456	552
456	617
457	470
457	473
457	474
457	477
457	478
457	481
457	483
457	488
457	496
457	514
457	696
457	768
457	802
457	870
458	466
458	468
458	478
458	480
458	487
458	494
458	497
458	659
459	465
459	479
459	486
459	488
459	490
459	648
460	463
460	465
460	468
460	476
460	478
460	480
460	487
460	493
460	495
460	528
460	620
460	834
460	842
460	865
461	470
461	471
461	474
461	475
461	477
461	480
461	489
461	493
461	495
461	507
461	771
461	831
462	462
462	464
462	473
462	481
462	493
462	494
462	745
462	757
462	844
463	469
463	471
463	474
463	477
463	478
463	492
463	499
463	588
463	843
463	963
464	466
464	474
464	478
464	483
464	487
464	496
464	804
464	861
465	469
465	478
465	479
465	482
465	488
465	491
465	833
465	952
466	470
466	474
466	487
466	489
466	609
466	941
467	472
467	475
467	489
467	493
467	494
467	496
467	802
468	477
468	485
468	489
468	494
468	580
468	965
469	470
469	492
469	530
469	629
469	648
469	797
469	811
470	472
470	482
470	487
470	489
470	496
470	498
470	688
470	740
471	489
471	491
471	496
471	497
471	686
471	792
472	476
472	479
472	490
472	491
472	494
472	920
473	477
473	483
473	494
473	495
473	503
473	738
473	888
474	518
474	977
475	478
475	481
475	486
475	493
475	499
475	617
475	988
476	478
476	483
476	486
477	483
477	484
477	486
477	487
477	490
477	493
477	495
477	497
477	947
478	480
478	490
478	495
478	496
478	786
478	954
479	480
479	487
479	492
479	665
479	742
480	490
480	494
481	487
481	709
482	495
482	496
482	498
482	556
483	492
483	702
483	760
483	854
484	493
484	495
484	690
484	797
484	805
486	487
486	490
486	985
487	492
487	496
487	499
487	528
488	492
488	493
488	644
488	803
488	934
489	491
489	509
489	600
490	490
490	493
490	498
490	586
490	610
490	873
491	497
491	533
491	578
491	583
491	964
492	497
492	590
492	764
492	986
493	495
493	499
493	966
494	495
494	497
494	498
494	884
495	582
495	707
495	792
496	496
496	607
496	734
496	800
497	497
497	564
498	498
498	499
499	999
500	504
500	505
500	509
500	517
500	536
500	537
500	540
500	560
500	564
500	567
500	590
500	598
500	599
500	733
501	511
501	513
501	515
501	518
501	519
501	523
501	526
501	528
501	529
501	541
501	544
501	547
501	560
501	565
501	566
501	577
501	583
501	593
501	598
501	936
502	506
502	514
502	521
502	528
502	532
502	536
502	541
502	544
502	553
502	555
502	567
502	587
502	589
502	598
503	507
503	510
503	511
503	517
503	518
503	524
503	529
503	531
503	532
503	534
503	540
503	543
503	544
503	553
503	558
503	576
503	580
503	598
503	891
504	506
504	512
504	520
504	528
504	534
504	537
504	543
504	556
504	569
504	571
504	572
504	576
504	587
504	588
505	509
505	511
505	513
505	517
505	522
505	530
505	532
505	546
505	554
505	587
505	595
505	814
505	836
506	521
506	535
506	541
506	550
506	552
506	570
506	573
506	633
506	675
506	737
507	512
507	518
507	524
507	528
507	533
507	540
507	559
507	566
507	567
507	568
507	569
507	570
507	573
507	578
507	581
507	582
507	583
507	592
507	668
508	525
508	532
508	535
508	557
508	558
508	563
508	564
508	573
508	587
508	590
508	591
508	774
509	515
509	516
509	519
509	521
509	524
509	527
509	543
509	550
509	552
509	568
509	570
509	580
509	582
509	592
509	816
510	516
510	523
510	531
510	535
510	537
510	541
510	555
510	556
510	572
510	574
510	575
510	576
510	579
510	585
510	586
510	587
510	593
510	596
511	512
511	520
511	523
511	529
511	545
511	550
511	556
511	558
511	562
511	566
511	571
511	574
511	577
511	905
512	512
512	516
512	521
512	543
512	544
512	552
512	560
512	567
512	568
512	571
512	574
512	575
512	577
512	579
512	581
512	585
512	587
512	597
512	599
512	817
512	853
513	524
513	541
513	542
513	556
513	557
513	564
513	570
513	571
513	588
513	767
513	810
513	815
514	531
514	538
514	543
514	556
514	567
514	578
514	582
514	586
514	591
514	595
514	641
514	652
514	796
514	827
514	886
515	515
515	522
515	531
515	538
515	540
515	544
515	549
515	551
515	568
515	573
515	580
515	584
515	588
515	589
515	594
515	747
515	940
516	521
516	532
516	541
516	549
516	553
516	561
516	576
516	582
516	590
516	595
516	663
516	960
517	518
517	534
517	554
517	557
517	564
517	570
517	572
517	575
517	576
517	592
517	598
518	522
518	524
518	525
518	527
518	544
518	553
518	568
518	572
518	575
518	578
518	580
518	583
518	589
518	593
518	699
518	756
519	523
519	525
519	535
519	542
519	548
519	553
519	565
519	574
519	575
519	578
519	588
519	598
520	520
520	529
520	530
520	533
520	535
520	539
520	562
520	575
520	577
520	578
521	525
521	527
521	528
521	530
521	537
521	542
521	546
521	549
521	553
521	556
521	558
521	559
521	562
521	567
521	570
521	574
521	576
521	586
521	593
521	594
521	598
521	673
521	852
521	978
522	534
522	537
522	544
522	547
522	550
522	562
522	573
522	597
522	816
523	525
523	531
523	537
523	539
523	554
523	555
523	558
523	561
523	565
523	566
523	573
523	574
523	586
523	594
523	731
524	535
524	537
524	542
524	557
524	562
524	577
524	578
524	580
524	591
524	592
524	596
524	597
524	780
525	534
525	542
525	544
525	557
525	558
525	560
525	561
525	563
525	567
525	569
525	574
525	582
525	588
525	595
525	597
526	527
526	529
526	542
526	549
526	550
526	556
526	562
526	564
526	568
526	572
526	577
526	593
526	594
526	596
526	738
527	532
527	533
527	538
527	539
527	543
527	549
527	555
527	567
527	571
527	572
527	586
527	587
527	596
527	643
527	653
527	903
527	926
528	530
528	539
528	548
528	550
528	551
528	557
528	558
528	563
528	565
528	575
528	582
528	589
528	593
528	599
528	765
528	849
529	550
529	555
529	569
529	579
529	586
529	588
529	590
529	614
530	535
530	536
530	540
530	542
530	562
530	569
530	570
530	574
530	576
531	540
531	569
531	575
531	588
531	594
531	883
532	532
532	533
532	546
532	554
532	557
532	559
532	562
532	564
532	568
532	572
532	578
532	582
532	596
532	599
532	684
532	771
532	984
533	543
533	546
533	552
533	565
533	567
533	576
533	619
533	820
533	905
534	534
534	544
534	551
534	557
534	576
534	579
534	580
534	590
534	592
534	596
534	597
534	691
534	928
535	535
535	546
535	561
535	567
535	568
535	582
535	583
535	590
535	593
535	596
535	678
535	810
536	549
536	555
536	573
536	581
536	584
536	592
536	599
536	760
536	877
537	538
537	541
537	544
537	545
537	547
537	548
537	554
537	565
537	576
537	578
537	581
537	592
537	615
537	887
538	550
538	573
538	596
538	598
539	555
539	562
539	567
539	570
539	575
539	577
539	587
539	596
539	599
539	607
539	644
539	898
540	541
540	542
540	547
540	557
540	558
540	572
540	582
540	592
540	595
540	696
540	940
541	542
541	546
541	550
541	560
541	570
541	579
541	583
541	585
541	589
541	590
541	591
541	592
541	595
542	545
542	555
542	558
542	565
542	567
542	577
542	583
542	588
542	590
542	593
542	627
542	855
542	891
542	925
543	552
543	565
543	570
543	573
543	579
543	581
543	583
543	771
544	546
544	553
544	557
544	560
544	570
544	585
544	587
544	592
544	599
544	686
544	945
544	994
545	551
545	558
545	559
545	565
545	576
545	580
545	583
545	584
545	595
546	546
546	549
546	551
546	552
546	554
546	558
546	567
546	571
546	581
546	586
546	590
546	591
546	772
547	563
547	564
547	566
547	567
547	586
547	595
547	675
547	910
548	551
548	554
548	556
548	569
548	575
548	579
548	585
548	599
548	792
549	559
549	569
549	570
549	573
549	585
549	587
549	598
549	823
550	552
550	569
550	585
550	593
550	595
551	552
551	557
551	562
551	583
551	585
551	590
551	593
552	557
552	575
552	581
552	595
552	693
552	887
553	555
553	575
553	583
553	587
553	626
554	562
554	566
554	572
554	584
554	587
554	673
554	722
555	558
555	559
555	576
555	583
555	591
555	593
555	791
556	556
556	562
556	570
556	586
556	592
556	593
556	594
556	595
556	812
557	563
557	567
557	581
558	562
558	567
558	568
558	574
558	586
558	593
558	599
558	600
558	913
559	574
559	583
559	584
559	661
559	717
559	737
559	746
559	954
560	561
560	566
560	577
560	585
560	587
560	593
560	598
560	650
561	561
561	563
561	573
561	574
561	575
561	579
561	584
561	587
561	588
561	592
561	616
561	734
562	565
562	569
562	573
562	580
562	590
562	591
562	599
563	563
563	566
563	580
563	581
563	586
563	590
563	595
563	596
563	598
563	680
564	565
564	566
564	570
564	571
564	578
564	583
564	590
564	592
564	593
564	594
564	790
565	568
565	590
565	593
565	598
566	575
566	588
566	592
566	593
566	597
566	601
566	946
567	568
567	578
567	586
567	593
567	734
567	849
568	568
568	571
568	575
568	580
568	589
568	596
568	599
568	616
568	948
569	585
569	590
569	591
569	593
569	742
569	949
570	573
570	579
570	583
570	589
570	593
570	596
570	623
570	636
571	572
571	573
571	583
571	588
571	590
571	670
571	671
572	573
572	587
572	591
572	592
572	684
573	579
573	582
573	583
573	585
573	588
573	855
573	917
574	578
574	585
574	597
574	598
574	712
575	578
575	597
575	791
575	893
575	958
576	587
576	593
576	595
576	596
576	598
576	631
576	778
577	585
577	588
577	589
577	591
577	592
578	591
578	596
578	787
579	582
579	587
579	595
579	977
580	582
580	806
580	906
580	977
581	583
581	588
581	589
581	599
581	761
582	584
582	600
582	625
582	887
583	586
583	589
583	597
583	598
583	974
584	584
584	586
584	588
584	589
584	629
585	591
585	594
585	695
585	827
586	595
587	589
587	592
587	593
587	595
587	596
587	823
588	595
588	655
588	693
588	729
588	786
588	909
589	595
589	854
590	591
590	859
590	865
591	592
591	595
591	679
591	994
592	594
592	599
592	681
592	847
592	911
593	595
593	817
594	808
595	848
596	763
597	603
597	991
599	713
600	605
600	623
600	634
600	639
600	649
600	652
600	656
600	665
600	673
600	675
600	676
600	677
600	691
600	698
601	604
601	645
601	661
601	671
601	694
601	696
601	876
601	914
602	606
602	609
602	615
602	616
602	630
602	637
602	643
602	650
602	656
602	662
602	667
602	672
602	674
602	694
602	695
602	938
603	604
603	611
603	615
603	623
603	628
603	630
603	634
603	638
603	643
603	672
603	684
603	686
603	693
603	788
604	613
604	625
604	626
604	631
604	642
604	648
604	651
604	653
604	667
604	671
604	675
604	676
604	680
604	683
604	684
604	691
604	692
604	693
604	694
605	608
605	610
605	615
605	630
605	631
605	634
605	645
605	646
605	651
605	664
605	666
605	674
605	675
605	676
605	682
605	684
605	685
605	688
605	691
605	695
605	811
605	832
606	608
606	609
606	617
606	621
606	622
606	628
606	629
606	630
606	632
606	638
606	643
606	652
606	663
606	667
606	674
606	679
606	682
606	697
606	961
607	615
607	616
607	624
607	630
607	635
607	659
607	660
607	684
607	913
608	611
608	612
608	626
608	631
608	632
608	637
608	644
608	650
608	667
608	681
608	687
608	688
609	619
609	621
609	634
609	638
609	646
609	658
609	661
609	670
609	677
609	688
609	693
609	802
609	907
610	614
610	621
610	623
610	626
610	636
610	642
610	648
610	650
610	660
610	668
610	676
610	679
610	693
610	697
611	617
611	620
611	625
611	630
611	631
611	636
611	646
611	658
611	659
611	661
611	662
611	671
611	687
611	688
611	842
612	613
612	623
612	625
612	648
612	653
612	655
612	659
612	664
612	665
612	667
612	668
612	682
612	690
612	693
612	881
613	618
613	622
613	632
613	643
613	645
613	652
613	660
613	662
613	663
613	664
613	666
613	677
613	689
613	692
613	699
614	617
614	624
614	625
614	629
614	630
614	644
614	655
614	658
614	664
614	937
615	620
615	621
615	628
615	635
615	641
615	643
615	652
615	653
615	655
615	660
615	661
615	662
615	667
615	673
615	681
615	684
615	685
615	692
615	694
615	695
615	697
616	617
616	622
616	623
616	628
616	637
616	638
616	647
616	652
616	656
616	662
616	665
616	668
616	671
616	672
616	674
616	682
616	684
616	697
617	641
617	644
617	645
617	655
617	665
617	667
617	672
617	681
617	682
617	687
617	691
617	692
618	621
618	626
618	628
618	635
618	650
618	665
618	673
618	679
618	680
618	686
618	695
618	899
619	666
619	683
619	686
619	687
619	695
619	698
619	699
620	636
620	651
620	652
620	654
620	659
620	662
620	666
620	672
620	675
620	691
620	696
620	899
621	622
621	643
621	645
621	648
621	655
621	666
621	667
621	668
621	671
621	684
621	698
622	626
622	628
622	630
622	638
622	642
622	643
622	656
622	660
622	662
622	673
622	675
622	682
622	696
622	697
622	819
622	985
623	627
623	629
623	632
623	636
623	643
623	662
623	664
623	667
623	679
623	686
623	690
623	694
623	699
623	871
624	633
624	636
624	649
624	655
624	661
624	665
624	679
624	695
624	698
625	631
625	633
625	638
625	670
625	685
625	691
625	695
625	699
626	628
626	629
626	631
626	639
626	640
626	646
626	650
626	652
626	688
626	695
626	698
626	742
626	879
626	946
627	635
627	675
627	678
627	681
627	692
627	696
627	699
628	631
628	639
628	641
628	646
628	647
628	662
628	663
628	665
628	669
628	670
628	671
628	684
628	686
628	688
628	689
628	696
629	650
629	651
629	661
629	666
629	668
629	676
629	679
629	693
629	697
629	698
629	699
630	636
630	641
630	642
630	647
630	654
630	662
630	664
630	666
630	668
630	669
630	670
630	674
630	677
630	684
630	688
631	636
631	641
631	642
631	643
631	655
631	660
631	669
631	672
631	688
631	736
631	909
632	637
632	639
632	655
632	664
632	675
632	677
632	694
632	697
632	842
633	638
633	639
633	658
633	675
633	684
633	691
633	835
633	867
633	878
633	986
634	640
634	641
634	648
634	664
634	676
634	685
634	774
635	654
635	656
635	660
635	668
635	669
635	671
635	680
635	686
635	687
635	770
635	812
635	893
636	641
636	646
636	649
636	651
636	661
636	664
636	666
636	685
636	686
636	697
636	698
636	998
637	638
637	640
637	647
637	649
637	656
637	657
637	658
637	665
637	668
637	673
637	683
637	688
637	691
637	692
637	697
637	698
637	699
637	990
638	644
638	647
638	651
638	659
638	669
638	673
638	677
638	678
638	684
638	687
638	692
638	722
638	847
639	640
639	645
639	648
639	661
639	662
639	664
639	665
639	677
639	679
639	680
639	694
640	642
640	667
640	678
640	684
640	691
640	696
640	699
641	657
641	665
641	671
641	676
641	677
641	680
641	681
641	682
641	686
641	695
641	792
641	991
642	643
642	654
642	666
642	671
642	676
642	682
642	687
642	721
642	878
643	653
643	655
643	657
643	676
643	685
643	688
643	690
643	695
644	647
644	652
644	670
644	679
644	680
644	686
644	687
644	688
644	918
645	652
645	655
645	663
645	675
645	679
645	687
645	691
645	696
645	710
645	763
645	957
646	647
646	648
646	650
646	662
646	667
646	674
646	678
646	690
646	692
646	934
647	657
647	663
647	670
647	674
647	681
647	686
647	690
647	812
647	895
647	898
648	652
648	658
648	662
648	665
648	667
648	669
648	670
648	671
648	672
648	673
648	681
648	697
648	699
648	897
648	980
649	653
649	659
649	664
649	669
649	681
649	692
649	778
649	833
650	653
650	654
650	661
650	664
650	665
650	667
650	676
650	680
650	692
650	696
651	658
651	664
651	672
651	679
651	683
651	686
651	690
651	693
651	695
651	828
651	947
652	661
652	667
652	672
652	677
652	699
653	667
653	674
653	680
653	686
653	687
653	692
653	694
653	914
654	655
654	661
654	671
654	672
654	683
654	687
654	695
654	992
655	658
655	661
655	664
655	667
655	668
655	672
655	675
655	677
655	685
655	686
655	687
656	660
656	668
656	673
656	686
656	690
656	693
656	758
656	951
657	658
657	663
657	670
657	673
658	658
658	668
658	673
658	682
658	695
658	697
659	664
659	673
659	805
659	865
660	673
660	677
660	679
660	684
660	690
660	693
660	694
660	695
661	661
661	686
661	692
661	949
662	667
662	674
662	687
662	691
662	696
662	698
662	723
663	663
663	664
663	673
663	698
664	668
664	670
664	680
664	681
664	689
664	690
664	691
664	693
664	854
664	998
665	667
665	678
666	669
666	670
666	672
666	676
666	685
666	697
666	884
667	674
667	696
667	992
668	675
668	676
668	678
668	679
668	682
668	692
668	719
669	675
669	680
669	682
669	688
669	690
669	691
669	696
669	697
669	698
669	699
670	672
670	675
670	681
670	691
671	681
671	732
671	838
672	673
672	681
672	690
672	696
672	876
673	675
673	680
673	683
673	690
673	697
673	932
674	679
674	699
674	778
674	789
674	888
675	678
675	694
675	927
676	678
677	677
677	678
677	762
677	786
678	683
678	684
678	685
678	697
678	863
679	691
680	812
680	991
681	686
681	696
681	769
682	687
682	692
682	923
683	686
683	688
683	689
683	694
683	859
684	699
684	955
685	691
685	695
685	749
685	938
685	976
686	689
686	736
687	696
688	821
688	826
689	692
689	699
690	694
690	821
691	692
691	694
691	695
691	696
691	698
691	981
692	695
692	711
692	765
693	695
693	697
693	815
693	949
694	695
694	849
695	698
695	701
695	810
696	697
696	728
697	827
697	876
698	706
698	752
698	826
698	839
698	901
699	811
700	703
700	706
700	715
700	721
700	722
700	729
700	733
700	737
700	740
700	747
700	748
700	752
700	759
700	760
700	763
700	772
700	776
700	777
700	778
700	781
700	786
700	788
701	703
701	704
701	724
701	725
701	729
701	738
701	740
701	743
701	750
701	757
701	765
701	770
701	773
701	781
701	785
701	796
702	707
702	730
702	733
702	735
702	740
702	742
702	744
702	763
702	775
702	794
702	875
702	889
703	705
703	706
703	707
703	721
703	722
703	723
703	726
703	735
703	744
703	749
703	758
703	760
703	762
703	763
703	764
703	771
703	780
703	783
703	788
703	828
704	705
704	712
704	725
704	733
704	743
704	754
704	764
704	773
704	781
704	792
704	795
704	796
705	716
705	717
705	723
705	725
705	729
705	732
705	734
705	740
705	768
705	773
705	784
705	785
705	788
705	796
705	821
705	929
706	711
706	718
706	722
706	732
706	733
706	760
706	761
706	796
706	797
706	799
706	848
707	749
707	758
707	777
707	779
707	780
707	782
707	785
707	786
707	798
707	906
708	711
708	714
708	723
708	728
708	729
708	743
708	744
708	751
708	763
708	788
708	799
709	714
709	726
709	728
709	736
709	738
709	740
709	741
709	745
709	746
709	747
709	773
709	776
709	779
709	786
709	797
710	715
710	719
710	731
710	735
710	741
710	747
710	750
710	752
710	760
710	777
710	778
710	780
710	783
710	785
710	787
710	788
710	795
711	711
711	715
711	717
711	728
711	733
711	740
711	741
711	746
711	753
711	755
711	761
711	766
711	776
711	777
711	792
711	796
712	724
712	726
712	729
712	730
712	738
712	748
712	750
712	767
712	772
712	776
712	779
712	784
712	787
712	791
712	792
712	798
712	811
712	949
713	722
713	724
713	726
713	736
713	737
713	742
713	745
713	748
713	758
713	766
713	780
713	782
713	786
713	794
713	896
713	935
714	721
714	725
714	729
714	731
714	735
714	738
714	739
714	742
714	748
714	749
714	761
714	766
714	775
714	776
714	777
714	779
714	787
714	790
714	890
715	718
715	723
715	731
715	740
715	749
715	752
715	753
715	756
715	765
715	766
715	770
715	772
715	793
715	795
715	884
716	717
716	727
716	733
716	734
716	735
716	738
716	743
716	745
716	760
716	762
716	764
716	766
716	787
716	813
717	718
717	723
717	728
717	733
717	737
717	744
717	746
717	761
717	764
717	766
717	774
717	779
717	791
717	797
718	733
718	736
718	752
718	762
718	763
718	767
718	793
718	810
719	720
719	730
719	733
719	741
719	744
719	746
719	755
719	756
719	758
719	762
719	766
719	767
719	777
719	778
719	779
719	781
719	783
719	816
719	973
720	727
720	730
720	743
720	749
720	750
720	753
720	783
720	797
720	924
721	723
721	748
721	751
721	764
721	766
721	778
721	785
721	787
721	795
721	799
722	732
722	734
722	735
722	738
722	758
722	759
722	760
722	766
722	770
722	777
722	781
723	731
723	738
723	739
723	741
723	748
723	749
723	751
723	753
723	768
723	776
723	786
723	789
723	790
723	794
723	808
723	918
723	919
724	731
724	732
724	733
724	738
724	747
724	751
724	786
724	795
724	859
725	738
725	742
725	744
725	754
725	757
725	758
725	764
725	766
725	767
725	775
725	783
725	789
725	794
725	904
726	734
726	750
726	761
726	767
726	768
726	769
726	785
726	787
726	791
726	798
727	730
727	738
727	740
727	742
727	745
727	749
727	755
727	793
727	795
727	796
727	826
728	742
728	745
728	747
728	748
728	761
728	763
728	765
728	766
728	769
728	770
728	792
728	799
728	881
728	998
729	734
729	739
729	741
729	742
729	761
729	763
729	769
729	770
729	772
729	780
729	797
729	798
729	799
730	735
730	740
730	741
730	745
730	753
730	754
730	756
730	761
730	763
730	771
730	780
730	796
730	798
730	954
731	734
731	736
731	771
731	773
731	777
731	780
731	786
731	792
731	798
732	734
732	745
732	755
732	756
732	761
732	762
732	773
732	775
732	776
732	777
732	778
733	743
733	745
733	753
733	763
733	765
733	770
733	774
733	776
733	786
734	751
734	758
734	760
734	762
734	765
734	773
734	776
734	783
734	788
735	740
735	747
735	754
735	780
735	836
735	856
735	864
736	738
736	750
736	752
736	754
736	761
736	767
736	781
736	782
736	783
736	793
736	901
737	758
737	759
737	770
737	777
737	785
737	791
737	792
737	795
738	738
738	741
738	743
738	747
738	748
738	761
738	763
738	768
738	769
738	772
738	781
738	791
738	798
738	882
739	740
739	755
739	765
739	768
739	769
739	783
740	743
740	757
740	759
740	764
740	766
740	782
740	783
740	792
740	925
741	747
741	748
741	755
741	759
741	766
741	775
741	794
741	796
741	805
742	749
742	755
742	757
742	759
742	762
742	770
742	776
742	795
742	879
743	745
743	753
743	758
743	762
743	771
743	777
744	756
744	764
744	766
744	769
744	771
744	776
744	797
744	875
745	749
745	780
745	783
745	791
745	792
745	795
745	797
745	876
746	747
746	750
746	752
746	764
746	770
746	779
746	790
746	794
746	940
747	759
747	761
747	762
747	767
747	772
747	777
747	779
747	780
747	784
747	795
747	798
747	799
748	749
748	761
748	765
748	774
748	794
749	756
749	767
749	770
749	775
749	783
750	755
750	779
750	792
750	826
751	755
751	760
751	799
752	758
752	761
752	764
752	771
752	799
752	937
753	755
753	765
753	773
753	779
753	783
753	784
753	796
754	769
754	772
754	779
754	784
754	785
754	789
754	797
754	958
755	774
755	776
755	780
755	790
755	791
755	792
755	873
756	760
756	761
756	784
756	796
756	810
756	895
757	758
757	766
757	767
757	785
757	789
758	765
758	770
758	775
758	776
758	779
758	783
758	786
758	788
758	791
758	793
758	818
759	764
759	781
759	790
759	797
760	765
760	766
760	768
760	786
760	787
760	796
761	761
761	769
761	775
761	777
761	781
761	795
761	910
762	765
762	766
762	777
762	778
762	780
762	794
762	796
763	765
763	776
763	780
763	796
764	768
764	769
764	787
764	791
764	795
764	912
764	948
765	767
765	771
765	787
765	793
765	799
766	769
766	774
766	784
766	785
766	786
766	795
766	942
767	772
767	777
767	780
767	793
767	799
767	952
768	774
768	780
768	788
768	821
769	771
769	779
769	780
769	788
769	789
769	929
769	960
769	975
770	771
770	775
770	785
770	868
770	932
771	773
771	785
772	773
772	780
772	794
772	797
773	775
773	781
773	788
773	791
773	793
773	796
773	797
773	799
774	774
774	776
774	778
774	783
774	786
774	789
774	792
774	795
774	798
775	780
775	783
775	784
775	787
775	788
775	796
775	927
776	790
776	791
777	782
777	783
777	784
777	796
777	797
777	883
777	944
777	956
778	785
778	789
778	798
778	845
779	784
779	790
779	791
779	794
779	797
779	831
780	795
780	798
781	782
781	799
782	786
782	788
782	791
782	792
782	831
782	939
783	784
783	787
783	789
783	933
784	790
784	798
784	934
785	785
785	786
785	990
786	790
786	792
786	793
786	794
787	791
787	799
788	793
788	795
788	796
788	798
788	956
789	793
789	799
790	799
790	985
791	796
791	798
792	794
792	964
793	797
793	839
794	796
794	799
795	931
796	797
796	812
797	798
798	799
798	965
800	804
800	805
800	808
800	809
800	813
800	827
800	835
800	840
800	853
800	856
800	861
800	864
800	867
800	868
800	885
800	889
800	893
800	979
801	807
801	809
801	815
801	818
801	839
801	841
801	842
801	846
801	851
801	852
801	855
801	862
801	869
801	882
801	885
801	890
801	894
801	898
802	803
802	814
802	842
802	844
802	846
802	871
802	873
802	876
802	891
802	895
803	819
803	821
803	823
803	826
803	834
803	837
803	840
803	857
803	874
803	875
803	877
803	880
803	882
803	885
803	890
803	895
803	896
803	897
803	941
804	825
804	826
804	837
804	838
804	844
804	849
804	852
804	856
804	858
804	877
804	881
804	882
804	887
804	888
804	896
805	810
805	812
805	819
805	825
805	828
805	829
805	831
805	836
805	841
805	842
805	851
805	858
805	865
805	868
805	870
805	878
805	885
805	893
805	944
805	973
806	808
806	811
806	814
806	818
806	820
806	821
806	838
806	842
806	852
806	864
806	865
806	875
806	877
806	879
806	885
806	891
806	949
807	810
807	820
807	828
807	833
807	838
807	845
807	857
807	861
807	865
807	873
807	877
807	892
807	894
807	898
807	978
808	811
808	815
808	827
808	833
808	835
808	841
808	847
808	854
808	865
808	867
808	875
808	881
808	892
808	893
808	896
808	952
808	983
809	816
809	833
809	834
809	842
809	854
809	860
809	868
809	888
809	889
809	898
809	928
809	987
810	812
810	826
810	831
810	833
810	845
810	847
810	848
810	854
810	863
810	872
810	887
810	890
810	895
811	814
811	831
811	841
811	845
811	850
811	853
811	863
811	864
811	876
811	890
811	953
812	848
812	850
812	858
812	868
812	875
812	895
813	821
813	829
813	832
813	834
813	839
813	853
813	859
813	861
813	863
813	865
813	869
813	874
813	887
813	896
814	815
814	821
814	825
814	831
814	836
814	857
814	872
814	875
814	880
814	896
815	823
815	835
815	842
815	843
815	853
815	854
815	861
815	862
815	863
815	868
815	870
815	883
815	896
815	899
815	993
816	838
816	849
816	860
816	893
817	824
817	841
817	847
817	855
817	858
817	859
817	865
817	866
817	868
817	869
817	874
817	885
817	888
817	892
817	897
817	934
818	827
818	829
818	845
818	856
818	874
818	882
818	883
818	885
818	890
818	891
818	896
819	823
819	827
819	832
819	833
819	836
819	843
819	860
819	861
819	873
819	875
819	882
819	889
819	890
819	897
820	822
820	832
820	834
820	861
820	869
820	878
820	888
820	891
820	892
821	829
821	838
821	843
821	846
821	857
821	859
821	860
821	871
821	893
821	960
822	823
822	831
822	832
822	841
822	843
822	855
822	867
822	875
822	877
822	880
822	887
823	824
823	825
823	828
823	829
823	887
823	897
823	944
824	826
824	828
824	830
824	832
824	836
824	850
824	864
824	868
824	872
824	879
824	890
824	897
824	898
825	837
825	841
825	850
825	855
825	857
825	865
825	880
825	881
825	894
825	898
826	834
826	835
826	836
826	840
826	841
826	847
826	851
826	864
826	866
826	868
826	869
826	873
826	874
826	877
826	883
826	885
826	887
826	899
826	982
827	828
827	840
827	847
827	853
827	856
827	862
827	881
827	895
828	839
828	846
828	854
828	857
828	859
828	870
828	876
828	877
828	880
828	896
828	963
828	993
829	832
829	838
829	839
829	845
829	847
829	861
829	867
829	868
829	888
830	833
830	835
830	846
830	853
830	863
830	874
830	878
830	879
830	887
830	895
831	832
831	834
831	841
831	853
831	866
831	871
831	887
831	889
831	898
832	844
832	848
832	863
832	868
832	876
832	877
832	882
832	884
832	892
832	894
833	836
833	840
833	842
833	861
833	875
833	882
833	932
833	997
834	841
834	858
834	863
834	871
834	894
834	895
834	899
834	976
835	838
835	876
835	881
835	898
836	837
836	841
836	842
836	843
836	854
836	876
836	880
836	883
836	886
836	890
837	841
837	852
837	859
837	862
837	866
837	867
837	872
837	874
837	880
837	887
837	890
837	896
837	897
838	840
838	848
838	853
838	857
838	861
838	866
838	867
838	870
838	876
838	885
838	886
838	902
839	841
839	845
839	856
839	864
839	866
839	871
839	873
839	874
839	892
839	896
840	843
840	847
840	864
840	867
840	873
840	874
840	875
840	883
840	890
840	898
840	920
841	845
841	853
841	861
841	863
841	869
841	872
841	894
841	899
842	842
842	846
842	849
842	854
842	858
842	860
842	861
842	865
842	881
842	898
842	899
842	997
843	844
843	846
843	848
843	856
843	864
843	873
843	877
843	879
843	890
843	944
844	845
844	847
844	854
844	863
844	870
844	871
844	890
845	856
845	862
845	863
845	866
845	868
845	882
845	884
845	892
845	895
846	846
846	849
846	868
846	872
846	877
846	884
846	885
846	896
847	866
847	874
847	876
847	877
847	878
847	882
847	883
847	888
847	892
847	981
847	993
848	851
848	853
848	858
848	859
848	863
848	876
848	881
848	883
848	885
848	896
848	897
849	861
849	862
849	880
849	888
849	891
849	894
849	897
850	854
850	855
850	867
850	873
850	875
850	885
850	889
850	928
851	860
851	861
851	862
851	870
851	871
851	873
851	885
851	894
851	897
851	899
851	929
852	865
852	869
852	877
852	882
852	887
852	889
852	990
853	853
853	859
853	861
853	874
853	893
853	972
854	856
854	861
854	862
854	867
854	869
854	879
854	888
854	892
854	963
855	856
855	863
855	867
855	871
855	875
855	879
855	890
855	893
855	895
855	899
856	861
856	863
856	873
856	876
856	879
856	886
856	899
856	953
857	867
857	878
857	897
857	909
857	944
858	863
858	865
858	870
858	875
858	882
858	886
858	894
858	895
859	863
859	874
859	875
859	877
859	879
859	880
860	864
860	877
860	892
861	875
861	885
861	896
861	955
862	887
863	869
863	870
863	884
863	891
864	865
864	881
864	887
864	890
864	892
864	897
865	870
865	888
865	894
866	874
866	895
866	896
867	868
867	889
867	890
867	895
867	897
867	901
868	870
868	875
868	896
868	898
869	872
869	880
869	884
869	887
870	877
870	892
870	894
870	895
870	907
871	872
871	888
871	896
871	899
872	876
872	879
872	882
872	898
872	899
872	937
873	880
873	883
874	876
874	884
875	883
875	886
876	881
876	883
876	888
876	893
876	895
876	896
876	899
876	914
876	969
877	883
877	889
877	899
877	980
878	889
878	890
879	884
879	889
880	892
881	884
881	887
881	894
882	886
882	893
883	883
883	885
883	887
883	893
883	925
884	884
884	886
884	893
885	890
885	893
886	890
886	894
887	889
887	890
887	892
888	893
888	896
889	896
889	900
890	957
892	892
892	899
893	893
893	895
893	963
894	894
894	899
894	910
896	896
896	898
897	995
900	920
900	922
900	927
900	928
900	931
900	934
900	938
900	946
900	951
900	959
900	966
900	971
900	975
900	981
900	984
900	986
900	988
900	998
901	904
901	908
901	909
901	918
901	924
901	926
901	931
901	933
901	946
901	949
901	953
901	955
901	957
901	958
901	962
901	982
901	985
901	987
901	991
901	995
902	904
902	907
902	915
902	924
902	926
902	935
902	938
902	943
902	945
902	947
902	951
902	966
902	983
902	987
902	993
903	913
903	949
903	955
903	964
903	965
903	976
903	979
903	991
903	998
904	911
904	923
904	926
904	935
904	942
904	956
904	962
904	977
904	988
904	990
904	992
904	999
905	906
905	909
905	910
905	911
905	915
905	916
905	922
905	925
905	930
905	958
905	965
905	966
905	967
905	969
905	973
905	985
906	906
906	934
906	935
906	940
906	961
906	966
906	975
906	979
906	982
906	988
906	989
906	993
907	911
907	917
907	918
907	926
907	943
907	944
907	968
907	969
907	985
907	994
908	921
908	932
908	940
908	950
908	958
908	959
908	961
908	962
908	971
908	981
908	986
909	920
909	930
909	935
909	937
909	950
909	953
909	957
909	992
909	998
910	912
910	913
910	915
910	920
910	925
910	942
910	947
910	966
910	968
910	971
910	976
910	979
910	980
910	983
910	989
911	921
911	925
911	931
911	933
911	938
911	944
911	984
911	994
911	995
912	940
912	948
912	951
912	964
912	976
912	988
912	990
913	913
913	925
913	942
913	957
913	958
913	962
913	964
913	966
913	970
913	978
913	982
913	992
913	993
914	920
914	922
914	925
914	926
914	931
914	933
914	936
914	937
914	941
914	943
914	944
914	954
914	964
914	973
914	974
914	975
914	985
914	987
915	922
915	927
915	929
915	937
915	951
915	965
915	978
915	991
915	996
916	919
916	922
916	924
916	926
916	930
916	954
916	956
916	961
916	964
916	976
916	992
916	997
917	920
917	921
917	922
917	940
917	948
917	949
917	960
917	962
917	968
917	979
918	929
918	930
918	933
918	937
918	947
918	957
918	958
918	961
918	965
918	986
918	995
918	997
919	920
919	929
919	945
919	950
919	952
919	958
919	960
919	961
919	978
919	995
920	922
920	923
920	927
920	936
920	942
920	950
920	957
920	961
920	980
920	984
920	988
921	923
921	926
921	934
921	935
921	936
921	942
921	943
921	947
921	955
921	956
921	958
921	966
921	983
921	984
921	986
921	987
922	933
922	936
922	964
922	966
922	973
922	977
922	979
922	982
922	983
923	935
923	937
923	941
923	942
923	944
923	949
923	964
923	966
923	976
923	983
924	924
924	927
924	942
924	948
924	963
924	964
924	965
924	971
924	977
924	986
925	933
925	938
925	955
925	968
925	976
925	992
926	928
926	929
926	935
926	938
926	939
926	948
926	957
926	958
926	967
926	968
926	969
926	972
926	999
927	931
927	952
927	953
927	963
927	966
927	968
927	976
927	980
927	988
927	997
928	933
928	940
928	945
928	946
928	964
928	970
928	982
928	983
928	985
928	990
929	937
929	938
929	950
929	954
929	958
929	964
929	969
929	970
929	975
929	980
930	930
930	934
930	941
930	950
930	957
930	958
930	965
930	967
930	968
930	988
931	932
931	943
931	944
931	948
931	973
931	978
931	983
931	984
931	985
931	992
932	934
932	941
932	948
932	951
932	955
932	962
932	983
932	989
932	996
933	938
933	943
933	945
933	953
933	960
933	962
933	979
933	988
933	995
934	939
934	940
934	947
934	951
934	962
934	966
934	970
934	971
934	990
934	991
935	935
935	938
935	941
935	944
935	945
935	950
935	952
935	953
935	959
935	966
935	986
936	938
936	942
936	945
936	946
936	947
936	951
936	952
936	955
936	959
936	961
936	964
936	967
936	983
936	987
936	991
936	997
937	950
937	952
937	956
937	960
937	962
937	963
937	966
937	968
937	992
938	940
938	941
938	953
938	955
938	958
938	959
938	979
938	981
938	989
938	995
938	996
938	997
939	946
939	949
939	960
939	965
939	978
939	991
940	952
940	958
940	966
940	981
940	992
940	993
941	943
941	948
941	952
941	954
941	972
941	977
941	982
941	984
941	988
941	990
942	945
942	947
942	968
942	981
942	987
942	990
942	992
943	950
943	952
943	956
943	971
943	977
943	991
943	996
944	944
944	945
944	947
944	948
944	959
944	963
944	964
944	996
945	945
945	957
945	959
945	964
945	966
945	976
945	980
945	982
945	986
945	992
946	951
946	953
946	955
946	957
946	960
946	966
946	967
946	971
946	973
946	984
946	989
946	995
946	996
947	949
947	955
947	958
947	965
947	991
948	964
948	968
948	969
948	976
948	983
948	996
949	951
949	958
949	963
949	966
949	968
949	972
949	977
949	979
949	988
949	992
949	994
950	956
950	957
950	978
951	958
951	960
951	961
951	962
951	965
951	976
951	982
951	985
951	987
952	955
952	959
952	964
952	974
952	979
952	982
952	987
952	991
952	992
952	996
953	982
954	954
954	964
954	970
954	973
954	975
954	977
954	978
954	983
954	986
954	988
954	993
954	995
954	998
955	963
955	967
955	968
955	988
955	991
956	965
956	968
956	971
956	976
956	982
956	983
956	986
957	966
957	985
957	999
958	960
958	961
958	973
958	975
958	988
958	990
959	963
959	982
960	981
960	992
960	994
961	968
961	970
961	973
961	991
961	995
961	996
962	986
963	969
963	979
963	980
963	982
964	965
964	968
964	970
964	976
964	979
964	997
965	973
965	975
965	976
965	987
965	988
965	990
966	967
966	984
966	985
966	997
966	998
967	967
967	969
967	974
967	976
967	980
967	982
967	989
967	993
967	995
967	999
968	970
968	978
968	984
968	986
968	993
969	975
969	986
969	998
970	970
970	974
970	976
970	979
970	982
970	988
970	990
970	993
970	995
971	971
971	983
971	984
971	987
971	988
971	994
971	995
971	997
972	974
972	978
972	987
972	989
972	992
972	998
972	999
973	973
973	979
973	982
973	998
973	999
974	975
974	984
974	985
974	987
974	991
975	978
975	982
975	989
975	998
975	999
976	993
976	996
976	998
976	999
977	982
977	985
977	986
977	993
978	981
978	985
978	996
978	998
978	999
979	981
979	982
979	983
979	987
979	992
980	988
980	989
980	990
981	984
981	995
982	992
982	998
983	983
983	984
983	989
983	998
984	995
984	999
985	993
985	997
985	999
986	989
986	992
986	994
986	998
987	987
987	991
988	997
989	993
989	999
990	993
990	996
990	997
993	998
994	995
996	998
996	999
