0	6
0	15
0	43
0	67
0	72
0	94
0	98
0	311
0	376
0	432
0	437
0	462
0	494
0	504
0	688
0	725
0	758
0	819
0	872
0	889
0	898
1	8
1	13
1	20
1	43
1	46
1	49
1	59
1	93
1	101
1	270
1	271
1	279
1	306
1	373
1	404
1	423
1	533
1	555
1	572
2	13
2	16
2	31
2	54
2	55
2	57
2	58
2	62
2	63
2	76
2	84
2	93
2	95
2	140
2	208
2	222
2	273
2	343
2	540
2	569
2	653
2	987
3	13
3	17
3	61
3	72
3	92
3	97
3	210
3	223
3	713
3	718
3	768
3	986
4	8
4	9
4	11
4	24
4	29
4	38
4	47
4	64
4	72
4	174
4	206
4	276
4	345
4	667
4	731
4	960
5	10
5	32
5	34
5	38
5	39
5	48
5	66
5	73
5	93
5	104
5	178
5	183
5	203
5	370
5	529
5	558
5	674
5	784
5	816
5	940
5	992
6	15
6	46
6	49
6	53
6	56
6	58
6	60
6	91
6	96
6	118
6	256
6	257
6	295
6	426
6	483
6	642
6	742
6	824
6	874
6	882
6	942
7	8
7	11
7	12
7	14
7	16
7	26
7	28
7	29
7	54
7	79
7	85
7	126
7	152
7	241
7	509
7	806
7	884
8	20
8	41
8	43
8	240
8	372
8	401
8	694
8	739
8	780
8	815
8	904
9	46
9	66
9	68
9	84
9	85
9	99
9	218
9	234
9	305
9	312
9	429
9	460
9	534
9	910
9	911
9	979
10	21
10	35
10	39
10	49
10	70
10	84
10	125
10	185
10	411
10	424
10	425
10	471
10	473
10	726
10	923
11	16
11	43
11	49
11	50
11	62
11	75
11	79
11	89
11	112
11	363
11	400
11	637
11	655
11	953
11	976
11	991
12	15
12	42
12	56
12	86
12	87
12	91
12	93
12	96
12	145
12	217
12	231
12	282
12	452
12	502
12	528
12	533
12	553
12	672
12	705
12	881
12	886
12	903
12	980
13	22
13	27
13	38
13	54
13	55
13	62
13	65
13	68
13	83
13	92
13	99
13	114
13	309
13	355
13	400
13	425
13	439
13	552
13	572
13	602
13	690
13	703
13	854
13	928
13	955
13	966
13	983
14	21
14	23
14	26
14	30
14	44
14	79
14	82
14	87
14	88
14	94
14	204
14	340
14	365
14	403
14	718
14	735
14	825
14	826
14	846
14	902
15	28
15	40
15	41
15	50
15	53
15	69
15	76
15	85
15	86
15	87
15	96
15	298
15	299
15	390
15	393
15	449
15	643
15	650
15	724
15	748
15	762
15	765
15	798
15	818
15	875
15	908
15	950
16	28
16	35
16	45
16	53
16	92
16	127
16	132
16	392
16	463
16	530
16	586
16	635
16	648
16	765
16	868
16	897
16	988
17	23
17	26
17	39
17	40
17	66
17	79
17	86
17	90
17	92
17	156
17	554
17	683
17	715
17	957
18	41
18	58
18	68
18	76
18	130
18	189
18	241
18	261
18	694
18	769
18	992
18	993
19	31
19	54
19	61
19	67
19	79
19	380
19	598
19	599
19	618
19	855
19	906
20	24
20	58
20	78
20	79
20	88
20	90
20	98
20	99
20	248
20	500
20	505
20	558
20	669
20	784
20	873
20	916
20	936
21	29
21	30
21	43
21	48
21	70
21	82
21	99
21	175
21	193
21	205
21	382
21	424
21	502
21	515
21	611
21	735
21	897
21	972
21	996
22	28
22	59
22	85
22	91
22	93
22	165
22	360
22	448
22	692
22	693
22	749
22	779
22	790
22	857
22	971
23	43
23	69
23	77
23	78
23	90
23	92
23	95
23	114
23	159
23	266
23	333
23	412
23	620
23	687
23	736
23	790
23	900
23	952
23	983
24	28
24	33
24	40
24	97
24	98
24	176
24	240
24	245
24	379
24	422
24	449
24	567
24	756
24	915
24	919
25	27
25	34
25	71
25	74
25	77
25	81
25	92
25	94
25	128
25	344
25	347
25	385
25	491
25	509
25	553
25	563
25	629
25	655
25	728
25	813
26	41
26	52
26	57
26	95
26	187
26	231
26	258
26	288
26	290
26	310
26	674
26	905
26	945
27	60
27	62
27	64
27	68
27	156
27	195
27	430
27	484
27	608
27	705
27	712
27	871
27	977
28	39
28	40
28	55
28	76
28	81
28	99
28	113
28	227
28	280
28	372
28	398
28	653
28	804
29	38
29	44
29	49
29	51
29	64
29	67
29	68
29	92
29	710
29	723
29	724
29	788
29	810
29	927
30	45
30	73
30	86
30	99
30	205
30	477
30	542
30	578
30	582
30	604
30	777
30	872
30	875
31	53
31	66
31	67
31	72
31	103
31	148
31	298
31	329
31	372
31	408
31	585
31	624
31	705
31	863
31	979
32	37
32	41
32	49
32	72
32	86
32	97
32	130
32	175
32	197
32	352
32	388
32	464
32	486
32	556
32	671
32	699
32	702
32	751
32	816
32	873
33	49
33	68
33	69
33	72
33	80
33	81
33	94
33	101
33	200
33	343
33	468
33	472
33	516
33	615
33	616
33	639
33	745
33	834
33	900
34	34
34	35
34	49
34	64
34	70
34	79
34	95
34	130
34	219
34	221
34	529
34	613
34	676
34	921
35	39
35	51
35	52
35	66
35	67
35	71
35	82
35	94
35	99
35	149
35	212
35	322
35	332
35	391
35	413
35	618
35	720
35	784
36	53
36	63
36	67
36	78
36	98
36	100
36	118
36	209
36	270
36	384
36	427
36	582
36	643
36	678
36	983
37	64
37	77
37	86
37	91
37	94
37	97
37	99
37	147
37	161
37	260
37	371
37	379
37	390
37	404
37	603
37	624
37	738
38	41
38	54
38	58
38	68
38	85
38	290
38	494
38	500
38	599
38	676
38	774
38	843
39	51
39	66
39	83
39	91
39	95
39	221
39	249
39	286
39	428
39	648
39	704
39	843
39	863
40	55
40	58
40	64
40	65
40	90
40	93
40	225
40	276
40	346
40	384
40	443
40	603
40	608
40	658
40	740
40	764
40	805
40	828
40	975
40	977
40	979
40	984
41	43
41	47
41	54
41	63
41	78
41	83
41	92
41	95
41	96
41	98
41	108
41	279
41	298
41	352
41	393
41	689
41	744
41	770
41	851
41	934
42	49
42	65
42	81
42	94
42	168
42	173
42	282
42	402
42	436
42	583
42	744
42	969
43	50
43	57
43	60
43	72
43	73
43	85
43	86
43	171
43	199
43	204
43	212
43	263
43	268
43	277
43	359
43	385
43	534
43	622
43	656
43	737
43	752
43	890
43	899
44	51
44	62
44	67
44	100
44	527
44	541
44	582
44	610
44	715
44	725
44	742
44	783
44	888
44	903
44	913
45	51
45	52
45	66
45	81
45	252
45	272
45	483
45	517
45	616
45	635
45	692
45	835
45	842
45	864
45	894
46	50
46	65
46	68
46	78
46	83
46	88
46	91
46	97
46	98
46	140
46	344
46	371
46	591
46	600
46	622
46	681
46	688
46	797
46	847
46	866
46	882
46	884
46	911
46	912
46	992
47	58
47	86
47	92
47	147
47	184
47	305
47	318
47	370
47	379
47	419
47	430
47	708
47	839
47	956
47	994
48	57
48	61
48	82
48	96
48	180
48	290
48	344
48	439
48	503
48	657
48	730
48	753
48	771
48	814
48	865
48	889
48	912
49	49
49	60
49	93
49	220
49	234
49	251
49	262
49	334
49	420
49	797
49	845
49	923
49	965
49	987
50	58
50	63
50	65
50	72
50	82
50	83
50	94
50	237
50	500
50	543
50	675
50	712
50	753
50	766
50	883
50	922
50	980
51	122
51	141
51	257
51	346
51	407
51	467
51	497
51	532
51	569
51	789
51	854
51	948
52	62
52	64
52	66
52	94
52	138
52	148
52	331
52	369
52	489
52	541
52	660
52	706
52	711
52	742
52	743
52	940
53	60
53	63
53	93
53	234
53	354
53	432
53	476
53	512
53	536
53	563
53	629
53	649
53	752
53	817
53	835
54	59
54	90
54	115
54	296
54	331
54	340
54	427
54	602
54	652
54	686
54	747
54	937
54	983
54	997
55	88
55	317
55	360
55	432
55	529
55	583
55	676
55	843
55	860
55	948
56	57
56	62
56	81
56	93
56	96
56	218
56	372
56	391
56	508
56	541
56	659
56	773
56	774
56	854
56	869
56	896
56	925
57	60
57	68
57	70
57	77
57	88
57	94
57	382
57	521
57	778
57	791
57	798
57	816
57	819
57	826
57	849
57	968
58	61
58	62
58	64
58	70
58	79
58	362
58	390
58	514
58	530
58	804
59	60
59	87
59	188
59	267
59	522
59	634
59	716
59	748
59	794
59	926
59	991
60	61
60	85
60	88
60	148
60	182
60	254
60	273
60	310
60	423
60	519
60	600
60	800
60	831
60	902
61	94
61	177
61	178
61	237
61	270
61	444
61	460
61	827
61	993
62	69
62	70
62	72
62	75
62	82
62	84
62	94
62	107
62	115
62	131
62	306
62	586
62	700
62	942
62	974
63	69
63	94
63	99
63	203
63	219
63	222
63	308
63	375
63	470
63	490
63	547
63	620
63	656
63	687
63	735
63	748
63	759
63	781
63	825
63	827
63	886
63	944
64	69
64	74
64	76
64	80
64	201
64	232
64	241
64	248
64	335
64	514
64	735
64	741
64	870
65	68
65	70
65	94
65	95
65	185
65	248
65	257
65	760
65	827
65	889
66	67
66	69
66	80
66	89
66	94
66	104
66	196
66	300
66	405
66	499
66	525
66	531
66	597
67	71
67	84
67	90
67	158
67	237
67	329
67	341
67	395
67	707
67	764
67	815
67	959
68	84
68	98
68	303
68	338
68	353
68	385
68	435
68	437
68	557
68	584
68	591
68	602
68	684
68	764
68	772
68	808
68	951
69	76
69	91
69	96
69	104
69	190
69	237
69	285
69	321
69	370
69	431
69	483
69	529
69	613
69	674
69	694
69	727
69	800
69	900
69	912
70	92
70	121
70	274
70	368
70	459
70	521
70	625
70	674
70	712
70	721
70	746
70	847
71	87
71	97
71	348
71	374
71	506
71	552
71	571
71	577
71	704
71	850
71	866
72	98
72	129
72	140
72	235
72	257
72	397
72	480
72	503
72	582
72	587
72	673
72	888
72	959
73	77
73	79
73	91
73	92
73	94
73	316
73	327
73	484
73	544
73	680
73	760
73	818
73	918
73	997
74	75
74	80
74	85
74	96
74	98
74	154
74	258
74	261
74	280
74	603
74	606
74	751
74	803
74	818
75	75
75	76
75	158
75	191
75	202
75	441
75	455
75	523
75	561
75	618
75	633
75	742
75	890
75	902
75	962
75	984
76	89
76	91
76	100
76	308
76	354
76	554
76	564
76	571
76	603
76	735
76	789
76	844
76	857
76	900
76	914
76	940
76	991
77	122
77	154
77	168
77	180
77	245
77	296
77	384
77	598
77	625
77	765
77	804
77	924
77	930
78	82
78	88
78	93
78	124
78	135
78	143
78	150
78	157
78	274
78	298
78	365
78	373
78	465
78	507
78	517
78	609
78	656
78	681
78	721
79	82
79	85
79	94
79	108
79	127
79	318
79	330
79	407
79	487
79	721
79	761
79	839
79	933
79	969
80	176
80	283
80	615
80	664
80	713
80	888
80	919
80	946
81	88
81	256
81	259
81	276
81	410
81	484
81	496
81	590
81	895
82	214
82	359
82	365
82	826
83	96
83	146
83	336
83	345
83	352
83	409
83	430
83	447
83	472
83	620
83	739
83	998
84	90
84	170
84	306
84	335
84	484
84	505
84	576
84	583
84	756
84	780
84	874
84	914
84	917
85	143
85	211
85	214
85	349
85	400
85	407
85	494
85	533
85	886
85	906
85	965
85	993
86	96
86	121
86	202
86	246
86	322
86	436
86	695
87	97
87	99
87	111
87	169
87	195
87	314
87	512
87	518
87	899
88	93
88	357
88	358
88	368
88	425
88	563
88	719
88	783
88	934
89	210
89	225
89	262
89	527
89	553
89	671
89	738
90	94
90	226
90	340
90	352
90	431
90	463
90	670
90	952
91	109
91	269
91	325
91	408
91	432
91	527
91	689
91	741
91	811
91	855
91	864
91	943
91	998
92	99
92	216
92	330
92	374
92	575
92	655
92	676
92	710
92	791
92	804
92	814
92	836
92	894
92	914
93	142
93	163
93	222
93	253
93	734
93	766
93	859
93	932
93	953
94	186
94	421
94	510
94	619
94	702
94	713
94	860
94	993
95	98
95	308
95	445
95	563
95	599
95	624
95	644
95	871
96	212
96	387
96	444
96	473
96	683
96	697
96	881
96	921
96	995
97	197
97	268
97	304
97	311
97	506
97	579
97	608
97	681
97	936
97	989
98	99
98	162
98	256
98	298
98	303
98	333
98	450
98	460
98	656
98	720
98	738
98	833
98	852
99	109
99	128
99	156
99	220
99	221
99	246
99	305
99	346
99	402
99	458
99	518
99	624
99	625
99	772
99	787
99	879
100	130
100	131
100	132
100	150
100	158
100	187
100	189
100	231
100	497
100	695
100	729
100	755
100	853
100	872
100	913
100	914
100	924
100	950
101	112
101	120
101	167
101	169
101	180
101	184
101	186
101	260
101	437
101	501
101	508
101	644
101	899
101	948
101	949
101	965
102	108
102	110
102	117
102	142
102	178
102	182
102	186
102	199
102	212
102	251
102	325
102	407
102	457
102	475
102	724
102	932
102	998
103	105
103	111
103	122
103	138
103	141
103	144
103	156
103	167
103	169
103	175
103	176
103	180
103	240
103	314
103	317
103	346
103	459
103	504
103	539
103	547
103	658
103	692
103	835
104	130
104	135
104	146
104	147
104	152
104	157
104	161
104	177
104	196
104	198
104	210
104	365
104	454
104	458
104	470
104	578
104	640
104	723
104	784
104	834
104	990
105	118
105	129
105	133
105	140
105	143
105	166
105	172
105	308
105	448
105	484
105	548
105	738
105	743
105	961
106	109
106	118
106	120
106	123
106	160
106	171
106	188
106	191
106	197
106	246
106	333
106	489
106	525
106	543
106	548
106	645
106	676
106	759
106	889
106	902
107	111
107	112
107	129
107	132
107	134
107	143
107	150
107	154
107	163
107	174
107	180
107	198
107	255
107	286
107	415
107	563
107	582
107	636
108	113
108	148
108	153
108	159
108	168
108	176
108	179
108	193
108	212
108	233
108	253
108	268
108	314
108	353
108	397
108	427
108	602
108	671
108	744
108	917
109	119
109	125
109	128
109	130
109	152
109	182
109	185
109	189
109	191
109	225
109	226
109	230
109	337
109	359
109	368
109	431
109	451
109	504
109	577
109	645
109	661
109	694
109	723
109	728
109	795
109	822
109	828
109	832
109	851
110	123
110	127
110	139
110	140
110	151
110	155
110	178
110	179
110	187
110	188
110	192
110	540
110	564
110	662
110	973
110	987
111	111
111	132
111	138
111	163
111	174
111	178
111	192
111	195
111	215
111	361
111	382
111	578
111	820
111	831
111	983
112	114
112	122
112	129
112	138
112	144
112	155
112	159
112	175
112	197
112	199
112	377
112	420
112	424
112	561
112	604
112	631
112	821
112	943
112	958
112	992
113	122
113	147
113	158
113	167
113	179
113	181
113	182
113	191
113	309
113	858
113	880
113	900
113	913
113	938
114	115
114	117
114	120
114	128
114	140
114	150
114	165
114	169
114	170
114	185
114	190
114	217
114	219
114	290
114	382
114	474
114	568
114	690
114	786
114	840
114	982
115	123
115	143
115	144
115	175
115	179
115	183
115	193
115	194
115	206
115	208
115	448
115	486
115	679
115	772
115	780
115	869
115	896
116	132
116	147
116	154
116	177
116	178
116	183
116	281
116	461
116	487
116	691
116	702
117	127
117	177
117	195
117	238
117	358
117	424
117	440
117	534
117	538
117	566
117	608
117	695
117	717
117	734
117	758
117	772
117	860
117	927
117	996
118	129
118	130
118	131
118	143
118	148
118	153
118	159
118	161
118	163
118	165
118	173
118	180
118	188
118	191
118	199
118	208
118	357
118	479
118	494
118	533
118	655
118	760
118	761
118	828
118	962
119	135
119	145
119	192
119	236
119	301
119	363
119	381
119	551
119	585
119	627
119	721
119	945
120	121
120	127
120	139
120	140
120	143
120	148
120	150
120	152
120	190
120	196
120	245
120	551
120	560
120	606
120	634
120	707
120	711
120	765
120	833
120	995
121	127
121	133
121	139
121	146
121	151
121	165
121	172
121	178
121	232
121	342
121	509
121	548
121	581
121	674
121	785
122	125
122	131
122	167
122	171
122	197
122	401
122	453
122	485
122	515
122	585
122	898
123	137
123	138
123	143
123	146
123	147
123	148
123	168
123	178
123	194
123	347
123	367
123	568
123	576
123	669
123	694
123	719
123	731
123	761
123	915
123	940
123	981
124	128
124	154
124	161
124	205
124	219
124	229
124	310
124	415
124	509
124	729
124	734
124	756
124	839
124	880
124	918
124	971
125	129
125	130
125	149
125	158
125	171
125	176
125	180
125	205
125	206
125	289
125	456
125	602
125	647
125	679
125	691
125	717
125	733
125	745
125	784
125	790
125	873
125	878
125	935
126	178
126	181
126	182
126	216
126	323
126	775
126	805
126	816
126	839
126	856
126	892
126	993
127	139
127	142
127	145
127	163
127	180
127	192
127	195
127	198
127	213
127	248
127	339
127	604
127	751
128	132
128	137
128	163
128	187
128	190
128	332
128	376
128	773
128	783
128	808
128	993
129	131
129	141
129	143
129	151
129	198
129	251
129	384
129	499
129	590
129	591
129	761
129	769
129	793
129	855
129	866
130	139
130	140
130	141
130	154
130	161
130	170
130	182
130	341
130	380
130	657
130	821
130	829
130	881
130	929
131	136
131	150
131	152
131	159
131	162
131	173
131	182
131	192
131	229
131	234
131	441
131	666
131	683
131	772
131	834
131	846
131	853
131	975
132	152
132	163
132	164
132	174
132	189
132	196
132	351
132	498
132	638
132	693
132	726
132	815
132	992
133	136
133	137
133	143
133	151
133	155
133	183
133	194
133	198
133	288
133	423
133	579
133	713
133	740
133	773
133	874
133	922
133	964
134	137
134	146
134	152
134	159
134	175
134	178
134	397
134	504
134	525
134	552
134	658
134	683
134	700
134	770
134	899
134	943
135	140
135	153
135	155
135	156
135	164
135	165
135	167
135	175
135	181
135	189
135	195
135	209
135	231
135	310
135	338
135	370
135	466
135	517
135	563
135	835
135	903
136	150
136	155
136	166
136	170
136	184
136	189
136	192
136	198
136	206
136	227
136	296
136	331
136	425
136	426
136	524
136	596
136	739
136	789
136	813
137	148
137	153
137	271
137	315
137	326
137	419
137	486
137	550
137	573
137	809
137	852
137	882
137	898
137	991
138	139
138	171
138	173
138	177
138	184
138	192
138	238
138	317
138	387
138	439
138	536
138	560
138	635
138	688
138	772
138	818
138	901
138	965
139	148
139	164
139	172
139	181
139	187
139	194
139	219
139	239
139	261
139	279
139	280
139	331
139	348
139	350
139	390
139	419
139	434
139	465
139	496
139	561
139	603
139	619
139	639
139	874
139	992
140	148
140	151
140	152
140	158
140	172
140	178
140	180
140	187
140	190
140	192
140	199
140	301
140	374
140	438
140	546
140	697
140	726
140	777
140	827
141	141
141	152
141	153
141	161
141	178
141	181
141	239
141	274
141	278
141	317
141	364
141	491
141	516
141	517
141	663
141	672
141	681
141	864
141	959
142	145
142	154
142	155
142	157
142	158
142	164
142	177
142	180
142	186
142	199
142	260
142	279
142	348
142	368
142	423
142	703
143	148
143	182
143	189
143	360
143	374
143	403
143	521
143	638
143	752
143	791
143	809
143	884
143	987
143	989
144	160
144	164
144	177
144	198
144	321
144	384
144	432
144	539
144	556
144	604
144	777
144	797
144	843
145	150
145	153
145	162
145	163
145	170
145	172
145	184
145	188
145	189
145	269
145	326
145	350
145	359
145	376
145	495
145	615
145	623
145	633
145	895
145	956
146	149
146	154
146	167
146	172
146	181
146	183
146	192
146	195
146	227
146	253
146	358
146	367
146	375
146	471
146	505
146	798
146	815
146	817
146	834
147	157
147	163
147	164
147	166
147	169
147	171
147	302
147	375
147	380
147	432
147	442
147	480
147	745
147	838
147	884
147	920
148	161
148	166
148	189
148	199
148	320
148	370
148	391
148	447
148	670
148	763
149	149
149	165
149	170
149	188
149	191
149	379
149	476
149	513
149	570
149	575
149	596
149	693
149	722
149	888
150	169
150	171
150	182
150	184
150	187
150	196
150	197
150	336
150	339
150	383
150	426
150	437
150	471
150	507
150	511
150	551
150	554
150	698
150	909
150	911
151	158
151	159
151	161
151	179
151	181
151	184
151	186
151	204
151	339
151	342
151	347
151	374
151	493
151	516
151	552
151	571
151	587
151	608
151	652
151	704
151	720
151	808
151	811
151	812
151	815
152	176
152	184
152	189
152	287
152	308
152	425
152	443
152	463
152	646
152	696
152	857
152	905
153	155
153	157
153	165
153	168
153	300
153	329
153	388
153	413
153	422
153	440
153	673
153	724
154	155
154	161
154	168
154	188
154	264
154	280
154	320
154	359
154	443
154	612
154	696
154	734
154	797
154	901
154	984
154	997
155	160
155	185
155	192
155	266
155	271
155	351
155	402
155	471
155	498
155	587
155	701
155	829
156	162
156	165
156	180
156	263
156	310
156	363
156	492
156	604
157	160
157	163
157	166
157	167
157	169
157	195
157	256
157	468
157	502
157	556
157	599
157	606
157	695
157	788
157	791
157	837
157	875
158	165
158	183
158	193
158	254
158	263
158	281
158	303
158	416
158	463
158	505
158	606
158	610
158	778
158	849
158	912
158	920
158	923
158	929
158	992
159	168
159	172
159	179
159	197
159	411
159	416
159	471
159	513
159	555
159	567
159	580
159	613
159	672
159	725
159	827
159	854
159	974
160	165
160	166
160	168
160	173
160	184
160	187
160	188
160	356
160	373
160	382
160	433
160	551
160	605
160	694
160	716
160	844
160	903
160	979
160	981
161	166
161	173
161	188
161	220
161	269
161	276
161	277
161	309
161	453
161	467
161	504
161	615
161	699
161	728
161	887
162	166
162	180
162	181
162	232
162	243
162	306
162	346
162	630
162	654
162	807
162	951
163	172
163	178
163	188
163	251
163	530
163	603
163	605
163	736
163	742
163	864
163	893
163	906
163	943
164	165
164	187
164	232
164	679
164	683
164	706
164	799
164	846
165	172
165	188
165	198
165	331
165	636
165	691
165	712
165	754
165	767
165	774
165	875
165	956
166	174
166	189
166	197
166	277
166	296
166	550
166	841
166	929
167	175
167	183
167	199
167	251
167	270
167	332
167	441
167	463
167	487
167	523
167	691
167	791
167	998
168	205
168	325
168	360
168	398
168	529
168	594
168	788
168	880
169	176
169	182
169	184
169	186
169	190
169	196
169	387
169	434
169	570
169	580
169	635
169	728
169	947
169	997
170	177
170	203
170	214
170	230
170	264
170	353
170	527
170	643
170	681
170	754
170	841
170	932
170	988
171	197
171	202
171	249
171	265
171	562
171	571
171	601
171	623
171	864
171	910
172	175
172	177
172	182
172	192
172	301
172	502
172	560
172	683
172	798
172	859
172	937
172	984
173	184
173	191
173	198
173	308
173	353
173	447
173	499
173	565
173	602
173	625
173	659
173	796
174	235
174	391
174	458
174	477
174	480
174	596
174	785
174	864
175	296
175	440
175	510
175	529
175	731
175	745
175	868
176	179
176	208
176	232
176	254
176	279
176	287
176	373
176	377
176	627
176	736
176	775
176	783
176	839
176	999
177	188
177	246
177	266
177	273
177	316
177	334
177	394
177	479
177	517
177	599
177	613
177	844
177	869
177	912
177	969
178	185
178	186
178	197
178	289
178	358
178	398
178	472
178	605
178	615
178	617
178	629
178	712
178	817
178	866
179	186
179	211
179	245
179	303
179	344
179	362
179	409
179	429
179	504
179	549
179	772
179	900
179	929
179	944
179	981
180	192
180	197
180	643
180	766
180	823
180	825
181	187
181	277
181	384
181	417
181	442
181	482
181	528
181	644
181	714
181	728
181	864
182	210
182	241
182	319
182	361
182	380
182	454
182	554
182	572
182	881
182	955
183	187
183	214
183	272
183	313
183	366
183	367
183	487
183	690
183	716
183	728
183	740
183	766
183	794
183	833
183	841
183	868
183	916
183	982
184	187
184	192
184	319
184	504
184	607
184	624
184	697
184	754
184	898
184	936
185	193
185	198
185	438
185	584
185	656
185	843
185	920
186	197
186	240
186	308
186	360
186	440
186	443
186	490
186	557
186	669
186	716
186	748
186	764
186	769
186	827
186	846
187	200
187	232
187	254
187	260
187	464
187	472
187	526
187	545
187	592
187	621
187	632
187	822
187	902
187	975
188	337
188	437
188	605
188	706
188	786
188	988
189	204
189	537
189	600
189	630
189	684
189	700
189	801
189	857
189	861
189	942
190	194
190	388
190	442
190	462
190	575
190	740
190	760
190	937
190	945
191	192
191	198
191	199
191	342
191	385
191	487
191	509
191	539
191	558
191	593
191	916
192	206
192	249
192	476
192	521
192	599
192	658
192	797
192	800
192	818
192	964
193	367
193	400
193	416
193	531
193	752
193	781
193	911
194	195
194	196
194	199
194	204
194	314
194	343
194	436
194	530
194	616
194	635
194	662
194	729
194	766
194	800
194	983
195	202
195	290
195	395
195	419
195	774
195	778
195	858
195	963
196	211
196	283
196	520
196	619
196	849
197	220
197	268
197	278
197	280
197	322
197	376
197	401
197	425
197	560
197	744
197	792
197	988
198	240
198	485
198	492
198	506
198	527
198	545
198	688
198	880
198	935
199	261
199	276
199	622
199	722
199	763
199	772
199	792
199	834
199	856
200	204
200	205
200	255
200	268
200	277
200	278
200	284
200	289
200	291
200	295
200	302
200	309
200	310
200	392
200	418
200	552
200	556
200	624
200	638
200	922
201	203
201	225
201	254
201	265
201	266
201	283
201	297
201	421
201	428
201	469
201	514
201	606
201	619
201	642
201	668
201	785
201	831
201	987
202	210
202	213
202	222
202	225
202	261
202	268
202	296
202	334
202	337
202	569
202	667
202	677
202	695
202	742
202	835
202	889
202	907
202	961
203	224
203	226
203	237
203	242
203	245
203	248
203	254
203	288
203	291
203	659
203	680
203	695
203	781
203	792
203	830
203	911
203	939
203	954
203	999
204	212
204	219
204	224
204	234
204	257
204	258
204	285
204	294
204	298
204	350
204	450
204	468
204	595
204	597
204	602
204	752
204	845
204	898
205	227
205	240
205	244
205	257
205	376
205	435
205	479
205	556
205	563
205	576
205	741
205	780
205	845
206	209
206	214
206	237
206	245
206	254
206	265
206	271
206	279
206	290
206	320
206	457
206	468
206	520
206	818
206	932
206	997
207	224
207	228
207	243
207	245
207	267
207	292
207	295
207	296
207	636
207	643
207	910
207	946
207	959
208	213
208	218
208	228
208	232
208	238
208	273
208	284
208	294
208	361
208	558
208	573
208	643
208	723
208	860
208	885
209	214
209	227
209	234
209	246
209	284
209	289
209	295
209	296
209	530
209	629
210	219
210	221
210	231
210	245
210	247
210	252
210	253
210	257
210	258
210	270
210	278
210	281
210	286
210	299
210	718
210	725
210	782
210	842
210	886
210	891
210	897
210	906
210	931
210	962
210	982
210	992
211	227
211	229
211	235
211	268
211	287
211	288
211	291
211	299
211	329
211	367
211	387
211	510
211	780
211	800
211	806
211	854
211	872
211	875
212	217
212	229
212	231
212	256
212	278
212	289
212	292
212	404
212	478
212	493
212	566
212	669
212	774
213	218
213	226
213	242
213	243
213	247
213	254
213	258
213	277
213	411
213	436
213	474
213	555
213	557
213	831
213	951
214	224
214	227
214	228
214	240
214	242
214	258
214	262
214	267
214	271
214	275
214	277
214	288
214	298
214	304
214	416
214	459
214	521
214	634
214	673
214	730
214	910
214	938
214	977
215	234
215	250
215	267
215	268
215	286
215	330
215	355
215	374
215	436
215	482
215	537
216	236
216	250
216	261
216	275
216	291
216	299
216	661
216	730
216	745
216	750
216	786
216	978
217	220
217	250
217	254
217	259
217	263
217	271
217	278
217	280
217	291
217	359
217	443
217	484
217	492
217	526
217	598
217	601
217	904
217	908
218	227
218	239
218	240
218	253
218	258
218	275
218	287
218	295
218	490
218	577
218	648
218	840
218	897
219	225
219	231
219	266
219	273
219	280
219	526
219	529
219	638
219	747
219	865
219	917
220	222
220	248
220	250
220	255
220	259
220	290
220	363
220	404
220	418
220	572
220	583
220	702
220	711
220	713
220	842
220	949
220	963
221	242
221	244
221	255
221	258
221	276
221	282
221	344
221	421
221	537
221	578
221	595
221	611
221	626
221	954
222	228
222	229
222	233
222	246
222	247
222	255
222	256
222	261
222	276
222	280
222	287
222	402
222	498
222	509
222	547
222	578
222	597
222	618
222	684
222	686
222	723
222	733
222	854
222	862
222	889
222	909
222	960
222	961
223	242
223	249
223	250
223	263
223	289
223	332
223	373
223	558
223	570
223	874
223	944
223	966
224	226
224	231
224	236
224	284
224	289
224	509
224	664
224	708
224	714
224	762
224	809
224	837
224	960
224	972
225	230
225	240
225	242
225	247
225	262
225	271
225	299
225	328
225	384
225	440
225	805
226	237
226	248
226	255
226	275
226	293
226	343
226	345
226	503
226	559
226	614
226	813
226	869
226	879
226	951
226	991
227	227
227	279
227	289
227	292
227	443
227	453
227	474
227	494
227	526
228	239
228	248
228	271
228	279
228	283
228	297
228	377
228	422
228	521
228	543
228	546
228	723
228	730
228	737
228	866
228	936
229	232
229	242
229	245
229	246
229	268
229	271
229	274
229	284
229	286
229	410
229	478
229	504
229	567
229	648
229	865
230	232
230	233
230	235
230	240
230	245
230	280
230	284
230	413
230	469
230	500
230	541
230	542
230	652
230	715
230	767
230	843
230	972
230	998
231	235
231	242
231	243
231	245
231	249
231	274
231	280
231	300
231	392
231	422
231	444
231	536
231	584
231	590
231	701
231	823
231	834
231	918
232	253
232	277
232	282
232	283
232	291
232	297
232	332
232	466
232	675
232	813
232	943
233	240
233	242
233	249
233	276
233	278
233	475
233	689
233	809
233	865
233	960
234	243
234	264
234	267
234	272
234	297
234	298
234	310
234	374
234	393
234	394
234	419
234	625
234	707
234	778
234	796
234	799
234	867
235	242
235	269
235	275
235	277
235	290
235	449
235	652
235	704
235	735
235	955
235	992
236	236
236	249
236	274
236	276
236	280
236	299
236	394
236	545
236	663
236	674
236	695
236	763
236	801
236	902
236	961
236	990
237	245
237	266
237	273
237	277
237	287
237	476
237	527
237	593
237	629
237	842
237	860
237	882
237	912
237	927
238	253
238	259
238	262
238	271
238	274
238	280
238	281
238	291
238	296
238	367
238	656
238	699
238	739
239	258
239	278
239	280
239	287
239	290
239	292
239	490
239	529
239	537
239	708
240	255
240	267
240	282
240	338
240	448
240	558
240	596
240	734
240	860
240	861
240	868
240	922
240	932
240	952
240	958
241	242
241	268
241	270
241	271
241	285
241	288
241	394
241	425
241	521
241	535
241	550
241	603
241	709
242	272
242	284
242	295
242	548
242	582
242	595
242	633
242	715
242	855
242	958
242	961
242	963
243	251
243	252
243	268
243	506
243	539
243	587
243	834
243	838
243	843
244	252
244	258
244	274
244	291
244	293
244	388
244	564
244	733
244	774
244	823
244	868
244	985
245	252
245	266
245	274
245	402
245	506
245	554
245	682
245	798
245	988
246	255
246	262
246	273
246	275
246	285
246	291
246	294
246	296
246	495
246	528
246	712
246	790
246	821
247	262
247	281
247	286
247	372
247	422
247	443
247	528
247	639
247	766
247	795
247	830
247	877
247	893
247	947
248	272
248	288
248	299
248	307
248	309
248	383
248	414
248	418
248	456
248	559
248	592
248	598
248	603
248	650
248	808
248	906
249	260
249	279
249	280
249	293
249	312
249	426
249	430
249	629
249	697
249	748
250	284
250	286
250	466
250	499
250	701
250	702
250	791
250	803
250	911
251	259
251	260
251	280
251	293
251	294
251	299
251	381
251	399
251	584
251	777
251	887
252	252
252	278
252	293
252	296
252	474
252	551
252	729
252	783
252	823
252	996
253	255
253	256
253	281
253	283
253	293
253	420
253	425
253	426
253	714
253	910
253	913
254	265
254	280
254	282
254	284
254	297
254	373
254	417
254	499
254	602
254	648
254	730
254	736
254	839
254	890
255	259
255	260
255	285
255	305
255	352
255	649
255	659
255	698
255	715
255	826
255	960
256	270
256	281
256	282
256	289
256	297
256	298
256	370
256	558
256	663
256	742
256	776
256	967
256	983
257	281
257	475
257	558
257	608
257	611
257	671
257	676
257	713
257	848
257	888
257	907
257	963
257	966
257	988
258	260
258	273
258	278
258	287
258	344
258	746
258	825
258	857
258	920
258	959
258	971
258	973
259	261
259	558
259	595
259	677
259	751
259	933
259	972
259	978
259	987
259	991
259	995
260	263
260	274
260	388
260	519
260	556
260	595
260	744
260	824
260	960
261	263
261	267
261	276
261	384
261	452
261	554
261	560
261	639
261	683
261	718
261	759
261	876
261	979
262	268
262	290
262	295
262	521
262	659
262	682
262	917
262	981
263	270
263	294
263	298
263	389
263	410
263	536
263	604
263	658
263	659
263	847
263	867
263	920
263	953
263	972
263	990
264	277
264	280
264	299
264	364
264	514
264	518
264	624
265	280
265	281
265	313
265	465
265	479
265	552
265	588
265	627
265	652
265	718
265	793
265	805
265	821
265	931
265	978
266	282
266	295
266	332
266	438
266	506
266	568
266	578
266	626
266	661
266	775
266	809
266	976
267	270
267	274
267	363
267	464
267	754
267	832
267	926
267	935
268	271
268	292
268	294
268	299
268	322
268	388
268	488
268	521
268	632
268	691
268	731
268	871
268	881
269	270
269	358
269	414
269	424
269	534
269	576
269	687
269	711
269	721
269	904
270	282
270	292
270	295
270	296
270	297
270	304
270	438
270	648
270	705
270	804
270	856
270	985
271	273
271	296
271	351
271	357
271	457
271	475
271	538
271	596
271	612
271	664
271	680
271	706
272	276
272	281
272	309
272	318
272	357
272	407
272	867
273	281
273	282
273	285
273	295
273	683
273	759
273	866
273	904
273	931
273	949
274	312
274	471
274	535
274	560
274	569
274	618
274	655
274	692
274	898
274	905
275	275
275	281
275	292
275	342
275	511
275	553
275	610
275	753
275	765
275	783
275	855
275	908
275	910
275	976
275	988
276	279
276	346
276	528
276	594
276	659
276	770
276	813
276	823
276	838
277	290
277	390
277	466
277	529
277	551
277	878
278	286
278	330
278	579
278	585
278	647
278	677
278	766
278	793
278	921
278	981
279	295
279	299
279	414
279	609
279	750
279	848
279	854
279	945
280	288
280	338
280	342
280	432
280	596
280	601
280	647
280	708
280	713
280	794
280	940
280	944
280	999
281	290
281	299
281	394
281	474
281	486
281	569
281	699
281	908
281	933
281	997
282	295
282	303
282	305
282	338
282	395
282	545
282	669
282	720
282	836
282	853
282	906
282	933
283	290
283	687
283	700
283	748
283	752
283	822
283	905
283	913
283	917
283	982
284	286
284	398
284	407
284	676
284	703
284	773
284	931
284	999
285	392
285	438
285	455
285	494
285	495
285	505
285	509
285	539
285	633
285	641
285	977
286	287
286	291
286	294
286	335
286	345
286	412
286	418
286	525
286	903
286	986
287	294
287	596
287	712
287	716
287	718
287	801
287	835
288	294
288	296
288	298
288	320
288	433
288	443
288	540
288	551
288	645
288	654
288	774
288	878
288	893
288	967
289	321
289	330
289	384
289	399
289	447
289	516
289	659
289	683
289	716
289	814
289	867
290	292
290	332
290	389
290	492
290	604
290	623
290	635
290	811
291	565
291	639
291	644
291	657
291	720
291	742
291	788
291	861
292	294
292	324
292	371
292	390
292	517
292	573
292	653
292	686
292	689
292	734
292	756
292	760
292	975
293	296
293	316
293	343
293	349
293	393
293	419
293	559
293	677
293	700
293	767
293	810
294	334
294	397
294	492
294	498
294	510
294	547
294	607
294	643
294	657
294	663
294	750
294	858
294	968
295	320
295	394
295	565
295	592
295	678
295	694
295	761
295	877
296	299
296	406
296	458
296	520
296	560
296	668
296	694
296	707
296	766
296	767
296	797
296	989
297	378
297	485
297	490
297	570
297	622
297	694
297	808
297	835
297	886
298	320
298	334
298	350
298	410
298	429
298	521
298	533
298	539
298	591
298	918
298	976
298	981
298	983
299	412
299	458
299	729
299	877
299	880
300	306
300	309
300	326
300	333
300	349
300	351
300	359
300	376
300	377
300	380
300	478
300	485
300	516
300	530
300	740
300	783
300	814
300	860
300	885
300	895
300	971
301	314
301	316
301	327
301	334
301	335
301	344
301	349
301	352
301	354
301	367
301	369
301	376
301	386
301	387
301	392
301	642
301	799
301	832
301	881
301	886
301	955
302	326
302	330
302	349
302	358
302	360
302	396
302	502
302	591
302	606
302	614
302	689
302	787
302	882
303	310
303	316
303	340
303	343
303	373
303	431
303	489
303	499
303	588
303	651
303	738
303	844
303	975
304	336
304	340
304	342
304	362
304	364
304	371
304	374
304	376
304	385
304	390
304	475
304	737
305	308
305	324
305	353
305	373
305	379
305	384
305	426
305	441
305	706
306	319
306	333
306	334
306	345
306	351
306	390
306	467
306	474
306	553
306	711
306	810
306	833
307	341
307	358
307	362
307	376
307	382
307	443
307	539
307	547
307	560
307	633
307	653
307	681
307	829
307	919
307	940
308	312
308	343
308	369
308	371
308	372
308	387
308	393
308	398
308	471
308	494
308	593
308	861
308	879
308	888
308	920
308	963
309	309
309	319
309	329
309	330
309	339
309	350
309	353
309	379
309	380
309	387
309	398
309	505
309	566
309	691
309	732
309	735
309	754
309	905
310	311
310	324
310	333
310	340
310	361
310	375
310	379
310	394
310	431
310	489
310	490
310	664
310	789
310	835
310	904
310	943
311	314
311	327
311	341
311	342
311	359
311	382
311	389
311	397
311	572
311	586
311	598
311	638
311	703
311	758
311	816
311	817
311	966
311	972
312	314
312	318
312	353
312	356
312	369
312	393
312	395
312	412
312	438
312	457
312	490
312	500
312	506
312	704
312	780
312	935
312	942
313	313
313	316
313	325
313	335
313	344
313	360
313	376
313	384
313	392
313	396
313	553
313	691
313	729
313	907
313	908
313	987
314	337
314	350
314	363
314	364
314	480
314	549
314	618
314	698
314	710
314	723
314	772
314	892
314	975
314	977
315	323
315	329
315	350
315	369
315	392
315	462
315	576
315	587
315	741
315	804
316	317
316	325
316	327
316	330
316	331
316	338
316	341
316	367
316	382
316	387
316	429
316	524
316	639
316	666
316	773
316	812
316	892
316	910
316	969
317	318
317	327
317	344
317	355
317	358
317	359
317	361
317	367
317	374
317	376
317	378
317	379
317	383
317	396
317	399
317	410
317	525
317	553
317	657
317	692
317	778
317	780
317	866
317	884
317	959
317	964
318	324
318	334
318	338
318	353
318	377
318	389
318	454
318	461
318	505
318	529
318	593
318	727
318	780
318	884
318	896
318	989
319	322
319	325
319	341
319	345
319	388
319	391
319	395
319	397
319	599
319	683
319	692
319	710
319	717
319	785
319	818
319	827
319	881
319	887
319	917
320	332
320	335
320	342
320	355
320	356
320	360
320	367
320	388
320	408
320	449
320	516
320	550
320	562
320	744
320	752
320	796
320	861
320	875
320	919
321	321
321	345
321	347
321	348
321	355
321	356
321	366
321	373
321	381
321	391
321	676
321	710
321	746
321	773
321	830
321	870
321	919
321	964
322	330
322	333
322	352
322	370
322	405
322	461
322	469
322	489
322	517
322	551
322	750
322	893
322	975
323	331
323	339
323	343
323	356
323	371
323	375
323	390
323	391
323	453
323	466
323	496
323	610
323	784
323	909
323	923
323	931
324	344
324	370
324	381
324	387
324	465
324	552
324	611
324	679
324	691
324	696
324	915
325	328
325	333
325	340
325	352
325	369
325	372
325	397
325	525
325	563
325	582
325	715
325	744
325	757
325	796
325	956
326	333
326	334
326	338
326	340
326	344
326	347
326	365
326	375
326	389
326	452
326	635
326	751
326	829
326	884
326	960
326	992
327	359
327	370
327	379
327	380
327	381
327	439
327	445
327	504
327	623
327	976
328	337
328	345
328	347
328	359
328	361
328	375
328	383
328	458
328	487
328	492
328	674
328	711
328	756
328	882
328	916
328	970
328	980
328	985
329	351
329	370
329	380
329	384
329	395
329	396
329	578
329	579
329	860
330	339
330	348
330	352
330	357
330	367
330	386
330	395
330	416
330	471
330	627
330	711
330	714
330	736
330	860
330	923
331	336
331	343
331	350
331	357
331	358
331	493
331	511
331	662
331	826
331	835
331	845
331	864
331	917
331	930
332	348
332	359
332	360
332	375
332	378
332	382
332	391
332	559
332	619
332	734
332	816
333	340
333	347
333	364
333	380
333	383
333	387
333	390
333	511
333	559
333	574
333	720
333	824
333	838
333	907
333	947
334	335
334	337
334	340
334	347
334	348
334	362
334	389
334	414
334	584
334	602
334	797
334	805
334	947
334	964
335	348
335	354
335	360
335	366
335	392
335	455
335	465
335	469
335	514
335	599
335	691
335	719
335	754
335	764
335	779
335	837
336	340
336	358
336	368
336	375
336	382
336	393
336	399
336	468
336	494
336	611
336	629
336	648
336	962
337	343
337	344
337	347
337	349
337	355
337	381
337	395
337	397
337	431
337	449
337	571
337	656
337	747
337	789
337	949
338	364
338	371
338	378
338	396
338	619
338	650
338	651
338	677
338	803
338	896
339	340
339	353
339	360
339	384
339	393
339	431
339	480
339	700
339	733
339	854
339	858
339	863
340	348
340	363
340	366
340	381
340	526
340	777
340	801
340	856
341	344
341	361
341	376
341	389
341	395
341	511
341	522
341	605
341	698
341	841
341	857
341	873
341	893
341	921
342	372
342	378
342	390
342	392
342	484
342	557
342	757
342	988
343	343
343	379
343	391
343	395
343	424
343	473
343	485
343	577
343	641
343	745
343	760
343	793
343	815
343	947
344	358
344	360
344	364
344	367
344	378
344	379
344	387
344	389
344	392
344	395
344	420
344	444
344	511
344	630
344	680
344	844
344	867
344	869
345	350
345	361
345	373
345	390
345	393
345	408
345	482
345	549
345	553
345	699
345	785
345	802
345	867
346	352
346	353
346	358
346	432
346	466
346	498
346	553
346	718
346	877
347	355
347	359
347	360
347	363
347	366
347	372
347	396
347	431
347	486
347	568
347	852
347	868
348	350
348	353
348	359
348	370
348	374
348	379
348	388
348	390
348	397
348	410
348	468
348	492
348	616
348	663
348	931
348	944
349	351
349	352
349	367
349	372
349	382
349	790
349	810
349	915
349	926
350	350
350	352
350	354
350	363
350	368
350	375
350	389
350	547
350	584
350	630
351	355
351	374
351	396
351	398
351	616
351	790
351	830
351	936
352	356
352	371
352	375
352	390
352	446
352	467
352	503
352	632
352	679
352	698
352	735
352	872
352	875
352	899
352	906
353	373
353	381
353	399
353	508
353	821
353	971
353	993
354	355
354	374
354	380
354	395
354	397
354	436
354	440
354	539
354	747
354	774
354	861
354	981
355	382
355	407
355	440
355	460
355	471
355	501
355	710
355	884
355	890
355	905
356	365
356	373
356	427
356	428
356	447
356	507
356	637
356	734
356	797
356	813
356	833
356	960
356	991
357	378
357	434
357	768
357	927
358	381
358	382
358	390
358	398
358	517
358	631
358	654
358	833
359	360
359	363
359	393
359	395
359	397
359	470
359	552
359	666
359	713
359	865
359	940
360	365
360	438
360	518
360	562
360	576
360	593
360	693
360	796
360	956
361	380
361	386
361	392
361	403
361	433
361	486
361	530
361	642
361	736
361	769
361	953
361	958
362	380
362	382
362	428
362	437
362	475
362	543
362	565
362	573
362	669
362	677
362	708
362	766
362	924
362	961
363	398
363	467
363	557
363	594
363	750
363	836
363	860
363	899
364	373
364	375
364	391
364	394
364	527
364	618
364	673
364	683
364	707
364	769
364	914
364	943
364	983
364	991
365	366
365	367
365	373
365	389
365	398
365	473
365	647
365	664
365	780
365	842
365	915
365	958
366	371
366	384
366	393
366	395
366	550
366	600
366	608
366	691
366	717
366	798
366	820
366	923
367	368
367	372
367	392
367	395
367	482
367	523
367	581
367	582
367	704
367	872
367	945
368	425
368	426
368	482
368	547
368	554
368	558
368	813
368	824
368	877
368	931
368	948
368	980
369	374
369	381
369	383
369	390
369	442
369	778
369	804
369	864
369	948
369	976
370	382
370	593
370	822
370	962
370	982
371	375
371	389
371	391
371	578
371	656
371	870
371	879
371	886
372	388
372	392
372	395
372	397
372	465
372	602
372	760
372	805
372	847
372	870
373	376
373	393
373	706
373	752
373	817
374	375
374	472
374	527
374	542
374	635
374	682
375	377
375	388
375	399
375	416
375	492
375	502
375	590
375	680
375	762
375	869
376	386
376	392
376	525
376	612
376	671
376	786
376	790
376	805
376	881
376	966
377	384
377	396
377	397
377	459
377	482
377	502
377	513
377	515
377	640
377	818
377	847
377	850
377	861
377	863
378	396
378	399
378	463
378	521
378	668
378	684
378	767
378	800
379	387
379	393
379	438
379	461
379	472
379	627
379	782
379	836
379	905
379	937
379	940
379	972
380	453
380	486
380	508
380	555
380	675
380	746
380	825
380	922
380	934
380	961
380	977
381	412
381	417
381	434
381	544
381	553
381	592
381	606
381	715
381	733
381	789
381	806
381	825
382	484
382	492
382	895
382	912
382	973
382	994
383	384
383	414
383	415
383	588
383	589
383	654
383	756
383	790
384	384
384	387
384	394
384	516
384	550
384	654
384	815
384	855
385	395
385	434
385	569
385	606
385	706
385	772
385	810
385	851
386	506
386	549
386	637
386	760
386	872
386	877
386	894
386	935
387	392
387	674
387	678
387	687
387	724
387	753
387	879
387	957
388	397
388	416
388	448
388	553
388	571
388	585
388	592
388	674
388	885
388	972
389	532
389	616
389	719
389	759
389	782
389	786
389	805
389	883
390	399
390	698
390	861
391	611
391	798
392	438
392	467
392	471
392	472
392	635
392	674
392	996
393	486
393	549
393	752
394	480
394	486
394	534
394	552
394	585
394	738
394	744
394	751
394	801
394	865
395	399
395	401
395	673
395	819
396	614
396	682
396	701
396	703
396	736
397	520
397	668
397	749
397	816
397	867
397	915
398	580
398	781
398	795
398	797
398	820
398	857
399	505
399	509
399	553
399	580
399	709
399	720
399	745
399	780
399	914
400	413
400	424
400	451
400	453
400	467
400	482
400	524
400	529
400	533
400	817
400	872
400	886
400	899
400	913
400	942
400	995
401	407
401	408
401	431
401	444
401	477
401	478
401	481
401	493
401	540
401	729
401	773
401	776
401	852
401	871
401	877
402	425
402	451
402	454
402	466
402	473
402	484
402	489
402	491
403	406
403	409
403	420
403	490
403	497
403	499
403	504
403	598
403	943
404	406
404	414
404	425
404	446
404	447
404	463
404	637
404	713
404	796
404	849
404	961
404	994
405	405
405	412
405	413
405	415
405	428
405	430
405	452
405	492
405	724
405	727
405	749
405	858
405	902
405	912
405	945
405	956
405	964
406	417
406	418
406	424
406	426
406	428
406	432
406	457
406	473
406	620
406	672
406	725
406	919
406	920
407	413
407	416
407	430
407	446
407	455
407	474
407	480
407	490
407	492
407	515
407	666
407	695
407	698
407	788
407	939
407	957
408	448
408	451
408	497
408	507
408	613
408	781
408	796
408	814
408	878
408	931
408	949
409	419
409	443
409	453
409	474
409	475
409	484
409	485
409	497
409	534
409	613
409	728
409	916
409	919
409	931
410	421
410	442
410	454
410	457
410	465
410	467
410	480
410	483
410	495
410	496
410	741
410	856
411	413
411	427
411	430
411	440
411	461
411	482
411	484
411	485
411	493
411	550
411	643
411	712
411	754
411	767
411	774
411	814
411	858
412	451
412	460
412	473
412	482
412	562
412	631
412	669
412	729
412	743
412	855
413	415
413	439
413	440
413	461
413	468
413	482
413	487
413	628
413	704
413	862
413	901
413	968
414	422
414	432
414	434
414	445
414	450
414	463
414	474
414	572
414	608
414	630
414	958
415	436
415	444
415	484
415	684
415	730
415	740
415	780
415	795
416	417
416	479
416	483
416	533
416	615
416	683
416	809
416	876
416	891
416	918
416	943
417	440
417	449
417	450
417	454
417	456
417	459
417	462
417	475
417	502
417	506
417	607
417	886
417	930
418	428
418	431
418	450
418	455
418	465
418	475
418	488
418	494
418	535
418	543
418	604
418	635
418	687
418	757
418	796
418	829
418	840
418	879
418	912
418	944
419	452
419	457
419	462
419	492
419	504
419	507
419	582
419	733
419	865
420	442
420	458
420	468
420	472
420	477
420	478
420	481
420	483
420	495
420	496
420	902
421	424
421	426
421	438
421	454
421	469
421	472
421	484
421	487
421	492
421	787
421	789
421	813
421	855
422	432
422	434
422	436
422	442
422	449
422	466
422	479
422	693
422	807
422	834
423	429
423	431
423	459
423	464
423	471
423	499
423	552
423	682
423	693
423	734
423	802
423	912
423	967
423	993
424	432
424	437
424	444
424	448
424	455
424	466
424	496
424	497
424	603
424	674
424	693
424	872
424	891
424	949
425	430
425	484
425	487
425	491
425	569
425	577
425	632
425	633
425	696
425	834
425	913
425	959
426	429
426	432
426	444
426	445
426	452
426	465
426	472
426	474
426	479
426	482
426	489
426	514
426	686
426	722
426	828
426	865
426	923
426	930
426	967
427	448
427	461
427	462
427	654
427	659
427	670
427	759
427	777
427	897
427	935
427	974
428	430
428	439
428	442
428	443
428	472
428	492
428	560
428	683
428	685
428	700
428	830
428	933
429	429
429	430
429	438
429	441
429	472
429	473
429	486
429	493
429	498
429	499
429	756
429	823
429	920
430	444
430	466
430	468
430	476
430	477
430	478
430	486
430	497
430	622
430	663
430	772
430	851
430	965
431	434
431	435
431	459
431	465
431	466
431	487
431	492
431	498
431	584
431	630
431	656
431	743
431	778
431	784
431	971
432	446
432	465
432	475
432	483
432	528
432	601
432	667
432	734
432	765
432	802
432	803
433	434
433	437
433	440
433	463
433	465
433	471
433	476
433	920
433	951
434	434
434	470
434	474
434	486
434	527
434	587
434	627
434	683
434	864
435	436
435	438
435	448
435	456
435	461
435	473
435	490
435	515
435	650
435	704
435	799
435	815
435	818
435	841
436	437
436	439
436	458
436	459
436	461
436	463
436	465
436	466
436	477
436	487
436	492
436	494
436	499
436	507
436	624
436	761
437	458
437	468
437	480
437	708
437	732
437	788
437	790
437	844
437	924
437	957
437	975
438	446
438	454
438	459
438	478
438	488
438	496
438	497
438	561
438	665
438	821
439	443
439	475
439	577
439	591
439	668
439	693
439	724
439	733
439	759
439	838
439	902
439	936
440	447
440	458
440	459
440	464
440	472
440	475
440	498
440	532
440	561
440	624
440	732
440	884
441	448
441	471
441	497
441	556
441	915
442	446
442	452
442	456
442	459
442	461
442	473
442	482
442	543
442	601
442	715
442	781
442	810
443	448
443	458
443	497
443	785
443	996
444	448
444	451
444	458
444	464
444	470
444	472
444	473
444	479
444	550
444	577
444	719
444	767
444	784
444	905
444	912
444	946
444	962
445	455
445	465
445	477
445	490
445	491
445	493
445	512
445	558
445	726
445	900
445	917
446	473
446	478
446	490
446	539
446	613
446	692
446	769
447	452
447	464
447	476
447	477
447	496
447	557
447	604
447	620
447	651
447	708
447	863
447	882
447	936
448	459
448	472
448	496
448	796
448	834
448	912
449	456
449	459
449	462
449	470
449	478
449	483
449	515
449	589
449	664
449	704
449	734
449	844
449	909
449	951
449	983
450	452
450	453
450	460
450	468
450	488
450	605
450	619
450	659
450	690
450	695
450	744
450	757
450	859
450	863
450	875
450	893
450	988
451	455
451	457
451	462
451	499
451	621
451	912
452	458
452	459
452	544
452	558
452	802
452	897
453	457
453	462
453	464
453	488
453	490
453	740
453	910
453	938
454	455
454	457
454	479
454	497
454	548
454	601
454	626
454	659
454	675
454	693
454	718
454	741
454	742
454	796
454	856
454	858
455	459
455	460
455	462
455	489
455	491
455	496
455	714
455	756
455	865
455	898
455	995
456	457
456	458
456	491
456	492
456	624
456	660
457	458
457	485
457	495
457	546
457	588
457	893
458	486
458	497
458	549
458	573
458	576
458	633
458	657
458	704
458	743
458	794
458	937
459	485
459	498
459	499
459	548
459	586
459	633
459	756
459	986
459	998
460	466
460	467
460	493
460	580
460	633
460	739
460	817
461	468
461	491
461	494
461	626
461	740
461	764
461	765
461	883
461	972
462	470
462	479
462	480
462	486
462	493
462	501
462	551
462	621
462	638
462	731
462	824
462	833
462	937
462	977
463	467
463	479
463	482
463	485
463	579
463	623
463	811
463	894
463	921
464	472
464	501
464	509
464	525
464	636
464	642
464	725
464	991
465	472
465	484
465	488
465	491
465	494
465	497
465	534
465	605
465	627
465	636
465	672
465	827
465	888
465	919
465	928
465	931
465	949
465	991
466	478
466	490
466	608
466	861
466	895
467	468
467	488
467	489
467	494
467	506
467	528
467	581
467	700
467	786
467	845
467	886
467	903
467	983
468	473
468	475
468	479
468	481
468	486
468	489
468	498
468	520
468	650
468	678
468	680
468	715
468	997
469	511
469	533
469	609
469	694
469	882
469	975
470	486
470	498
470	507
470	551
470	789
471	473
471	486
471	549
471	653
471	780
471	838
471	901
471	968
472	480
472	484
472	593
472	643
472	657
472	684
472	736
472	765
472	767
472	893
472	941
472	964
473	474
473	475
473	483
473	493
473	494
473	495
473	511
473	546
473	563
473	699
473	761
474	493
474	496
474	540
474	685
474	918
474	941
474	977
475	498
475	562
475	773
475	796
476	485
476	496
476	497
476	626
476	644
476	689
476	908
476	976
476	978
476	985
477	483
477	490
477	493
477	720
477	823
477	849
478	518
478	556
478	574
478	836
478	846
478	910
478	926
478	961
479	490
479	493
479	498
479	795
479	899
479	943
480	487
480	492
480	557
480	587
480	616
480	939
480	959
481	497
481	883
481	948
482	484
482	499
482	525
482	545
482	628
482	652
482	654
482	703
482	767
482	768
483	493
483	495
483	568
483	570
483	581
483	596
483	616
483	875
483	894
483	973
484	558
484	584
484	616
484	639
484	796
484	916
484	958
485	522
485	580
485	623
485	670
485	763
485	870
485	948
486	514
486	657
486	723
486	760
486	868
486	869
486	914
486	960
486	972
486	975
486	997
487	494
487	952
487	974
488	511
488	518
488	564
488	790
488	852
488	863
488	876
488	978
489	490
489	592
489	613
489	700
489	939
489	990
490	491
490	498
490	571
490	672
490	797
490	870
490	872
491	499
491	553
491	670
491	671
491	836
491	945
492	497
492	514
492	568
492	588
492	619
492	621
492	667
492	839
492	849
492	970
493	496
493	505
493	610
493	732
493	799
493	908
493	937
493	975
494	528
494	602
494	605
494	632
494	766
494	811
494	994
495	496
495	731
495	741
495	754
495	999
496	507
496	540
496	600
496	620
496	635
496	799
496	856
496	863
496	905
496	965
496	991
496	997
497	549
497	649
497	830
498	732
498	834
498	914
498	982
499	510
499	660
499	678
499	775
499	841
499	926
499	946
500	507
500	527
500	535
500	536
500	540
500	553
500	557
500	572
500	576
500	577
500	614
500	856
500	991
501	513
501	526
501	527
501	528
501	542
501	555
501	588
501	593
501	645
501	779
501	931
502	508
502	512
502	514
502	541
502	545
502	553
502	580
502	599
502	948
503	514
503	515
503	519
503	539
503	569
503	572
503	580
503	647
503	848
503	872
503	884
503	941
504	505
504	526
504	546
504	547
504	548
504	555
504	563
504	569
504	572
504	580
504	585
504	586
504	634
504	645
504	726
504	873
504	960
504	985
505	511
505	517
505	526
505	538
505	539
505	541
505	554
505	559
505	579
505	650
505	691
505	764
505	957
506	520
506	534
506	544
506	560
506	563
506	570
506	578
506	583
506	585
506	591
506	820
506	979
506	989
507	524
507	526
507	535
507	538
507	562
507	583
507	584
507	593
507	599
507	708
507	730
507	853
507	872
507	895
508	524
508	565
508	566
508	569
508	578
508	583
508	589
508	591
508	740
508	759
508	788
508	838
508	886
509	513
509	526
509	549
509	562
509	570
509	582
509	597
509	666
509	806
509	863
509	961
509	968
510	519
510	524
510	550
510	551
510	554
510	578
510	582
510	867
510	881
510	992
511	519
511	524
511	531
511	553
511	556
511	557
511	583
511	586
511	596
511	598
511	647
511	687
511	900
512	513
512	516
512	529
512	550
512	563
512	566
512	568
512	576
512	589
512	679
512	885
512	996
513	516
513	519
513	524
513	526
513	527
513	537
513	540
513	552
513	559
513	561
513	578
513	587
513	595
513	722
513	798
513	849
513	886
514	515
514	520
514	548
514	573
514	623
514	648
514	654
514	656
514	946
515	531
515	533
515	586
515	588
515	599
515	622
515	652
515	710
516	517
516	520
516	529
516	532
516	543
516	546
516	554
516	563
516	571
516	572
516	577
516	585
516	586
516	644
516	894
516	899
516	994
517	533
517	535
517	537
517	541
517	558
517	560
517	564
517	577
517	591
517	614
517	619
517	937
517	974
517	982
518	549
518	573
518	589
518	596
518	795
518	842
519	555
519	564
519	566
519	570
519	571
519	574
519	620
519	787
519	837
519	868
519	871
520	523
520	524
520	526
520	528
520	531
520	542
520	544
520	550
520	569
520	573
520	574
520	583
520	590
520	591
520	603
520	737
520	910
520	941
520	946
520	994
521	521
521	524
521	538
521	539
521	547
521	550
521	553
521	563
521	567
521	575
521	592
521	596
521	682
521	787
521	795
521	834
521	881
521	949
522	523
522	528
522	532
522	542
522	544
522	554
522	566
522	571
522	599
522	625
522	698
522	715
522	828
522	980
523	537
523	566
523	589
523	728
523	866
523	994
524	524
524	543
524	550
524	554
524	569
524	571
524	572
524	866
524	951
525	528
525	536
525	541
525	547
525	553
525	556
525	562
525	565
525	571
525	579
525	587
525	589
525	594
525	598
525	721
525	736
525	839
525	890
525	966
526	539
526	572
526	576
526	583
526	588
526	703
526	738
526	787
526	832
526	950
526	991
527	527
527	532
527	534
527	544
527	559
527	565
527	578
527	583
527	593
527	595
527	665
527	743
527	903
527	971
528	552
528	563
528	566
528	577
528	613
528	688
528	807
528	822
528	917
529	530
529	535
529	550
529	556
529	587
529	923
529	974
530	531
530	546
530	547
530	561
530	566
530	569
530	577
530	580
530	582
530	586
530	592
530	598
530	888
530	970
531	548
531	571
531	572
531	619
531	624
531	689
531	700
531	741
531	743
531	872
531	897
531	984
532	537
532	544
532	560
532	561
532	565
532	568
532	572
532	579
532	595
532	777
532	852
532	919
533	542
533	548
533	553
533	558
533	579
533	598
533	661
533	729
533	737
533	774
533	784
533	794
533	924
533	929
533	945
534	550
534	551
534	567
534	568
534	584
534	585
534	591
534	595
534	754
534	756
534	812
534	950
535	539
535	544
535	562
535	571
535	578
535	586
535	588
535	589
535	594
535	788
535	817
535	870
535	914
536	544
536	551
536	595
536	596
536	668
536	680
536	747
536	757
536	762
536	911
536	955
537	544
537	546
537	561
537	567
537	568
537	575
537	589
537	591
537	684
537	772
537	833
537	869
537	874
537	880
537	966
538	546
538	562
538	564
538	585
538	643
538	676
538	736
538	918
538	935
539	540
539	548
539	569
539	573
539	629
539	660
539	697
539	786
539	808
539	981
540	550
540	562
540	592
540	595
540	629
540	765
541	542
541	544
541	556
541	559
541	560
541	570
541	587
541	747
541	760
541	775
541	801
541	892
541	915
541	925
541	974
541	990
542	544
542	574
542	593
542	699
542	728
542	783
542	868
542	880
542	930
542	951
543	550
543	553
543	571
543	578
543	581
543	614
543	811
543	825
543	944
544	547
544	553
544	574
544	583
544	585
544	639
544	671
544	682
544	722
544	794
544	909
544	915
544	962
544	994
545	563
545	567
545	576
545	579
545	670
545	713
545	773
545	952
546	548
546	549
546	555
546	568
546	573
546	591
546	740
546	840
546	869
546	902
546	920
546	976
546	986
547	552
547	562
547	563
547	592
547	712
547	735
547	785
547	808
547	951
547	955
548	551
548	556
548	559
548	564
548	636
548	685
548	738
548	769
548	813
548	841
548	864
548	894
549	551
549	555
549	557
549	561
549	563
549	567
549	574
549	577
549	593
549	700
549	777
549	985
550	553
550	559
550	561
550	732
550	783
550	899
550	900
551	562
551	564
551	571
551	589
551	591
551	812
551	823
551	824
551	947
552	558
552	566
552	588
552	877
552	953
552	999
553	574
553	598
553	718
553	789
553	883
554	561
554	566
554	573
554	580
554	594
554	596
554	679
554	731
554	734
554	769
554	797
554	818
554	837
554	917
555	598
555	599
555	615
555	812
555	938
556	569
556	580
556	582
556	595
556	597
556	670
556	721
556	743
556	778
556	807
556	871
556	933
556	974
557	578
557	593
557	598
557	724
557	781
557	848
557	872
558	561
558	571
558	579
558	580
558	596
558	613
558	619
558	621
558	624
558	878
559	586
559	594
559	832
559	936
560	561
560	563
560	588
560	589
560	591
560	636
560	713
560	844
561	562
561	571
561	594
561	596
561	742
561	926
561	948
561	972
561	997
562	586
562	714
562	715
562	813
562	838
562	847
563	574
563	596
563	598
563	628
563	915
564	574
564	579
564	586
564	591
564	700
564	847
564	862
564	906
564	928
565	569
565	594
565	691
565	716
565	869
565	875
566	570
566	596
566	597
566	707
566	763
567	568
567	572
567	579
567	588
567	599
567	816
567	817
567	832
567	968
568	580
568	591
568	606
568	630
568	694
568	764
568	798
568	856
568	860
569	576
569	587
569	599
569	632
569	729
569	753
569	755
569	810
570	572
570	717
570	755
570	887
570	905
570	915
571	609
571	630
571	657
571	687
571	776
571	877
571	882
572	583
572	591
572	595
572	736
572	770
572	890
572	950
572	962
573	575
573	599
573	622
573	739
573	849
573	935
574	578
574	585
574	595
574	596
574	619
574	640
574	694
574	807
574	814
574	895
575	590
575	619
575	654
575	716
575	724
575	725
575	741
575	797
575	867
575	888
575	973
576	578
576	595
576	596
576	688
576	755
576	758
576	784
576	966
577	584
577	594
577	596
577	627
577	769
577	877
577	981
577	992
578	685
578	717
578	828
578	874
578	958
579	597
579	658
579	681
579	740
579	763
579	766
579	770
579	992
580	757
580	774
580	924
580	956
581	598
581	630
581	639
581	690
581	766
581	866
582	593
582	594
582	596
582	642
582	821
582	929
582	981
582	982
583	588
583	611
583	612
583	743
583	780
583	851
583	867
583	894
583	919
583	962
584	891
585	781
585	813
585	830
585	860
586	587
586	805
586	844
586	946
586	977
587	587
587	749
587	843
587	845
588	864
588	866
589	589
589	668
590	670
590	885
591	594
591	634
591	759
591	789
591	803
591	900
592	625
592	649
592	718
592	811
592	817
592	841
593	675
593	715
593	767
593	797
593	865
593	881
594	645
594	730
594	867
594	895
594	987
595	850
595	989
596	682
596	702
596	778
596	883
596	885
597	748
597	901
597	936
597	976
598	819
598	831
598	892
599	687
599	695
599	732
599	921
599	965
600	629
600	649
600	659
600	672
600	690
600	697
600	707
600	743
600	780
601	609
601	625
601	630
601	635
601	650
601	659
601	673
601	686
601	878
601	906
602	620
602	628
602	642
602	645
602	659
602	669
602	689
602	697
602	699
602	738
602	807
602	841
602	898
602	952
603	620
603	623
603	657
603	660
603	675
603	686
603	847
603	970
604	620
604	639
604	641
604	655
604	675
604	692
604	693
604	726
604	816
604	940
604	987
605	606
605	633
605	654
605	661
605	673
605	681
605	684
605	693
605	816
605	880
605	940
606	621
606	626
606	632
606	634
606	651
606	653
606	654
606	669
606	681
606	699
606	847
606	886
607	619
607	623
607	649
607	678
607	685
607	687
607	689
607	702
607	871
607	951
608	622
608	627
608	628
608	653
608	689
608	710
608	926
608	992
609	613
609	622
609	632
609	655
609	671
609	672
609	673
609	677
609	728
609	810
609	839
609	908
609	949
609	971
609	979
610	631
610	671
610	676
610	680
610	756
610	904
610	931
610	946
611	633
611	672
611	760
611	778
612	642
612	683
612	690
612	739
612	830
612	862
612	924
612	941
613	618
613	633
613	651
613	653
613	655
613	670
613	671
613	775
613	796
613	813
613	864
614	624
614	628
614	630
614	638
614	643
614	663
614	679
614	687
614	694
614	731
614	814
615	621
615	623
615	633
615	643
615	649
615	659
615	670
615	671
615	673
615	688
615	802
615	833
615	850
615	993
616	638
616	647
616	652
616	676
616	679
616	682
616	684
616	686
616	698
616	718
616	756
616	846
616	886
617	641
617	683
617	696
617	760
617	767
617	937
618	618
618	621
618	653
618	661
618	667
618	691
618	695
618	696
618	697
618	724
618	891
618	953
619	621
619	641
619	666
619	670
619	676
619	679
619	690
619	694
619	840
619	863
619	961
620	630
620	636
620	637
620	652
620	659
620	663
620	667
620	669
620	684
620	697
620	798
620	949
621	655
621	665
621	669
621	679
621	688
621	699
621	764
621	864
621	975
622	626
622	674
622	681
622	690
622	692
622	695
622	713
622	773
622	816
622	865
622	931
622	976
623	627
623	648
623	655
623	658
623	670
623	679
623	684
623	687
623	738
623	819
623	822
623	889
623	905
623	993
624	626
624	627
624	628
624	649
624	650
624	651
624	653
624	660
624	685
624	696
624	707
624	773
624	777
624	830
624	875
624	998
625	629
625	643
625	647
625	648
625	653
625	659
625	717
625	799
625	862
626	630
626	653
626	656
626	661
626	688
626	699
626	757
626	942
627	653
627	656
627	659
627	668
627	673
627	674
627	677
627	686
627	824
628	642
628	646
628	648
628	663
628	664
628	739
628	908
629	638
629	641
629	677
629	684
629	803
629	832
630	632
630	647
630	656
630	664
630	669
630	675
630	677
630	678
630	679
630	682
630	693
630	702
630	771
630	821
630	827
630	899
631	668
631	670
631	751
631	946
632	643
632	655
632	656
632	667
632	680
632	739
632	798
632	862
632	999
633	648
633	654
633	658
633	665
633	677
633	898
634	638
634	666
634	672
634	687
634	694
634	696
634	697
634	699
634	731
635	635
635	666
635	675
635	690
635	691
635	692
635	698
635	737
635	756
635	793
635	892
635	914
636	656
636	665
636	682
636	684
636	691
636	720
636	736
636	745
636	787
636	807
636	860
636	875
636	916
636	931
636	941
636	991
637	645
637	663
637	667
637	673
637	677
637	682
637	693
637	697
637	698
637	715
637	756
637	847
637	859
637	932
637	954
638	645
638	649
638	654
638	663
638	670
638	673
638	677
638	681
638	684
638	688
638	905
638	916
639	659
639	683
639	687
639	688
639	699
639	785
639	861
639	870
639	909
639	988
640	646
640	653
640	655
640	670
640	672
640	684
640	689
640	724
640	762
640	784
640	824
640	870
640	913
640	942
641	642
641	649
641	652
641	660
641	665
641	676
641	687
641	691
641	696
641	744
641	796
641	995
642	650
642	666
642	672
642	673
642	686
642	687
642	689
642	700
642	794
643	647
643	657
643	666
643	678
643	690
643	782
644	664
644	666
644	679
644	695
644	699
644	738
644	764
644	766
645	657
645	667
645	672
645	687
645	964
646	658
646	669
646	671
646	673
646	681
646	686
646	687
646	698
646	699
646	711
646	807
647	664
647	668
647	676
647	696
647	737
647	761
647	782
647	828
647	926
648	650
648	662
648	667
648	671
648	676
648	683
648	684
648	714
648	724
648	943
648	951
649	653
649	655
649	658
649	666
649	673
649	681
649	683
649	684
649	694
649	744
649	788
649	793
649	845
649	922
650	651
650	664
650	665
650	679
650	685
650	772
650	782
650	906
650	926
651	659
651	664
651	693
651	770
651	794
651	916
651	921
652	652
652	673
652	679
652	697
652	755
652	806
652	836
653	655
653	667
653	678
653	708
653	770
653	787
653	864
653	964
654	671
654	672
654	699
654	840
654	957
655	665
655	667
655	680
655	689
655	693
655	849
655	906
656	684
656	688
656	690
656	724
656	801
656	885
656	980
657	668
657	690
657	828
657	939
658	661
658	665
658	666
658	669
658	675
658	699
658	829
658	951
658	970
658	985
658	997
659	665
659	671
659	685
659	689
659	697
659	817
659	985
660	679
660	725
660	741
660	761
660	799
660	800
660	841
661	673
661	685
661	734
661	877
662	664
662	665
662	688
662	692
662	944
662	994
663	664
663	667
663	673
663	687
663	691
663	776
663	833
663	898
663	908
663	936
663	966
664	668
664	683
664	685
664	693
664	698
664	786
665	692
665	722
665	734
665	746
665	754
665	795
665	877
665	960
665	963
666	673
666	677
666	678
666	680
666	681
666	694
666	703
666	751
666	796
667	689
667	722
667	771
667	945
668	684
668	694
668	695
668	698
668	752
668	799
668	871
669	678
669	685
669	687
669	689
669	730
669	755
669	761
669	795
669	845
669	898
669	901
670	678
670	683
670	686
670	691
670	888
671	676
671	728
671	744
671	812
672	802
672	826
672	838
672	886
672	944
672	981
673	673
673	674
673	687
673	743
673	773
673	810
673	818
673	902
673	919
673	937
674	682
674	733
674	739
674	967
675	687
675	696
675	730
675	766
675	849
675	928
675	978
676	683
676	685
676	687
676	697
676	796
676	868
676	932
677	696
677	787
677	800
677	883
677	896
677	968
678	707
678	708
678	919
678	981
679	693
679	714
679	775
680	685
680	690
680	720
680	755
680	783
680	798
680	937
680	982
681	690
681	692
681	696
681	757
681	833
681	919
682	685
682	693
682	718
682	772
682	805
682	829
683	782
683	819
683	863
683	983
684	913
685	696
685	785
685	799
685	810
686	697
686	714
686	770
687	691
687	758
687	879
687	984
688	689
688	693
688	720
688	742
688	996
689	765
689	785
689	907
689	921
689	924
689	933
690	763
690	827
690	878
690	976
691	807
691	837
691	921
691	927
692	757
692	901
692	951
693	748
693	845
693	859
693	902
694	737
694	829
694	851
694	917
695	800
695	861
695	899
696	824
696	830
697	752
697	818
697	877
697	879
697	909
698	746
698	774
699	722
699	725
700	712
700	718
700	719
700	724
700	752
700	768
700	770
700	788
700	935
701	708
701	714
701	722
701	727
701	758
701	788
701	799
701	951
702	744
702	751
702	752
702	753
702	766
702	772
702	787
702	823
702	854
702	903
702	952
702	996
703	731
703	736
703	737
703	759
703	761
703	793
703	855
704	713
704	723
704	742
704	752
704	763
704	770
704	792
704	797
704	841
704	842
704	852
704	892
705	712
705	724
705	732
705	733
705	748
705	750
705	765
705	766
705	773
705	778
705	788
705	798
705	806
706	707
706	712
706	713
706	722
706	726
706	727
706	740
706	750
706	763
706	767
706	791
706	792
706	916
707	737
707	741
707	747
707	755
707	760
707	769
707	779
707	796
707	799
707	911
708	726
708	737
708	739
708	745
708	754
708	758
708	768
708	789
708	798
708	828
708	847
708	871
708	873
708	907
708	977
709	726
709	743
709	751
709	757
709	762
709	780
709	791
709	821
709	992
710	721
710	724
710	754
710	770
710	773
710	784
710	792
710	814
710	849
710	867
710	924
710	962
710	987
711	717
711	718
711	722
711	727
711	730
711	742
711	750
711	753
711	757
711	780
711	852
711	975
711	978
712	725
712	727
712	728
712	735
712	737
712	761
712	766
712	767
712	781
712	858
712	882
713	713
713	738
713	746
713	748
713	754
713	755
713	771
713	772
713	774
713	775
713	776
713	786
713	792
713	793
713	936
713	973
714	722
714	739
714	750
714	768
714	790
714	796
714	841
714	849
714	880
715	715
715	722
715	729
715	745
715	752
715	785
715	788
716	724
716	737
716	754
716	756
716	763
716	765
716	796
716	799
716	862
716	866
716	977
717	727
717	736
717	742
717	745
717	755
717	756
717	760
717	786
717	798
717	809
717	867
717	871
717	935
718	727
718	730
718	737
718	742
718	767
718	771
718	795
718	799
718	824
718	859
718	906
718	921
719	734
719	735
719	744
719	745
719	746
719	756
719	757
719	761
719	771
719	776
719	778
719	786
719	823
719	945
719	953
719	972
720	720
720	722
720	754
720	755
720	756
720	758
720	879
720	887
720	891
720	906
721	745
721	753
721	754
721	771
721	775
721	784
721	797
721	816
721	897
721	992
722	726
722	732
722	738
722	741
722	745
722	758
722	778
722	810
722	830
722	901
723	743
723	765
723	792
723	926
723	939
723	959
724	748
724	789
724	890
724	925
724	998
725	731
725	765
725	766
725	778
725	784
725	786
725	793
725	812
725	821
725	830
725	832
725	842
725	943
726	726
726	732
726	735
726	748
726	752
726	764
726	767
726	769
726	770
726	772
726	774
726	779
726	783
726	801
726	839
726	912
726	972
726	990
727	728
727	738
727	743
727	764
727	773
727	774
727	793
727	794
727	797
727	804
727	823
727	917
727	967
728	732
728	737
728	741
728	743
728	772
728	773
728	791
728	792
728	795
728	944
728	949
729	731
729	749
729	758
729	760
729	766
729	770
729	779
729	780
729	792
729	796
729	851
729	946
730	730
730	738
730	758
730	769
730	774
730	791
730	792
730	794
730	799
730	946
731	749
731	769
731	794
731	892
732	737
732	746
732	748
732	759
732	764
732	778
732	785
732	793
732	815
732	961
733	754
733	757
733	770
733	921
733	924
733	963
734	740
734	742
734	743
734	751
734	763
734	767
734	774
734	779
734	794
734	795
734	989
735	737
735	765
735	773
735	794
735	845
735	853
736	741
736	753
736	757
736	764
736	774
736	775
736	784
736	889
736	960
737	738
737	752
737	760
737	772
737	797
737	854
737	901
738	769
738	792
738	797
738	803
738	931
739	747
739	765
739	767
739	776
739	778
739	780
739	781
740	744
740	753
740	771
740	775
740	799
740	859
740	863
741	741
741	758
741	773
741	780
741	792
741	921
742	743
742	744
742	762
742	764
742	769
742	927
742	949
743	763
743	766
743	767
743	776
743	778
743	859
743	887
743	899
743	908
744	765
744	785
744	787
744	857
744	878
744	922
745	755
745	782
745	784
745	795
745	796
745	851
745	859
745	939
745	945
746	769
746	773
746	783
746	859
746	883
747	751
747	757
747	760
747	765
747	767
747	771
747	789
747	801
747	957
747	982
748	750
748	785
748	793
748	799
748	806
748	860
748	890
748	917
748	982
749	773
749	794
749	977
750	859
750	925
751	770
751	806
751	814
751	869
751	935
752	752
752	758
752	765
752	774
752	785
752	871
752	937
752	944
752	967
753	762
753	764
753	766
753	767
753	773
753	794
753	796
753	819
753	856
753	961
753	993
754	779
754	789
754	797
755	778
755	781
755	789
755	795
755	797
755	909
756	760
756	778
756	780
756	783
756	789
756	809
756	845
757	760
757	764
757	765
757	771
757	772
757	774
757	778
757	779
757	813
757	830
757	844
757	978
757	983
757	992
758	767
758	829
759	781
759	799
759	978
760	775
760	791
760	864
761	766
761	768
761	772
761	773
761	792
761	844
761	957
761	973
762	769
762	774
762	776
762	779
762	793
762	850
762	855
762	916
762	970
763	769
763	779
764	766
764	768
764	777
764	783
764	937
764	999
765	870
766	774
766	784
766	785
766	794
767	770
767	771
767	781
767	789
767	799
767	870
767	968
768	781
768	904
768	914
768	920
768	946
768	972
768	993
769	777
769	789
769	791
769	799
769	844
769	938
769	956
770	781
770	785
770	865
770	871
770	895
770	977
771	782
771	784
771	798
771	825
771	830
771	853
771	900
772	775
772	777
772	778
772	785
772	792
772	795
772	798
772	823
772	840
772	931
772	991
773	776
773	844
773	872
773	873
773	912
773	960
774	777
774	788
774	791
775	799
775	819
775	940
776	779
776	800
777	777
777	918
778	779
778	783
778	789
778	791
779	959
779	987
780	784
780	789
780	790
781	793
781	962
782	789
782	791
782	794
782	929
782	935
782	979
783	796
783	886
784	995
785	786
785	836
785	862
785	963
786	991
786	994
787	789
787	824
787	838
787	854
787	978
788	985
789	840
789	854
790	983
791	802
791	832
791	839
791	880
792	803
792	815
792	858
792	928
793	836
793	852
793	913
793	927
793	962
794	883
795	824
795	857
795	939
795	985
796	856
796	903
797	799
797	853
797	938
798	829
798	847
798	971
799	869
799	893
799	958
799	995
800	810
800	812
800	817
800	818
800	821
800	832
800	836
800	843
800	844
800	847
800	854
800	866
800	870
800	893
800	894
800	909
800	978
800	992
801	806
801	811
801	816
801	825
801	828
801	853
801	870
801	871
801	874
801	888
801	891
801	906
801	910
802	803
802	812
802	818
802	826
802	827
802	839
802	876
802	880
802	881
802	894
802	899
803	805
803	806
803	808
803	824
803	843
803	867
803	870
803	902
804	804
804	813
804	820
804	824
804	830
804	839
804	847
804	859
804	867
804	887
804	977
805	828
805	845
805	857
805	863
805	893
805	933
806	807
806	835
806	838
806	839
806	841
806	859
806	863
806	887
806	889
806	898
806	991
807	831
807	853
807	870
807	944
807	979
808	810
808	814
808	824
808	835
808	837
808	838
808	845
808	851
808	856
808	857
808	860
808	862
808	867
808	885
808	909
808	914
809	817
809	830
809	831
809	836
809	852
809	854
809	862
809	866
809	870
809	871
809	875
809	885
809	889
809	909
809	954
809	967
810	845
810	846
810	856
810	859
810	872
811	818
811	846
811	858
811	862
811	873
811	883
811	886
811	942
812	832
812	835
812	842
812	844
812	846
812	856
812	883
812	887
812	889
812	891
812	896
812	905
812	965
813	814
813	815
813	824
813	840
813	853
813	858
813	870
813	871
813	883
813	901
814	825
814	829
814	839
814	863
814	866
814	869
814	878
814	885
815	826
815	830
815	862
815	865
815	866
815	871
815	877
815	878
815	883
815	886
815	897
815	899
815	907
815	916
815	920
816	829
816	834
816	840
816	846
816	857
816	858
816	859
816	917
816	963
817	825
817	827
817	833
817	855
817	856
817	861
817	886
817	889
817	894
817	925
817	959
818	838
818	843
818	845
818	854
818	858
818	876
818	894
818	895
819	840
819	854
819	861
819	863
819	877
819	881
819	897
819	898
820	822
820	825
820	864
820	887
821	830
821	835
821	838
821	846
821	852
821	854
821	863
821	868
821	871
821	878
821	888
821	894
821	896
821	919
822	834
822	839
822	840
822	842
822	843
822	852
822	857
822	870
822	882
822	886
822	897
822	911
822	928
822	964
822	971
822	987
823	833
823	846
823	856
823	872
823	881
823	887
823	895
823	923
824	832
824	833
824	861
824	895
824	898
824	899
825	834
825	844
825	846
825	848
825	849
825	856
825	863
825	866
825	868
825	873
825	874
825	876
825	894
825	896
825	976
826	830
826	833
826	851
826	868
826	870
826	883
826	902
826	907
826	994
827	834
827	859
827	863
827	874
827	894
827	906
827	940
828	838
828	852
828	875
828	876
828	885
828	896
828	899
828	934
828	941
828	948
829	833
829	853
829	874
829	889
830	831
830	859
830	860
830	869
830	880
830	881
830	883
830	893
830	898
831	858
831	871
831	876
831	886
831	894
832	838
832	844
832	873
832	883
832	896
832	899
833	836
833	838
833	873
833	885
833	887
833	892
833	897
834	834
834	840
834	845
834	846
834	851
834	853
834	855
834	871
834	872
834	879
834	889
834	891
835	836
835	840
835	847
835	848
835	899
836	853
836	854
836	862
836	865
836	881
836	933
836	968
837	842
837	852
837	870
837	873
837	896
838	845
838	865
838	867
838	872
838	873
838	878
838	882
838	883
838	909
839	845
839	850
839	859
839	861
839	864
839	884
839	885
839	899
839	940
839	986
840	872
840	878
840	882
840	887
840	897
840	898
841	845
841	849
841	863
841	867
841	873
841	878
841	886
841	896
841	909
842	844
842	862
842	865
842	881
842	882
842	893
843	845
843	851
843	855
843	865
843	876
843	888
843	893
843	915
843	951
844	862
844	865
844	867
844	884
844	978
845	845
845	847
845	849
845	879
845	896
845	898
846	848
846	860
846	861
846	882
846	891
846	897
846	902
846	957
847	851
847	860
847	863
847	872
847	877
847	899
847	958
847	993
848	858
848	875
848	913
849	862
849	879
849	880
849	883
849	927
850	859
850	872
850	874
850	887
850	979
851	862
851	863
851	887
851	897
851	962
851	977
851	987
851	989
852	866
852	880
852	887
852	898
852	913
852	985
853	856
853	860
853	871
853	889
853	895
853	898
854	880
854	885
854	888
854	891
854	899
854	982
854	983
855	861
855	863
855	866
855	896
855	942
856	859
856	885
856	888
857	859
857	897
858	864
858	869
858	895
858	898
858	917
859	891
859	904
859	908
859	912
860	869
860	883
860	889
860	950
861	884
861	891
861	932
862	862
862	889
862	891
862	894
862	910
862	967
862	980
862	997
863	872
863	884
863	893
863	895
863	973
863	978
864	880
864	889
864	891
864	899
864	901
865	881
865	883
865	884
865	965
866	877
866	888
866	892
866	955
866	998
867	885
867	998
868	879
868	880
868	895
868	925
868	928
868	956
868	973
869	912
869	926
869	992
869	997
870	876
870	878
870	883
870	888
870	889
871	874
871	899
872	878
872	881
872	891
872	894
873	883
873	886
873	898
873	900
873	958
873	997
873	998
874	881
874	991
875	881
875	896
875	898
875	899
876	885
876	886
876	891
876	898
876	908
877	879
878	879
878	885
878	892
879	888
879	899
880	887
880	969
880	986
881	884
881	889
881	891
881	941
882	897
882	940
883	908
884	894
885	887
885	892
885	893
885	904
885	943
886	925
886	991
886	995
887	888
887	890
887	912
888	891
888	901
888	910
888	928
889	897
889	927
890	892
890	899
891	891
891	964
892	892
892	912
892	944
894	933
895	902
895	948
898	901
898	938
899	948
899	991
900	932
900	964
900	987
900	997
901	916
901	933
901	942
901	945
901	956
901	963
901	972
901	975
901	990
901	994
901	995
901	998
901	999
902	922
902	936
902	940
902	974
902	978
902	989
902	993
903	904
903	927
903	933
903	944
903	951
903	954
903	963
903	965
903	985
903	991
904	907
904	912
904	915
904	920
904	922
904	928
904	929
904	965
904	978
905	907
905	912
905	932
905	967
905	980
905	983
905	996
905	998
905	999
906	908
906	912
906	927
906	939
906	960
906	961
906	993
906	995
907	919
907	922
907	925
907	932
907	935
907	961
907	997
908	932
908	947
908	961
908	968
908	989
909	931
909	935
909	950
909	964
909	972
910	929
910	930
910	938
910	966
910	974
910	982
910	992
910	996
911	913
911	914
911	929
911	944
912	912
912	916
912	920
912	940
912	952
912	985
912	999
913	928
913	929
913	955
913	985
913	986
914	920
914	924
914	931
914	960
914	972
914	975
914	980
914	981
914	982
914	988
915	916
915	935
915	936
915	962
915	963
915	971
915	973
915	976
915	979
915	992
915	994
916	921
916	948
916	949
916	954
916	964
916	975
916	981
916	988
916	991
916	997
916	999
917	926
917	935
917	940
917	946
917	956
917	981
917	985
917	990
917	999
918	932
918	960
918	983
918	998
918	999
919	920
919	936
919	937
919	960
919	979
919	981
919	982
919	985
919	988
920	927
920	929
920	930
920	946
920	972
920	975
920	990
920	994
920	995
921	926
921	927
921	934
921	941
921	952
921	968
921	975
921	976
921	980
921	998
922	983
923	926
923	936
923	944
923	947
923	962
923	983
923	988
924	932
924	959
924	962
924	966
924	969
924	973
924	976
925	932
925	951
925	970
925	976
925	977
925	992
925	995
926	934
926	943
926	957
926	979
926	983
927	937
927	941
927	954
927	956
927	963
927	984
928	936
928	938
928	941
928	961
928	963
928	967
928	989
929	943
929	950
929	962
929	964
929	974
929	991
930	933
930	935
930	953
930	960
930	969
930	976
930	989
931	940
931	946
931	948
931	958
931	967
931	968
931	985
932	943
932	947
932	949
932	954
932	960
932	963
932	976
932	982
932	998
933	954
933	956
933	957
933	959
933	969
933	982
934	956
934	971
934	982
934	999
935	943
935	970
935	978
935	995
936	941
936	952
936	966
936	980
936	987
937	940
937	945
937	954
937	983
937	999
938	938
938	939
938	963
938	973
938	978
938	996
939	950
939	984
939	985
940	952
940	962
940	967
940	978
940	989
941	950
941	961
941	971
942	947
942	955
942	979
942	987
942	996
943	947
943	949
943	969
943	980
943	995
943	999
944	946
944	954
944	966
944	970
944	990
944	996
944	999
945	963
946	951
946	962
946	986
947	969
947	984
948	955
948	970
948	979
948	983
948	985
949	975
949	982
949	999
950	964
950	968
951	956
951	959
951	991
951	998
952	953
952	962
952	966
952	973
952	985
952	988
952	995
953	969
953	974
954	955
954	962
954	985
955	971
955	974
957	960
957	986
957	996
957	997
958	969
958	970
958	973
958	980
958	984
958	986
958	988
958	991
958	992
958	999
959	964
959	973
959	983
959	999
960	962
960	984
960	996
961	995
962	968
962	969
962	995
963	971
963	988
964	973
964	984
964	986
964	990
964	991
965	973
965	988
965	994
966	967
966	969
966	973
966	983
966	997
966	999
967	972
967	973
967	983
967	992
967	993
968	969
968	978
968	980
968	992
969	972
969	984
969	990
970	975
971	974
971	980
971	985
972	987
973	974
973	997
974	977
974	988
974	995
975	987
975	989
976	986
976	989
976	990
977	981
977	989
977	999
978	979
978	986
978	989
980	987
981	989
981	990
982	985
982	998
984	990
984	997
985	991
985	992
986	988
986	995
987	988
987	991
988	994
991	993
991	997
991	998
993	994
998	999
