0	0
0	4
0	9
0	12
0	18
0	19
0	24
0	28
0	43
0	45
0	46
0	62
0	64
0	71
0	74
0	78
0	80
0	92
0	96
0	97
0	146
0	292
0	299
0	558
0	696
0	705
1	3
1	10
1	14
1	21
1	27
1	39
1	40
1	45
1	48
1	69
1	98
1	542
1	569
1	613
1	666
1	777
2	4
2	26
2	30
2	38
2	39
2	40
2	54
2	74
2	81
2	82
2	83
2	97
2	99
2	105
2	159
2	199
2	248
2	280
2	426
2	453
2	940
3	8
3	15
3	19
3	31
3	32
3	39
3	45
3	67
3	86
3	88
3	122
3	258
3	332
3	335
3	941
4	14
4	15
4	19
4	20
4	41
4	54
4	67
4	70
4	75
4	78
4	83
4	84
4	92
4	98
4	737
4	778
5	9
5	31
5	32
5	35
5	36
5	38
5	64
5	68
5	73
5	80
5	91
5	103
5	140
5	240
5	358
5	751
5	800
5	809
5	923
5	935
6	10
6	13
6	17
6	18
6	21
6	23
6	33
6	34
6	46
6	53
6	56
6	61
6	77
6	78
6	84
6	98
6	171
6	178
6	483
6	661
6	784
6	941
7	8
7	9
7	19
7	26
7	29
7	37
7	41
7	42
7	51
7	63
7	69
7	86
7	94
7	99
7	283
7	353
7	451
7	501
7	805
7	949
8	17
8	19
8	24
8	30
8	31
8	39
8	50
8	52
8	65
8	80
8	82
8	85
8	87
8	92
8	97
8	98
8	218
8	281
8	328
8	404
8	866
9	14
9	16
9	18
9	19
9	30
9	38
9	39
9	47
9	56
9	60
9	74
9	78
9	93
9	114
9	188
9	385
9	445
9	450
9	912
9	972
10	15
10	16
10	24
10	32
10	47
10	52
10	54
10	75
10	88
10	98
10	272
10	546
10	663
11	12
11	16
11	21
11	38
11	43
11	49
11	56
11	71
11	73
11	76
11	82
11	88
11	95
11	240
11	336
11	366
11	417
11	440
11	657
11	671
11	754
11	863
12	19
12	36
12	46
12	59
12	65
12	69
12	70
12	74
12	90
12	151
12	203
12	254
12	497
12	700
12	838
12	886
12	917
12	974
13	14
13	17
13	20
13	22
13	29
13	40
13	52
13	57
13	59
13	82
13	84
13	87
13	90
13	94
13	97
13	99
13	241
13	424
13	618
13	795
13	800
13	955
13	959
14	21
14	45
14	62
14	75
14	84
14	92
14	105
14	452
14	765
14	806
14	839
15	18
15	37
15	42
15	50
15	53
15	55
15	58
15	65
15	73
15	75
15	80
15	82
15	95
15	280
15	403
15	548
16	22
16	23
16	24
16	45
16	52
16	69
16	70
16	74
16	85
16	86
16	93
16	177
16	269
16	463
17	21
17	25
17	28
17	37
17	46
17	47
17	62
17	69
17	75
17	76
17	256
17	273
17	289
17	376
17	447
17	483
17	689
17	988
18	19
18	21
18	22
18	31
18	33
18	35
18	55
18	56
18	63
18	68
18	70
18	78
18	82
18	97
18	167
18	887
18	906
18	945
19	22
19	25
19	31
19	47
19	57
19	63
19	66
19	68
19	69
19	72
19	73
19	76
19	80
19	90
19	98
19	237
19	322
19	608
19	757
19	862
19	993
20	22
20	23
20	29
20	38
20	58
20	64
20	67
20	75
20	94
20	96
20	222
20	336
20	348
20	351
20	489
20	523
20	651
20	706
20	943
21	22
21	26
21	28
21	29
21	41
21	50
21	68
21	83
21	89
21	135
21	177
21	271
21	525
21	529
21	745
21	816
22	27
22	34
22	36
22	39
22	48
22	57
22	65
22	66
22	79
22	91
22	92
22	94
22	99
22	208
22	212
22	529
22	636
22	767
22	928
23	27
23	40
23	41
23	47
23	50
23	57
23	67
23	69
23	94
23	95
23	242
23	449
23	512
23	923
24	30
24	37
24	38
24	45
24	53
24	59
24	60
24	61
24	64
24	78
24	82
24	88
24	94
24	223
24	582
24	585
24	605
24	683
24	699
24	866
25	32
25	37
25	53
25	58
25	81
25	86
25	87
25	90
25	96
25	126
25	389
25	413
25	636
25	668
25	671
25	869
25	997
26	30
26	38
26	52
26	80
26	88
26	90
26	96
26	99
26	162
26	390
26	432
26	496
26	762
26	902
26	956
26	971
27	37
27	41
27	54
27	56
27	60
27	72
27	76
27	85
27	97
27	136
27	556
27	628
27	759
27	812
28	37
28	41
28	50
28	52
28	53
28	66
28	67
28	86
28	87
28	95
28	96
28	113
28	169
28	378
28	476
28	549
28	573
28	775
28	971
29	29
29	44
29	45
29	46
29	51
29	53
29	56
29	59
29	69
29	80
29	84
29	85
29	87
29	152
29	316
29	401
29	679
29	782
29	783
30	54
30	55
30	59
30	70
30	71
30	80
30	235
30	236
30	745
30	853
30	948
31	31
31	32
31	41
31	42
31	44
31	52
31	54
31	68
31	77
31	78
31	79
31	93
31	99
31	195
31	204
31	399
31	529
31	814
31	920
31	929
31	981
32	34
32	38
32	46
32	55
32	62
32	67
32	79
32	88
32	89
32	94
32	97
32	379
32	465
32	468
32	576
32	578
32	598
32	705
33	33
33	51
33	53
33	54
33	65
33	72
33	73
33	80
33	84
33	85
33	89
33	97
33	98
33	99
33	166
33	209
33	368
33	486
33	714
33	787
33	875
34	49
34	52
34	53
34	56
34	72
34	85
34	94
34	95
34	207
34	594
34	614
34	654
34	658
34	762
34	896
34	963
35	36
35	45
35	55
35	57
35	73
35	81
35	84
35	86
35	92
35	99
35	211
35	352
35	586
35	792
35	935
36	37
36	39
36	46
36	48
36	64
36	68
36	77
36	79
36	81
36	87
36	92
36	93
36	95
36	99
36	219
36	296
36	372
36	422
36	586
36	849
37	37
37	39
37	41
37	42
37	58
37	62
37	72
37	74
37	124
37	136
37	139
37	201
37	293
37	447
37	474
37	721
37	883
38	42
38	52
38	54
38	55
38	60
38	66
38	76
38	80
38	84
38	97
38	254
38	481
38	589
38	627
38	694
38	910
39	40
39	52
39	54
39	55
39	74
39	76
39	79
39	87
39	97
39	155
39	305
39	458
39	799
39	809
39	825
39	886
39	967
39	969
40	43
40	56
40	59
40	65
40	68
40	74
40	94
40	96
40	98
40	99
40	421
40	461
40	531
40	812
40	896
40	967
41	62
41	66
41	86
41	95
41	247
41	262
41	282
41	396
41	689
41	989
42	47
42	50
42	64
42	71
42	72
42	79
42	85
42	94
42	184
42	212
42	258
42	270
42	297
42	526
42	653
43	46
43	61
43	82
43	86
43	93
43	98
43	168
43	884
43	910
44	50
44	53
44	54
44	60
44	69
44	70
44	82
44	83
44	86
44	87
44	89
44	203
44	456
44	629
44	778
45	68
45	98
45	460
45	997
46	51
46	53
46	56
46	57
46	60
46	64
46	83
46	89
46	97
46	453
46	475
46	499
46	541
46	666
46	691
46	771
46	782
46	817
47	50
47	52
47	61
47	69
47	71
47	77
47	101
47	146
47	301
47	584
47	707
47	803
47	934
47	971
47	979
48	52
48	54
48	61
48	62
48	68
48	69
48	75
48	86
48	433
48	456
48	803
49	59
49	64
49	73
49	75
49	76
49	79
49	82
49	90
49	91
49	256
49	371
49	458
49	573
49	666
49	911
50	53
50	59
50	73
50	77
50	83
50	97
50	179
50	448
50	560
50	652
51	59
51	76
51	83
51	85
51	88
51	97
51	361
51	417
51	695
51	951
51	965
52	61
52	63
52	67
52	70
52	74
52	79
52	85
52	98
52	156
52	250
52	328
52	463
52	500
52	918
53	55
53	62
53	74
53	76
53	83
53	85
53	90
53	98
53	99
53	265
53	368
53	661
53	807
53	814
53	822
53	935
54	60
54	72
54	85
54	87
54	92
54	235
54	302
54	708
54	993
55	70
55	76
55	97
55	209
55	284
55	405
55	482
55	491
55	631
55	739
55	747
55	834
56	59
56	71
56	73
56	80
56	84
56	86
56	91
56	677
56	683
56	886
56	964
56	970
57	89
57	92
57	95
57	97
57	364
58	83
58	88
58	89
58	94
58	401
58	429
58	784
59	66
59	67
59	74
59	75
59	90
59	94
59	150
59	215
59	373
59	477
59	701
59	963
59	968
60	65
60	70
60	83
60	93
60	108
60	202
60	409
60	618
60	687
60	695
60	765
61	65
61	73
61	88
61	91
61	94
61	96
61	141
61	209
61	499
61	513
61	794
61	889
62	82
62	83
62	84
62	93
62	96
62	118
62	122
62	279
62	632
62	659
62	681
62	710
62	712
62	811
63	66
63	71
63	88
63	90
63	91
63	93
63	97
63	201
63	338
63	380
63	387
63	501
63	648
63	708
63	712
64	73
64	76
64	77
64	78
64	91
64	270
64	279
64	369
64	888
64	997
65	173
65	268
65	334
65	349
65	430
65	693
65	808
65	826
65	900
66	67
66	79
66	81
66	86
66	87
66	91
66	98
66	151
66	226
66	434
66	600
66	769
66	844
66	924
67	83
67	89
67	91
67	95
67	126
67	145
67	219
67	593
67	625
67	909
68	70
68	82
68	171
68	210
68	218
68	268
68	335
68	419
68	603
68	740
68	798
68	825
68	952
69	73
69	80
69	83
69	85
69	96
69	98
69	99
69	136
69	207
69	523
69	526
69	540
69	684
69	689
69	937
70	80
70	82
70	87
70	94
70	216
70	253
70	341
70	544
70	576
71	71
71	78
71	79
71	80
71	86
71	87
71	95
71	99
71	195
71	294
71	435
71	450
71	619
71	666
71	716
71	836
72	77
72	81
72	86
72	309
72	364
72	392
72	405
72	506
72	648
72	895
73	76
73	85
73	90
73	230
73	414
73	438
73	533
73	599
73	624
73	710
73	777
73	825
74	75
74	80
74	84
74	90
74	338
74	876
75	80
75	81
75	89
75	91
75	94
75	445
75	471
75	507
75	594
75	664
75	697
75	727
75	884
76	84
76	85
76	86
76	87
76	92
76	98
76	99
77	80
77	92
77	95
77	117
77	387
77	981
78	80
78	84
78	90
78	91
78	93
78	492
78	518
78	643
78	663
78	690
78	824
78	889
79	81
79	142
79	226
79	240
79	597
79	852
79	868
79	916
79	988
80	81
80	84
80	88
80	96
80	97
80	159
80	397
80	684
81	85
81	89
81	98
81	271
81	562
81	569
81	698
81	899
82	83
82	90
82	142
82	303
82	339
82	733
82	749
82	780
82	849
82	949
83	85
83	90
83	512
83	663
83	899
84	98
84	180
84	542
85	87
85	251
85	257
85	341
85	393
85	727
85	811
85	842
86	88
86	96
86	268
86	675
86	682
86	711
86	727
86	788
87	90
87	92
87	195
87	255
87	415
87	516
87	538
88	94
88	95
88	171
88	234
88	356
88	515
88	564
88	566
88	624
88	888
88	897
88	997
89	91
89	106
89	116
89	283
89	422
89	644
90	96
90	99
90	151
90	228
90	246
90	334
90	382
90	419
90	505
90	666
90	780
90	802
90	815
91	91
91	98
91	283
91	402
91	596
91	640
91	792
92	93
92	98
92	131
92	341
92	388
92	417
92	460
92	592
92	747
92	816
92	831
92	890
93	451
93	626
93	649
93	668
93	705
94	111
94	417
94	523
94	573
94	696
94	704
94	708
94	883
95	261
95	284
95	574
95	580
95	679
95	692
95	805
96	370
96	518
96	519
96	753
97	98
97	169
97	306
97	595
97	819
97	826
98	99
98	136
98	242
98	311
98	336
98	402
98	443
98	503
98	605
98	743
98	795
98	992
99	216
99	390
99	695
100	104
100	115
100	124
100	126
100	143
100	147
100	151
100	152
100	157
100	167
100	170
100	176
100	178
100	180
100	199
100	691
100	756
100	916
101	110
101	116
101	125
101	138
101	145
101	154
101	168
101	176
101	182
101	190
101	193
101	414
101	448
101	714
101	739
101	876
102	108
102	117
102	122
102	150
102	157
102	160
102	183
102	188
102	190
102	316
102	663
102	768
102	975
103	108
103	121
103	123
103	137
103	140
103	142
103	146
103	148
103	162
103	163
103	165
103	175
103	189
103	192
103	530
103	633
103	951
104	105
104	121
104	126
104	146
104	152
104	156
104	158
104	159
104	160
104	162
104	163
104	165
104	168
104	181
104	192
104	194
104	244
104	580
105	109
105	112
105	114
105	120
105	127
105	133
105	144
105	148
105	155
105	159
105	164
105	169
105	181
105	350
105	622
105	788
105	857
105	862
105	952
106	124
106	127
106	149
106	154
106	156
106	162
106	177
106	192
106	195
106	270
106	292
107	109
107	117
107	120
107	125
107	131
107	156
107	165
107	172
107	178
107	181
107	188
107	194
107	204
107	218
107	259
107	733
108	117
108	145
108	156
108	165
108	168
108	171
108	172
108	181
108	189
108	325
108	516
108	560
108	635
108	720
108	953
108	990
109	110
109	124
109	125
109	136
109	146
109	149
109	154
109	163
109	173
109	176
109	191
109	197
109	198
109	199
109	251
109	262
109	287
109	292
109	447
109	957
109	998
110	112
110	113
110	120
110	135
110	136
110	138
110	140
110	141
110	149
110	155
110	170
110	183
110	189
110	193
110	194
110	384
110	458
110	722
110	891
110	929
111	111
111	112
111	122
111	123
111	126
111	130
111	131
111	156
111	157
111	160
111	164
111	172
111	182
111	185
111	507
111	533
111	627
111	682
111	823
112	115
112	122
112	123
112	130
112	133
112	147
112	164
112	166
112	167
112	173
112	186
112	196
112	335
112	358
112	654
112	749
113	115
113	128
113	133
113	137
113	140
113	142
113	145
113	150
113	166
113	174
113	270
113	323
113	799
114	121
114	149
114	172
114	173
114	184
114	187
114	188
114	197
114	245
114	330
114	429
114	440
114	471
114	551
114	705
114	738
114	934
115	121
115	122
115	127
115	130
115	134
115	142
115	148
115	153
115	156
115	157
115	163
115	172
115	173
115	179
115	180
115	182
115	190
115	196
115	480
115	492
115	531
115	587
115	623
115	781
115	785
116	121
116	129
116	130
116	136
116	142
116	150
116	156
116	160
116	165
116	169
116	186
116	248
116	278
116	310
116	419
116	610
116	669
116	798
116	805
116	913
117	119
117	124
117	139
117	143
117	163
117	183
117	187
117	198
117	410
117	437
117	495
117	589
117	617
117	665
118	121
118	125
118	131
118	139
118	146
118	147
118	150
118	158
118	162
118	166
118	191
118	193
118	284
118	410
118	866
118	996
119	123
119	124
119	143
119	155
119	161
119	167
119	175
119	179
119	185
119	187
119	192
119	199
119	477
119	558
120	124
120	130
120	145
120	155
120	158
120	164
120	185
120	190
120	194
120	195
120	197
120	207
120	745
120	751
120	770
120	902
120	958
121	126
121	131
121	134
121	139
121	140
121	145
121	151
121	167
121	180
121	182
121	185
121	194
121	510
121	511
121	567
121	821
121	976
122	123
122	131
122	135
122	139
122	159
122	183
122	184
122	195
122	270
122	399
122	613
123	146
123	151
123	153
123	174
123	179
123	186
123	195
123	282
123	390
123	639
123	704
124	126
124	127
124	128
124	129
124	133
124	149
124	151
124	159
124	160
124	164
124	184
124	304
124	441
124	647
124	696
125	134
125	146
125	148
125	158
125	164
125	177
125	182
125	189
125	192
125	198
125	267
125	415
125	423
125	757
125	975
126	148
126	156
126	158
126	165
126	166
126	177
126	180
126	182
126	184
126	185
126	187
126	644
126	675
127	146
127	147
127	158
127	159
127	160
127	175
127	190
127	327
127	700
127	791
127	804
127	832
128	133
128	138
128	142
128	143
128	155
128	170
128	177
128	188
128	191
128	197
128	281
128	351
128	461
128	853
129	131
129	144
129	147
129	151
129	155
129	182
129	184
129	185
129	198
129	434
129	723
129	741
130	140
130	142
130	145
130	153
130	174
130	178
130	179
130	186
130	188
130	190
130	266
130	678
130	855
131	147
131	153
131	156
131	158
131	166
131	173
131	176
131	180
131	364
131	549
131	555
131	556
131	595
131	621
131	895
131	942
132	133
132	134
132	137
132	144
132	145
132	158
132	159
132	167
132	173
132	186
132	194
132	648
132	711
133	136
133	143
133	147
133	149
133	151
133	168
133	173
133	175
133	178
133	186
133	190
133	315
133	466
133	808
133	889
133	920
134	137
134	148
134	151
134	156
134	157
134	158
134	163
134	167
134	181
134	507
134	594
134	656
134	749
134	868
134	893
135	143
135	164
135	184
135	186
135	195
135	636
136	139
136	144
136	145
136	154
136	162
136	166
136	185
136	198
136	199
136	310
136	467
136	548
136	659
136	689
136	697
136	993
137	144
137	146
137	156
137	157
137	162
137	174
137	175
137	193
137	330
137	452
137	636
137	734
137	837
137	940
137	953
138	142
138	163
138	178
138	181
138	182
138	197
138	238
138	420
138	593
138	606
138	840
138	999
139	145
139	146
139	157
139	161
139	176
139	191
139	195
139	581
139	650
140	144
140	149
140	154
140	156
140	159
140	171
140	173
140	176
140	189
140	194
140	244
140	273
140	481
140	632
141	142
141	147
141	153
141	160
141	167
141	169
141	183
141	190
141	192
141	194
141	343
141	414
141	525
141	598
141	727
141	733
141	802
142	145
142	149
142	160
142	162
142	178
142	535
143	157
143	168
143	196
143	197
143	238
143	424
143	428
143	439
143	819
144	145
144	155
144	167
144	172
144	175
144	178
144	193
144	198
144	325
144	338
144	464
144	467
144	605
144	960
145	163
145	168
145	177
145	191
145	193
145	198
145	230
145	312
145	380
145	384
145	515
145	896
145	948
146	152
146	162
146	169
146	174
146	192
146	240
146	332
146	432
146	565
146	666
146	954
146	996
147	166
147	172
147	195
147	198
147	199
147	337
147	416
147	746
147	950
148	150
148	188
148	780
148	931
149	150
149	154
149	197
149	251
150	157
150	159
150	161
150	181
150	187
150	195
150	197
150	199
150	262
150	267
150	274
150	327
150	514
150	676
150	719
150	758
150	788
150	794
151	159
151	160
151	162
151	171
151	174
151	176
151	185
151	186
151	350
151	412
152	162
152	166
152	169
152	175
152	176
152	180
152	183
152	207
152	260
152	571
152	955
153	166
153	176
153	179
153	180
153	182
153	183
153	197
153	463
153	794
153	905
154	164
154	166
154	170
154	172
154	180
154	181
154	191
154	695
154	991
155	157
155	162
155	163
155	169
155	179
155	184
155	190
155	262
155	272
155	327
155	682
155	998
156	158
156	161
156	166
156	176
156	178
156	180
156	202
156	229
156	268
156	376
156	381
156	666
156	706
156	734
156	976
156	998
157	158
157	182
157	186
157	309
157	412
157	571
157	723
157	730
157	921
157	939
157	955
158	158
158	163
158	166
158	176
158	185
158	194
158	213
158	505
158	512
158	595
158	995
159	160
159	162
159	170
159	185
159	192
159	193
159	199
159	204
159	565
159	657
159	861
160	160
160	161
160	162
160	176
160	178
160	179
160	182
160	183
160	193
160	399
160	459
160	460
160	807
160	810
161	162
161	163
161	185
161	193
161	194
161	198
161	489
161	678
161	742
161	778
162	171
162	181
162	184
162	193
162	208
162	518
162	582
162	878
162	989
162	999
163	163
163	165
163	188
163	192
163	619
163	633
163	708
163	988
164	178
164	182
164	184
164	496
164	596
164	808
164	856
164	865
164	872
165	173
165	177
165	382
165	864
165	871
165	888
165	960
166	167
166	170
166	176
166	187
166	188
166	426
166	706
166	750
166	805
167	167
167	176
167	177
167	178
167	195
167	197
167	292
167	746
167	852
167	961
167	965
168	168
168	189
168	195
168	236
168	313
168	596
168	876
169	173
169	176
169	209
169	316
169	567
169	970
170	199
170	270
170	546
170	794
170	808
170	838
170	855
171	181
171	182
171	188
171	278
171	673
172	174
172	176
172	194
172	195
172	246
172	328
173	176
173	179
173	182
173	194
173	196
173	544
173	694
174	174
174	175
174	193
174	199
174	507
174	522
174	557
174	631
174	686
175	188
175	457
175	592
175	721
176	190
176	199
176	224
176	460
176	479
176	497
176	619
177	184
177	187
177	192
177	193
177	312
177	446
177	649
177	705
177	802
177	876
178	192
178	195
178	196
178	197
178	386
178	427
178	593
178	606
178	829
179	188
179	192
179	344
179	877
180	181
180	184
180	191
180	467
180	484
180	605
180	919
181	184
181	190
181	192
181	390
182	187
182	188
182	376
182	506
182	621
182	717
182	816
182	889
183	184
183	197
183	235
183	305
183	637
184	184
184	195
184	208
184	233
184	328
184	405
184	830
184	916
185	186
185	248
185	313
185	462
185	507
185	538
185	967
186	424
186	553
186	556
186	717
186	929
187	311
187	436
187	611
187	621
187	703
187	937
188	197
188	202
188	842
188	850
188	862
188	927
189	563
189	905
189	913
190	199
190	473
190	768
190	966
190	974
190	976
191	194
191	362
192	197
192	199
192	452
192	475
192	610
192	636
192	694
192	751
192	995
193	707
193	813
193	895
194	199
194	396
194	540
194	597
194	730
194	747
195	223
195	273
196	349
196	655
196	675
196	789
196	828
197	425
197	426
197	620
197	943
198	396
198	593
198	717
199	403
199	443
199	449
199	490
200	215
200	218
200	244
200	253
200	268
200	274
200	285
200	287
200	420
200	482
200	517
200	578
200	583
200	706
200	808
200	824
200	873
200	889
201	202
201	225
201	229
201	233
201	243
201	252
201	256
201	259
201	269
201	270
201	274
201	282
201	289
201	290
201	298
201	467
201	499
201	656
201	686
201	882
202	204
202	220
202	237
202	265
202	276
202	283
202	284
202	288
202	294
202	465
203	205
203	210
203	211
203	212
203	222
203	236
203	240
203	254
203	259
203	265
203	266
203	275
203	278
203	281
203	292
203	299
203	340
203	712
203	750
204	208
204	217
204	219
204	222
204	233
204	240
204	244
204	248
204	249
204	252
204	257
204	267
204	270
204	275
204	278
204	281
204	379
204	439
204	460
204	729
204	796
204	872
204	970
205	215
205	228
205	237
205	251
205	260
205	266
205	275
205	277
205	283
205	284
205	292
205	295
205	297
205	525
205	526
205	967
206	210
206	219
206	227
206	232
206	251
206	253
206	265
206	276
206	292
206	295
206	366
206	478
206	521
206	569
206	607
206	725
206	779
206	818
207	207
207	209
207	213
207	220
207	224
207	243
207	250
207	257
207	261
207	271
207	284
207	291
207	292
207	294
207	866
208	234
208	237
208	239
208	247
208	251
208	253
208	254
208	266
208	270
208	279
208	299
208	334
208	384
208	544
208	927
208	960
208	993
209	212
209	218
209	221
209	259
209	262
209	267
209	270
209	289
209	292
209	295
209	398
209	399
209	613
210	220
210	221
210	226
210	261
210	263
210	280
210	282
210	283
210	287
210	288
210	639
210	689
211	224
211	228
211	240
211	251
211	254
211	275
211	279
211	287
211	292
211	295
211	330
211	485
211	562
211	668
211	779
211	854
211	880
211	891
212	214
212	225
212	227
212	230
212	243
212	245
212	255
212	257
212	263
212	267
212	274
212	279
212	282
212	295
212	305
212	376
212	392
212	474
212	487
212	584
212	666
212	963
213	217
213	223
213	242
213	251
213	263
213	288
213	292
213	310
213	443
213	695
213	752
214	217
214	222
214	227
214	234
214	244
214	246
214	248
214	252
214	282
214	287
214	290
214	292
214	294
214	393
214	480
214	487
214	837
215	217
215	225
215	226
215	234
215	236
215	246
215	247
215	248
215	255
215	256
215	258
215	278
215	306
215	367
215	485
215	533
216	218
216	223
216	224
216	229
216	232
216	233
216	245
216	251
216	256
216	271
216	273
216	283
216	284
216	288
216	289
216	290
216	295
216	296
216	879
217	218
217	233
217	235
217	240
217	268
217	269
217	271
217	274
217	275
217	283
217	365
217	395
218	222
218	233
218	240
218	242
218	247
218	270
218	271
218	276
218	286
218	287
218	478
218	730
218	900
218	964
219	225
219	235
219	255
219	258
219	260
219	266
219	274
219	292
219	293
219	297
219	298
219	354
219	387
219	419
219	883
220	228
220	239
220	244
220	264
220	268
220	280
220	290
220	299
220	328
220	470
220	475
220	799
221	230
221	233
221	235
221	236
221	237
221	242
221	245
221	248
221	259
221	263
221	267
221	272
221	273
221	282
221	283
221	284
221	287
221	292
221	296
221	598
221	635
221	988
222	227
222	238
222	243
222	247
222	248
222	251
222	256
222	262
222	265
222	269
222	273
222	275
222	281
222	289
222	739
222	770
222	844
222	900
222	989
223	228
223	230
223	244
223	250
223	257
223	259
223	265
223	277
223	286
223	297
223	458
223	552
223	702
223	765
223	961
224	231
224	235
224	239
224	245
224	252
224	257
224	264
224	278
224	295
224	599
225	229
225	235
225	262
225	269
225	289
225	290
225	299
225	383
225	470
225	598
225	694
225	725
225	743
225	816
225	819
226	240
226	254
226	262
226	268
226	274
226	281
226	286
226	292
226	293
226	350
226	355
226	408
226	582
226	728
226	800
226	819
226	928
226	943
227	238
227	267
227	294
227	385
227	392
227	423
227	541
227	575
227	806
227	973
228	243
228	247
228	249
228	251
228	253
228	257
228	270
228	274
228	280
228	285
228	286
228	290
228	291
228	299
228	412
228	585
228	843
229	240
229	245
229	253
229	255
229	257
229	262
229	275
229	283
229	285
229	354
230	233
230	243
230	247
230	252
230	264
230	267
230	277
230	293
230	409
230	579
230	703
230	960
231	239
231	266
231	267
231	269
231	271
231	284
231	294
231	374
231	740
231	949
232	238
232	252
232	255
232	256
232	267
232	272
232	273
232	274
232	280
232	283
232	295
232	432
232	720
232	800
233	235
233	244
233	249
233	251
233	256
233	257
233	264
233	268
233	269
233	283
233	299
233	324
233	412
233	840
233	875
234	257
234	265
234	272
234	279
234	281
234	284
234	285
234	299
234	669
234	675
234	787
234	948
234	972
234	976
235	238
235	241
235	242
235	252
235	253
235	255
235	259
235	274
235	279
235	282
235	287
235	289
235	314
235	686
235	826
236	239
236	241
236	254
236	270
236	272
236	278
236	294
236	322
236	336
236	535
236	540
236	949
237	246
237	248
237	253
237	254
237	282
237	293
237	297
237	435
237	626
237	803
238	249
238	252
238	256
238	266
238	272
238	281
238	285
238	290
238	318
238	493
238	494
238	674
238	675
238	873
239	240
239	280
239	282
239	286
239	290
239	297
239	719
240	241
240	246
240	247
240	259
240	261
240	284
240	286
240	291
240	296
240	298
240	494
240	829
240	840
240	894
240	934
240	953
240	958
241	260
241	268
241	270
241	288
241	294
241	297
241	768
241	840
242	257
242	268
242	273
242	290
242	296
242	406
243	245
243	256
243	273
243	623
243	756
243	777
243	891
243	950
244	246
244	287
244	527
245	256
245	265
245	266
245	286
245	290
245	297
245	521
245	560
245	566
245	901
245	909
245	972
245	973
246	258
246	262
246	263
246	270
246	277
246	297
246	425
246	597
246	616
246	813
247	251
247	269
247	271
247	283
247	289
247	292
247	506
248	253
248	258
248	259
248	273
248	291
248	294
248	442
248	447
248	619
248	632
248	873
248	881
249	253
249	269
249	271
249	279
249	292
249	293
249	349
249	358
249	370
249	372
249	460
249	776
249	782
249	829
250	257
250	260
250	268
250	270
250	272
250	275
250	382
250	402
250	406
250	432
250	811
250	993
251	266
251	268
251	271
251	284
251	287
251	290
251	486
251	513
251	931
252	259
252	389
252	434
253	253
253	258
253	263
253	267
253	281
253	283
253	287
253	624
253	635
253	636
253	646
253	777
254	259
254	270
254	274
254	283
254	294
254	299
254	301
254	369
254	374
254	402
254	408
254	453
254	626
254	907
255	263
255	271
255	276
255	283
255	287
255	297
255	556
255	677
255	763
255	820
255	822
255	850
256	257
256	260
256	267
256	268
256	279
256	285
256	291
256	293
256	294
256	853
257	260
257	275
257	280
257	285
257	294
257	378
257	438
257	479
257	561
257	652
257	690
257	963
257	994
258	259
258	268
258	276
258	279
258	292
258	296
258	297
258	318
259	269
259	279
259	284
259	286
259	288
259	291
259	294
259	465
259	521
259	796
260	266
260	277
260	278
260	279
260	283
260	472
260	568
260	574
260	929
261	263
261	268
261	272
261	275
261	321
261	425
262	266
262	268
262	283
262	295
262	297
262	298
262	327
262	334
262	355
262	502
262	517
262	555
262	570
262	604
262	788
262	804
262	874
262	902
263	267
263	288
263	289
263	290
263	489
263	641
263	675
263	792
263	932
263	940
264	277
264	288
264	291
264	298
264	299
264	307
264	476
264	586
264	630
264	802
264	948
265	268
265	269
265	271
265	276
265	279
265	509
265	595
265	803
266	274
266	278
266	285
266	289
266	293
266	340
266	565
266	589
266	681
266	708
267	280
267	291
267	295
267	746
267	981
268	271
268	280
268	295
268	525
268	561
268	984
269	273
269	279
269	281
269	282
269	290
269	294
269	296
269	297
269	691
269	702
269	943
269	984
270	273
270	274
270	277
270	284
270	290
270	293
270	299
270	357
270	422
271	279
271	280
271	417
271	533
271	997
272	277
272	285
272	294
272	584
273	283
273	290
273	294
273	498
273	747
273	870
273	920
273	953
274	280
274	286
274	294
274	297
274	299
274	465
274	484
275	276
275	277
275	285
275	286
275	665
275	738
275	767
276	278
276	279
276	281
276	282
276	283
276	292
276	293
276	305
276	369
276	458
276	483
276	602
276	606
276	799
276	982
276	983
277	282
277	291
277	292
277	293
277	526
277	533
277	734
277	892
277	938
277	979
278	278
278	279
278	283
278	287
278	292
278	400
278	754
278	805
279	294
279	383
279	440
279	512
279	582
279	662
280	296
280	352
280	409
280	635
280	648
280	710
280	739
280	853
280	861
280	880
280	910
280	956
281	281
281	286
281	289
281	296
281	297
281	299
281	446
281	519
281	814
281	923
282	286
282	290
282	295
282	694
282	853
282	927
283	286
283	292
283	408
283	427
283	594
283	700
283	749
283	806
283	886
283	960
284	289
284	295
284	299
284	540
284	904
285	295
285	391
285	453
285	719
285	826
285	948
286	287
286	364
286	528
286	722
286	803
286	858
286	955
287	294
287	299
287	306
287	322
287	326
287	390
287	418
287	475
287	923
287	933
288	299
288	346
288	354
288	387
288	652
288	660
288	715
288	806
288	846
288	929
289	293
289	537
289	555
289	598
289	633
289	811
289	830
290	294
290	295
290	769
290	944
291	296
291	297
291	316
291	550
291	625
292	299
292	348
292	505
293	309
293	400
293	667
294	297
294	299
294	594
294	649
295	298
295	350
295	474
295	571
295	595
295	677
295	691
295	837
295	865
295	886
295	889
295	940
296	405
296	525
296	591
296	763
296	913
297	492
297	608
297	732
297	784
297	794
297	944
298	341
298	576
298	602
298	665
298	727
299	493
299	739
299	899
300	307
300	310
300	326
300	355
300	357
300	360
300	362
300	371
300	382
300	386
300	392
300	394
300	398
300	491
300	506
300	572
300	576
300	820
300	972
301	310
301	319
301	328
301	331
301	344
301	347
301	349
301	353
301	369
301	387
301	388
301	389
301	394
301	395
301	409
301	635
301	772
301	791
301	961
302	311
302	338
302	343
302	348
302	351
302	364
302	367
302	380
302	384
302	389
302	425
302	667
302	782
302	935
302	966
303	308
303	317
303	321
303	329
303	345
303	357
303	360
303	361
303	380
303	389
303	391
303	393
303	396
303	824
303	888
303	931
303	958
303	962
303	969
303	977
303	992
304	308
304	316
304	373
304	375
304	386
304	389
304	390
304	393
304	461
304	523
304	790
304	990
305	305
305	308
305	314
305	323
305	331
305	339
305	341
305	346
305	375
305	383
305	387
305	393
305	396
305	397
305	510
305	545
305	690
305	896
306	315
306	316
306	319
306	336
306	346
306	351
306	353
306	356
306	360
306	368
306	378
306	388
306	395
306	397
306	398
306	565
306	650
306	724
306	763
306	816
307	310
307	311
307	317
307	327
307	333
307	334
307	359
307	360
307	361
307	364
307	377
307	386
307	394
307	396
307	397
307	521
308	317
308	325
308	326
308	327
308	333
308	334
308	340
308	345
308	347
308	349
308	350
308	353
308	356
308	363
308	367
308	385
308	399
308	536
308	636
309	319
309	323
309	331
309	345
309	346
309	352
309	363
309	375
309	380
309	394
309	398
309	541
309	708
309	760
309	836
309	936
310	321
310	322
310	323
310	324
310	334
310	338
310	346
310	353
310	371
310	372
310	379
310	392
310	394
310	422
310	436
310	523
311	338
311	339
311	365
311	377
311	383
311	394
311	649
312	318
312	328
312	344
312	384
312	397
312	448
312	481
312	631
312	994
313	325
313	330
313	336
313	337
313	346
313	352
313	355
313	370
313	376
313	384
313	394
313	395
313	397
313	514
313	521
313	865
313	884
314	314
314	316
314	332
314	335
314	337
314	345
314	350
314	351
314	357
314	359
314	364
314	379
314	381
314	382
314	392
314	399
314	717
314	736
314	923
315	320
315	321
315	355
315	362
315	373
315	391
315	428
315	559
315	649
315	695
315	824
316	326
316	328
316	333
316	335
316	349
316	367
316	383
316	893
317	321
317	327
317	346
317	358
317	359
317	361
317	362
317	367
317	368
317	369
317	391
317	394
317	509
317	524
317	588
317	729
317	732
318	324
318	342
318	348
318	366
318	398
318	475
318	482
318	685
318	694
318	799
318	828
318	939
318	985
319	324
319	339
319	341
319	346
319	348
319	358
319	367
319	368
319	370
319	372
319	381
319	383
319	955
320	354
320	362
320	374
320	377
320	393
320	399
320	558
320	738
320	994
321	329
321	333
321	338
321	347
321	349
321	350
321	352
321	356
321	371
321	380
321	397
321	398
321	517
321	589
321	604
321	908
321	930
321	958
322	324
322	330
322	332
322	339
322	352
322	371
322	373
322	380
322	387
322	388
322	389
322	446
322	717
323	325
323	343
323	353
323	356
323	363
323	364
323	595
323	806
323	878
323	895
324	326
324	327
324	332
324	350
324	354
324	355
324	362
324	369
324	388
324	390
324	543
324	566
324	591
324	784
325	326
325	333
325	344
325	350
325	384
325	395
325	405
325	560
325	567
325	689
326	327
326	329
326	335
326	338
326	345
326	347
326	376
326	378
326	392
326	439
327	350
327	370
327	373
327	376
327	377
327	391
327	392
327	397
327	398
327	483
327	514
327	785
328	330
328	337
328	345
328	346
328	347
328	349
328	354
328	357
328	380
328	401
328	492
328	548
329	331
329	335
329	337
329	340
329	342
329	348
329	349
329	353
329	374
329	376
329	377
329	380
329	392
329	394
329	398
329	510
329	602
329	664
329	922
330	338
330	351
330	359
330	364
330	372
330	378
330	379
330	381
330	459
330	631
330	788
331	336
331	338
331	340
331	356
331	357
331	367
331	369
331	375
331	379
331	381
331	386
331	387
331	392
331	393
331	399
331	538
331	672
332	344
332	348
332	366
332	393
332	498
332	512
332	600
332	877
333	334
333	351
333	362
333	371
333	381
333	385
333	465
334	340
334	357
334	372
334	373
334	376
334	389
334	849
334	852
335	336
335	341
335	343
335	352
335	373
335	377
335	379
335	380
335	387
335	388
335	394
335	395
335	396
335	530
335	540
335	682
335	807
335	975
336	339
336	340
336	342
336	344
336	355
336	372
336	379
336	385
336	399
336	608
336	735
336	757
336	800
337	337
337	342
337	358
337	372
337	376
337	382
337	385
337	389
337	558
337	761
337	865
338	341
338	344
338	345
338	351
338	352
338	354
338	364
338	378
338	384
338	386
338	391
338	395
338	599
338	953
339	342
339	344
339	346
339	347
339	352
339	356
339	367
339	380
339	386
339	392
339	628
339	845
340	342
340	347
340	348
340	371
340	390
340	829
341	345
341	377
341	382
341	388
341	393
341	399
341	400
341	567
341	659
341	665
341	939
342	344
342	345
342	347
342	356
342	357
342	381
342	515
343	353
343	354
343	357
343	361
343	371
343	375
343	379
343	381
343	382
343	385
343	750
344	355
344	364
344	366
344	374
344	382
344	398
344	399
344	475
344	707
344	763
344	852
345	346
345	347
345	356
345	368
345	380
345	395
345	396
345	397
345	466
345	691
345	696
345	702
345	880
345	988
346	352
346	372
346	381
346	394
346	402
346	403
346	424
347	349
347	352
347	366
347	377
347	380
347	392
347	488
347	523
347	836
348	354
348	365
348	374
348	381
348	391
348	395
348	829
348	884
349	361
349	362
349	365
349	375
349	378
349	382
349	383
349	395
349	397
349	466
349	473
349	635
349	691
349	810
350	351
350	355
350	358
350	367
350	371
350	384
350	394
350	399
350	431
350	538
351	362
351	363
351	371
351	385
351	392
351	570
351	721
351	736
351	917
352	358
352	372
352	374
352	381
352	391
352	443
352	747
352	812
352	931
353	355
353	359
353	370
353	372
353	381
353	390
353	392
353	396
353	399
353	539
353	664
354	381
354	389
354	395
354	663
354	996
355	363
355	367
355	379
355	389
355	390
355	476
355	586
355	614
355	997
356	367
356	370
356	373
356	376
356	377
356	379
356	385
356	394
356	396
356	414
356	951
357	359
357	361
357	362
357	363
357	365
357	370
357	383
357	386
357	388
357	393
357	397
357	410
357	796
357	994
358	369
358	370
358	391
358	398
358	484
358	766
358	897
359	363
359	385
359	388
359	397
359	504
359	683
359	711
359	732
359	852
359	959
359	988
359	995
360	364
360	373
360	392
360	515
360	609
360	969
361	380
361	389
361	390
361	400
361	480
361	674
361	799
361	946
362	370
362	371
362	382
362	387
362	388
362	396
362	555
362	633
362	755
362	933
362	977
363	375
363	385
363	487
363	849
364	376
364	381
364	385
364	388
364	392
364	395
364	557
364	746
364	920
364	937
365	366
365	383
365	388
365	390
365	393
365	396
365	939
366	380
366	390
366	487
366	584
366	675
366	695
366	732
367	368
367	370
367	373
367	374
367	376
367	377
367	379
367	390
367	394
367	399
367	505
367	671
367	811
367	839
367	868
368	368
368	371
368	374
368	384
368	388
368	393
368	394
368	411
368	521
368	784
368	798
369	371
369	374
369	376
369	380
369	477
369	601
369	626
369	763
370	370
370	372
370	373
370	378
370	388
370	404
370	560
371	377
371	381
371	382
371	387
371	391
371	396
371	662
371	732
371	751
371	840
372	372
372	373
372	377
372	379
372	382
372	392
372	398
372	781
372	785
372	928
372	961
372	991
373	388
373	390
373	574
374	376
374	389
374	394
374	395
374	399
374	633
374	672
375	384
375	385
375	389
375	393
375	394
375	904
376	384
376	390
376	392
376	394
376	399
376	695
376	768
376	913
376	940
377	398
377	568
377	807
377	933
378	393
378	394
378	514
378	533
378	602
379	383
379	385
379	390
379	394
379	464
379	637
379	989
380	389
380	392
380	822
380	844
380	944
381	383
381	395
381	433
381	475
381	497
381	564
381	646
381	742
382	382
382	519
382	690
382	703
382	828
382	902
383	395
383	488
383	531
383	547
383	566
383	954
384	395
384	397
384	399
384	674
384	699
384	904
384	946
384	949
385	392
385	446
385	481
385	521
385	708
385	740
386	393
386	398
386	399
386	660
386	713
386	726
386	791
386	821
387	399
387	521
387	534
387	718
387	753
387	758
387	835
387	965
388	390
388	540
388	600
388	790
388	964
388	974
389	389
389	390
389	394
389	486
389	675
389	704
389	931
390	399
390	487
390	594
390	981
391	396
391	612
391	915
392	431
392	485
392	693
393	399
393	962
393	998
394	532
394	598
394	660
394	777
394	819
394	900
394	921
394	982
395	424
395	577
395	616
395	722
395	770
395	789
397	399
397	439
397	699
397	722
397	796
397	968
398	419
398	450
398	487
398	711
398	839
399	492
399	516
399	686
399	801
399	857
400	404
400	411
400	426
400	438
400	444
400	448
400	459
400	479
400	488
400	497
400	658
400	769
400	981
401	407
401	410
401	416
401	417
401	424
401	426
401	432
401	440
401	471
401	499
401	666
401	805
401	928
402	410
402	412
402	424
402	426
402	427
402	433
402	434
402	435
402	437
402	450
402	453
402	456
402	457
402	465
402	473
402	474
402	496
402	831
402	887
402	890
403	412
403	415
403	423
403	431
403	432
403	449
403	466
403	471
403	472
403	485
403	499
403	698
403	723
403	832
404	410
404	411
404	424
404	434
404	441
404	446
404	450
404	473
404	478
404	484
404	485
404	488
404	626
404	772
404	794
404	800
404	966
405	421
405	432
405	439
405	443
405	445
405	461
405	462
405	464
405	469
405	474
405	490
405	525
405	535
406	435
406	443
406	453
406	456
406	465
406	466
406	469
406	480
406	484
406	485
406	486
406	664
406	708
406	843
407	409
407	416
407	428
407	430
407	435
407	442
407	445
407	450
407	453
407	456
407	459
407	463
407	471
407	636
407	725
407	779
407	821
408	413
408	429
408	432
408	438
408	461
408	462
408	468
408	484
408	718
408	744
408	827
408	909
409	414
409	425
409	435
409	437
409	440
409	451
409	453
409	460
409	463
409	466
409	468
409	475
409	479
409	483
409	491
409	497
409	502
409	544
409	941
410	422
410	444
410	450
410	452
410	453
410	465
410	468
410	481
410	485
410	495
410	499
410	597
410	687
410	749
410	813
411	412
411	418
411	420
411	426
411	430
411	438
411	443
411	444
411	452
411	456
411	457
411	459
411	471
411	480
411	483
411	495
411	881
411	976
411	994
412	412
412	425
412	431
412	439
412	440
412	441
412	443
412	444
412	460
412	461
412	469
412	470
412	473
412	490
412	493
412	495
412	496
412	565
412	615
412	638
412	789
413	424
413	427
413	432
413	439
413	450
413	454
413	466
413	479
413	489
413	494
413	544
413	548
413	576
413	971
413	975
413	998
414	417
414	429
414	450
414	451
414	454
414	465
414	470
414	488
414	496
414	497
414	509
414	542
415	419
415	424
415	426
415	429
415	431
415	432
415	433
415	442
415	444
415	446
415	453
415	458
415	471
415	476
415	488
415	489
415	593
415	721
415	752
415	783
415	817
416	420
416	423
416	436
416	438
416	439
416	441
416	462
416	465
416	469
416	473
416	475
416	476
416	489
416	498
416	631
416	693
417	418
417	423
417	426
417	431
417	432
417	437
417	445
417	459
417	465
417	466
417	475
417	484
417	487
417	543
417	608
418	420
418	423
418	424
418	461
418	471
418	488
418	494
418	496
418	498
418	561
418	724
418	740
418	855
419	422
419	424
419	432
419	438
419	444
419	459
419	475
419	488
419	491
419	496
419	532
419	634
419	786
419	912
420	422
420	431
420	434
420	451
420	457
420	461
420	464
420	470
420	473
420	479
420	487
420	495
420	496
420	544
420	650
420	812
421	423
421	428
421	431
421	432
421	437
421	439
421	446
421	451
421	463
421	477
421	478
421	494
421	496
421	599
421	672
421	702
421	814
421	869
422	429
422	437
422	470
422	489
422	499
422	572
422	596
422	668
422	755
422	789
423	430
423	434
423	444
423	449
423	460
423	463
423	468
423	473
423	476
423	487
423	490
423	499
423	676
424	428
424	434
424	435
424	445
424	460
424	482
424	486
424	847
424	945
425	436
425	439
425	442
425	446
425	453
425	458
425	460
425	461
425	464
425	469
425	475
425	476
425	504
425	517
425	614
425	629
426	452
426	455
426	457
426	470
426	471
426	476
426	480
426	481
426	488
426	491
426	581
426	656
426	698
426	734
426	742
426	874
426	876
426	973
427	439
427	455
427	457
427	463
427	464
427	466
427	475
427	477
427	496
427	550
427	662
427	920
428	431
428	432
428	440
428	442
428	443
428	449
428	461
428	481
428	496
428	497
428	561
428	809
429	438
429	449
429	459
429	471
429	490
429	499
429	500
429	683
430	446
430	447
430	449
430	450
430	465
430	470
430	471
430	481
430	487
430	489
430	492
430	731
430	936
430	951
430	987
431	449
431	452
431	489
431	818
431	869
431	959
432	436
432	440
432	444
432	451
432	456
432	460
432	462
432	471
432	472
432	482
432	483
432	789
432	861
433	436
433	440
433	448
433	450
433	458
433	465
433	469
433	476
433	479
433	480
433	481
433	689
433	742
433	748
433	762
433	971
434	436
434	448
434	453
434	458
434	472
434	479
434	482
434	493
434	494
434	497
434	971
435	436
435	440
435	445
435	452
435	469
435	472
435	489
435	498
435	521
435	550
435	653
436	442
436	452
436	453
436	454
436	458
436	473
436	484
436	492
436	738
437	444
437	448
437	450
437	453
437	463
437	466
437	473
437	474
437	476
437	485
437	499
437	504
437	870
437	962
438	446
438	466
438	476
438	481
438	491
438	493
438	654
438	664
438	842
439	443
439	448
439	455
439	460
439	462
439	464
439	465
439	466
439	472
439	476
439	477
439	480
439	490
439	493
439	646
439	661
439	747
439	761
440	442
440	443
440	458
440	459
440	481
440	482
440	485
440	493
440	837
440	984
441	463
441	466
441	476
441	490
441	494
441	573
441	651
441	790
441	864
442	445
442	449
442	470
442	495
443	452
443	453
443	464
443	465
443	466
443	472
443	473
443	485
443	488
443	499
443	826
443	948
444	456
444	460
444	475
444	481
444	482
444	488
444	489
444	499
444	699
444	875
444	972
445	448
445	465
445	479
445	485
445	492
445	513
445	566
445	583
445	612
445	741
445	775
446	449
446	463
446	464
446	473
446	474
446	486
446	488
446	491
446	495
446	596
446	609
446	653
446	790
447	447
447	452
447	457
447	461
447	469
447	482
447	955
447	976
447	979
448	467
448	477
448	485
448	488
448	489
448	490
448	496
448	497
448	546
448	892
449	450
449	464
449	465
449	469
449	476
449	482
449	484
449	486
449	487
449	489
449	496
449	498
449	499
449	566
449	616
449	738
449	812
449	895
450	453
450	460
450	474
450	481
450	482
450	483
450	485
450	507
450	840
450	968
450	977
451	452
451	453
451	458
451	459
451	464
451	465
451	473
451	489
451	491
451	494
451	653
451	752
451	793
451	864
451	928
452	453
452	454
452	455
452	475
452	480
452	481
452	744
452	966
453	471
453	485
453	495
453	499
453	500
454	457
454	460
454	478
454	481
454	489
454	496
454	599
454	797
455	487
455	498
455	513
455	598
455	774
455	833
455	996
456	456
456	458
456	464
456	471
456	474
456	485
456	488
456	490
456	499
456	678
456	981
457	463
457	467
457	468
457	489
457	495
457	498
457	613
457	866
458	466
458	476
458	492
458	493
458	654
458	730
459	466
459	469
459	486
459	489
459	492
459	494
459	536
459	804
459	830
459	990
460	463
460	466
460	471
460	475
460	479
460	486
460	487
460	488
460	497
460	574
460	843
460	927
461	463
461	480
461	488
461	497
461	532
461	777
461	794
462	468
462	477
462	480
462	484
462	485
462	680
462	758
463	466
463	484
463	487
463	494
463	497
463	526
464	467
464	480
464	485
464	491
464	507
464	706
464	727
464	755
464	789
464	908
465	471
465	472
465	483
465	491
465	496
465	595
465	761
466	470
466	472
466	477
466	492
466	495
466	499
466	591
466	698
466	751
466	862
467	475
467	483
467	599
467	711
467	725
467	740
467	795
467	819
468	480
468	482
468	527
468	581
468	599
468	845
468	873
468	984
469	479
469	480
469	482
469	493
469	495
469	749
469	804
470	473
470	474
470	480
470	481
470	491
470	661
471	474
471	487
471	497
471	532
471	689
471	787
471	817
472	487
472	488
472	913
473	487
473	498
473	556
473	620
473	771
473	892
474	477
474	482
474	487
474	681
474	785
475	478
475	481
475	495
475	514
476	479
476	480
476	482
476	597
476	770
476	827
476	883
477	479
477	491
477	492
477	645
477	652
477	657
477	904
478	490
478	506
478	758
478	785
478	798
479	483
479	487
479	488
479	490
479	492
479	498
479	606
479	958
480	482
480	483
480	490
480	493
480	650
480	688
480	839
481	486
481	499
481	573
481	803
481	881
481	910
481	931
481	959
481	996
482	482
482	485
482	496
482	573
482	639
482	670
482	918
482	981
483	491
483	495
483	496
483	560
483	771
483	808
484	488
484	489
484	825
484	956
485	488
485	494
485	495
485	905
486	496
486	850
487	494
487	498
487	520
487	588
487	780
487	829
487	882
488	740
489	495
489	497
489	661
490	492
491	694
491	743
492	498
492	524
492	563
492	852
492	990
493	898
494	495
494	719
494	767
495	818
496	841
496	896
496	980
497	498
497	970
498	901
498	966
498	999
500	509
500	536
500	557
500	559
500	569
500	571
500	580
500	927
501	507
501	544
501	546
501	547
501	553
501	569
501	572
501	584
501	586
501	587
501	589
501	908
501	927
502	518
502	527
502	529
502	530
502	538
502	543
502	544
502	553
502	559
502	585
502	592
502	619
502	682
502	823
503	521
503	529
503	538
503	539
503	544
503	557
503	560
503	566
503	571
503	579
503	581
503	588
503	591
503	750
503	796
504	516
504	521
504	530
504	539
504	543
504	552
504	556
504	559
504	562
504	563
504	568
504	585
504	588
504	595
504	622
504	787
504	976
505	506
505	511
505	518
505	520
505	521
505	522
505	527
505	533
505	535
505	541
505	542
505	550
505	563
505	565
505	568
505	572
505	606
505	687
505	816
505	943
506	509
506	512
506	513
506	519
506	521
506	524
506	525
506	526
506	538
506	539
506	547
506	554
506	556
506	564
506	575
506	584
506	590
506	672
506	917
507	522
507	527
507	533
507	541
507	544
507	554
507	557
507	559
507	580
507	582
507	583
507	588
507	598
507	599
507	865
507	924
508	509
508	516
508	522
508	529
508	532
508	544
508	550
508	567
508	571
508	580
508	589
508	599
508	691
508	710
508	984
509	515
509	517
509	519
509	529
509	531
509	533
509	543
509	549
509	561
509	571
509	573
509	574
509	586
509	592
509	596
509	843
509	963
510	524
510	528
510	534
510	548
510	554
510	565
510	569
510	573
510	583
510	597
510	610
511	530
511	533
511	535
511	536
511	540
511	545
511	561
511	564
511	573
511	579
511	736
511	788
511	941
512	519
512	536
512	538
512	545
512	548
512	553
512	554
512	557
512	559
512	568
512	570
512	573
512	582
512	589
512	593
512	594
512	677
512	766
512	806
512	839
513	533
513	546
513	563
513	568
513	574
513	585
513	591
513	659
513	777
513	884
514	522
514	530
514	536
514	541
514	548
514	559
514	564
514	569
514	582
514	585
514	592
514	811
514	997
515	522
515	536
515	545
515	568
515	582
515	585
515	594
515	648
515	866
515	922
515	934
516	520
516	523
516	526
516	529
516	547
516	548
516	551
516	554
516	560
516	563
516	568
516	571
516	576
516	577
516	584
516	592
516	595
516	596
516	610
516	683
516	744
516	818
516	926
517	520
517	528
517	539
517	545
517	550
517	564
517	571
517	578
517	582
517	584
517	586
517	589
517	837
517	894
518	518
518	546
518	552
518	556
518	562
518	565
518	570
518	578
518	591
518	597
518	658
519	519
519	532
519	533
519	547
519	550
519	551
519	555
519	565
519	566
519	573
519	579
519	581
519	586
519	591
519	595
520	522
520	525
520	526
520	529
520	530
520	536
520	551
520	554
520	578
520	579
520	582
520	587
520	611
520	791
520	922
521	529
521	530
521	544
521	548
521	551
521	553
521	563
521	585
521	594
521	606
521	790
521	867
521	908
521	961
522	523
522	528
522	529
522	547
522	556
522	563
522	572
522	578
522	581
522	592
522	670
522	804
522	865
523	525
523	534
523	546
523	551
523	563
523	572
523	577
523	585
523	591
523	595
523	699
524	529
524	530
524	531
524	539
524	541
524	544
524	546
524	559
524	560
524	562
524	566
524	578
525	529
525	533
525	543
525	554
525	556
525	558
525	566
525	580
525	592
525	596
525	599
525	839
525	879
525	880
525	989
526	539
526	556
526	564
526	566
526	568
526	573
526	583
526	585
526	589
526	659
526	709
527	533
527	536
527	540
527	544
527	546
527	552
527	572
527	574
527	577
527	582
527	586
527	595
527	598
527	641
527	734
528	528
528	535
528	545
528	546
528	552
528	556
528	559
528	563
528	576
528	675
528	972
529	532
529	537
529	548
529	564
529	565
529	574
529	576
529	577
529	591
529	913
530	542
530	551
530	556
530	557
530	566
530	570
530	578
530	594
530	630
531	535
531	544
531	550
531	562
531	566
531	571
531	578
531	579
531	584
531	590
531	594
531	595
531	670
531	736
531	753
531	784
532	552
532	560
532	563
532	565
532	566
532	568
532	570
532	580
532	582
532	583
532	597
532	716
532	903
533	533
533	538
533	548
533	550
533	557
533	566
533	567
533	571
533	572
533	582
533	939
533	952
534	536
534	553
534	565
534	567
534	568
534	575
534	579
534	587
534	591
534	592
534	595
534	598
534	599
534	708
534	886
534	908
535	542
535	556
535	573
535	585
535	593
535	792
535	974
536	541
536	544
536	559
536	562
536	589
536	684
537	546
537	550
537	551
537	558
537	564
537	569
537	571
537	599
538	539
538	544
538	546
538	569
538	575
538	576
538	582
538	593
538	596
538	631
538	688
538	905
538	995
539	543
539	544
539	546
539	558
539	559
539	563
539	565
539	586
539	591
539	593
539	758
540	545
540	548
540	552
540	564
540	580
540	583
540	591
540	695
540	768
540	899
540	952
540	993
541	545
541	546
541	548
541	552
541	554
541	563
541	565
541	566
541	570
541	577
541	587
541	589
541	597
541	720
541	773
541	841
541	955
542	542
542	568
542	572
542	575
542	577
542	592
542	595
542	596
542	597
542	638
542	841
543	544
543	549
543	560
543	573
543	577
543	579
543	581
543	586
543	593
543	594
543	598
543	924
544	557
544	562
544	565
544	572
544	573
544	577
544	581
544	582
544	723
544	743
544	983
544	993
545	554
545	558
545	562
545	563
545	570
545	578
545	584
545	588
545	592
545	595
545	598
545	599
545	619
545	727
545	776
545	979
546	552
546	557
546	563
546	581
546	588
546	655
546	725
546	778
546	790
546	881
547	560
547	561
547	578
547	580
547	581
547	587
547	589
547	593
548	584
548	585
548	835
548	940
548	970
549	549
549	553
549	558
549	566
549	571
549	589
549	597
549	690
549	964
550	558
550	559
550	560
550	591
550	593
550	658
550	720
550	828
550	882
550	997
551	554
551	572
551	580
551	585
551	591
551	686
551	715
551	738
551	765
551	829
551	988
552	575
552	583
552	587
552	591
552	596
552	597
553	556
553	562
553	573
553	574
553	581
553	583
553	584
553	781
553	971
554	559
554	570
554	571
554	574
554	579
554	580
554	588
554	596
554	661
554	668
554	797
554	803
554	863
554	979
555	559
555	568
555	569
555	575
555	577
555	588
555	591
555	592
555	622
555	637
555	693
555	865
555	923
556	560
556	568
556	579
556	583
556	778
556	821
557	557
557	561
557	568
557	586
557	588
557	593
557	596
557	890
558	560
558	563
558	574
558	575
558	576
558	580
558	588
558	590
558	592
558	595
558	711
558	764
558	840
559	559
559	568
559	569
559	570
559	572
559	575
559	579
559	581
559	582
559	591
559	762
559	880
559	901
559	932
559	935
559	970
560	561
560	576
560	578
560	588
560	596
560	935
561	563
561	571
561	577
561	579
561	582
561	588
561	732
561	755
561	983
562	565
562	578
562	583
562	586
562	589
562	634
562	705
562	989
563	574
563	587
563	590
563	593
563	596
564	570
564	573
564	581
564	586
564	587
564	664
565	566
565	570
565	581
565	583
565	584
565	591
565	599
565	601
565	823
565	835
566	568
566	576
566	637
566	676
566	858
567	568
567	575
567	579
567	583
567	594
567	858
567	894
568	585
568	591
568	595
568	795
568	969
569	572
569	584
569	593
569	594
569	598
569	599
569	633
570	573
570	592
570	595
570	718
570	835
570	837
571	572
571	581
571	584
571	592
571	599
572	574
572	577
572	581
572	584
572	585
572	587
572	588
572	590
572	592
572	596
572	641
572	803
573	581
573	585
573	587
573	706
574	590
574	591
574	638
574	747
574	795
575	582
575	585
575	771
575	794
575	913
575	979
576	586
576	596
577	580
577	599
577	614
577	740
577	771
578	583
578	586
578	591
578	668
578	671
579	581
579	584
579	585
579	597
579	598
579	946
580	580
580	588
580	597
580	733
580	976
581	583
581	590
582	585
582	586
582	589
582	590
582	592
582	598
582	614
582	660
582	737
582	979
583	585
583	588
583	592
583	593
583	624
583	782
584	585
584	587
584	596
584	671
585	597
585	899
585	955
586	586
586	590
586	595
586	671
586	860
586	997
587	590
587	752
587	796
587	912
587	992
588	591
588	595
588	599
588	789
588	909
589	592
589	594
589	597
590	596
590	597
590	677
590	863
590	945
591	596
592	596
592	597
592	599
592	635
593	900
593	968
593	989
596	647
596	733
596	895
596	922
596	960
597	700
597	919
598	657
598	774
598	869
599	641
599	825
599	857
600	612
600	614
600	635
600	638
600	654
600	663
600	667
600	679
600	696
600	770
600	936
601	602
601	618
601	630
601	635
601	638
601	649
601	655
601	660
601	661
601	665
601	679
601	683
601	686
601	863
602	610
602	611
602	635
602	645
602	657
602	663
602	668
602	675
602	676
602	681
602	682
602	684
602	691
602	901
602	934
603	624
603	625
603	632
603	633
603	634
603	637
603	643
603	666
603	676
603	682
603	685
603	690
603	691
603	693
604	623
604	637
604	643
604	644
604	660
604	665
604	671
604	681
604	684
604	690
604	692
604	696
604	785
605	606
605	608
605	615
605	620
605	622
605	627
605	636
605	653
605	662
605	678
605	687
605	690
605	699
605	907
606	613
606	617
606	620
606	628
606	647
606	655
606	656
606	659
606	663
606	667
606	679
606	680
606	686
606	924
607	608
607	614
607	618
607	639
607	642
607	643
607	651
607	655
607	668
607	677
607	684
607	693
607	695
607	697
607	698
607	699
607	745
608	620
608	624
608	630
608	631
608	637
608	639
608	652
608	658
608	660
608	667
608	688
608	804
608	941
609	615
609	622
609	637
609	639
609	652
609	656
609	657
609	661
609	662
609	679
609	682
609	687
609	688
609	691
609	697
610	614
610	615
610	634
610	636
610	640
610	643
610	676
610	681
610	683
610	686
610	687
610	689
610	690
610	691
610	693
610	699
611	621
611	640
611	645
611	649
611	650
611	655
611	676
611	680
611	690
611	893
612	613
612	623
612	624
612	627
612	635
612	638
612	644
612	655
612	660
612	670
612	675
612	677
612	686
612	690
612	797
612	819
612	977
612	987
613	619
613	627
613	633
613	653
613	663
613	681
613	682
613	686
613	688
613	695
613	750
613	844
613	889
613	969
614	616
614	620
614	641
614	642
614	643
614	649
614	653
614	656
614	670
614	673
614	677
614	680
614	684
614	695
614	998
615	618
615	648
615	651
615	658
615	660
615	665
615	671
615	672
615	682
615	696
615	699
616	620
616	623
616	626
616	636
616	647
616	653
616	655
616	658
616	666
616	668
616	669
616	673
616	674
616	675
616	697
616	726
616	834
616	912
617	628
617	642
617	645
617	663
617	670
617	672
617	673
617	676
617	680
617	693
617	790
618	620
618	621
618	629
618	641
618	648
618	652
618	657
618	665
618	677
618	692
618	694
618	697
618	698
618	991
619	628
619	631
619	635
619	640
619	642
619	645
619	648
619	650
619	657
619	660
619	667
619	671
619	674
619	689
619	693
619	715
619	726
619	772
619	925
619	947
620	623
620	630
620	646
620	647
620	669
620	680
620	683
620	689
620	698
620	787
620	826
620	860
620	970
621	626
621	627
621	629
621	630
621	636
621	638
621	645
621	648
621	649
621	658
621	660
621	675
621	686
621	690
621	698
621	715
621	911
621	915
622	625
622	630
622	631
622	636
622	638
622	644
622	646
622	648
622	649
622	652
622	664
622	665
622	673
622	676
622	680
622	682
622	683
622	692
622	735
622	809
622	846
622	896
622	927
623	626
623	638
623	650
623	651
623	655
623	665
623	668
623	669
623	687
623	692
624	639
624	640
624	665
624	669
624	695
624	696
624	699
624	801
624	952
625	630
625	636
625	637
625	639
625	644
625	649
625	650
625	656
625	658
625	663
625	665
625	672
625	679
625	697
625	735
626	627
626	629
626	632
626	633
626	647
626	653
626	654
626	658
626	667
626	675
626	679
626	680
626	683
626	685
626	689
626	694
626	703
626	789
627	629
627	638
627	651
627	665
627	670
627	671
627	673
627	680
627	698
627	701
627	929
628	640
628	662
628	666
628	668
628	678
628	681
628	690
628	692
628	696
628	990
629	641
629	653
629	654
629	656
629	658
629	664
629	667
629	675
629	679
629	693
629	840
629	964
630	644
630	648
630	651
630	663
630	665
630	667
630	679
630	693
630	697
630	888
630	904
630	934
631	639
631	649
631	661
631	664
631	671
631	678
631	687
631	696
631	977
632	632
632	636
632	637
632	648
632	653
632	675
632	677
632	681
632	683
633	646
633	649
633	655
633	661
633	667
633	673
633	691
633	849
633	873
633	995
634	638
634	641
634	658
634	659
634	668
634	670
634	676
634	679
634	686
634	689
634	694
634	810
634	896
635	641
635	642
635	643
635	660
635	670
635	679
635	680
635	693
635	890
635	911
635	935
636	640
636	645
636	649
636	650
636	651
636	669
636	689
636	691
636	694
636	713
636	931
637	648
637	671
637	688
637	695
638	654
638	657
638	660
638	663
638	667
638	670
638	679
638	681
638	682
638	683
638	689
638	693
639	639
639	640
639	650
639	654
639	658
639	663
639	675
639	686
639	687
639	698
639	958
640	640
640	647
640	652
640	660
640	662
640	667
640	678
640	683
640	694
640	873
641	644
641	657
641	658
641	676
641	677
641	688
641	689
641	693
641	694
641	960
642	670
642	672
642	687
642	697
642	726
642	800
642	857
643	653
643	655
643	656
643	657
643	671
643	682
643	804
644	644
644	666
644	669
644	672
644	685
644	686
644	694
644	696
644	852
644	987
645	646
645	665
645	666
645	671
645	673
645	676
645	691
645	693
645	695
645	698
645	784
646	670
646	673
646	677
646	685
646	687
646	692
646	695
646	696
646	697
646	769
646	791
646	819
646	854
646	901
647	660
647	666
647	669
647	679
647	699
647	712
647	847
647	925
648	652
648	658
648	665
648	666
648	667
648	669
648	682
648	697
648	850
648	916
649	650
649	652
649	654
649	657
649	661
649	664
649	668
649	671
649	674
649	675
649	682
649	683
649	687
649	689
649	690
649	698
650	675
650	680
650	684
650	691
650	731
650	779
650	911
650	917
650	957
651	659
651	662
651	670
651	676
651	677
651	694
651	695
651	864
651	968
652	656
652	658
652	666
652	676
652	682
652	687
652	868
652	973
653	655
653	656
653	660
653	665
653	675
653	677
653	682
653	683
653	684
653	839
653	908
653	945
654	666
654	667
654	668
654	674
654	694
654	803
654	861
654	983
655	660
655	661
655	665
655	676
655	677
655	687
655	688
655	696
655	698
655	891
655	932
656	662
656	664
656	669
656	671
656	673
656	680
656	682
656	691
656	877
656	990
657	661
657	662
657	663
657	670
657	685
657	694
657	695
657	711
657	765
657	874
657	897
658	664
658	669
658	671
658	679
658	681
658	684
658	686
658	765
659	664
659	690
659	691
659	698
659	961
660	669
660	686
660	689
660	696
660	801
661	667
661	675
661	679
661	681
661	690
661	693
661	718
662	676
662	678
662	680
662	681
663	665
663	666
663	684
663	804
663	842
664	668
664	669
664	675
664	678
664	679
664	687
664	688
664	694
664	698
664	914
665	666
665	673
665	679
665	681
665	684
665	686
665	688
665	690
666	668
666	679
666	686
666	689
666	692
666	969
667	669
667	670
667	671
667	682
667	684
667	687
667	778
667	903
668	670
668	675
668	686
668	706
668	747
668	771
668	907
669	679
669	690
669	691
669	698
669	886
669	953
670	671
670	673
670	675
670	684
670	686
670	691
670	692
670	725
670	802
671	673
671	678
671	699
671	715
671	718
672	673
672	678
672	685
672	899
673	675
673	681
673	685
673	794
673	824
673	969
674	676
674	679
674	687
674	697
674	699
674	710
674	917
674	925
675	678
675	683
675	686
675	918
676	679
676	688
677	684
677	686
677	689
677	699
678	847
679	682
679	689
679	794
680	681
680	687
680	688
680	689
680	690
680	695
680	696
681	689
681	692
681	693
681	695
681	697
681	796
681	924
681	942
682	881
682	957
683	695
683	744
683	748
684	691
684	854
685	688
685	694
685	697
685	733
685	805
686	694
686	912
687	693
687	768
687	784
687	825
687	925
688	798
689	716
689	798
689	891
689	899
690	694
690	697
690	923
691	692
691	706
691	792
691	795
692	699
692	787
692	815
692	872
692	993
693	696
694	695
695	702
695	918
696	698
696	768
696	913
697	699
697	885
698	971
699	703
699	843
699	977
700	705
700	706
700	708
700	730
700	751
700	752
700	754
700	755
700	756
700	772
700	790
700	836
700	843
701	701
701	720
701	731
701	736
701	741
701	744
701	753
701	762
701	780
701	789
701	793
702	705
702	714
702	717
702	720
702	739
702	758
702	759
702	769
702	783
702	793
702	796
702	797
703	705
703	710
703	718
703	723
703	728
703	731
703	737
703	738
703	739
703	740
703	752
703	759
703	764
703	772
703	776
703	788
703	791
703	798
703	799
704	709
704	716
704	728
704	732
704	753
704	766
704	774
704	788
705	710
705	712
705	716
705	720
705	727
705	755
705	764
705	771
705	773
705	779
705	795
705	932
706	718
706	723
706	730
706	747
706	756
706	767
706	769
706	787
707	711
707	718
707	720
707	734
707	737
707	745
707	749
707	759
707	778
707	782
707	788
707	789
707	904
707	909
707	927
708	709
708	711
708	713
708	738
708	739
708	747
708	748
708	761
708	781
708	786
708	787
708	798
709	728
709	746
709	763
709	918
709	943
709	971
709	989
710	713
710	720
710	730
710	742
710	743
710	751
710	774
710	782
710	792
710	872
711	726
711	730
711	731
711	739
711	762
711	764
711	769
711	847
711	922
711	953
712	713
712	723
712	729
712	746
712	751
712	752
712	756
712	761
712	762
712	764
712	767
712	770
712	772
712	773
712	780
712	792
712	809
713	732
713	744
713	767
713	771
713	772
713	773
713	776
713	783
713	791
714	720
714	757
714	761
714	763
714	772
714	780
714	784
714	786
714	793
714	796
714	798
714	799
715	730
715	733
715	739
715	751
715	761
715	762
715	765
715	766
715	775
715	779
715	793
715	799
716	725
716	731
716	733
716	750
716	756
716	763
716	765
716	768
716	772
716	783
716	789
716	795
716	944
717	745
717	753
717	763
717	767
717	776
717	782
717	789
717	797
717	948
718	724
718	742
718	746
718	780
718	792
718	797
718	825
718	870
718	946
718	954
719	729
719	732
719	736
719	741
719	743
719	750
719	758
719	777
719	791
719	793
719	941
720	740
720	776
720	780
720	781
720	788
720	793
720	796
720	797
720	873
721	727
721	738
721	747
721	749
721	754
721	762
721	791
721	797
721	798
721	802
722	723
722	731
722	734
722	758
722	759
722	760
722	766
723	726
723	727
723	731
723	742
723	746
723	757
723	758
723	763
723	766
723	773
723	774
723	860
723	886
723	986
724	729
724	733
724	735
724	738
724	759
724	767
724	769
724	773
724	775
724	779
724	783
724	784
724	787
724	815
724	852
725	727
725	735
725	769
725	772
725	775
725	785
725	798
726	727
726	730
726	732
726	740
726	751
726	752
726	762
726	767
726	786
726	789
726	924
726	968
727	729
727	739
727	746
727	749
727	750
727	751
727	754
727	759
727	766
728	731
728	743
728	745
728	755
728	758
728	767
728	773
728	791
729	740
729	744
729	748
729	753
729	757
729	766
729	769
729	794
729	796
730	734
730	736
730	739
730	750
730	760
730	761
730	765
730	777
730	793
730	801
730	905
730	909
731	751
731	752
731	753
731	758
731	761
731	780
731	783
731	785
731	787
731	813
732	733
732	746
732	748
732	759
732	765
732	776
732	778
732	781
732	793
732	797
732	909
732	963
733	740
733	745
733	754
733	765
733	776
733	787
733	788
733	792
733	796
733	907
733	908
733	920
733	927
734	745
734	760
734	763
734	771
734	778
734	779
735	750
735	753
735	755
735	757
735	758
735	762
735	777
735	779
735	799
736	741
736	743
736	748
736	754
736	767
736	774
736	776
736	778
736	790
736	792
736	799
736	936
737	739
737	741
737	745
737	747
737	762
737	765
737	768
737	772
737	777
737	778
737	781
737	959
738	746
738	748
738	750
738	754
738	757
738	763
738	785
738	839
738	967
739	763
739	773
739	787
739	793
739	799
740	742
740	760
740	763
740	778
740	779
740	780
740	789
741	757
741	765
741	775
741	787
741	792
741	798
741	948
741	993
742	779
742	781
742	792
742	795
743	751
743	752
743	773
743	778
743	786
743	794
743	857
744	746
744	749
744	752
744	760
744	779
744	780
744	782
744	797
745	749
745	764
745	772
745	779
745	780
745	787
745	789
745	792
745	793
746	747
746	754
746	758
746	765
746	770
746	779
746	794
746	826
746	894
746	953
746	979
747	767
747	774
747	794
748	750
748	758
748	760
748	775
748	779
749	750
749	751
749	771
749	775
749	780
749	781
749	783
749	784
749	789
749	791
749	799
749	833
749	985
750	750
750	752
750	754
750	759
750	765
750	766
750	772
750	773
750	774
750	775
750	787
750	789
750	792
751	751
751	762
751	764
751	788
751	789
751	899
751	943
752	754
752	756
752	760
752	762
752	769
752	773
752	774
752	776
752	791
752	793
752	797
752	840
753	762
753	774
753	779
753	782
753	783
753	784
753	786
753	789
753	803
753	973
754	760
754	770
754	771
754	772
755	759
755	767
755	775
755	783
755	786
755	790
756	758
756	770
756	782
756	789
756	870
757	758
757	760
757	765
757	769
757	770
757	773
757	776
757	779
757	781
757	786
757	790
757	793
757	882
758	763
758	764
758	768
758	773
758	776
758	778
758	782
758	786
758	957
759	760
759	764
759	768
759	769
759	773
759	784
759	792
759	797
760	761
760	768
760	777
760	778
760	779
760	786
760	789
760	795
760	812
761	768
761	772
761	777
761	843
761	904
761	947
761	981
762	763
762	770
762	776
762	777
762	780
762	791
762	953
763	777
763	792
763	796
763	820
764	766
764	770
764	777
764	782
764	784
764	786
764	793
764	796
764	798
764	873
765	768
765	770
765	779
765	782
765	786
765	790
765	795
765	916
766	770
766	771
766	772
766	779
766	787
766	792
766	797
766	834
766	931
767	775
767	785
767	786
767	797
767	798
767	799
768	776
768	781
768	783
768	786
768	878
769	781
769	783
769	787
769	865
769	931
769	932
770	784
770	798
771	772
771	779
771	781
771	794
772	779
772	789
772	804
772	856
773	782
773	786
773	788
773	790
773	793
773	795
774	776
774	779
775	781
775	796
775	896
775	898
775	910
775	965
776	785
776	787
776	796
776	797
776	979
776	982
777	791
777	794
778	778
778	792
778	800
778	949
779	781
779	790
779	793
779	794
779	909
779	920
779	996
780	784
780	785
780	795
780	796
780	842
780	875
780	922
781	785
781	787
782	787
782	829
782	898
782	967
782	972
782	991
784	806
784	959
785	788
785	789
785	791
785	795
785	796
785	798
785	862
786	789
786	796
786	799
786	851
786	905
786	951
787	795
787	798
787	857
788	900
789	790
789	793
789	828
789	845
789	941
790	791
790	794
790	873
792	795
792	798
792	865
792	940
792	970
793	877
794	798
794	901
795	796
795	798
795	799
795	804
796	869
796	925
797	869
797	930
797	932
798	802
798	892
800	804
800	806
800	807
800	811
800	818
800	819
800	824
800	825
800	831
800	833
800	836
800	844
800	853
800	861
800	876
800	886
800	888
801	805
801	806
801	807
801	813
801	818
801	823
801	829
801	831
801	837
801	850
801	853
801	857
801	858
801	859
801	872
801	874
801	879
802	802
802	806
802	820
802	837
802	854
802	856
802	863
802	872
802	878
802	890
802	892
802	898
802	900
802	958
803	804
803	810
803	815
803	826
803	834
803	836
803	847
803	849
803	851
803	852
803	862
803	864
803	866
803	875
803	878
803	890
803	898
803	947
803	989
804	807
804	808
804	809
804	812
804	817
804	831
804	836
804	840
804	847
804	858
804	859
804	860
804	869
804	877
804	880
804	886
804	889
805	806
805	822
805	828
805	836
805	840
805	851
805	868
805	875
805	876
805	882
805	883
805	897
806	816
806	822
806	832
806	838
806	853
806	857
806	908
807	808
807	811
807	828
807	832
807	836
807	838
807	839
807	859
807	861
807	865
807	869
807	880
807	881
808	818
808	822
808	823
808	829
808	833
808	859
808	860
808	861
808	872
808	884
808	885
808	898
808	925
808	973
809	811
809	834
809	837
809	840
809	867
809	876
809	884
809	887
809	891
809	893
809	895
809	897
809	966
809	995
810	812
810	813
810	818
810	820
810	826
810	832
810	843
810	844
810	847
810	850
810	852
810	883
810	885
810	898
811	824
811	827
811	832
811	839
811	847
811	858
811	863
811	872
811	876
811	878
811	884
811	885
811	896
812	815
812	829
812	831
812	833
812	836
812	841
812	862
812	868
812	883
812	891
812	894
812	898
812	899
812	984
813	822
813	839
813	840
813	841
813	853
813	861
813	865
813	868
813	881
813	882
813	893
813	894
813	896
813	952
814	826
814	828
814	841
814	860
814	863
814	865
814	867
814	871
814	882
814	891
814	895
814	897
814	927
815	817
815	819
815	827
815	828
815	836
815	839
815	841
815	857
815	862
815	867
815	879
815	883
815	884
815	893
815	897
815	898
815	979
816	826
816	829
816	849
816	865
816	875
816	888
816	890
816	892
816	895
816	899
816	984
817	834
817	844
817	848
817	850
817	858
817	871
817	877
818	828
818	829
818	833
818	837
818	838
818	849
818	854
818	855
818	870
818	882
818	895
818	897
818	948
819	822
819	828
819	832
819	847
819	874
819	876
819	877
819	885
819	890
819	896
819	907
820	827
820	834
820	850
820	851
820	859
820	865
820	871
820	878
820	880
820	883
820	884
820	886
820	895
820	899
821	827
821	830
821	832
821	837
821	838
821	841
821	843
821	847
821	854
821	858
821	860
821	869
821	887
821	896
821	897
821	899
822	822
822	829
822	838
822	847
822	873
822	874
823	833
823	838
823	851
823	866
823	867
823	879
823	897
823	898
823	904
823	910
824	828
824	833
824	844
824	857
824	859
824	872
824	884
824	888
824	894
824	899
825	828
825	865
825	877
825	884
826	832
826	842
826	847
826	864
826	868
826	869
826	873
826	874
826	875
826	883
826	887
826	894
827	836
827	840
827	843
827	847
827	873
827	877
827	888
827	895
828	841
828	843
828	844
828	848
828	878
828	885
828	897
828	898
828	899
829	831
829	841
829	851
829	855
829	856
829	862
829	871
829	874
829	875
829	884
829	890
829	912
829	952
830	837
830	841
830	842
830	850
830	856
830	857
830	876
830	879
830	886
830	896
830	981
831	840
831	870
831	871
831	877
831	878
831	883
831	887
831	899
832	836
832	842
832	844
832	855
832	876
832	895
833	834
833	835
833	843
833	847
833	848
833	853
833	854
833	858
833	863
833	868
833	876
833	878
833	964
834	849
834	852
834	857
834	860
834	870
834	873
834	883
834	893
835	836
835	838
835	839
835	844
835	845
835	852
835	865
835	871
835	875
835	876
835	884
835	891
835	895
836	841
836	844
836	849
836	856
836	858
836	878
836	881
836	885
836	887
836	888
836	890
836	895
836	926
837	839
837	846
837	852
837	853
837	856
837	859
837	868
837	884
837	885
837	886
837	892
837	894
837	896
837	897
838	841
838	849
838	855
838	857
838	874
838	887
838	915
838	999
839	844
839	848
839	849
839	850
839	853
839	864
839	865
839	867
839	869
839	894
840	852
840	853
840	866
840	869
840	871
840	890
840	898
840	900
841	842
841	849
841	851
841	867
841	874
841	881
841	884
841	888
841	892
841	899
841	929
842	845
842	852
842	857
842	858
842	860
842	863
842	867
842	892
842	965
843	843
843	851
843	854
843	864
843	875
843	889
843	893
844	849
844	857
844	859
844	877
844	897
844	943
845	846
845	857
845	864
845	873
845	875
845	878
845	889
845	896
846	850
846	861
846	862
846	868
846	869
846	872
846	896
846	899
847	847
847	853
847	858
847	861
847	864
847	872
847	877
847	878
847	898
847	906
847	969
848	863
848	868
848	869
848	873
848	891
848	895
848	899
849	851
849	860
849	864
849	869
849	873
849	879
849	880
849	886
849	892
849	897
850	854
850	856
850	862
850	869
850	875
850	879
850	883
850	890
850	910
851	851
851	862
851	883
851	897
851	951
852	860
852	871
852	880
852	891
852	893
852	898
852	899
853	856
853	860
853	875
853	879
853	885
853	894
854	854
854	859
854	862
854	870
854	882
854	886
854	887
854	890
854	899
855	861
855	865
855	868
855	869
855	872
855	875
855	876
855	886
855	897
856	864
856	876
856	879
856	899
856	937
857	863
857	869
857	873
858	878
858	881
858	882
859	860
859	870
859	898
860	874
860	883
860	885
860	886
860	897
861	865
861	867
861	868
861	871
861	873
861	881
861	889
861	895
861	898
861	917
862	868
862	869
862	882
862	885
862	886
862	894
862	898
862	902
863	866
863	875
863	879
863	882
863	885
863	895
863	908
864	874
864	879
864	886
864	887
864	897
865	865
865	868
865	885
865	888
865	894
865	899
865	938
866	879
866	899
867	869
867	873
867	877
867	883
867	885
867	898
869	875
869	878
869	880
869	885
869	890
869	898
870	874
870	878
870	887
870	916
870	948
871	894
871	895
871	896
871	926
871	963
872	874
872	876
872	878
872	881
872	885
872	894
872	898
873	896
874	879
874	888
874	902
875	881
875	885
875	897
875	942
876	876
876	895
877	882
877	892
877	895
877	898
877	899
877	981
877	982
878	882
878	890
878	987
879	886
880	903
880	975
881	882
881	884
881	893
881	895
881	899
882	890
882	891
882	892
883	887
883	888
883	894
883	995
884	893
884	895
885	890
885	907
885	922
885	976
886	891
886	895
886	896
886	909
887	893
888	890
888	895
888	959
889	896
889	928
890	890
891	898
892	893
892	898
892	907
893	897
894	895
896	897
897	926
898	899
900	900
900	906
900	915
900	920
900	924
900	930
900	933
900	936
900	943
900	974
900	976
900	977
900	980
900	984
900	986
900	990
900	992
900	996
900	997
901	915
901	922
901	925
901	944
901	952
901	994
901	995
902	919
902	937
902	940
902	946
902	953
902	958
902	968
902	974
902	989
902	993
903	903
903	905
903	909
903	923
903	924
903	932
903	936
903	941
903	947
903	950
903	953
903	957
903	958
903	964
903	967
903	968
903	973
903	987
904	905
904	906
904	911
904	915
904	921
904	925
904	931
904	932
904	942
904	951
904	955
904	963
904	985
904	987
904	991
905	910
905	917
905	925
905	930
905	931
905	944
905	951
905	972
905	977
905	981
905	982
905	993
906	912
906	931
906	936
906	938
906	939
906	942
906	950
906	955
906	961
906	971
906	972
906	976
906	986
906	992
906	993
907	910
907	911
907	914
907	915
907	923
907	924
907	929
907	946
907	953
907	958
907	961
907	965
907	970
907	984
907	991
907	995
907	998
908	910
908	913
908	922
908	924
908	928
908	937
908	938
908	943
908	947
908	966
908	972
908	975
908	994
909	910
909	914
909	916
909	929
909	935
909	939
909	950
909	963
909	982
910	911
910	918
910	930
910	934
910	941
910	955
910	956
910	971
911	919
911	930
911	933
911	944
911	946
911	960
911	963
911	974
911	976
911	977
911	981
911	984
911	985
911	986
911	994
911	995
911	996
912	914
912	924
912	930
912	938
912	940
912	941
912	949
912	951
912	960
912	980
912	988
912	989
913	919
913	920
913	923
913	930
913	935
913	938
913	963
913	972
913	987
913	988
913	997
914	924
914	929
914	932
914	934
914	940
914	945
914	958
914	959
914	960
914	962
914	963
914	972
914	980
914	982
914	995
915	919
915	920
915	921
915	924
915	932
915	933
915	938
915	956
915	966
915	986
915	990
915	993
916	916
916	917
916	923
916	929
916	934
916	941
916	950
916	966
916	967
916	970
916	978
916	981
917	922
917	927
917	931
917	940
917	951
917	956
917	976
917	982
917	989
917	992
917	993
917	999
918	919
918	923
918	924
918	928
918	944
918	945
918	953
918	967
918	971
918	973
918	978
918	985
918	986
918	994
918	998
919	923
919	938
919	941
919	944
919	950
919	953
919	954
919	956
919	959
919	961
919	962
919	966
919	974
919	978
919	994
920	932
920	941
920	943
920	945
920	949
920	954
920	955
920	958
920	962
920	968
920	973
920	980
921	921
921	929
921	932
921	945
921	969
921	975
921	978
921	979
921	984
921	988
921	991
922	924
922	933
922	938
922	943
922	948
922	955
922	961
922	972
922	982
922	983
922	989
922	998
923	926
923	927
923	947
923	957
923	965
923	966
923	967
923	970
923	976
923	977
923	982
923	987
923	992
924	924
924	936
924	946
924	949
924	958
924	963
924	967
924	972
924	976
924	981
924	994
925	931
925	933
925	942
925	946
925	948
925	953
925	954
925	962
925	968
925	980
925	981
925	984
925	987
926	930
926	932
926	939
926	942
926	945
926	950
926	959
926	970
926	975
926	982
926	988
927	930
927	931
927	936
927	942
927	943
927	952
927	955
927	960
927	988
927	989
927	991
927	997
927	998
928	942
928	943
928	946
928	947
928	954
928	958
928	978
928	986
928	996
928	997
929	931
929	938
929	941
929	950
929	964
929	968
929	969
929	972
929	982
929	992
929	996
930	952
930	963
930	969
930	986
930	993
931	933
931	939
931	949
931	954
931	959
931	961
931	969
931	975
931	984
931	992
932	941
932	944
932	948
932	955
932	963
932	965
933	937
933	950
933	958
933	962
933	963
933	967
933	969
933	984
933	995
933	997
934	940
934	950
934	959
934	964
934	973
934	995
934	996
935	944
935	957
935	961
935	967
935	981
936	947
936	967
936	974
936	976
937	949
937	962
937	964
937	967
937	980
937	987
937	999
938	947
938	955
938	974
938	976
938	982
938	983
938	992
938	993
938	995
939	940
939	954
939	964
939	979
939	986
939	989
939	994
939	999
940	943
940	944
940	947
940	959
940	963
940	971
940	978
941	950
941	951
941	956
941	970
941	977
941	978
941	987
941	991
941	996
942	943
942	952
942	963
942	964
942	977
942	986
943	946
943	961
943	970
943	988
943	990
943	991
943	992
943	993
943	996
944	948
944	965
944	973
944	999
945	948
945	956
945	957
945	963
945	980
945	988
945	991
946	958
946	961
946	963
946	968
946	973
946	975
946	980
946	988
946	993
947	954
947	969
947	973
947	974
947	982
947	989
947	990
948	949
948	950
948	951
948	954
948	955
948	957
948	959
948	960
948	961
948	966
948	969
948	979
948	991
948	993
949	953
949	961
949	962
949	966
949	976
949	978
950	951
950	952
950	957
950	959
950	971
950	975
950	982
950	985
950	987
951	958
951	964
951	965
951	973
951	975
951	982
951	997
952	968
952	972
952	996
953	963
953	966
953	978
953	988
953	989
954	958
954	977
954	982
954	988
954	996
955	956
955	958
955	962
955	964
955	969
955	985
955	993
957	962
957	964
957	969
957	979
957	987
957	994
957	996
958	963
958	968
959	964
959	968
959	974
959	979
959	994
960	966
960	981
960	997
961	963
961	967
961	973
961	979
961	981
961	982
961	985
961	991
961	998
961	999
962	985
962	987
962	988
963	966
963	967
963	968
963	969
963	970
963	980
963	984
963	994
963	995
964	974
964	978
964	985
964	992
964	994
964	995
965	997
966	966
966	976
966	977
966	981
966	990
966	999
967	969
967	977
967	978
967	983
967	995
968	989
968	993
968	995
968	997
969	971
969	975
969	985
969	991
970	970
970	976
970	989
971	972
971	993
971	996
972	973
972	977
972	989
972	993
972	997
973	981
973	984
973	989
974	980
974	987
974	988
975	976
975	983
975	984
975	992
975	995
975	999
976	989
976	991
976	993
977	989
978	993
978	995
980	981
980	987
980	990
981	982
981	990
982	984
982	998
983	983
983	993
983	997
984	987
984	989
985	987
985	991
985	994
985	998
987	990
987	997
988	989
988	995
988	999
990	992
990	998
991	994
992	995
992	999
993	999
994	995
994	996
994	998
995	999
