0	2
0	3
0	13
0	24
0	37
0	41
0	49
0	50
0	51
0	57
0	91
0	98
0	216
0	220
0	295
0	353
0	423
0	608
0	629
0	639
0	673
0	679
0	870
0	944
0	963
1	2
1	10
1	40
1	54
1	69
1	75
1	76
1	89
1	133
1	143
1	202
1	250
1	394
1	417
1	698
1	761
1	763
1	827
1	901
1	976
1	992
1	995
2	6
2	14
2	36
2	39
2	63
2	82
2	83
2	99
2	262
2	380
2	693
2	759
3	18
3	26
3	29
3	33
3	38
3	40
3	53
3	58
3	65
3	66
3	75
3	80
3	83
3	84
3	86
3	106
3	225
3	582
3	587
3	701
3	742
3	751
3	774
3	826
3	881
3	976
4	7
4	10
4	16
4	26
4	36
4	45
4	77
4	89
4	92
4	93
4	94
4	127
4	209
4	216
4	226
4	273
4	327
4	390
4	603
4	657
5	34
5	44
5	75
5	78
5	82
5	84
5	97
5	98
5	135
5	239
5	253
5	315
5	436
5	479
5	515
5	531
5	733
5	754
5	915
5	932
5	941
6	8
6	14
6	27
6	41
6	53
6	58
6	62
6	82
6	93
6	96
6	114
6	259
6	559
6	577
6	705
6	750
6	812
7	16
7	18
7	21
7	27
7	30
7	32
7	58
7	64
7	83
7	84
7	236
7	369
7	389
7	509
7	722
7	942
8	10
8	20
8	27
8	54
8	56
8	58
8	63
8	73
8	78
8	83
8	87
8	90
8	91
8	98
8	99
8	163
8	179
8	207
8	224
8	299
8	348
8	683
8	736
8	786
9	15
9	45
9	48
9	66
9	96
9	98
9	229
9	448
9	804
10	25
10	32
10	37
10	237
10	266
10	419
10	604
10	810
10	969
11	21
11	29
11	46
11	56
11	58
11	59
11	64
11	69
11	71
11	72
11	76
11	90
11	94
11	96
11	97
11	98
11	211
11	295
11	445
11	470
11	493
11	630
11	808
12	16
12	20
12	21
12	22
12	29
12	38
12	40
12	44
12	47
12	48
12	79
12	86
12	87
12	88
12	90
12	133
12	514
12	578
12	592
12	611
12	825
12	843
12	926
13	17
13	23
13	28
13	65
13	66
13	74
13	86
13	161
13	367
13	393
13	525
13	833
13	987
13	990
14	17
14	36
14	44
14	57
14	64
14	75
14	89
14	92
14	178
14	612
14	639
14	654
14	816
14	876
15	32
15	52
15	59
15	69
15	87
15	91
15	92
15	203
15	205
15	371
15	393
15	513
15	724
15	726
15	896
15	983
16	21
16	31
16	32
16	37
16	40
16	61
16	286
16	426
16	463
16	499
16	561
17	20
17	32
17	39
17	61
17	65
17	75
17	81
17	86
17	97
17	106
17	109
17	134
17	225
17	410
17	509
17	662
17	711
17	757
17	833
17	874
17	911
18	21
18	33
18	39
18	49
18	50
18	58
18	64
18	67
18	242
18	433
18	713
18	732
18	754
18	791
18	832
18	938
18	951
19	31
19	33
19	37
19	46
19	57
19	60
19	63
19	67
19	81
19	94
19	104
19	473
19	520
19	591
19	614
19	692
19	696
19	736
19	786
19	955
20	45
20	79
20	87
20	94
20	97
20	226
20	367
20	397
20	419
20	445
20	475
20	482
20	565
20	576
20	600
20	617
20	736
20	744
20	790
20	952
20	979
21	28
21	33
21	41
21	44
21	47
21	49
21	55
21	58
21	63
21	78
21	86
21	207
21	355
21	395
21	429
21	497
21	603
21	623
21	789
21	883
22	33
22	34
22	56
22	68
22	77
22	82
22	99
22	124
22	142
22	232
22	280
22	352
22	357
22	364
22	437
22	645
22	709
22	741
22	819
22	850
23	43
23	50
23	92
23	93
23	344
23	704
23	778
23	920
24	33
24	36
24	43
24	46
24	54
24	57
24	62
24	63
24	76
24	81
24	92
24	97
24	146
24	202
24	269
24	342
24	353
24	368
24	414
24	430
24	501
24	546
24	728
24	769
24	976
25	29
25	32
25	33
25	36
25	42
25	73
25	75
25	99
25	227
25	251
25	308
25	423
25	458
25	731
25	759
25	794
25	833
25	980
26	57
26	60
26	68
26	82
26	170
26	527
26	543
26	753
27	29
27	40
27	46
27	50
27	51
27	79
27	84
27	90
27	302
27	329
27	451
27	583
28	31
28	37
28	50
28	60
28	73
28	78
28	85
28	86
28	190
28	293
28	417
28	497
28	576
28	650
28	680
28	686
28	803
28	918
28	922
28	925
28	961
29	44
29	45
29	70
29	79
29	89
29	93
29	186
29	594
29	997
30	32
30	34
30	36
30	47
30	57
30	59
30	70
30	83
30	84
30	86
30	91
30	96
30	148
30	282
30	303
30	313
30	427
30	661
30	754
30	808
30	815
30	851
30	919
31	33
31	35
31	37
31	42
31	44
31	45
31	71
31	78
31	231
31	295
31	400
31	571
31	583
31	587
31	673
31	674
31	814
31	911
31	957
32	38
32	41
32	48
32	57
32	68
32	70
32	91
32	209
32	262
32	343
32	426
32	430
32	512
32	782
32	800
32	869
32	966
33	39
33	59
33	78
33	84
33	88
33	97
33	166
33	489
33	512
33	656
33	693
33	787
33	920
33	981
34	35
34	36
34	37
34	49
34	66
34	70
34	77
34	84
34	87
34	150
34	206
34	310
34	376
34	550
34	667
34	702
34	725
34	770
34	802
34	899
35	55
35	62
35	74
35	83
35	99
35	207
35	352
35	437
35	860
35	912
36	41
36	42
36	54
36	58
36	69
36	74
36	88
36	174
36	461
36	471
36	505
36	730
36	799
37	38
37	54
37	60
37	68
37	85
37	177
37	323
37	535
37	603
37	689
37	787
37	952
38	50
38	60
38	74
38	75
38	86
38	88
38	89
38	97
38	244
38	275
38	319
38	338
38	397
38	416
38	430
38	475
38	491
38	510
38	530
38	582
38	625
38	691
38	780
38	826
38	869
38	968
39	47
39	56
39	65
39	77
39	80
39	81
39	85
39	89
39	94
39	149
39	151
39	173
39	221
39	299
39	637
39	763
39	951
40	45
40	50
40	58
40	67
40	69
40	75
40	137
40	169
40	227
40	287
40	654
40	779
41	45
41	59
41	76
41	78
41	81
41	400
41	632
41	697
41	943
41	991
42	44
42	53
42	54
42	55
42	75
42	76
42	188
42	257
42	264
42	284
42	387
42	396
42	510
42	660
42	744
42	787
42	937
43	49
43	56
43	58
43	63
43	68
43	82
43	95
43	96
43	152
43	319
43	373
43	377
43	381
43	523
43	677
43	707
43	715
43	870
43	973
44	48
44	60
44	76
44	79
44	87
44	94
44	114
44	183
44	198
44	256
44	306
44	410
44	446
44	954
45	49
45	53
45	70
45	71
45	74
45	84
45	92
45	444
45	488
45	526
45	628
45	632
45	644
45	759
45	906
45	983
46	50
46	54
46	58
46	61
46	66
46	73
46	80
46	85
46	93
46	94
46	95
46	109
46	264
46	330
46	850
46	879
46	966
47	56
47	57
47	86
47	127
47	280
47	392
47	705
47	873
47	977
47	998
48	49
48	57
48	63
48	74
48	281
48	418
48	439
48	592
48	664
48	768
48	794
48	881
49	57
49	64
49	69
49	75
49	90
49	96
49	103
49	121
49	150
49	179
49	224
49	261
49	420
49	433
49	647
49	772
49	896
50	50
50	57
50	65
50	74
50	75
50	78
50	179
50	188
50	310
50	368
50	531
50	568
50	812
50	889
50	926
50	963
50	990
51	61
51	65
51	70
51	80
51	81
51	98
51	137
51	212
51	451
51	516
51	611
51	697
51	700
51	801
51	838
51	897
51	960
52	53
52	65
52	68
52	72
52	79
52	80
52	86
52	229
52	380
52	394
52	554
52	567
52	701
52	723
52	843
52	860
52	873
52	886
53	80
53	128
53	191
53	259
53	341
53	452
53	486
53	782
53	805
53	894
53	983
54	195
54	228
54	439
54	501
54	871
54	916
54	939
54	980
55	72
55	82
55	83
55	85
55	89
55	181
55	220
55	242
55	257
55	349
55	371
55	420
55	623
55	635
55	692
55	770
55	825
55	995
56	60
56	71
56	75
56	83
56	84
56	95
56	97
56	98
56	199
56	279
56	380
56	677
56	761
56	921
56	928
56	987
57	85
57	90
57	141
57	167
57	430
57	628
57	683
57	763
57	843
57	846
57	861
58	59
58	70
58	80
58	82
58	84
58	85
58	90
58	145
58	248
58	293
58	354
58	437
58	498
58	763
59	64
59	67
59	73
59	95
59	96
59	97
59	146
59	249
59	428
59	441
59	620
59	817
59	850
59	942
59	946
60	61
60	97
60	152
60	192
60	282
60	396
60	484
60	489
60	505
60	535
60	605
60	704
60	850
60	876
60	975
61	63
61	74
61	206
61	444
61	501
61	603
61	648
61	701
61	837
61	998
62	89
62	92
62	291
62	386
62	407
62	489
62	499
62	635
62	662
62	884
62	892
63	82
63	149
63	625
63	648
63	748
63	788
63	843
63	949
64	70
64	85
64	106
64	226
64	309
64	531
64	603
64	676
64	778
64	966
64	993
65	76
65	77
65	86
65	93
65	142
65	170
65	180
65	237
65	560
65	774
65	794
66	69
66	78
66	79
66	83
66	92
66	97
66	129
66	137
66	326
66	365
66	666
66	764
66	794
66	861
66	914
66	946
67	70
67	71
67	75
67	76
67	86
67	104
67	241
67	363
67	568
67	585
67	595
67	744
67	799
67	813
67	923
67	962
67	997
68	82
68	102
68	193
68	242
68	432
68	492
68	525
68	578
68	769
68	831
68	894
68	946
68	990
69	72
69	81
69	84
69	96
69	126
69	345
69	391
69	460
69	757
70	98
70	178
70	305
70	361
70	627
70	630
70	728
70	768
70	899
71	75
71	172
71	227
71	700
71	913
71	935
72	84
72	86
72	96
72	99
72	269
72	417
72	566
72	760
72	949
72	953
72	982
72	991
73	77
73	78
73	382
73	442
73	469
73	536
73	834
73	859
74	77
74	80
74	85
74	91
74	335
74	343
74	404
74	450
74	488
74	681
74	734
74	910
74	996
75	96
75	249
75	328
75	379
75	490
75	513
75	520
75	735
75	993
75	998
76	82
76	93
76	95
76	97
76	256
76	434
76	442
76	553
76	586
76	589
76	733
76	840
76	972
77	90
77	91
77	98
77	186
77	260
77	354
77	444
77	572
77	648
77	701
77	773
77	889
78	80
78	257
78	463
78	534
78	567
78	668
78	732
78	850
78	927
78	932
79	79
79	90
79	95
79	214
79	440
79	446
79	468
79	617
79	644
79	660
79	715
79	755
79	759
79	873
79	999
80	84
80	87
80	93
80	94
80	176
80	436
80	763
80	935
80	989
81	82
81	92
81	151
81	215
81	220
81	228
81	285
81	348
81	448
81	486
81	856
81	915
81	998
82	97
82	123
82	124
82	605
82	732
82	784
82	790
82	827
83	85
83	179
83	304
83	305
83	404
83	593
83	608
83	716
83	926
84	88
84	99
84	213
84	240
84	445
84	618
84	751
84	829
85	95
85	144
85	229
85	244
85	444
85	498
85	874
85	938
86	121
86	125
86	197
86	346
86	456
86	649
86	663
86	759
86	764
87	89
87	141
87	233
87	315
87	324
87	398
87	426
87	469
87	515
87	549
87	582
87	649
87	693
87	764
87	867
87	978
87	985
88	123
88	470
88	534
88	540
88	777
88	796
88	913
88	936
88	937
89	98
89	191
89	263
89	374
89	386
89	509
89	554
89	563
89	620
89	644
89	879
89	901
89	986
89	990
90	95
90	142
90	259
90	298
90	390
90	461
90	603
90	638
90	725
90	860
90	908
91	99
91	293
91	437
91	468
91	628
91	652
91	894
91	897
91	922
92	110
92	174
92	266
92	287
92	312
92	339
92	514
92	578
92	862
92	907
92	992
93	335
93	455
93	457
93	659
93	667
93	682
93	692
93	796
93	928
94	270
94	334
94	335
94	765
94	804
94	849
94	864
94	930
94	999
95	138
95	153
95	184
95	336
95	349
95	581
95	619
95	795
95	980
96	98
96	167
96	324
96	674
96	681
96	741
96	742
96	843
96	846
96	930
96	992
97	98
97	138
97	217
97	310
97	410
97	531
97	801
97	942
98	141
98	181
98	429
98	514
98	517
98	579
98	756
98	780
98	941
99	102
99	320
99	324
99	581
99	781
99	783
99	863
99	888
99	895
99	933
99	939
99	962
99	968
100	107
100	115
100	126
100	141
100	144
100	153
100	156
100	157
100	172
100	305
100	492
100	676
100	737
100	767
100	797
100	824
100	973
101	107
101	112
101	122
101	128
101	141
101	145
101	150
101	155
101	167
101	174
101	181
101	184
101	185
101	215
101	255
101	261
101	330
101	721
101	750
101	984
102	108
102	128
102	134
102	139
102	155
102	159
102	170
102	186
102	198
102	282
102	341
102	356
102	448
102	454
102	503
102	858
103	107
103	110
103	132
103	134
103	143
103	152
103	155
103	157
103	162
103	165
103	170
103	199
103	200
103	604
103	623
103	667
103	806
103	843
103	853
104	111
104	114
104	130
104	157
104	160
104	168
104	186
104	190
104	191
104	401
104	454
104	671
104	816
104	858
104	995
105	113
105	117
105	122
105	124
105	125
105	141
105	156
105	179
105	184
105	190
105	191
105	192
105	314
105	356
105	450
105	489
105	529
105	573
105	621
105	658
105	845
105	920
105	923
106	112
106	117
106	119
106	136
106	140
106	144
106	150
106	151
106	178
106	261
106	342
106	415
106	679
106	720
106	788
106	789
106	796
106	962
107	134
107	139
107	146
107	158
107	163
107	167
107	186
107	193
107	194
107	198
107	345
107	490
107	611
107	612
107	832
107	925
107	999
108	109
108	162
108	173
108	177
108	196
108	200
108	210
108	348
108	737
109	115
109	116
109	132
109	136
109	155
109	163
109	164
109	180
109	181
109	186
109	198
109	203
109	284
109	325
109	632
110	125
110	127
110	156
110	160
110	164
110	217
110	422
110	525
110	537
110	627
110	675
110	750
111	127
111	141
111	162
111	166
111	173
111	513
111	539
111	660
111	667
111	687
111	989
112	120
112	133
112	144
112	160
112	163
112	178
112	179
112	185
112	193
112	194
112	218
112	227
112	270
112	317
112	455
112	486
112	756
112	777
112	802
112	901
113	115
113	128
113	130
113	140
113	145
113	146
113	172
113	190
113	222
113	438
113	656
113	841
113	915
113	956
113	963
114	118
114	123
114	125
114	138
114	142
114	147
114	158
114	190
114	280
114	282
114	431
114	441
114	588
114	690
114	921
115	128
115	145
115	148
115	186
115	193
115	276
115	389
115	806
115	935
115	955
116	123
116	124
116	146
116	148
116	149
116	175
116	176
116	186
116	190
116	191
116	298
116	307
116	440
116	564
116	607
116	880
117	126
117	133
117	142
117	173
117	189
117	216
117	297
117	326
117	454
117	524
117	657
117	728
117	814
117	819
117	928
117	950
118	121
118	125
118	128
118	141
118	142
118	145
118	151
118	159
118	163
118	169
118	170
118	427
118	472
118	552
119	136
119	137
119	145
119	188
119	194
119	202
119	347
119	379
119	498
119	547
119	572
119	699
119	894
119	901
120	132
120	140
120	157
120	165
120	192
120	193
120	268
120	414
120	733
120	751
120	815
120	902
120	958
121	122
121	127
121	130
121	131
121	151
121	173
121	214
121	402
121	447
121	920
122	131
122	138
122	150
122	154
122	162
122	185
122	191
122	192
122	220
122	258
122	285
122	615
122	749
122	771
122	843
122	894
123	124
123	126
123	138
123	141
123	142
123	147
123	151
123	174
123	182
123	185
123	192
123	363
123	503
123	574
123	755
123	907
123	929
124	128
124	139
124	140
124	141
124	149
124	159
124	161
124	177
124	181
124	189
124	191
124	206
124	326
124	403
124	496
124	630
124	693
124	712
124	897
124	935
125	129
125	134
125	138
125	142
125	181
125	214
125	277
125	299
125	385
125	450
125	601
125	618
125	620
125	722
125	745
125	938
125	941
126	139
126	144
126	164
126	173
126	175
126	192
126	242
126	297
126	504
126	624
126	644
126	673
126	721
126	786
127	145
127	146
127	158
127	165
127	182
127	184
127	197
127	199
127	250
127	342
127	372
127	549
127	732
127	901
127	919
128	136
128	143
128	161
128	166
128	170
128	185
128	224
128	282
128	327
128	358
128	414
128	522
128	610
128	737
128	845
128	861
129	132
129	146
129	179
129	186
129	188
129	193
129	219
129	232
129	259
129	393
129	793
129	899
129	908
129	933
129	980
130	131
130	139
130	148
130	150
130	170
130	185
130	191
130	196
130	272
130	406
130	657
130	729
130	747
130	866
130	875
131	149
131	151
131	152
131	164
131	174
131	181
131	199
131	294
131	530
131	548
131	549
131	638
131	739
131	770
131	791
131	825
131	833
131	973
132	135
132	137
132	148
132	162
132	176
132	190
132	234
132	274
132	470
132	557
132	658
132	685
132	722
132	773
132	909
132	951
133	134
133	152
133	154
133	173
133	188
133	192
133	195
133	196
133	294
133	393
133	673
133	680
133	825
133	920
134	154
134	159
134	162
134	174
134	178
134	180
134	190
134	195
134	260
134	350
134	581
134	636
134	673
134	901
134	961
134	975
135	139
135	145
135	153
135	156
135	164
135	171
135	173
135	175
135	176
135	194
135	195
135	197
135	259
135	267
135	311
135	339
135	443
135	523
135	526
135	676
135	740
135	746
135	756
135	810
135	912
135	983
136	141
136	144
136	185
136	193
136	194
136	220
136	284
136	430
136	511
136	528
136	581
136	652
136	686
136	802
136	897
137	138
137	176
137	178
137	180
137	188
137	190
137	191
137	199
137	331
137	413
137	517
137	908
137	975
137	987
138	161
138	167
138	176
138	189
138	194
138	199
138	203
138	436
138	691
138	705
138	816
138	835
138	929
139	154
139	228
139	271
139	287
139	372
139	440
139	456
139	512
139	531
139	555
139	739
139	937
140	140
140	187
140	190
140	196
140	265
140	288
140	322
140	355
140	522
140	565
140	616
140	661
140	675
140	704
140	899
141	163
141	165
141	177
141	182
141	540
141	566
141	732
141	802
141	945
142	154
142	161
142	229
142	303
142	344
142	350
142	431
142	745
142	778
143	144
143	146
143	161
143	170
143	177
143	221
143	240
143	393
143	521
143	539
143	618
143	753
143	807
143	833
143	908
144	153
144	156
144	158
144	163
144	174
144	180
144	187
144	238
144	280
144	330
144	587
144	589
144	682
144	862
144	909
144	961
144	996
145	146
145	151
145	152
145	154
145	191
145	194
145	270
145	354
145	552
145	596
145	636
145	659
145	704
145	736
145	799
145	995
146	155
146	160
146	168
146	170
146	174
146	186
146	191
146	285
146	431
146	588
146	723
146	799
146	886
146	970
146	974
147	151
147	155
147	164
147	165
147	188
147	192
147	227
147	296
147	314
147	418
147	540
147	634
147	650
147	698
147	796
147	842
147	982
148	155
148	169
148	183
148	187
148	198
148	270
148	340
148	759
148	763
148	965
148	974
149	154
149	155
149	156
149	165
149	198
149	321
149	464
149	539
149	602
149	613
149	687
149	867
149	886
150	165
150	168
150	179
150	193
150	194
150	259
150	291
150	441
150	533
150	758
150	854
150	867
151	169
151	184
151	196
151	394
151	399
151	512
151	571
151	738
151	762
152	154
152	164
152	169
152	170
152	182
152	186
152	390
152	399
152	426
152	458
152	787
152	896
152	949
153	168
153	175
153	181
153	182
153	187
153	289
153	314
153	348
153	457
153	476
153	950
154	177
154	187
154	200
154	272
154	274
154	358
154	378
154	456
154	482
154	541
154	686
154	892
154	900
154	980
155	156
155	165
155	176
155	181
155	318
155	356
155	442
155	476
155	546
155	552
155	637
155	714
155	752
155	841
155	886
155	920
156	161
156	169
156	172
156	184
156	192
156	196
156	236
156	376
156	453
156	501
156	667
156	813
156	865
157	164
157	166
157	169
157	176
157	189
157	253
157	425
157	464
157	549
157	925
158	159
158	170
158	179
158	254
158	295
158	501
158	577
158	686
158	704
158	718
158	734
158	857
158	994
158	996
159	165
159	168
159	170
159	177
159	184
159	185
159	187
159	194
159	198
159	212
159	315
159	612
159	622
159	730
159	822
160	161
160	181
160	182
160	199
160	611
160	800
160	870
161	168
161	172
161	188
161	192
161	244
161	312
161	447
161	527
161	604
161	700
161	728
161	836
161	966
162	174
162	266
162	291
162	371
162	508
162	591
162	617
162	690
163	167
163	179
163	191
163	192
163	195
163	196
163	197
163	433
163	535
164	184
164	196
164	265
164	338
164	358
164	497
164	609
164	906
165	167
165	171
165	187
165	190
165	198
165	261
165	369
165	375
165	578
165	583
166	176
166	180
166	182
166	183
166	184
166	185
166	277
166	290
166	371
166	523
166	661
166	852
167	182
167	185
167	269
167	314
167	532
167	564
167	683
167	873
167	952
167	958
168	172
168	175
168	192
168	197
168	241
168	361
168	447
168	492
168	680
168	712
168	796
169	195
169	430
169	467
169	685
169	723
169	742
169	813
169	869
169	884
169	932
169	943
170	184
170	190
170	233
170	345
170	389
170	620
170	711
170	810
171	195
171	337
171	500
171	591
171	612
171	620
171	854
172	174
172	177
172	191
172	197
172	285
172	411
172	693
172	810
172	816
172	822
173	175
173	176
173	194
173	231
173	241
173	494
173	518
173	597
173	696
173	713
173	776
173	810
173	879
173	895
174	179
174	181
174	185
174	236
174	265
174	322
174	339
174	341
174	347
174	351
174	400
174	411
174	425
174	666
174	826
174	927
174	983
175	183
175	185
175	187
175	188
175	189
175	192
175	353
175	670
175	703
175	980
176	176
176	179
176	182
176	187
176	198
176	419
176	473
176	537
176	564
176	861
176	862
176	910
176	961
177	182
177	185
177	208
177	221
177	293
177	401
177	405
177	414
177	551
177	583
177	632
177	679
177	775
177	781
177	864
177	960
178	192
178	241
178	246
178	271
178	351
178	371
178	401
178	454
178	616
178	774
178	802
178	900
178	978
179	199
179	211
179	325
179	398
179	428
179	600
179	832
179	931
180	181
180	220
180	565
180	634
180	646
180	812
180	874
181	187
181	227
181	347
181	413
181	418
181	584
181	678
181	746
181	877
182	185
182	188
182	195
182	216
182	263
182	463
182	468
182	519
182	597
182	683
182	694
182	828
182	982
183	192
183	332
183	402
183	454
183	484
183	588
183	652
183	698
183	770
183	879
183	880
183	900
183	907
183	970
184	189
184	197
184	198
184	199
184	372
184	395
184	599
184	617
184	728
184	842
184	925
185	190
185	204
185	596
185	707
185	798
185	863
186	189
186	259
186	377
186	447
186	575
186	734
186	824
186	917
186	974
186	997
187	223
187	244
187	250
187	336
187	403
187	634
187	760
187	842
187	923
188	188
188	191
188	198
188	348
188	497
188	522
188	587
188	715
188	748
188	797
188	853
188	938
189	190
189	253
189	286
189	302
189	445
189	446
189	522
189	701
189	777
189	836
190	231
190	485
190	577
190	858
190	883
190	926
190	991
191	192
191	200
191	247
191	324
191	357
191	457
191	827
191	842
191	845
191	937
192	197
192	534
192	588
192	896
192	993
193	201
193	217
193	241
193	256
193	498
193	506
193	597
193	637
193	811
194	197
194	209
194	240
194	409
194	428
194	444
194	455
194	565
194	762
194	764
194	887
195	196
195	201
195	265
195	282
195	769
195	887
195	924
195	939
196	319
196	324
196	488
196	508
196	630
196	654
196	856
197	326
197	334
197	361
197	567
197	592
197	606
197	691
197	849
198	294
198	299
198	605
198	784
198	799
198	806
198	957
199	475
200	206
200	207
200	210
200	211
200	220
200	230
200	240
200	244
200	266
200	275
200	277
200	287
200	289
200	296
200	299
200	332
200	452
200	597
200	629
200	658
200	699
200	774
200	949
201	206
201	209
201	211
201	231
201	232
201	247
201	257
201	277
201	283
201	284
201	289
201	294
201	300
201	339
201	373
201	452
201	462
201	525
201	560
201	613
201	620
201	648
201	676
201	711
201	735
201	738
201	840
201	916
202	206
202	212
202	231
202	262
202	283
202	292
202	412
202	550
202	680
202	783
202	816
202	919
202	970
203	204
203	205
203	208
203	209
203	212
203	243
203	249
203	265
203	276
203	290
203	393
203	824
203	915
203	967
203	986
204	212
204	230
204	258
204	272
204	286
204	294
204	427
204	447
204	536
204	560
204	565
204	637
204	683
204	688
204	720
204	728
204	731
204	845
204	912
205	226
205	232
205	237
205	252
205	254
205	268
205	272
205	273
205	291
205	292
205	299
205	320
205	427
205	545
205	673
205	693
205	885
205	940
206	214
206	233
206	238
206	240
206	248
206	255
206	260
206	269
206	280
206	293
206	389
206	651
206	940
206	960
206	998
207	209
207	217
207	225
207	238
207	263
207	269
207	295
207	397
207	402
207	443
207	636
207	854
207	867
208	213
208	220
208	224
208	241
208	242
208	243
208	251
208	252
208	258
208	261
208	266
208	278
208	284
208	285
208	293
208	298
208	376
208	432
208	598
208	705
208	824
209	240
209	245
209	249
209	264
209	278
209	285
209	287
209	288
209	570
210	223
210	230
210	235
210	241
210	249
210	253
210	254
210	260
210	293
210	295
210	298
210	299
210	300
210	306
210	366
210	563
210	730
210	773
210	935
211	217
211	219
211	221
211	228
211	241
211	245
211	252
211	268
211	277
211	283
211	286
211	406
211	553
211	669
211	711
211	795
212	213
212	228
212	258
212	273
212	276
212	289
212	293
212	381
212	430
212	833
212	844
212	853
212	985
213	216
213	226
213	241
213	270
213	309
213	479
213	501
213	512
213	681
213	863
213	990
214	228
214	244
214	266
214	270
214	273
214	275
214	278
214	283
214	284
214	293
214	294
214	298
214	584
214	626
214	858
214	913
215	222
215	252
215	259
215	265
215	266
215	267
215	279
215	292
215	298
215	324
215	472
215	564
215	634
215	891
216	216
216	217
216	223
216	233
216	238
216	269
216	399
216	486
216	596
216	639
216	681
216	739
216	942
216	992
217	217
217	232
217	234
217	240
217	243
217	251
217	257
217	260
217	270
217	289
217	486
217	702
217	824
218	225
218	245
218	247
218	258
218	276
218	277
218	285
218	290
218	308
218	711
218	971
219	224
219	227
219	231
219	237
219	244
219	248
219	271
219	279
219	281
219	294
219	301
219	341
219	379
219	387
219	603
219	657
219	856
219	867
219	869
220	227
220	229
220	241
220	242
220	245
220	252
220	281
220	284
220	291
220	295
220	334
220	450
220	635
220	684
220	685
220	900
220	992
221	222
221	224
221	233
221	236
221	250
221	258
221	261
221	269
221	283
221	295
221	356
221	421
221	465
221	485
221	579
221	691
222	230
222	231
222	243
222	245
222	275
222	295
222	298
222	371
222	586
222	594
223	223
223	224
223	226
223	230
223	233
223	249
223	269
223	292
223	298
223	403
223	625
223	631
223	877
223	958
224	230
224	237
224	245
224	254
224	293
224	573
224	634
224	740
224	915
224	932
225	228
225	258
225	270
225	276
225	296
225	303
225	441
225	611
225	716
225	743
225	927
226	240
226	288
226	290
226	297
226	383
226	422
226	474
226	603
226	660
227	238
227	245
227	247
227	250
227	271
227	286
227	291
227	408
227	413
227	449
227	473
227	474
227	484
227	559
227	656
227	670
227	753
228	244
228	248
228	265
228	296
228	413
228	586
228	646
228	912
228	990
229	240
229	265
229	273
229	278
229	288
229	290
229	302
229	321
229	331
229	413
229	559
229	681
229	857
230	245
230	247
230	248
230	269
230	270
230	272
230	291
230	698
230	744
230	753
230	814
231	250
231	253
231	259
231	261
231	265
231	267
231	278
231	292
231	299
231	493
231	518
231	578
231	748
231	791
231	905
231	980
232	240
232	246
232	248
232	249
232	260
232	262
232	263
232	266
232	270
232	614
232	655
232	725
232	750
232	820
232	866
232	931
232	946
232	972
233	249
233	284
233	287
233	294
233	297
233	447
233	510
233	539
233	557
233	594
233	607
233	608
233	751
233	769
233	872
233	875
233	880
233	890
233	958
234	245
234	249
234	257
234	262
234	516
234	532
234	554
234	617
234	683
234	892
234	913
235	237
235	239
235	248
235	254
235	259
235	268
235	287
235	291
235	296
235	358
235	377
235	635
236	256
236	264
236	282
236	413
236	556
236	560
236	647
236	710
236	736
237	240
237	244
237	263
237	274
237	279
237	283
237	285
237	294
237	296
237	342
237	370
237	466
237	538
237	617
237	640
237	875
237	969
237	980
238	242
238	262
238	263
238	268
238	271
238	274
238	431
238	433
238	706
238	753
238	859
239	253
239	262
239	265
239	286
239	293
239	315
239	412
239	430
239	673
239	756
239	975
240	246
240	249
240	250
240	252
240	278
240	282
240	286
240	290
240	337
240	481
240	497
240	607
240	640
240	655
240	659
240	671
240	679
240	693
240	735
240	747
240	757
241	245
241	253
241	254
241	262
241	273
241	277
241	286
241	291
241	359
241	423
241	486
241	551
241	583
241	658
241	717
241	867
242	245
242	266
242	295
242	325
242	329
242	525
242	535
242	612
242	648
242	652
242	799
243	253
243	273
243	288
243	292
243	322
243	548
243	576
243	703
243	725
243	959
244	250
244	279
244	285
244	291
244	375
244	384
244	729
244	796
244	820
244	865
244	995
244	998
245	255
245	265
245	293
245	297
245	299
245	322
245	383
245	487
245	492
245	508
245	586
245	785
245	942
246	251
246	290
246	331
246	371
246	588
246	645
246	661
247	251
247	259
247	282
247	284
247	292
247	299
247	306
247	445
247	582
247	792
247	871
247	952
247	998
248	250
248	252
248	262
248	269
248	271
248	275
248	296
248	297
248	298
248	302
248	308
248	367
248	443
248	575
248	796
248	802
248	965
248	966
249	254
249	279
249	289
249	294
249	296
249	362
249	466
249	487
249	508
249	652
249	692
249	728
249	827
249	941
249	989
250	261
250	265
250	269
250	272
250	281
250	425
250	498
250	560
250	632
250	833
250	850
250	852
250	891
251	276
251	287
251	293
251	295
251	299
251	389
251	477
251	523
251	563
251	639
251	752
252	256
252	260
252	267
252	281
252	318
252	400
252	401
252	416
252	442
252	444
252	492
252	547
252	700
252	808
252	833
252	863
252	866
253	270
253	271
253	295
253	342
253	413
253	468
253	479
253	498
253	506
253	539
253	634
253	809
254	269
254	281
254	293
254	297
254	841
254	911
254	931
254	959
254	971
255	260
255	266
255	271
255	275
255	488
255	496
255	558
255	624
255	721
255	784
255	880
255	960
255	995
256	263
256	265
256	270
256	275
256	278
256	281
256	291
256	295
256	375
256	429
256	439
256	470
256	831
256	959
256	991
256	992
257	261
257	272
257	279
257	291
257	296
257	382
257	608
257	806
257	868
258	263
258	264
258	276
258	282
258	289
258	519
258	601
258	753
258	909
259	263
259	276
259	285
259	298
259	330
259	377
259	426
259	461
259	491
259	504
259	563
259	633
259	698
259	912
259	989
260	272
260	290
260	298
260	353
260	392
260	480
260	785
260	964
261	273
261	274
261	277
261	291
261	409
261	436
261	444
261	488
261	635
261	717
261	823
261	843
261	849
261	924
261	972
262	265
262	271
262	281
262	303
262	408
262	492
262	595
262	651
262	878
262	998
263	280
263	287
263	288
263	291
263	299
263	353
263	503
263	551
263	679
263	896
263	931
264	266
264	268
264	271
264	277
264	278
264	296
264	299
264	405
264	427
264	693
264	803
265	277
265	283
265	287
265	468
265	677
265	769
266	277
266	280
266	292
266	294
266	316
266	445
266	456
266	513
266	526
266	571
266	579
266	619
266	622
266	683
266	718
266	870
267	280
267	285
267	411
267	412
267	687
267	780
268	271
268	277
268	281
268	322
268	330
268	409
268	424
268	435
268	599
268	700
268	810
268	910
268	922
269	281
269	290
269	503
269	612
269	669
269	995
270	285
270	300
270	447
270	497
270	584
270	661
270	707
270	868
271	281
271	286
271	359
271	425
271	444
271	569
271	743
271	909
271	911
271	919
271	943
271	947
272	277
272	284
272	292
272	297
272	438
272	471
272	473
272	578
272	816
272	906
273	296
273	331
273	413
273	416
273	653
273	756
273	796
273	817
273	851
273	855
274	279
274	283
274	289
274	293
274	297
274	382
274	487
274	512
274	616
274	710
275	279
275	280
275	282
275	283
275	292
275	555
275	605
275	785
275	922
275	986
276	281
276	291
276	294
276	446
276	505
276	736
276	794
276	806
277	356
277	399
277	538
277	540
277	567
277	589
277	709
277	990
278	281
278	295
278	461
278	480
278	601
278	732
278	835
278	940
279	289
279	290
279	291
279	333
279	360
279	370
279	563
279	595
279	635
279	733
279	812
279	814
279	952
279	960
280	284
280	675
280	687
280	741
280	807
280	843
280	900
280	951
280	964
280	984
281	320
281	383
281	609
281	676
281	779
281	862
281	931
282	410
282	480
282	497
282	795
282	841
282	843
283	288
283	298
283	331
283	470
283	492
283	498
283	836
284	284
284	288
284	298
284	378
284	605
284	788
284	978
285	287
285	292
285	295
285	430
285	486
285	872
286	297
286	633
286	639
286	670
286	745
287	292
287	293
287	321
287	798
288	292
288	295
288	365
288	368
288	596
288	707
289	294
289	527
289	726
289	762
289	869
290	290
290	292
290	295
290	299
290	615
290	741
290	806
290	815
290	835
290	836
290	950
291	297
291	404
291	433
291	459
291	541
291	565
291	717
291	753
291	786
291	826
291	841
291	920
292	299
292	318
292	325
292	427
292	651
293	294
293	296
293	535
293	538
293	590
293	612
293	854
293	926
293	979
294	294
294	296
294	586
294	593
294	701
294	778
294	897
294	932
295	503
295	541
295	734
295	796
295	992
296	299
296	500
296	501
296	582
296	726
296	831
297	331
297	417
297	493
298	343
298	382
298	454
298	554
298	653
298	779
298	819
299	350
299	463
299	490
299	516
299	574
299	600
299	656
299	859
300	305
300	307
300	312
300	337
300	340
300	343
300	347
300	348
300	363
300	364
300	365
300	367
300	370
300	383
300	388
300	393
300	430
300	472
300	493
300	503
300	557
300	648
300	747
300	792
300	941
301	309
301	326
301	372
301	382
301	384
301	565
301	678
301	761
301	783
301	860
301	907
301	997
302	314
302	320
302	326
302	351
302	367
302	379
302	398
302	567
302	677
302	710
302	731
302	836
303	305
303	317
303	322
303	325
303	329
303	330
303	343
303	363
303	382
303	385
303	390
303	397
303	399
303	588
303	695
303	698
303	706
303	742
303	899
303	939
303	999
304	352
304	359
304	366
304	377
304	379
304	388
304	399
304	575
304	664
304	774
304	802
304	899
304	929
304	991
304	998
305	323
305	334
305	339
305	342
305	343
305	346
305	358
305	359
305	360
305	395
305	398
305	451
305	473
305	502
305	511
305	557
305	585
305	654
305	691
305	698
305	750
305	879
305	964
305	996
306	310
306	323
306	342
306	344
306	374
306	385
306	386
306	391
306	433
306	441
306	581
307	307
307	309
307	332
307	349
307	369
307	375
307	382
307	384
307	502
307	547
307	659
307	797
307	879
307	958
308	325
308	359
308	360
308	367
308	371
308	454
308	463
308	721
308	761
308	766
308	795
308	856
308	891
309	339
309	350
309	360
309	369
309	376
309	397
309	498
309	692
309	966
310	326
310	332
310	340
310	377
310	387
310	392
310	394
310	397
310	623
310	646
310	663
310	999
311	315
311	320
311	327
311	335
311	339
311	343
311	351
311	352
311	373
311	380
311	394
311	428
311	776
311	798
312	314
312	321
312	328
312	333
312	337
312	348
312	350
312	357
312	361
312	372
312	379
312	380
312	381
312	388
312	389
312	398
312	449
312	471
312	488
312	687
312	736
312	742
312	919
313	321
313	323
313	333
313	340
313	349
313	357
313	373
313	375
313	383
313	392
313	393
313	397
313	701
313	712
313	882
313	971
314	315
314	323
314	354
314	356
314	366
314	388
314	411
314	479
314	661
314	672
314	727
314	856
314	912
314	923
315	330
315	333
315	361
315	363
315	364
315	380
315	386
315	395
315	737
315	769
315	806
315	865
315	896
316	348
316	352
316	359
316	360
316	374
316	378
316	392
316	393
316	395
316	784
316	828
316	831
317	343
317	368
317	385
317	396
317	460
317	478
317	484
317	513
317	906
317	954
318	320
318	321
318	330
318	355
318	381
318	394
318	488
318	790
318	885
318	910
318	991
319	327
319	343
319	355
319	359
319	364
319	370
319	371
319	373
319	375
319	388
319	436
319	482
319	564
319	591
319	601
319	760
319	843
319	856
320	321
320	333
320	334
320	342
320	364
320	376
320	379
320	382
320	387
320	393
320	483
320	773
320	816
320	923
321	322
321	325
321	331
321	369
321	373
321	380
321	399
321	592
321	643
321	673
321	778
321	789
321	840
321	917
321	928
321	974
322	328
322	331
322	335
322	352
322	358
322	367
322	370
322	374
322	380
322	396
322	503
322	578
322	664
322	805
322	806
322	909
322	937
323	327
323	343
323	350
323	379
323	380
323	390
323	406
323	470
323	490
323	558
323	716
323	725
323	769
323	994
324	351
324	357
324	363
324	364
324	371
324	372
324	395
324	408
324	685
324	713
324	732
324	779
324	805
324	806
324	964
324	996
325	332
325	351
325	357
325	366
325	373
325	438
325	503
325	668
325	749
325	835
325	888
326	342
326	355
326	357
326	358
326	382
326	394
326	448
326	451
326	589
326	621
326	629
326	743
326	772
326	882
326	946
326	976
327	335
327	348
327	366
327	409
327	574
327	616
327	687
327	695
327	708
327	850
327	860
327	878
327	918
328	342
328	353
328	361
328	367
328	384
328	521
328	569
328	672
328	675
328	833
328	892
329	331
329	335
329	337
329	341
329	350
329	351
329	369
329	371
329	390
329	396
329	415
329	428
329	504
329	522
329	597
329	625
329	643
329	694
329	700
329	772
329	951
330	341
330	365
330	382
330	394
330	410
330	461
330	466
330	566
330	589
330	750
330	796
330	892
330	962
331	360
331	363
331	365
331	377
331	382
331	392
331	454
331	536
331	706
331	787
332	359
332	360
332	366
332	396
332	409
332	596
332	630
332	663
332	734
332	743
332	949
333	346
333	394
333	395
333	396
333	574
333	785
333	923
333	960
334	338
334	343
334	351
334	352
334	377
334	390
334	393
334	396
334	408
334	669
334	784
334	828
334	963
334	970
335	342
335	348
335	368
335	458
335	523
335	526
335	675
335	879
335	905
335	960
336	338
336	344
336	349
336	351
336	353
336	358
336	365
336	367
336	372
336	379
336	389
336	396
336	470
336	570
336	615
336	855
336	868
336	872
336	924
337	352
337	354
337	356
337	360
337	367
337	377
337	380
337	491
337	495
338	345
338	346
338	357
338	366
338	367
338	377
338	382
338	387
338	427
338	732
338	778
338	839
338	874
338	884
338	897
338	939
339	341
339	343
339	352
339	362
339	363
339	364
339	372
339	382
339	383
339	386
339	388
339	555
339	567
339	589
339	651
339	659
339	702
339	781
339	919
340	372
340	373
340	377
340	380
340	382
340	386
340	442
340	622
340	632
340	854
340	875
341	361
341	367
341	371
341	390
341	393
341	642
341	655
341	769
341	961
341	982
342	355
342	363
342	385
342	395
342	396
342	473
342	503
342	540
342	590
342	651
342	704
342	919
343	344
343	353
343	384
343	397
343	587
343	593
343	855
343	942
344	346
344	352
344	360
344	362
344	365
344	380
344	386
344	389
344	393
344	396
344	454
344	481
344	489
344	699
344	706
344	781
344	851
344	928
344	956
344	989
345	363
345	367
345	377
345	382
345	556
345	557
345	567
345	763
345	830
345	929
345	984
346	348
346	361
346	376
346	378
346	379
346	393
346	533
346	568
346	706
346	711
346	928
347	373
347	374
347	388
347	393
347	456
347	462
347	509
347	518
347	788
347	813
348	350
348	360
348	376
348	377
348	423
348	583
348	628
348	644
348	711
348	764
348	865
348	999
349	357
349	359
349	362
349	376
349	380
349	388
349	391
349	487
349	613
349	715
349	757
349	892
349	944
350	352
350	363
350	364
350	367
350	369
350	391
350	393
350	397
350	399
350	406
350	409
350	456
350	673
350	848
350	855
351	354
351	360
351	372
351	373
351	390
351	396
351	433
351	487
351	990
352	363
352	364
352	372
352	379
352	380
352	382
352	384
352	406
352	543
352	548
352	580
352	779
353	356
353	368
353	371
353	384
353	513
353	791
354	360
354	367
354	371
354	376
354	388
354	551
354	613
354	702
354	753
354	903
354	917
355	379
355	386
355	390
355	507
355	736
355	778
355	799
355	832
355	860
356	365
356	366
356	373
356	383
356	389
356	393
356	396
356	439
356	481
356	618
356	741
356	880
356	907
356	950
357	375
357	389
357	390
357	398
357	470
357	516
357	521
357	623
357	661
357	834
357	965
358	360
358	396
358	402
358	583
358	605
358	627
358	917
358	983
359	370
359	380
359	382
359	383
359	386
359	452
359	475
359	981
359	985
360	364
360	377
360	382
360	383
360	399
360	430
360	513
360	587
360	898
360	953
360	990
361	368
361	370
361	375
361	387
361	391
361	399
361	776
361	997
362	383
362	420
362	457
362	533
362	590
362	782
362	900
362	951
362	964
363	371
363	387
363	394
363	445
363	664
363	690
363	757
363	836
363	946
364	366
364	372
364	377
364	389
364	558
364	689
364	757
364	761
364	834
365	372
365	375
365	380
365	385
365	388
365	392
365	394
365	396
365	397
365	420
365	455
365	476
365	704
365	722
365	752
365	822
365	952
365	978
366	367
366	398
366	399
366	446
366	479
366	653
366	672
366	686
366	982
366	995
367	376
367	396
367	419
367	490
367	739
367	779
367	917
367	932
367	974
368	377
368	388
368	397
368	446
368	590
368	648
368	797
368	900
369	375
369	383
369	395
369	396
369	415
369	442
369	496
369	498
369	532
369	546
369	602
369	682
369	764
370	372
370	379
370	380
370	392
370	397
370	415
370	431
370	541
370	554
370	709
370	836
370	878
370	884
370	967
371	375
371	376
371	377
371	385
371	480
371	897
371	978
372	375
372	390
372	394
372	397
372	568
372	585
372	612
372	640
372	678
372	834
372	885
373	375
373	617
373	646
373	657
373	664
373	731
373	829
373	891
374	682
375	384
375	386
375	530
375	571
375	653
375	663
375	671
375	723
375	822
375	853
375	983
376	385
376	396
376	526
376	773
377	382
377	383
377	465
377	550
377	672
377	748
377	787
377	852
377	859
378	382
378	383
378	390
378	395
378	396
378	475
378	588
378	595
378	662
378	675
378	813
378	939
379	382
379	387
379	390
379	393
379	394
379	529
379	565
379	608
379	804
379	875
380	382
380	392
380	568
380	609
380	656
380	667
380	726
380	734
380	757
380	793
380	888
381	412
382	384
382	391
382	395
382	412
382	561
382	568
382	869
383	385
383	386
383	388
383	394
383	397
383	425
383	591
383	683
383	958
384	393
384	449
384	619
384	657
384	852
385	393
385	394
385	432
385	495
385	542
385	666
385	736
385	850
386	389
386	428
386	450
386	510
386	526
386	536
386	647
386	660
386	797
386	945
386	963
387	387
387	388
387	393
387	395
387	433
387	676
387	869
388	390
388	391
388	553
388	669
388	890
388	899
388	920
389	390
389	393
389	461
389	746
389	764
389	910
390	392
390	398
390	405
390	437
390	453
390	735
390	785
390	934
391	393
391	418
391	677
391	790
391	893
391	922
391	958
391	975
392	396
392	432
392	470
392	478
392	613
392	683
392	709
392	783
392	791
392	805
392	829
392	893
393	394
393	421
393	468
393	502
393	652
393	711
393	771
393	856
394	398
394	399
394	620
394	624
394	696
394	825
394	925
395	541
395	573
395	944
395	945
395	993
396	398
396	410
396	421
396	491
396	570
397	399
397	450
397	515
397	544
397	905
397	910
398	518
398	570
398	579
398	657
398	915
399	588
399	670
399	705
399	857
399	870
400	400
400	404
400	408
400	427
400	434
400	439
400	443
400	448
400	449
400	450
400	456
400	462
400	465
400	468
400	469
400	471
400	478
400	483
400	495
400	499
400	510
400	537
400	771
400	864
401	402
401	404
401	420
401	426
401	445
401	450
401	468
401	469
401	480
401	760
402	404
402	409
402	413
402	434
402	436
402	438
402	456
402	457
402	466
402	469
402	471
402	472
402	481
402	484
402	486
402	488
402	492
402	495
402	513
402	608
402	690
402	708
402	876
402	995
403	417
403	419
403	423
403	427
403	428
403	452
403	462
403	466
403	469
403	471
403	650
403	755
403	765
403	800
403	942
403	970
403	972
404	404
404	416
404	418
404	419
404	420
404	426
404	435
404	440
404	444
404	447
404	700
405	416
405	449
405	465
405	469
405	470
405	478
405	490
405	495
405	560
405	662
405	663
405	825
405	837
405	842
405	895
405	909
406	407
406	419
406	436
406	437
406	440
406	450
406	468
406	474
406	479
406	483
406	485
406	487
406	567
406	592
406	773
406	830
406	864
406	905
406	910
406	961
407	411
407	414
407	426
407	434
407	440
407	456
407	471
407	474
407	497
407	748
407	778
407	845
407	915
407	974
408	425
408	430
408	449
408	450
408	454
408	459
408	461
408	463
408	469
408	476
408	998
409	419
409	428
409	429
409	432
409	440
409	443
409	453
409	458
409	473
409	479
409	481
409	495
409	497
409	505
409	653
409	669
409	679
409	764
409	851
409	968
409	992
410	412
410	414
410	416
410	435
410	441
410	465
410	469
410	472
410	474
410	487
410	492
410	496
410	555
410	923
410	928
411	424
411	447
411	450
411	459
411	495
411	635
411	719
411	729
411	793
412	416
412	421
412	430
412	438
412	444
412	460
412	483
412	492
412	575
412	945
413	415
413	431
413	437
413	459
413	488
413	569
413	572
413	687
413	801
413	862
414	418
414	419
414	438
414	441
414	454
414	456
414	458
414	461
414	470
414	476
414	478
414	485
414	588
414	699
414	724
414	742
414	905
415	421
415	424
415	426
415	427
415	435
415	446
415	450
415	468
415	497
415	499
415	645
415	646
415	699
415	836
416	440
416	441
416	456
416	457
416	468
416	471
416	487
416	490
416	536
416	585
416	591
416	606
417	418
417	421
417	441
417	448
417	458
417	460
417	494
417	557
417	701
417	802
417	911
418	427
418	430
418	434
418	454
418	476
418	563
418	623
418	709
418	720
418	729
418	732
418	846
418	886
418	890
418	927
419	419
419	440
419	451
419	457
419	466
419	467
419	472
419	474
419	476
419	486
419	672
419	865
420	422
420	427
420	431
420	432
420	437
420	439
420	441
420	465
420	468
420	483
420	488
420	490
420	687
420	809
420	840
420	950
421	427
421	473
421	479
421	487
421	488
421	494
421	563
421	721
421	848
421	907
421	957
421	960
421	965
422	431
422	438
422	440
422	463
422	468
422	495
422	747
422	846
422	858
423	428
423	441
423	443
423	457
423	471
423	472
423	480
423	482
423	492
423	561
423	790
423	864
423	989
424	431
424	438
424	446
424	468
424	469
424	472
424	474
424	488
424	494
424	590
424	973
425	442
425	456
425	459
425	488
425	494
425	498
425	512
425	526
425	583
425	781
425	795
425	873
426	428
426	437
426	472
426	479
426	486
426	489
426	490
426	718
426	754
426	781
426	836
426	906
427	428
427	429
427	448
427	458
427	465
427	472
427	495
427	537
427	707
427	714
427	825
428	479
428	483
428	509
428	516
428	544
428	550
428	885
428	898
428	919
428	972
428	985
429	438
429	440
429	445
429	447
429	448
429	458
429	459
429	464
429	492
429	498
429	609
429	645
429	693
429	781
429	924
430	451
430	457
430	474
430	479
430	481
430	482
430	485
430	494
430	512
430	647
430	713
430	719
430	769
430	900
431	443
431	447
431	455
431	465
431	479
431	489
431	490
431	496
431	562
431	847
431	896
432	433
432	437
432	473
432	479
432	591
432	654
432	735
433	441
433	476
433	477
433	482
433	486
433	492
433	821
433	907
434	440
434	441
434	445
434	463
434	473
434	628
434	658
434	702
434	731
434	915
435	435
435	437
435	460
435	476
435	480
435	485
435	494
435	577
435	633
435	684
435	935
436	445
436	446
436	447
436	492
436	578
436	667
436	838
436	859
436	902
437	441
437	463
437	472
437	477
437	478
437	685
437	730
437	741
437	851
437	905
437	990
438	443
438	451
438	458
438	466
438	473
438	497
438	608
438	609
438	661
438	765
438	781
439	457
439	459
439	473
439	475
439	478
439	666
439	669
439	698
440	445
440	450
440	451
440	460
440	466
440	480
440	483
440	498
440	503
440	534
440	539
440	634
440	824
441	461
441	475
441	477
441	482
441	518
441	542
441	681
441	801
441	804
441	809
441	830
441	879
442	446
442	447
442	453
442	455
442	459
442	467
442	470
442	486
442	516
442	610
442	793
443	452
443	470
443	488
443	495
443	573
443	833
443	834
443	853
443	942
443	969
444	447
444	449
444	460
444	468
444	473
444	477
444	487
444	492
444	579
444	609
444	838
444	956
445	452
445	470
445	478
445	479
445	480
445	493
445	494
445	497
445	543
445	963
446	470
446	471
446	478
446	498
446	571
446	648
446	682
446	841
446	927
447	454
447	468
447	496
447	777
447	856
447	867
447	903
447	941
448	461
448	464
448	479
448	481
448	508
448	558
448	616
448	621
448	686
448	705
448	788
448	840
448	919
449	451
449	457
449	461
449	480
449	489
449	578
449	674
449	678
449	869
449	894
450	456
450	457
450	459
450	491
450	569
450	705
450	707
450	737
450	758
450	811
450	818
450	976
451	456
451	457
451	458
451	482
451	486
451	496
451	609
451	686
451	886
452	456
452	458
452	460
452	462
452	464
452	465
452	781
452	921
453	470
453	481
453	485
453	532
453	607
453	709
453	735
454	455
454	493
454	499
454	594
454	943
455	461
455	463
455	489
455	585
455	676
455	971
456	457
456	458
456	480
456	528
456	595
456	942
456	944
456	957
457	458
457	459
457	466
457	472
457	476
457	487
457	524
457	594
457	636
457	642
457	913
457	986
458	462
458	464
458	492
458	493
458	928
459	465
459	466
459	469
459	476
459	478
459	482
459	493
459	497
459	518
459	549
459	592
459	794
459	851
460	470
460	492
460	497
460	519
460	590
460	631
461	464
461	483
461	490
461	492
461	606
461	814
462	463
462	471
462	472
462	476
462	485
462	489
462	495
462	508
462	621
462	729
462	745
462	766
462	778
462	892
462	926
463	497
463	612
463	640
463	760
463	864
464	492
464	495
464	496
464	501
464	551
464	553
464	600
464	625
464	635
464	761
464	924
465	465
465	474
465	480
465	481
465	487
465	555
465	736
465	860
466	474
466	478
466	492
466	935
467	469
467	479
467	483
467	579
467	755
467	851
467	896
467	943
468	470
468	488
468	489
468	492
468	496
468	554
468	658
468	684
468	782
468	822
469	472
469	485
469	487
469	498
469	500
469	529
469	628
469	647
469	666
469	698
469	845
469	880
469	889
469	892
469	998
470	476
470	481
470	482
470	483
470	541
470	708
470	730
470	826
470	944
471	479
471	480
471	481
471	820
472	475
472	476
472	567
472	709
472	836
472	898
472	901
472	952
473	475
473	480
473	608
473	632
473	686
473	794
473	859
473	935
473	936
474	498
475	476
475	479
475	484
475	547
475	581
475	976
476	496
476	653
476	684
476	847
476	866
476	985
477	477
477	481
477	495
477	499
477	557
477	623
477	643
477	719
477	887
477	997
478	482
478	483
478	484
478	498
478	585
478	587
478	653
478	686
478	730
478	759
478	928
479	482
479	484
479	494
479	541
479	709
479	711
479	725
479	804
479	872
479	900
480	486
480	494
480	498
480	734
480	748
480	900
480	908
480	935
480	946
480	983
481	499
481	698
481	915
481	987
482	482
482	491
482	780
483	498
483	528
483	581
483	691
483	707
483	825
483	844
483	935
483	949
484	490
484	541
484	571
484	606
484	633
484	773
485	496
485	572
485	593
485	613
485	693
485	696
485	909
485	919
485	927
486	490
486	495
486	647
486	739
486	788
486	832
486	914
486	916
486	984
487	881
487	921
488	488
488	593
488	611
489	489
489	491
489	493
489	610
489	678
489	927
490	491
490	534
490	686
490	919
490	923
491	493
491	498
491	505
491	578
491	653
491	733
491	792
491	852
491	885
491	901
491	988
492	497
492	557
492	578
492	666
492	766
492	795
492	994
493	494
493	498
493	565
493	573
493	647
493	865
494	510
494	584
494	734
494	950
494	983
495	542
495	752
495	774
495	897
496	619
496	729
496	872
497	588
497	830
497	831
497	928
497	937
498	682
499	571
499	917
499	996
500	502
500	503
500	509
500	510
500	521
500	530
500	532
500	534
500	554
500	561
500	579
500	582
500	586
500	589
500	637
500	644
500	671
500	917
501	517
501	519
501	532
501	536
501	540
501	559
501	570
501	596
501	612
501	747
502	506
502	512
502	513
502	518
502	536
502	558
502	560
502	563
502	569
502	585
502	589
502	592
502	614
502	656
502	791
502	880
502	984
503	515
503	522
503	523
503	526
503	535
503	544
503	545
503	551
503	562
503	569
503	579
503	638
503	652
503	800
503	836
503	960
503	967
504	515
504	531
504	533
504	535
504	538
504	547
504	571
504	579
504	580
504	592
504	669
504	779
504	862
504	970
504	996
505	515
505	516
505	530
505	551
505	552
505	555
505	568
505	570
505	576
505	602
505	771
505	808
505	851
505	932
506	537
506	554
506	569
506	572
506	575
506	583
506	585
506	686
506	805
506	851
506	972
507	511
507	524
507	554
507	561
507	564
507	572
507	576
507	596
507	621
508	528
508	535
508	538
508	562
508	580
508	582
508	675
508	751
508	848
508	853
508	955
509	515
509	527
509	528
509	536
509	553
509	560
509	561
509	575
509	585
509	597
509	599
509	613
509	696
509	796
509	809
509	894
509	943
510	516
510	541
510	546
510	550
510	555
510	559
510	589
510	590
510	593
510	650
510	818
510	847
510	916
511	550
511	598
511	942
511	950
512	520
512	521
512	538
512	556
512	575
512	576
512	578
512	589
512	596
512	598
512	612
512	682
512	812
512	823
512	866
512	878
512	957
512	997
513	514
513	527
513	529
513	531
513	547
513	563
513	566
513	567
513	570
513	572
513	576
513	588
513	670
514	525
514	526
514	533
514	544
514	547
514	557
514	558
514	563
514	581
514	692
514	880
515	521
515	527
515	539
515	552
515	553
515	556
515	563
515	582
515	595
515	654
515	837
515	887
515	900
515	918
515	941
515	974
516	525
516	527
516	549
516	550
516	560
516	561
516	565
516	574
516	581
516	591
516	696
516	774
516	941
516	959
517	530
517	550
517	551
517	568
517	574
517	586
517	658
517	680
517	749
517	818
517	849
517	854
518	523
518	538
518	546
518	551
518	563
518	598
518	849
519	522
519	538
519	548
519	549
519	594
519	620
519	629
519	680
519	826
519	904
519	964
520	535
520	549
520	560
520	561
520	568
520	587
520	620
520	882
520	996
521	523
521	527
521	547
521	561
521	570
521	581
521	588
521	592
521	646
521	689
521	707
521	753
521	768
521	830
521	951
521	970
522	548
522	549
522	556
522	561
522	565
522	574
522	588
522	589
522	881
522	956
523	528
523	549
523	563
523	564
523	567
523	568
523	583
523	584
523	588
523	595
523	597
523	643
523	677
523	756
523	843
524	545
524	559
524	565
524	576
524	578
524	581
524	663
524	678
524	687
524	880
524	960
525	543
525	545
525	552
525	554
525	559
525	587
525	589
525	598
525	609
525	663
525	782
525	873
526	549
526	553
526	572
526	577
526	583
526	594
526	618
526	715
526	719
526	778
526	812
527	535
527	558
527	564
527	570
527	580
527	590
527	591
527	672
527	904
527	941
527	966
527	974
528	554
528	556
528	563
528	574
528	575
528	579
528	586
528	746
528	863
528	915
528	916
529	547
529	567
529	574
529	583
529	587
529	588
529	589
529	597
529	598
529	664
529	687
529	824
529	976
530	548
530	550
530	558
530	559
530	568
530	577
530	582
530	591
530	687
530	694
531	537
531	541
531	542
531	544
531	553
531	574
531	588
531	611
531	710
531	722
531	860
531	948
532	545
532	553
532	557
532	564
532	566
532	586
532	610
532	791
532	881
532	975
533	550
533	564
533	576
533	587
533	590
533	776
533	789
533	912
534	548
534	552
534	562
534	580
534	599
534	609
534	642
534	915
535	547
535	558
535	583
535	639
535	645
535	657
535	740
535	858
536	543
536	545
536	553
536	575
536	576
536	583
536	590
536	591
536	680
536	698
536	813
536	906
537	537
537	546
537	549
537	565
537	580
537	595
537	669
537	686
537	699
537	778
537	828
537	834
537	867
537	888
538	540
538	543
538	556
538	563
538	594
538	761
538	825
538	934
539	547
539	569
539	593
539	597
539	692
540	550
540	553
540	555
540	556
540	559
540	576
540	579
540	591
540	598
540	599
540	622
540	880
540	991
540	998
541	545
541	549
541	550
541	563
541	578
541	579
541	580
541	591
541	598
541	724
541	890
541	938
542	581
542	627
542	761
543	575
543	579
543	582
543	655
543	659
543	785
543	884
543	907
544	545
544	547
544	550
544	556
544	567
544	569
544	577
544	581
544	590
544	593
544	846
544	948
544	953
544	987
545	549
545	552
545	553
545	554
545	563
545	571
545	577
545	590
545	597
545	662
545	944
546	557
546	563
546	569
546	576
546	649
546	858
546	877
546	915
547	563
547	564
547	581
547	585
547	589
547	785
547	886
548	556
548	563
548	565
548	571
548	575
548	584
548	586
548	598
548	641
548	709
548	776
548	801
548	954
549	563
549	566
549	570
549	575
549	597
549	622
549	642
549	645
549	673
549	904
549	964
550	556
550	563
550	571
550	578
550	580
550	589
550	590
550	599
550	608
550	729
550	827
550	861
550	983
551	562
551	565
551	586
551	589
551	599
551	683
551	725
551	804
551	845
552	553
552	558
552	580
552	589
552	595
552	606
552	771
552	832
552	960
553	573
553	591
553	595
553	598
553	717
553	741
553	777
553	801
553	822
553	858
553	877
554	565
554	584
554	587
554	589
554	691
554	710
554	822
554	967
555	556
555	569
555	573
555	593
555	596
555	704
555	854
556	556
556	558
556	567
556	569
556	574
556	579
556	582
556	591
556	597
556	672
556	688
556	702
556	717
556	790
556	885
556	958
556	985
557	558
557	576
557	585
557	695
557	700
557	713
558	591
558	628
558	818
558	863
558	935
559	581
559	584
559	585
559	708
559	777
559	905
559	916
559	944
560	565
560	572
560	583
560	828
560	997
561	562
561	563
561	571
561	590
561	651
561	699
561	772
561	804
561	958
562	575
562	591
562	660
562	729
562	765
562	788
562	897
562	928
562	933
562	995
563	580
563	582
563	749
563	761
563	871
564	569
564	572
564	584
564	781
564	837
564	873
564	970
565	571
565	572
565	581
565	682
565	716
566	579
566	588
566	671
566	674
566	866
566	881
567	694
567	724
567	899
568	583
568	707
568	722
568	738
568	768
568	939
568	983
569	576
569	590
569	598
569	743
569	901
570	576
570	584
570	587
570	589
570	595
570	665
570	798
570	969
571	581
571	592
571	595
571	720
571	763
571	888
571	995
572	595
572	598
572	725
572	735
572	751
573	577
573	580
573	588
573	598
573	752
573	782
574	583
574	587
574	589
574	880
574	934
574	986
575	575
575	580
575	583
575	586
575	598
575	624
575	801
575	846
575	910
575	974
576	578
576	583
576	587
576	591
576	706
576	778
576	806
576	808
576	832
576	907
576	996
577	657
577	718
577	745
577	747
577	755
577	770
577	816
577	833
577	886
577	959
577	966
578	582
578	700
578	784
578	785
578	856
578	893
579	593
579	595
579	602
579	647
579	901
579	962
579	976
580	593
580	859
580	864
581	588
581	597
581	671
581	781
581	830
581	885
581	906
581	925
581	940
581	950
581	993
582	583
582	585
582	589
582	838
583	585
583	599
583	659
583	666
583	733
583	746
583	960
584	590
584	671
584	741
584	807
584	838
584	899
584	902
584	993
585	618
585	724
585	976
586	589
586	599
586	703
586	707
586	979
587	590
587	715
587	814
587	816
588	647
589	647
589	759
589	952
590	594
591	681
591	688
591	801
591	856
592	646
592	671
592	869
592	890
592	988
593	602
593	665
593	742
594	598
594	730
594	949
594	990
595	597
595	648
596	599
596	767
596	801
596	842
596	992
597	659
597	833
597	869
598	891
598	902
598	947
600	605
600	612
600	613
600	616
600	619
600	625
600	668
600	681
600	682
600	684
600	711
601	613
601	618
601	619
601	627
601	628
601	631
601	638
601	640
601	656
601	664
601	689
601	796
601	805
601	854
601	874
601	912
601	989
602	602
602	611
602	640
602	644
602	649
602	669
602	680
602	682
602	683
602	933
603	610
603	632
603	655
603	682
603	984
604	606
604	607
604	611
604	623
604	627
604	628
604	631
604	635
604	638
604	649
604	656
604	660
604	668
604	684
605	607
605	608
605	640
605	655
605	657
605	659
605	662
605	665
605	690
605	695
605	748
605	752
605	755
605	765
605	798
605	981
606	614
606	618
606	620
606	622
606	631
606	656
606	670
606	682
606	689
606	691
606	695
606	872
606	885
606	956
607	608
607	631
607	632
607	633
607	640
607	644
607	652
607	660
607	664
607	696
607	697
607	698
607	703
607	921
608	615
608	632
608	652
608	659
608	665
608	685
608	690
608	750
608	767
608	775
608	815
608	989
608	993
609	611
609	619
609	622
609	627
609	648
609	652
609	657
609	668
609	673
609	676
609	679
609	682
609	689
609	695
609	729
610	615
610	621
610	623
610	631
610	636
610	640
610	642
610	646
610	647
610	651
610	657
610	661
610	699
610	791
610	923
610	984
611	614
611	618
611	622
611	632
611	643
611	647
611	669
611	672
611	720
611	731
611	815
611	848
611	907
612	621
612	626
612	654
612	656
612	672
612	678
612	682
612	685
612	690
612	693
612	701
612	774
612	936
612	952
613	616
613	619
613	621
613	634
613	643
613	646
613	650
613	651
613	667
613	671
613	681
613	685
613	693
613	751
613	797
613	820
613	906
613	916
613	936
614	646
614	656
614	657
614	682
614	688
614	690
614	749
614	955
615	618
615	622
615	659
615	678
615	682
615	696
615	709
615	824
615	890
615	950
615	968
616	619
616	626
616	631
616	637
616	647
616	651
616	670
616	675
616	677
616	685
616	687
616	769
616	920
616	939
616	947
616	948
617	623
617	628
617	629
617	636
617	649
617	655
617	657
617	668
617	669
617	681
617	691
617	698
617	822
617	825
617	972
618	653
618	657
618	658
618	659
618	728
618	832
618	871
618	886
618	907
618	917
619	626
619	646
619	676
619	688
619	696
619	718
619	895
620	625
620	630
620	641
620	646
620	647
620	658
620	662
620	670
620	672
620	685
620	691
620	695
620	711
620	718
621	627
621	642
621	652
621	658
621	668
621	670
621	671
621	693
621	697
621	752
621	797
621	853
621	950
622	624
622	629
622	636
622	647
622	656
622	664
622	668
622	685
622	696
622	794
622	995
623	623
623	635
623	638
623	653
623	657
623	662
623	679
623	689
623	810
623	821
623	977
623	993
623	999
624	624
624	632
624	653
624	655
624	665
624	675
624	683
624	698
624	699
624	718
624	795
624	965
624	976
625	655
625	658
625	670
625	687
625	861
625	994
626	636
626	637
626	648
626	652
626	656
626	661
626	670
626	688
626	691
626	720
626	819
626	834
626	940
627	630
627	638
627	640
627	645
627	654
627	664
627	677
627	905
627	951
627	955
627	963
628	633
628	645
628	648
628	661
628	683
628	688
628	768
628	806
628	832
628	944
628	948
629	640
629	642
629	644
629	646
629	650
629	656
629	657
629	661
629	666
629	675
629	678
629	685
629	686
629	744
629	788
629	811
630	653
630	659
630	671
630	674
630	675
630	679
630	681
630	990
631	632
631	634
631	643
631	660
631	666
631	672
631	674
631	684
631	694
631	730
631	746
631	943
632	645
632	667
632	671
632	680
632	689
632	722
632	736
632	848
632	862
632	866
632	889
633	634
633	635
633	636
633	638
633	642
633	645
633	652
633	659
633	674
633	680
633	696
633	715
633	779
633	907
633	912
634	637
634	645
634	652
634	657
634	684
634	692
634	750
634	754
635	648
635	668
635	671
635	687
635	757
635	772
635	836
635	864
636	645
636	647
636	648
636	658
636	690
636	699
636	718
636	738
636	914
637	643
637	660
637	662
637	690
637	694
637	695
637	706
637	707
637	710
637	907
637	989
637	991
638	654
638	660
638	661
638	679
638	681
638	682
638	749
638	758
638	777
638	779
638	905
639	644
639	645
639	650
639	666
639	667
639	676
639	677
639	733
639	800
639	850
639	884
639	961
639	965
639	968
640	655
640	657
640	671
640	680
640	699
640	903
640	953
640	995
641	644
641	648
641	669
641	673
641	686
641	690
641	694
641	725
641	741
641	747
642	647
642	655
642	672
642	673
642	679
642	744
642	755
642	822
642	857
643	646
643	661
643	685
643	845
643	883
643	990
644	646
644	649
644	654
644	670
644	680
644	688
644	690
644	691
644	721
644	752
644	793
644	874
644	928
644	941
645	653
645	659
645	660
645	675
645	694
645	697
645	729
645	784
646	652
646	660
646	664
646	672
646	677
646	682
646	737
646	883
646	937
646	997
647	650
647	651
647	656
647	662
647	675
647	681
647	694
647	719
647	730
647	893
647	963
648	654
648	655
648	679
648	688
648	804
648	883
648	896
648	954
649	658
649	670
649	672
649	684
649	692
649	717
649	770
649	830
649	847
649	947
650	651
650	663
650	670
650	682
650	700
650	704
650	815
650	917
651	667
651	677
651	683
651	686
651	713
651	740
651	741
651	918
651	976
652	667
652	683
652	685
652	693
652	698
652	726
652	846
652	868
652	945
653	663
653	670
653	680
653	692
653	776
654	655
654	673
654	676
654	723
654	781
654	805
654	827
654	882
654	940
654	982
655	667
655	678
655	682
655	688
655	689
655	695
655	768
655	869
655	887
656	660
656	663
656	664
656	668
656	669
656	676
656	683
656	684
656	693
656	906
657	666
657	672
657	676
657	687
657	692
657	694
657	697
657	811
657	837
657	857
657	903
657	921
657	960
657	976
658	665
658	672
658	676
658	678
658	687
658	862
658	865
658	916
659	668
659	678
659	679
659	696
659	871
659	989
660	696
661	668
661	676
661	689
661	694
661	704
661	710
661	866
662	676
662	688
662	697
662	715
662	987
663	685
663	689
663	695
663	699
663	903
664	668
664	687
664	959
664	990
665	666
665	671
665	675
665	694
665	767
665	770
665	846
666	669
666	670
666	683
666	694
666	698
666	765
666	837
667	685
667	806
668	668
668	675
668	679
668	685
668	688
668	778
668	848
668	918
668	954
668	958
669	676
669	682
669	685
669	732
669	865
669	875
669	890
669	957
670	674
670	698
670	738
671	677
671	678
671	684
671	695
672	689
672	698
672	820
672	828
672	829
672	876
672	894
672	958
672	968
673	678
673	681
673	699
673	735
673	939
674	692
674	693
674	694
674	765
674	777
675	690
675	865
675	906
675	961
675	979
675	991
676	682
676	685
676	691
676	697
676	755
676	781
676	996
677	686
677	693
677	745
677	814
677	845
677	875
677	882
677	968
677	981
677	985
678	682
678	684
678	693
678	791
678	972
679	681
679	682
679	688
679	690
679	756
679	856
679	938
680	689
680	719
680	763
680	787
680	881
680	979
681	689
681	698
681	808
681	925
681	943
681	986
682	688
682	739
682	932
683	687
683	693
683	732
683	735
683	821
683	912
684	691
684	696
684	913
685	686
685	695
685	696
685	713
685	748
685	758
685	807
685	921
685	953
686	692
686	695
686	726
686	870
686	874
686	965
687	687
687	697
687	702
687	775
687	790
687	862
687	894
687	999
688	693
688	820
688	955
688	958
689	699
689	958
689	960
690	887
690	999
691	694
691	752
691	972
692	693
692	696
692	727
692	789
692	908
692	923
692	928
692	972
693	697
693	844
694	831
694	904
695	695
695	881
695	920
695	988
696	775
696	776
696	922
696	978
696	988
697	704
697	762
697	846
697	874
698	731
698	872
698	943
699	789
699	850
699	883
699	932
699	983
700	704
700	706
700	713
700	717
700	724
700	727
700	746
700	761
700	763
700	775
700	780
700	781
700	782
700	788
700	890
700	973
701	701
701	706
701	707
701	712
701	740
701	748
701	759
701	782
701	788
701	797
701	866
701	910
702	710
702	715
702	723
702	726
702	731
702	738
702	749
702	756
702	767
702	772
702	795
702	887
702	939
702	956
703	716
703	717
703	718
703	720
703	736
703	739
703	775
703	777
703	783
703	786
703	846
703	882
703	970
704	706
704	712
704	725
704	733
704	740
704	757
704	764
704	767
704	768
704	781
704	798
704	861
704	862
705	707
705	717
705	719
705	720
705	722
705	745
705	751
705	754
705	776
705	780
705	785
705	789
705	795
705	798
706	727
706	739
706	744
706	751
706	757
706	761
706	763
706	764
706	767
706	781
706	783
706	809
707	719
707	730
707	731
707	739
707	750
707	758
707	799
707	937
708	714
708	718
708	719
708	728
708	729
708	732
708	739
708	742
708	766
708	777
708	783
708	788
708	796
708	917
708	959
709	720
709	727
709	740
709	753
709	756
709	763
709	767
709	781
709	784
709	813
709	840
709	842
710	710
710	713
710	718
710	731
710	734
710	750
710	755
710	758
710	853
710	871
710	891
711	715
711	724
711	726
711	731
711	736
711	740
711	741
711	756
711	759
711	761
711	771
711	782
711	786
711	795
711	813
711	864
711	870
712	717
712	719
712	728
712	751
712	762
712	767
712	788
712	790
713	729
713	733
713	740
713	751
713	757
713	761
713	762
713	765
713	770
713	773
713	778
713	782
713	795
713	864
713	901
713	918
713	939
713	976
714	716
714	719
714	725
714	737
714	739
714	746
714	754
714	760
714	779
714	786
714	796
715	728
715	731
715	741
715	753
715	760
715	796
715	799
715	862
715	910
715	913
715	915
716	719
716	725
716	727
716	734
716	735
716	740
716	767
716	768
716	792
716	793
716	834
716	854
716	989
717	752
717	761
717	768
717	778
717	784
717	787
717	793
717	848
717	941
718	728
718	729
718	732
718	741
718	744
718	745
718	753
718	770
718	774
718	781
718	941
719	719
719	729
719	758
719	764
719	779
719	786
719	795
719	820
719	850
719	975
720	740
720	760
720	763
720	776
720	784
720	794
720	796
720	799
720	802
720	821
720	827
720	885
720	950
720	961
721	725
721	727
721	732
721	744
721	751
721	759
721	767
721	772
721	773
721	774
721	778
721	783
721	784
721	789
721	793
721	795
721	820
721	844
721	871
721	957
722	724
722	742
722	755
722	756
722	759
722	788
722	798
722	853
722	898
723	729
723	733
723	737
723	738
723	760
723	763
723	765
723	766
723	768
723	769
723	779
723	791
723	796
723	798
723	806
723	874
724	729
724	731
724	733
724	737
724	744
724	758
724	765
724	766
724	767
724	776
724	782
724	784
724	793
724	797
724	884
724	963
725	730
725	731
725	749
725	752
725	755
725	762
725	770
725	774
725	785
725	799
725	871
725	991
726	735
726	738
726	746
726	748
726	839
726	894
727	728
727	732
727	738
727	743
727	753
727	756
727	777
727	778
727	784
727	932
728	743
728	765
728	781
728	787
728	910
729	736
729	746
729	750
729	755
729	779
729	783
729	789
729	790
729	808
729	909
730	747
730	769
730	777
730	781
730	877
730	940
730	986
731	732
731	746
731	749
731	750
731	763
731	776
731	786
731	790
731	892
731	909
732	757
732	763
732	776
732	788
732	819
732	836
733	737
733	763
733	767
733	769
733	770
733	775
733	776
733	777
733	788
733	938
734	741
734	747
734	758
734	761
734	772
735	740
735	745
735	754
735	755
735	761
735	799
736	742
736	757
736	758
736	761
736	766
736	791
736	799
736	850
736	944
736	949
737	743
737	746
737	759
737	763
737	768
737	776
737	784
737	840
737	907
737	989
738	746
738	750
738	751
738	778
738	782
738	784
738	785
738	787
738	790
738	848
738	877
739	748
739	762
739	773
739	788
739	791
739	797
739	826
739	919
739	920
739	985
740	755
740	778
740	785
740	791
740	797
740	809
740	816
740	835
741	743
741	762
741	764
741	768
741	770
741	989
742	747
742	753
743	756
743	758
743	775
743	814
744	750
744	756
744	757
744	762
744	773
744	775
744	781
744	793
744	824
744	862
744	943
745	752
745	760
745	779
745	780
745	907
746	757
746	792
746	813
746	973
746	989
746	990
747	754
747	772
747	775
747	782
747	854
747	931
747	968
747	998
748	755
748	762
748	786
748	794
748	799
748	952
748	987
749	759
749	760
749	767
749	770
749	771
749	774
749	792
749	793
749	829
750	763
750	782
750	797
750	823
750	893
751	755
751	763
751	765
751	790
751	860
752	759
752	762
752	766
752	769
752	774
752	785
752	788
752	797
752	798
752	983
752	997
753	756
753	767
753	778
753	779
753	781
753	782
753	786
753	787
753	788
753	945
754	760
754	770
754	771
754	780
754	782
754	804
754	847
754	940
755	758
755	776
755	798
755	902
756	766
756	801
756	885
757	766
757	768
757	776
757	783
757	784
757	794
757	795
757	998
758	765
758	931
759	761
759	763
759	785
759	794
759	796
759	971
760	763
760	772
760	793
760	880
761	764
761	769
761	770
761	773
761	778
762	767
762	774
762	783
762	784
762	785
762	790
762	793
762	806
762	907
762	930
763	764
763	765
763	776
763	799
763	976
763	983
764	767
764	773
764	775
764	781
764	793
765	787
765	792
765	795
765	796
766	769
766	772
766	781
766	783
766	795
766	863
767	767
767	768
767	779
767	784
768	781
768	784
768	787
768	790
768	884
768	915
769	774
769	778
769	780
769	792
769	896
769	909
769	926
769	944
769	993
770	773
770	829
770	874
770	981
771	778
771	780
771	785
771	797
771	948
771	966
771	970
771	982
772	778
772	782
772	789
772	900
773	778
773	822
774	818
774	903
774	945
774	988
775	786
775	791
775	794
775	815
775	834
775	909
776	784
776	794
776	821
776	886
776	957
777	786
777	797
777	853
777	995
778	779
778	781
778	782
779	793
779	798
779	801
779	915
780	785
780	786
780	795
781	785
781	787
781	873
781	939
782	788
782	791
782	796
782	911
782	943
783	788
783	793
783	890
784	785
784	790
784	802
785	790
785	794
785	811
786	798
786	958
787	794
787	797
787	954
788	798
788	872
789	793
789	796
789	890
789	925
790	796
790	798
790	799
790	916
790	982
790	983
791	868
791	916
791	977
792	808
793	812
794	799
794	898
795	831
796	811
796	855
797	801
797	895
797	925
797	969
799	835
799	840
799	841
800	804
800	809
800	831
800	845
800	866
800	867
800	868
800	891
800	896
800	915
800	934
800	974
801	802
801	812
801	815
801	818
801	827
801	832
801	833
801	861
801	864
801	865
801	875
801	879
801	890
801	937
801	971
802	809
802	813
802	823
802	832
802	834
802	851
802	875
802	881
802	887
802	891
802	896
802	897
802	926
802	949
803	806
803	812
803	816
803	846
803	876
803	877
803	878
803	894
803	903
804	810
804	821
804	822
804	826
804	844
804	847
804	856
804	873
804	883
804	892
804	899
804	926
804	966
804	969
804	998
805	810
805	825
805	841
805	851
805	854
805	870
805	886
805	887
805	889
805	917
806	817
806	819
806	825
806	840
806	845
806	859
806	867
806	877
806	883
806	890
806	920
806	988
807	813
807	822
807	833
807	856
807	865
807	878
807	962
808	814
808	840
808	853
808	866
808	873
808	899
808	944
809	825
809	828
809	841
809	856
809	859
809	872
809	873
809	889
810	814
810	825
810	826
810	832
810	838
810	839
810	844
810	854
810	864
810	872
810	881
810	897
810	919
810	993
811	816
811	825
811	829
811	833
811	837
811	838
811	843
811	846
811	852
811	868
811	882
811	896
812	816
812	818
812	827
812	829
812	831
812	839
812	851
812	862
812	876
812	881
812	967
813	825
813	828
813	835
813	843
813	850
813	873
813	886
813	896
813	898
813	947
813	980
813	986
814	816
814	825
814	832
814	840
814	842
814	843
814	863
814	879
814	880
814	888
814	917
814	963
815	841
815	848
815	854
815	860
815	891
816	840
816	848
816	856
816	859
816	861
816	863
816	875
816	889
816	891
816	895
816	935
817	820
817	837
817	839
817	846
817	847
817	850
817	860
817	862
817	960
818	837
818	869
818	874
818	889
818	892
818	893
819	825
819	829
819	834
819	838
819	842
819	846
819	857
819	863
819	865
819	879
820	826
820	848
820	857
820	859
820	864
820	869
820	878
820	893
821	822
821	832
821	837
821	838
821	842
821	867
821	868
821	887
821	895
821	982
822	829
822	846
822	848
822	861
822	862
822	888
822	896
822	995
823	824
823	834
823	838
823	839
823	847
823	851
823	853
823	867
823	872
823	886
823	889
823	955
824	840
824	877
825	835
825	844
825	846
825	928
825	963
826	832
826	839
826	846
826	857
826	861
826	868
826	870
826	883
826	888
826	898
826	982
827	832
827	836
827	843
827	869
827	872
827	891
827	893
827	999
828	836
828	840
828	844
828	856
828	872
828	879
828	880
828	898
828	962
829	845
829	850
829	863
829	869
829	873
829	881
829	923
829	927
830	834
830	837
830	866
830	867
830	879
830	881
830	883
830	891
830	896
830	916
830	996
831	839
831	842
831	849
831	855
831	857
831	879
831	881
831	884
831	889
831	890
831	894
831	895
831	917
831	934
832	843
832	844
832	850
832	859
832	863
832	867
832	879
832	882
832	886
832	889
832	890
832	891
832	980
833	836
833	853
833	856
833	864
833	873
833	877
833	880
833	886
833	929
834	837
834	872
834	879
834	880
834	898
834	957
834	963
835	838
835	842
835	866
835	874
835	875
835	881
835	888
835	899
835	954
835	972
836	840
836	843
836	852
836	854
836	860
836	862
836	891
836	892
837	846
837	850
837	852
837	875
837	888
837	982
838	840
838	855
838	856
838	864
838	868
838	869
838	871
838	874
838	875
838	892
838	896
838	922
838	989
839	846
839	852
839	853
839	854
839	856
839	879
839	887
839	894
839	899
839	929
840	843
840	849
840	896
840	962
841	843
841	844
841	855
841	857
841	870
841	884
841	942
842	849
842	850
842	870
842	873
842	884
842	893
843	852
843	874
843	876
843	880
843	886
843	888
843	895
843	973
844	846
844	850
844	855
844	856
844	859
844	873
844	877
844	881
844	886
844	891
845	863
845	876
845	942
845	968
846	849
846	853
846	854
846	855
846	859
846	864
846	872
846	873
846	877
846	897
847	864
847	888
847	889
847	895
847	898
848	850
848	860
848	886
848	894
849	850
849	874
849	895
849	948
849	983
850	856
850	869
850	873
850	877
850	878
850	883
850	892
850	897
851	884
851	886
851	891
851	892
851	899
851	913
852	859
852	861
852	871
853	854
853	855
853	874
853	876
853	891
853	892
853	897
854	860
854	864
854	865
854	866
854	872
854	881
854	887
854	898
854	999
855	866
855	873
855	878
855	879
855	887
855	933
855	972
856	866
856	883
856	922
856	941
857	857
857	860
857	867
857	869
857	881
857	889
857	892
857	942
858	867
858	877
858	886
858	890
858	897
858	907
858	946
859	859
859	866
859	867
859	874
859	887
859	889
859	893
859	897
859	959
859	968
860	863
860	873
860	894
860	895
860	898
861	872
861	873
861	874
861	875
861	893
861	921
862	868
862	886
862	899
863	867
863	871
863	879
863	883
864	870
864	880
864	888
864	898
865	876
865	897
865	899
866	866
866	880
866	885
866	892
866	899
867	885
867	930
868	907
868	993
869	871
869	879
869	885
869	891
869	899
869	922
869	986
870	873
870	877
870	883
870	893
870	978
871	878
871	888
871	890
872	879
872	912
872	996
873	908
873	948
874	884
874	895
875	876
875	894
875	905
876	896
876	910
877	884
877	886
877	897
877	983
878	880
879	897
880	886
880	941
881	881
881	892
881	897
881	904
881	980
882	892
882	912
882	987
883	897
884	885
884	893
884	898
884	930
884	998
885	889
885	894
885	895
886	897
886	924
887	889
887	907
887	993
888	888
889	892
889	905
890	892
891	932
891	940
892	893
892	905
893	936
894	911
895	899
897	898
897	916
897	932
897	997
899	965
900	911
900	914
900	925
900	933
900	967
900	979
900	981
900	994
901	905
901	908
901	909
901	913
901	927
901	929
901	952
901	991
902	908
902	909
902	915
902	932
902	941
902	946
902	956
902	961
902	970
902	982
903	909
903	919
903	928
903	932
903	950
903	952
903	961
903	965
903	973
903	980
903	989
904	922
904	923
904	949
904	951
904	984
904	989
904	990
904	991
904	993
904	997
905	907
905	915
905	918
905	926
905	927
905	940
905	950
905	952
905	954
905	971
905	976
905	988
905	990
906	912
906	914
906	915
906	917
906	928
906	942
906	945
906	950
906	953
906	961
906	965
906	969
906	979
906	990
906	991
906	994
906	996
906	999
907	908
907	909
907	919
907	933
907	934
907	935
907	953
907	978
907	997
908	923
908	940
908	951
908	965
908	971
908	972
908	989
908	998
908	999
909	916
909	929
909	940
909	944
909	949
909	959
909	994
910	923
910	945
910	958
910	966
910	976
911	912
911	915
911	932
911	933
911	950
911	955
911	958
911	968
911	969
911	972
912	926
912	928
912	940
912	945
912	951
912	955
912	962
912	967
912	980
912	990
913	918
913	953
913	959
913	969
913	982
913	986
913	996
914	916
914	931
914	941
914	946
914	956
914	959
914	962
914	967
914	979
914	988
914	991
914	993
914	996
915	936
915	939
915	943
915	987
916	917
916	918
916	925
916	928
916	929
916	932
916	941
916	955
916	979
916	981
916	987
916	990
916	994
916	995
916	996
917	921
917	922
917	956
917	958
917	959
917	965
917	967
917	985
917	986
917	994
917	997
917	999
918	949
918	956
918	963
918	967
918	972
918	976
919	922
919	925
919	932
919	946
919	947
919	957
919	968
919	970
919	973
919	981
919	997
920	936
920	937
920	939
920	941
920	968
920	972
920	981
920	984
920	996
921	921
921	923
921	928
921	944
921	949
921	956
921	970
921	974
921	986
921	992
922	930
922	945
922	961
922	989
922	990
923	951
923	952
923	956
923	965
923	974
923	980
923	981
923	992
923	994
923	996
923	997
924	935
924	948
924	972
924	987
924	991
925	961
925	963
925	968
925	977
925	979
926	936
926	939
926	946
926	954
926	957
926	966
926	970
926	976
926	984
926	986
926	990
927	930
927	937
927	941
927	945
927	948
927	972
928	938
928	945
928	947
928	950
928	962
928	969
928	971
928	996
929	940
929	943
929	947
929	964
929	974
929	981
929	985
929	995
930	949
930	957
930	958
930	970
930	975
930	984
930	988
930	990
930	995
930	998
931	937
931	940
931	947
931	949
931	972
931	973
931	982
931	994
932	932
932	946
932	952
932	968
932	980
932	984
932	991
933	936
933	948
933	964
933	974
933	992
934	935
934	940
934	963
934	965
934	973
934	980
934	991
935	942
935	944
935	951
935	961
935	963
935	989
935	995
936	945
936	947
936	950
936	963
936	964
936	968
936	986
936	987
936	997
937	941
937	948
937	963
937	967
937	971
937	976
937	998
938	947
938	948
938	961
938	997
938	999
939	952
939	966
939	982
939	983
939	985
939	997
940	965
940	971
940	977
940	980
940	983
941	942
941	960
941	970
941	971
941	983
941	988
942	942
942	944
942	956
942	973
942	981
943	947
943	954
943	995
944	944
944	949
944	950
944	955
944	958
944	969
944	970
944	973
944	975
944	979
944	986
944	987
944	989
945	958
945	969
945	989
946	958
946	959
946	967
946	978
946	982
946	994
947	949
947	950
948	960
948	983
948	987
948	990
948	999
949	951
949	977
949	984
949	991
950	957
950	963
950	974
950	976
950	978
950	979
950	980
950	989
951	954
951	973
951	984
951	985
951	995
952	956
952	957
952	963
952	970
952	971
952	972
952	975
952	989
953	956
953	959
953	978
953	979
953	987
953	995
953	999
954	965
954	969
954	974
954	988
955	960
955	981
955	985
956	967
956	977
956	978
956	982
957	982
957	987
958	958
958	979
958	980
958	982
958	988
959	984
960	969
960	979
960	985
960	992
961	961
961	966
961	975
961	976
961	978
961	982
961	984
961	988
961	998
962	967
962	978
962	980
962	983
962	984
962	989
963	964
963	971
964	967
964	982
965	981
965	982
965	999
966	968
966	975
966	984
967	974
967	978
967	986
967	988
967	991
967	997
967	998
968	973
968	976
968	979
968	988
969	969
969	978
970	973
972	985
972	991
972	994
973	976
973	978
973	986
973	987
973	999
974	975
974	977
974	980
974	989
975	990
975	997
976	987
976	995
976	999
977	983
977	984
978	978
978	990
978	996
980	999
981	997
981	999
982	983
982	986
982	994
982	995
982	996
983	988
983	993
983	994
983	995
984	987
984	993
985	987
986	990
987	996
988	989
988	997
989	996
989	999
991	995
991	999
992	993
992	996
993	999
994	997
996	998
