0	26
0	38
0	48
0	50
0	55
0	56
0	62
0	65
0	72
0	84
0	99
0	158
0	283
0	359
0	391
0	463
0	467
0	583
0	587
0	588
0	604
0	613
0	634
0	716
0	931
0	940
0	971
0	979
1	3
1	17
1	20
1	37
1	57
1	87
1	145
1	151
1	269
1	314
1	367
1	439
1	445
1	478
1	495
1	601
1	614
1	633
1	639
1	663
1	739
1	848
2	7
2	18
2	42
2	54
2	67
2	73
2	127
2	131
2	133
2	227
2	280
2	333
2	376
2	394
2	733
2	791
2	860
3	31
3	49
3	125
3	292
3	301
3	313
3	331
3	344
3	356
3	396
3	416
3	433
3	588
3	777
3	934
3	986
4	26
4	28
4	41
4	59
4	440
4	461
4	540
4	574
4	634
4	743
4	997
5	9
5	25
5	29
5	35
5	47
5	51
5	58
5	92
5	332
5	343
5	347
5	350
5	495
5	639
5	682
5	797
5	818
5	876
5	881
5	894
5	984
6	11
6	17
6	24
6	25
6	83
6	91
6	93
6	354
6	396
6	431
6	494
6	703
6	740
6	767
6	826
6	879
6	946
6	993
7	43
7	69
7	72
7	78
7	87
7	99
7	173
7	248
7	265
7	293
7	296
7	364
7	410
7	506
7	514
7	546
7	746
7	944
7	978
8	8
8	36
8	98
8	128
8	134
8	191
8	204
8	211
8	216
8	264
8	283
8	294
8	358
8	387
8	394
8	410
8	473
8	589
8	612
8	650
8	672
8	722
8	854
9	10
9	33
9	64
9	95
9	108
9	192
9	285
9	308
9	346
9	719
9	753
9	775
9	781
9	795
9	876
9	931
9	953
10	38
10	63
10	77
10	118
10	143
10	250
10	323
10	383
10	425
10	450
10	463
10	465
10	518
10	604
10	623
10	643
10	736
10	862
10	872
10	919
11	36
11	105
11	268
11	318
11	387
11	474
11	550
11	608
11	627
11	637
11	697
11	731
11	785
11	819
11	825
11	832
11	854
12	27
12	82
12	91
12	99
12	111
12	143
12	190
12	225
12	305
12	355
12	360
12	445
12	529
12	628
12	654
12	673
12	682
12	737
12	797
12	874
12	887
13	37
13	45
13	96
13	123
13	129
13	152
13	164
13	200
13	213
13	292
13	346
13	404
13	498
13	601
13	611
13	627
13	737
13	850
13	916
14	22
14	54
14	56
14	65
14	300
14	350
14	511
14	600
14	623
14	713
14	715
14	779
14	949
15	40
15	57
15	73
15	161
15	166
15	389
15	401
15	435
15	494
15	609
15	856
15	880
15	923
16	29
16	43
16	67
16	70
16	181
16	263
16	291
16	336
16	361
16	368
16	386
16	436
16	440
16	480
16	506
16	548
16	661
16	716
16	752
16	754
16	904
16	930
16	931
17	35
17	93
17	119
17	152
17	167
17	315
17	395
17	410
17	414
17	574
17	578
17	584
17	642
17	702
17	711
17	758
17	916
17	964
18	58
18	67
18	74
18	75
18	77
18	91
18	93
18	127
18	165
18	188
18	216
18	314
18	335
18	336
18	384
18	477
18	505
18	606
18	608
18	792
18	804
18	811
18	921
18	977
19	33
19	61
19	89
19	120
19	153
19	166
19	254
19	374
19	422
19	444
19	490
19	545
19	613
19	652
19	684
19	823
19	829
19	862
19	870
19	922
20	34
20	38
20	66
20	67
20	145
20	200
20	270
20	394
20	445
20	550
20	653
20	654
20	670
20	754
20	795
20	896
20	922
20	951
21	37
21	46
21	52
21	66
21	67
21	70
21	87
21	88
21	149
21	254
21	352
21	373
21	412
21	445
21	448
21	574
21	734
21	805
21	876
21	912
21	971
21	975
22	52
22	59
22	81
22	99
22	132
22	267
22	325
22	338
22	396
22	440
22	518
22	612
22	773
22	774
22	883
22	889
23	38
23	47
23	56
23	71
23	76
23	79
23	84
23	85
23	86
23	99
23	133
23	141
23	282
23	288
23	296
23	358
23	447
23	449
23	505
23	620
23	728
23	814
24	152
24	177
24	237
24	340
24	440
24	443
24	462
24	467
24	480
24	622
24	783
24	824
24	863
24	872
24	874
24	880
24	889
25	51
25	61
25	66
25	81
25	91
25	154
25	256
25	593
25	596
25	609
25	668
25	721
25	807
25	922
26	58
26	69
26	86
26	99
26	107
26	151
26	185
26	220
26	276
26	361
26	376
26	593
26	849
26	945
26	952
26	972
27	35
27	44
27	52
27	56
27	63
27	74
27	89
27	96
27	154
27	169
27	206
27	319
27	380
27	604
27	637
27	657
27	718
27	799
27	811
27	814
27	877
27	902
28	35
28	41
28	47
28	51
28	72
28	86
28	97
28	122
28	167
28	171
28	185
28	428
28	512
28	547
28	593
28	608
28	697
28	727
28	759
28	856
28	892
28	920
28	973
28	991
29	48
29	76
29	87
29	99
29	111
29	138
29	194
29	289
29	353
29	404
29	450
29	523
29	561
29	582
29	594
29	788
29	844
30	35
30	71
30	73
30	81
30	91
30	95
30	174
30	219
30	255
30	338
30	409
30	458
30	696
30	717
30	737
30	757
30	837
30	858
30	900
30	918
30	936
30	985
30	986
31	95
31	114
31	122
31	211
31	226
31	403
31	528
31	639
31	680
31	840
31	916
31	968
32	40
32	47
32	107
32	151
32	168
32	184
32	190
32	211
32	217
32	288
32	326
32	414
32	416
32	453
32	505
32	535
32	616
32	799
32	876
33	40
33	43
33	45
33	74
33	104
33	140
33	163
33	171
33	194
33	229
33	283
33	327
33	377
33	384
33	593
33	636
33	672
33	754
33	761
33	822
33	845
33	920
33	982
34	44
34	56
34	72
34	94
34	215
34	234
34	299
34	303
34	406
34	519
34	576
34	587
34	611
34	814
34	820
34	891
35	45
35	58
35	83
35	213
35	368
35	490
35	556
35	562
35	594
35	945
36	50
36	75
36	96
36	101
36	142
36	306
36	323
36	332
36	364
36	490
36	526
36	652
36	655
36	657
36	694
36	762
36	785
36	928
36	960
37	39
37	42
37	51
37	57
37	69
37	175
37	399
37	415
37	419
37	449
37	586
37	588
37	619
37	657
37	669
37	685
37	736
37	740
37	761
37	790
37	850
37	861
37	889
37	924
38	43
38	54
38	84
38	99
38	124
38	129
38	233
38	300
38	303
38	322
38	429
38	537
38	550
38	705
38	844
38	853
39	54
39	91
39	99
39	135
39	225
39	379
39	493
39	509
39	519
39	566
39	570
39	577
39	581
39	697
39	806
39	927
39	941
40	117
40	136
40	191
40	292
40	368
40	396
40	409
40	439
40	457
40	492
40	522
40	655
40	756
40	837
40	917
40	977
40	996
41	78
41	316
41	414
41	526
41	553
41	610
41	617
41	676
41	773
41	874
41	897
41	925
41	971
42	63
42	82
42	84
42	88
42	93
42	191
42	202
42	238
42	269
42	342
42	356
42	383
42	554
42	582
42	584
42	658
42	670
42	722
42	767
42	858
42	886
43	55
43	75
43	86
43	95
43	96
43	124
43	137
43	228
43	252
43	268
43	282
43	327
43	396
43	515
43	571
43	588
43	603
43	639
43	674
43	683
43	685
43	867
43	871
43	885
43	934
43	975
44	76
44	90
44	98
44	185
44	206
44	239
44	272
44	370
44	551
44	564
44	621
44	694
44	818
44	853
44	906
45	96
45	112
45	132
45	141
45	372
45	415
45	589
45	627
45	659
45	669
45	705
45	723
45	801
45	914
46	83
46	92
46	121
46	126
46	155
46	219
46	263
46	276
46	291
46	297
46	318
46	422
46	454
46	542
46	559
46	673
46	798
46	846
46	848
46	959
46	973
46	977
47	86
47	139
47	351
47	364
47	394
47	404
47	498
47	593
47	594
47	634
47	683
47	695
47	696
47	740
47	753
47	755
47	782
47	879
47	930
48	64
48	75
48	293
48	295
48	347
48	371
48	521
48	525
48	586
48	622
48	653
48	666
48	675
48	828
49	63
49	93
49	165
49	544
49	591
49	726
49	862
49	991
50	58
50	66
50	67
50	73
50	139
50	172
50	190
50	213
50	261
50	279
50	280
50	285
50	296
50	460
50	467
50	486
50	499
50	534
50	638
50	658
50	737
50	941
51	60
51	65
51	71
51	74
51	124
51	303
51	312
51	468
51	510
51	534
51	553
51	571
51	754
51	771
51	899
51	992
52	55
52	57
52	71
52	88
52	146
52	162
52	231
52	446
52	584
52	679
52	687
52	718
52	812
52	826
52	841
52	863
52	874
52	885
53	75
53	76
53	78
53	164
53	268
53	288
53	307
53	318
53	382
53	397
53	450
53	515
53	524
53	536
53	574
53	597
53	616
53	897
53	942
54	64
54	74
54	84
54	91
54	225
54	243
54	392
54	463
54	598
54	624
54	627
54	678
54	716
54	799
54	917
54	960
54	970
55	64
55	75
55	119
55	147
55	177
55	206
55	226
55	299
55	437
55	497
55	671
55	782
55	829
55	874
55	886
56	93
56	126
56	165
56	186
56	287
56	439
56	493
56	508
56	528
56	565
56	587
56	707
56	758
56	783
56	830
56	843
56	868
56	905
57	69
57	74
57	85
57	87
57	90
57	112
57	141
57	175
57	217
57	226
57	404
57	480
57	514
57	517
57	543
57	582
57	597
57	653
57	660
57	661
57	701
57	780
57	856
57	907
57	970
58	71
58	86
58	89
58	274
58	290
58	299
58	442
58	456
58	500
58	513
58	545
58	713
58	736
58	755
58	758
58	785
58	873
58	913
58	950
59	65
59	77
59	90
59	105
59	133
59	145
59	146
59	161
59	223
59	259
59	350
59	382
59	404
59	415
59	464
59	476
59	547
59	613
59	615
59	628
59	746
59	772
59	794
59	809
59	818
59	837
59	887
59	939
59	978
60	95
60	407
60	451
60	471
60	686
60	690
60	715
60	734
60	922
61	69
61	72
61	192
61	212
61	221
61	251
61	359
61	549
61	552
61	821
61	833
61	843
61	855
61	900
61	972
61	977
62	73
62	89
62	93
62	147
62	295
62	363
62	470
62	647
62	657
62	797
62	815
62	916
62	934
63	80
63	88
63	95
63	270
63	285
63	398
63	414
63	440
63	479
63	533
63	569
63	588
63	729
64	73
64	74
64	88
64	94
64	185
64	189
64	399
64	480
64	490
64	509
64	548
64	610
64	747
64	768
64	772
64	807
64	829
65	82
65	130
65	159
65	269
65	314
65	332
65	357
65	373
65	384
65	559
65	575
65	683
65	759
65	919
65	949
65	989
66	123
66	250
66	342
66	384
66	436
66	447
66	515
66	599
66	671
66	689
66	690
66	765
66	809
66	915
66	925
67	76
67	87
67	118
67	277
67	338
67	507
67	616
67	751
67	860
67	865
67	879
67	905
67	925
67	967
67	973
67	975
68	91
68	92
68	140
68	190
68	472
68	570
68	599
68	600
68	618
68	655
68	694
68	758
69	188
69	273
69	352
69	373
69	392
69	453
69	678
69	701
69	715
69	734
69	799
69	806
69	853
69	963
70	151
70	244
70	364
70	560
70	633
70	651
70	710
70	747
70	849
71	101
71	204
71	219
71	240
71	350
71	379
71	389
71	446
71	462
71	491
71	493
71	553
71	570
71	869
71	889
72	79
72	90
72	94
72	231
72	240
72	327
72	367
72	405
72	678
72	917
73	93
73	99
73	133
73	226
73	286
73	289
73	359
73	446
73	466
73	723
73	821
73	848
73	868
73	908
73	940
73	997
74	79
74	88
74	95
74	99
74	109
74	159
74	182
74	196
74	203
74	213
74	251
74	303
74	318
74	324
74	608
74	699
74	784
74	827
74	830
74	885
74	914
74	987
75	79
75	84
75	96
75	98
75	122
75	141
75	237
75	376
75	400
75	408
75	564
75	569
75	576
75	578
75	824
75	898
75	924
76	88
76	257
76	292
76	295
76	389
76	514
76	515
76	545
76	616
76	657
76	687
76	750
76	856
76	878
76	998
77	116
77	250
77	262
77	282
77	291
77	315
77	378
77	524
77	544
77	585
77	640
77	685
77	767
77	778
77	868
77	997
78	106
78	213
78	263
78	521
78	524
78	638
78	680
78	783
79	94
79	212
79	218
79	254
79	363
79	367
79	384
79	432
79	433
79	501
79	533
79	649
79	658
79	699
79	726
79	860
79	925
79	937
79	967
80	94
80	128
80	183
80	212
80	270
80	348
80	389
80	476
80	509
80	539
80	582
80	665
80	670
80	738
80	827
80	850
80	865
80	872
80	974
81	151
81	226
81	432
81	463
81	528
81	539
81	750
81	830
81	873
81	904
81	949
82	88
82	126
82	134
82	165
82	233
82	312
82	357
82	410
82	444
82	497
82	516
82	700
82	711
82	719
82	776
82	828
82	908
83	104
83	133
83	158
83	203
83	251
83	347
83	358
83	473
83	488
83	529
83	550
83	565
83	607
83	621
83	751
83	835
83	857
83	924
83	959
83	978
83	983
84	304
84	330
84	335
84	405
84	481
84	501
84	504
84	555
84	594
84	628
84	635
84	706
84	795
84	823
84	865
85	89
85	144
85	193
85	215
85	253
85	270
85	273
85	295
85	424
85	453
85	536
85	546
85	605
85	889
85	944
86	93
86	117
86	303
86	333
86	481
86	526
86	531
86	554
86	614
86	633
86	666
86	716
86	790
86	823
86	868
87	100
87	204
87	211
87	320
87	368
87	424
87	555
87	578
87	649
87	664
87	691
87	972
87	998
88	109
88	128
88	233
88	257
88	310
88	399
88	537
88	566
88	696
88	788
88	927
89	218
89	235
89	267
89	293
89	330
89	454
89	514
89	551
89	555
89	713
89	807
89	828
89	840
89	940
89	987
90	108
90	121
90	203
90	906
90	922
90	923
91	92
91	103
91	110
91	111
91	208
91	210
91	376
91	451
91	500
91	539
91	554
91	588
91	603
91	676
91	773
91	906
91	951
92	112
92	118
92	234
92	265
92	338
92	340
92	353
92	414
92	419
92	499
92	523
92	677
92	757
92	761
92	857
92	931
92	945
92	952
92	955
93	116
93	157
93	207
93	232
93	290
93	346
93	398
93	412
93	463
93	507
93	512
93	518
93	529
93	546
93	614
93	615
93	665
93	824
93	887
93	995
94	143
94	313
94	419
94	455
94	475
94	494
94	528
94	533
94	608
94	609
94	642
94	682
94	790
95	201
95	296
95	369
95	411
95	426
95	513
95	570
95	573
95	654
95	691
96	233
96	307
96	308
96	312
96	326
96	453
96	463
96	516
96	587
96	632
96	650
96	695
96	703
96	747
96	829
97	97
97	153
97	329
97	334
97	399
97	462
97	516
97	532
97	624
97	777
97	816
97	830
97	861
97	949
98	161
98	177
98	458
98	588
98	640
98	782
98	831
98	855
98	875
98	957
98	961
98	985
99	106
99	149
99	225
99	250
99	291
99	351
99	389
99	486
99	501
99	537
99	583
99	625
99	752
99	777
99	911
99	973
99	974
99	983
100	140
100	204
100	255
100	297
100	367
100	422
100	428
100	529
100	539
100	568
100	624
100	649
100	738
100	861
100	874
100	951
100	981
101	140
101	169
101	192
101	198
101	204
101	215
101	385
101	390
101	450
101	579
101	652
101	687
101	689
101	700
101	927
102	125
102	127
102	161
102	164
102	167
102	170
102	178
102	222
102	230
102	322
102	368
102	403
102	450
102	563
102	565
102	596
102	637
102	694
102	741
102	849
102	865
102	873
102	878
102	885
102	915
102	921
102	922
102	999
103	112
103	117
103	128
103	153
103	339
103	496
103	522
103	601
103	687
103	762
103	763
103	844
103	902
103	927
103	964
103	986
104	122
104	139
104	170
104	188
104	192
104	275
104	322
104	352
104	366
104	367
104	449
104	487
104	595
104	700
104	808
104	938
104	976
104	995
105	142
105	151
105	152
105	155
105	177
105	192
105	382
105	428
105	501
105	554
105	608
105	746
105	938
105	967
105	991
106	114
106	134
106	135
106	164
106	178
106	205
106	380
106	412
106	437
106	454
106	509
106	515
106	593
106	645
106	703
106	704
106	748
106	811
106	850
106	936
106	966
107	127
107	163
107	180
107	193
107	334
107	352
107	366
107	477
107	607
107	668
107	703
107	714
107	715
107	716
107	720
107	745
107	826
107	843
107	963
108	122
108	140
108	151
108	167
108	227
108	347
108	373
108	498
108	588
108	603
108	676
108	719
108	823
108	829
108	852
108	884
108	926
108	936
108	988
109	136
109	169
109	171
109	268
109	285
109	303
109	662
109	818
109	857
110	115
110	129
110	133
110	197
110	202
110	325
110	346
110	626
110	672
110	750
110	793
110	801
110	850
110	860
110	986
111	113
111	133
111	135
111	143
111	171
111	184
111	192
111	350
111	498
111	573
111	615
111	779
111	810
112	127
112	135
112	141
112	144
112	151
112	157
112	159
112	167
112	183
112	184
112	195
112	320
112	343
112	344
112	390
112	392
112	409
112	443
112	478
112	517
112	545
112	564
112	665
112	692
112	769
112	851
112	891
112	906
112	922
112	951
113	133
113	152
113	156
113	174
113	196
113	239
113	257
113	287
113	307
113	329
113	426
113	494
113	757
113	899
113	965
113	979
114	124
114	140
114	156
114	309
114	331
114	398
114	420
114	421
114	436
114	478
114	484
114	556
114	693
114	890
114	913
114	934
114	950
114	986
114	989
115	120
115	155
115	161
115	171
115	182
115	184
115	185
115	191
115	353
115	418
115	458
115	462
115	525
115	606
115	702
115	708
115	808
115	910
115	935
115	981
116	127
116	147
116	174
116	177
116	179
116	192
116	200
116	224
116	225
116	518
116	700
116	766
116	794
116	823
116	961
116	965
117	127
117	150
117	155
117	179
117	186
117	194
117	198
117	296
117	379
117	404
117	415
117	448
117	545
117	588
117	841
117	879
117	911
117	912
117	970
118	155
118	157
118	307
118	310
118	354
118	397
118	402
118	438
118	462
118	527
118	566
118	613
118	833
118	860
118	891
118	928
118	987
119	140
119	145
119	189
119	287
119	326
119	365
119	480
119	550
119	644
119	709
119	734
119	932
119	945
119	973
120	129
120	147
120	179
120	180
120	201
120	219
120	297
120	347
120	401
120	455
120	509
120	515
120	541
120	542
120	690
120	704
120	792
120	925
120	960
120	977
121	128
121	136
121	138
121	160
121	332
121	451
121	553
121	603
121	641
121	653
121	667
121	671
121	680
121	689
121	774
121	819
121	892
122	141
122	161
122	179
122	191
122	199
122	328
122	343
122	349
122	389
122	398
122	432
122	455
122	484
122	648
122	709
122	762
122	789
122	863
122	906
122	909
122	922
122	999
123	140
123	170
123	185
123	324
123	411
123	466
123	490
123	512
123	539
123	546
123	575
123	580
123	636
123	680
123	683
123	739
123	773
123	795
123	857
123	892
123	923
124	144
124	150
124	173
124	540
124	551
124	570
124	676
124	681
124	737
124	799
124	867
124	883
124	983
125	129
125	130
125	138
125	168
125	173
125	194
125	279
125	346
125	399
125	492
125	498
125	612
125	680
125	681
125	697
125	789
125	818
125	867
125	905
125	932
126	132
126	150
126	151
126	152
126	158
126	197
126	257
126	269
126	332
126	389
126	449
126	458
126	522
126	590
126	595
126	613
126	663
126	767
126	789
126	841
126	903
126	935
126	977
126	999
127	128
127	145
127	147
127	148
127	149
127	154
127	169
127	177
127	186
127	195
127	234
127	238
127	576
127	741
127	857
127	862
127	864
127	939
128	143
128	148
128	161
128	164
128	182
128	199
128	242
128	259
128	279
128	451
128	468
128	490
128	541
128	807
128	842
128	924
128	951
129	138
129	140
129	141
129	146
129	149
129	157
129	163
129	170
129	187
129	189
129	284
129	294
129	332
129	335
129	346
129	361
129	373
129	384
129	423
129	495
129	568
129	589
129	734
129	846
129	910
129	913
129	983
130	150
130	151
130	274
130	283
130	294
130	342
130	348
130	387
130	483
130	495
130	497
130	505
130	544
130	584
130	680
130	700
130	776
130	828
130	842
130	848
130	927
131	143
131	175
131	185
131	204
131	309
131	475
131	566
131	616
131	669
131	744
131	750
131	755
131	870
131	887
132	137
132	182
132	187
132	217
132	357
132	461
132	630
132	640
132	660
132	687
132	755
132	852
132	902
133	288
133	324
133	477
133	591
133	619
133	721
133	743
133	763
133	789
133	816
133	855
133	872
133	943
134	146
134	151
134	157
134	165
134	180
134	185
134	186
134	250
134	327
134	486
134	517
134	649
134	664
134	695
134	740
134	811
134	835
134	861
134	862
134	867
135	164
135	165
135	193
135	301
135	335
135	417
135	522
135	528
135	694
135	880
136	177
136	247
136	371
136	379
136	389
136	464
136	495
136	511
136	534
136	669
136	748
136	884
136	928
136	937
136	993
137	138
137	171
137	214
137	217
137	234
137	289
137	446
137	448
137	535
137	664
137	685
137	754
137	874
138	151
138	185
138	196
138	217
138	231
138	255
138	313
138	316
138	323
138	384
138	521
138	561
138	707
138	754
138	779
138	829
138	852
138	920
138	969
139	140
139	159
139	181
139	189
139	221
139	224
139	390
139	459
139	477
139	496
139	676
139	945
139	973
139	992
140	158
140	382
140	440
140	474
140	526
140	596
140	759
140	960
141	163
141	175
141	201
141	402
141	514
141	534
141	591
141	604
141	626
141	645
141	681
141	754
141	831
141	879
141	919
141	931
141	936
141	974
142	142
142	187
142	190
142	262
142	336
142	416
142	550
142	583
142	621
142	654
142	659
142	740
142	811
142	829
142	860
142	908
142	960
143	149
143	162
143	208
143	500
143	521
143	570
143	673
143	935
143	940
144	158
144	164
144	166
144	175
144	227
144	407
144	411
144	485
144	510
144	516
144	542
144	550
144	584
144	596
144	603
144	630
144	640
144	803
144	954
145	180
145	187
145	190
145	192
145	430
145	598
145	669
145	742
145	779
145	782
145	805
145	864
145	877
145	900
145	934
145	978
146	174
146	181
146	193
146	221
146	243
146	350
146	544
146	716
146	750
146	756
147	192
147	231
147	299
147	514
147	574
147	582
147	645
147	744
147	779
147	802
147	805
147	859
147	861
148	166
148	198
148	408
148	444
148	452
148	467
148	474
148	607
148	660
148	664
148	686
148	747
148	772
148	821
148	871
149	151
149	175
149	225
149	244
149	252
149	264
149	285
149	318
149	333
149	337
149	386
149	432
149	456
149	499
149	544
149	604
149	713
149	790
149	821
149	963
150	152
150	159
150	171
150	263
150	288
150	387
150	409
150	430
150	437
150	513
150	549
150	628
150	684
150	689
150	706
150	758
150	906
150	948
151	174
151	199
151	316
151	415
151	419
151	473
151	619
151	666
151	824
151	912
152	178
152	188
152	248
152	252
152	324
152	357
152	413
152	528
152	651
152	676
152	743
152	756
152	808
152	950
153	155
153	186
153	225
153	608
153	669
153	730
153	772
153	817
153	843
153	875
153	887
153	935
153	944
153	970
154	177
154	304
154	356
154	380
154	392
154	405
154	415
154	568
154	628
154	671
154	681
154	691
154	758
154	801
154	885
154	920
155	156
155	166
155	184
155	199
155	230
155	410
155	425
155	467
155	499
155	629
155	649
155	684
155	694
155	703
155	760
155	820
155	852
155	883
156	173
156	184
156	198
156	309
156	404
156	628
156	640
156	791
156	792
156	817
156	907
157	193
157	218
157	260
157	282
157	401
157	435
157	445
157	549
157	720
157	723
157	785
157	799
157	805
157	847
157	870
157	915
157	921
157	927
157	957
158	165
158	251
158	288
158	300
158	329
158	449
158	456
158	485
158	546
158	672
158	694
158	728
158	802
158	832
158	867
159	184
159	197
159	220
159	239
159	282
159	308
159	341
159	377
159	414
159	488
159	523
159	534
159	595
159	596
159	655
159	800
159	822
159	834
159	861
159	907
159	937
160	167
160	172
160	192
160	386
160	411
160	436
160	495
160	536
160	566
160	637
160	753
160	958
160	966
161	199
161	215
161	229
161	256
161	337
161	368
161	451
161	473
161	629
161	691
161	695
161	756
161	848
162	178
162	274
162	346
162	368
162	444
162	471
162	497
162	517
162	526
162	649
162	664
162	909
162	952
162	972
163	199
163	215
163	286
163	342
163	425
163	499
163	577
163	632
163	705
163	721
163	756
163	783
163	807
163	841
163	891
163	991
163	994
164	164
164	182
164	195
164	217
164	230
164	279
164	362
164	481
164	522
164	524
164	570
164	628
164	762
164	852
164	930
164	940
164	997
165	177
165	211
165	218
165	292
165	347
165	490
165	538
165	629
165	696
165	740
165	811
165	890
166	168
166	171
166	230
166	268
166	293
166	362
166	458
166	533
166	571
166	647
166	828
166	836
166	846
166	955
166	964
167	232
167	239
167	360
167	385
167	406
167	480
167	518
167	693
167	740
167	915
167	965
167	978
168	170
168	175
168	176
168	178
168	186
168	226
168	306
168	326
168	481
168	498
168	564
168	587
168	623
168	681
168	738
168	784
168	965
168	979
169	179
169	180
169	197
169	206
169	241
169	246
169	401
169	457
169	641
169	693
169	753
169	800
169	812
169	900
169	928
169	968
169	989
170	184
170	194
170	210
170	221
170	260
170	288
170	464
170	647
170	731
170	752
170	827
170	852
170	858
170	896
170	937
170	940
171	219
171	425
171	562
171	597
171	621
171	664
171	833
171	932
171	941
171	942
172	175
172	537
172	584
172	606
172	687
172	891
172	903
172	915
172	947
172	974
173	326
173	328
173	347
173	581
173	697
173	725
173	760
173	860
173	917
174	194
174	319
174	326
174	335
174	353
174	424
174	482
174	547
174	769
174	811
174	842
174	854
174	948
175	178
175	189
175	193
175	402
175	419
175	429
175	434
175	522
175	608
175	667
175	716
175	717
175	733
175	770
175	773
175	841
175	883
175	952
176	180
176	198
176	277
176	320
176	338
176	360
176	372
176	376
176	616
176	642
176	857
176	895
176	964
177	213
177	276
177	303
177	387
177	438
177	642
177	704
177	732
177	747
177	853
177	909
177	975
177	998
178	284
178	296
178	364
178	525
178	611
178	617
178	734
178	780
178	788
178	893
178	907
178	936
178	976
178	982
179	204
179	223
179	340
179	411
179	442
179	707
179	771
179	977
180	191
180	341
180	423
180	560
180	576
180	618
180	768
180	843
180	907
180	944
180	970
181	289
181	296
181	309
181	345
181	365
181	387
181	405
181	484
181	495
181	497
181	594
181	642
181	671
181	712
181	737
181	748
181	937
181	945
182	182
182	184
182	190
182	197
182	256
182	307
182	334
182	441
182	461
182	541
182	553
182	588
182	598
182	687
182	729
182	875
182	912
182	917
182	948
183	202
183	216
183	274
183	315
183	440
183	456
183	690
183	807
183	821
183	846
183	867
183	872
183	963
183	981
184	205
184	499
184	513
184	537
184	645
184	709
184	867
184	876
184	878
184	880
185	199
185	360
185	381
185	431
185	491
185	523
185	529
185	541
185	685
185	881
185	921
185	964
185	979
185	995
185	999
186	188
186	291
186	300
186	439
186	534
186	757
186	879
186	880
186	884
187	198
187	226
187	331
187	378
187	514
187	542
187	648
187	798
187	844
187	863
187	888
187	927
187	976
187	979
188	198
188	334
188	340
188	383
188	464
188	515
188	516
188	564
188	590
188	633
188	642
188	769
188	788
188	791
188	828
188	996
189	199
189	239
189	332
189	363
189	427
189	498
189	561
189	614
189	639
189	680
189	807
189	832
189	911
189	928
189	955
190	195
190	241
190	478
190	617
190	621
190	663
190	690
190	847
190	889
190	900
190	954
191	313
191	321
191	329
191	363
191	366
191	567
191	656
191	720
191	802
191	841
191	876
191	900
191	980
192	270
192	448
192	451
192	515
192	608
192	790
192	873
192	908
192	938
192	959
193	196
193	211
193	225
193	233
193	303
193	304
193	369
193	449
193	475
193	486
193	614
193	624
193	672
193	674
193	757
193	758
193	770
193	788
193	797
193	931
193	938
194	280
194	312
194	361
194	509
194	547
194	563
194	576
194	714
194	739
194	747
194	750
194	772
194	843
194	875
194	950
195	199
195	296
195	335
195	385
195	394
195	471
195	534
195	561
195	584
195	641
195	737
195	746
195	750
195	897
195	965
195	993
196	227
196	246
196	678
196	714
196	811
196	848
196	971
197	222
197	387
197	432
197	438
197	602
197	650
197	661
197	850
198	221
198	291
198	336
198	395
198	458
198	471
198	482
198	513
198	589
198	605
198	612
198	736
198	892
198	910
198	947
198	978
198	987
199	217
199	351
199	382
199	478
199	549
199	631
199	649
199	671
199	721
199	722
199	727
199	783
199	849
200	203
200	214
200	224
200	253
200	342
200	353
200	454
200	597
200	609
200	690
200	712
200	810
200	831
200	844
201	234
201	245
201	250
201	271
201	290
201	313
201	378
201	432
201	544
201	587
201	611
201	705
201	754
201	764
201	822
201	873
202	204
202	223
202	245
202	247
202	273
202	363
202	370
202	471
202	511
202	555
202	693
202	753
202	774
202	994
203	204
203	264
203	289
203	331
203	352
203	403
203	427
203	505
203	573
203	632
203	705
203	725
203	770
203	801
203	802
204	206
204	217
204	224
204	235
204	239
204	249
204	252
204	256
204	261
204	297
204	377
204	519
204	541
204	580
204	643
204	655
204	662
204	729
204	756
204	771
204	784
204	938
204	950
205	217
205	234
205	235
205	281
205	286
205	288
205	307
205	335
205	431
205	614
205	622
205	735
205	736
205	757
205	824
205	888
205	976
206	220
206	226
206	230
206	233
206	242
206	288
206	295
206	424
206	505
206	612
206	671
206	684
206	705
206	760
206	785
206	971
207	259
207	299
207	349
207	390
207	631
207	681
207	684
207	698
207	707
207	720
207	745
207	803
207	812
207	896
207	938
207	950
207	962
208	218
208	222
208	227
208	246
208	249
208	268
208	288
208	297
208	445
208	512
208	539
208	542
208	560
208	665
208	677
208	700
208	769
208	787
208	849
208	998
209	230
209	259
209	279
209	284
209	296
209	423
209	537
209	543
209	554
209	647
209	840
210	243
210	251
210	276
210	291
210	490
210	584
210	649
210	669
210	674
210	709
210	729
210	780
211	229
211	259
211	273
211	279
211	284
211	292
211	298
211	323
211	389
211	400
211	413
211	418
211	487
211	488
211	926
211	943
211	948
212	215
212	227
212	238
212	249
212	272
212	279
212	286
212	307
212	316
212	369
212	385
212	399
212	525
212	646
212	647
212	679
212	699
212	725
212	757
212	785
212	827
212	835
212	871
212	877
212	890
212	906
212	957
212	966
212	967
212	991
212	995
213	217
213	260
213	295
213	297
213	312
213	339
213	392
213	404
213	424
213	427
213	499
213	534
213	559
213	625
213	669
213	780
213	838
213	871
213	883
214	237
214	241
214	249
214	268
214	269
214	270
214	280
214	283
214	297
214	324
214	394
214	400
214	480
214	545
214	562
214	644
214	649
214	885
215	230
215	242
215	249
215	256
215	260
215	271
215	283
215	308
215	309
215	364
215	633
215	671
215	688
215	748
215	835
215	858
215	925
216	272
216	298
216	323
216	419
216	475
216	549
216	613
216	618
216	725
216	799
216	900
217	227
217	283
217	325
217	356
217	376
217	388
217	419
217	530
217	567
217	633
217	722
217	752
217	875
217	934
217	941
217	972
218	239
218	240
218	247
218	253
218	532
218	594
218	632
218	770
218	823
219	237
219	243
219	246
219	273
219	306
219	328
219	467
219	553
219	578
219	617
219	683
219	689
219	855
219	925
219	996
220	234
220	246
220	250
220	263
220	266
220	284
220	516
220	520
220	530
220	566
220	668
220	691
220	885
221	230
221	265
221	283
221	536
221	641
221	647
221	860
221	902
221	909
221	972
222	223
222	234
222	273
222	276
222	286
222	289
222	436
222	484
222	536
222	564
222	682
222	684
222	762
222	963
223	244
223	267
223	269
223	272
223	288
223	293
223	297
223	330
223	536
223	634
223	690
223	692
223	709
223	725
223	812
223	817
223	833
223	863
223	992
224	265
224	269
224	282
224	296
224	322
224	357
224	407
224	453
224	615
224	687
224	698
224	728
224	865
225	235
225	237
225	271
225	286
225	289
225	291
225	324
225	354
225	372
225	494
225	510
225	512
225	679
225	757
225	791
225	825
225	846
225	855
225	910
226	245
226	272
226	357
226	375
226	383
226	461
226	689
226	866
226	912
226	980
227	267
227	279
227	281
227	437
227	457
227	486
227	502
227	590
227	656
227	745
227	890
227	987
228	232
228	244
228	247
228	288
228	292
228	294
228	322
228	358
228	456
228	474
228	490
228	549
228	747
228	759
228	767
228	812
228	843
228	844
228	891
228	942
229	236
229	248
229	250
229	256
229	260
229	268
229	281
229	336
229	409
229	527
229	715
229	787
229	853
229	869
229	931
229	949
230	230
230	236
230	300
230	409
230	446
230	452
230	498
230	504
230	577
230	672
230	786
230	897
230	994
231	232
231	234
231	275
231	302
231	342
231	381
231	544
231	587
231	602
231	691
231	805
231	876
232	268
232	279
232	350
232	424
232	477
232	489
232	516
232	590
232	593
232	609
232	703
232	746
232	791
232	825
232	896
232	944
232	952
233	277
233	280
233	316
233	376
233	543
233	721
233	787
233	798
233	890
233	914
234	299
234	323
234	407
234	415
234	513
234	644
234	682
234	862
234	929
234	938
235	261
235	304
235	320
235	323
235	339
235	363
235	387
235	421
235	446
235	505
235	603
235	732
235	811
235	877
235	919
235	981
236	251
236	256
236	278
236	357
236	386
236	519
236	634
236	663
236	695
236	799
236	800
236	803
236	822
236	855
236	872
236	876
236	902
236	917
236	954
237	248
237	286
237	359
237	420
237	424
237	468
237	696
237	793
237	848
237	864
237	910
238	266
238	472
238	495
238	538
238	564
238	664
238	701
238	844
238	851
238	967
238	969
238	993
239	248
239	254
239	281
239	350
239	425
239	501
239	517
239	700
239	720
239	871
239	877
239	900
240	261
240	262
240	293
240	444
240	469
240	592
240	610
240	756
240	903
240	938
241	250
241	275
241	285
241	363
241	378
241	439
241	504
241	573
241	619
241	653
241	933
241	941
241	948
242	245
242	247
242	252
242	255
242	263
242	349
242	460
242	572
242	692
242	745
242	770
242	971
243	246
243	263
243	274
243	278
243	292
243	432
243	508
243	676
243	710
243	769
243	780
243	893
243	973
244	471
244	670
244	671
244	675
244	720
244	732
244	782
244	850
244	890
244	983
245	261
245	307
245	327
245	444
245	461
245	511
245	527
245	573
245	588
245	663
245	697
245	698
245	794
245	800
245	864
245	949
245	967
246	271
246	292
246	317
246	573
246	574
246	606
246	659
246	798
247	253
247	360
247	380
247	502
247	587
247	641
247	729
247	917
247	954
247	968
247	970
247	978
248	278
248	281
248	309
248	338
248	705
248	865
248	939
248	969
249	260
249	263
249	289
249	309
249	437
249	637
249	741
249	749
249	776
249	833
249	840
249	850
249	873
249	929
249	939
249	997
250	280
250	291
250	431
250	502
250	506
250	632
250	730
250	773
250	857
250	860
250	944
251	297
251	346
251	380
251	420
251	439
251	463
251	501
251	710
251	882
251	896
251	901
251	963
252	270
252	283
252	288
252	386
252	457
252	482
252	493
252	499
252	554
252	580
252	590
252	689
252	753
252	821
252	874
252	880
253	260
253	268
253	299
253	411
253	544
253	545
253	554
253	556
253	642
253	740
253	778
253	834
253	890
253	900
253	951
253	988
254	262
254	294
254	553
254	562
254	625
254	718
254	801
254	840
254	841
254	898
254	952
255	298
255	359
255	386
255	441
255	447
255	504
255	524
255	577
255	584
255	684
255	685
255	708
255	836
255	932
255	940
256	258
256	302
256	436
256	447
256	734
256	798
256	839
256	847
256	897
256	936
257	302
257	478
257	491
257	605
257	609
257	619
257	643
257	663
257	814
257	868
257	909
257	971
258	278
258	346
258	677
258	762
258	836
258	951
258	958
259	263
259	282
259	313
259	320
259	346
259	461
259	501
259	537
259	567
259	738
259	811
259	941
259	990
260	271
260	316
260	334
260	374
260	386
260	433
260	604
260	614
260	619
260	781
260	865
260	892
261	268
261	315
261	323
261	387
261	391
261	475
261	494
261	522
261	543
261	555
261	643
261	678
261	837
261	940
261	982
262	284
262	287
262	290
262	295
262	386
262	605
262	620
262	638
262	891
262	920
263	265
263	387
263	455
263	563
263	585
263	661
263	819
263	844
263	961
264	270
264	332
264	427
264	568
264	574
264	799
264	937
265	296
265	485
265	505
265	627
265	731
265	759
265	861
265	906
265	911
265	930
266	298
266	304
266	393
266	445
266	490
266	491
266	497
266	571
266	586
266	587
266	706
266	725
266	738
266	829
266	851
267	278
267	282
267	305
267	380
267	482
267	534
267	577
267	584
267	603
267	626
267	682
267	762
267	766
267	812
267	889
267	918
268	268
268	358
268	449
268	672
268	688
268	704
268	788
268	858
268	983
269	370
269	394
269	425
269	436
269	531
269	559
269	681
269	735
269	747
269	752
269	844
269	920
269	956
269	993
270	370
270	383
270	464
270	477
270	630
270	650
270	658
270	672
270	709
270	725
270	842
270	846
270	966
271	282
271	287
271	300
271	307
271	455
271	496
271	507
271	557
271	638
271	817
271	908
271	935
271	938
272	281
272	292
272	359
272	448
272	467
272	513
272	548
272	691
272	879
273	296
273	297
273	416
273	491
273	654
273	660
273	679
273	758
273	809
273	863
273	879
273	889
273	943
273	999
274	292
274	394
274	474
274	489
274	519
274	593
274	616
274	690
274	713
274	922
274	948
275	278
275	284
275	286
275	293
275	325
275	327
275	328
275	333
275	383
275	507
275	735
275	874
275	966
276	288
276	317
276	417
276	431
276	614
276	670
276	690
276	740
276	759
276	765
276	779
276	843
276	910
276	925
277	502
277	504
277	533
277	578
277	645
277	662
277	711
277	733
277	904
277	962
278	291
278	295
278	322
278	458
278	506
278	555
278	583
278	756
278	864
278	921
279	280
279	282
279	310
279	353
279	422
279	707
279	895
280	469
280	528
280	558
280	608
280	628
280	778
280	824
280	858
280	870
280	965
281	281
281	289
281	296
281	323
281	357
281	372
281	391
281	576
281	601
281	605
281	623
281	627
281	685
281	803
281	810
281	816
281	908
281	924
281	967
282	289
282	383
282	494
282	601
282	618
282	645
282	746
282	809
282	811
282	816
282	882
283	299
283	409
283	412
283	416
283	475
283	584
283	594
283	727
283	857
283	875
283	925
284	392
284	405
284	467
284	506
284	509
284	531
284	563
284	593
284	627
284	629
284	716
284	869
285	286
285	292
285	353
285	360
285	375
285	426
285	505
285	519
285	526
285	531
285	538
285	560
285	696
285	740
285	742
285	743
285	760
285	765
285	781
285	813
285	847
285	917
286	297
286	495
286	622
286	724
286	870
286	959
286	971
287	289
287	302
287	371
287	424
287	440
287	459
287	480
287	602
287	623
287	653
287	662
287	701
287	724
287	803
287	918
288	297
288	340
288	385
288	427
288	563
288	605
288	782
288	787
288	841
288	965
289	295
289	338
289	470
289	574
289	634
289	684
289	704
289	716
289	808
289	895
289	903
289	948
290	335
290	402
290	623
290	625
290	738
290	881
290	906
290	919
290	932
290	934
291	293
291	335
291	345
291	400
291	437
291	500
291	505
291	526
291	539
291	544
291	556
291	650
291	873
291	876
291	897
291	902
291	915
291	964
291	982
292	297
292	360
292	372
292	390
292	589
292	690
293	381
293	494
293	513
293	578
293	729
293	771
293	780
293	909
294	296
294	323
294	392
294	425
294	442
294	492
294	703
294	818
294	824
294	904
294	944
294	951
295	429
295	503
295	611
295	799
295	901
295	942
296	299
296	328
296	343
296	351
296	443
296	509
296	551
296	569
296	607
296	776
296	778
296	820
296	858
297	329
297	361
297	387
297	672
298	381
298	387
298	468
298	524
298	551
298	584
298	622
298	728
298	736
298	767
298	918
299	461
299	465
299	499
299	511
299	520
299	572
299	629
299	643
299	718
299	739
299	756
299	774
299	785
299	879
299	901
300	306
300	312
300	313
300	364
300	367
300	371
300	373
300	436
300	603
300	649
300	692
300	729
300	778
300	827
300	886
300	906
300	908
300	990
301	309
301	322
301	340
301	378
301	380
301	412
301	458
301	585
301	593
301	617
301	812
301	849
301	983
302	343
302	344
302	365
302	395
302	671
302	804
302	829
302	880
303	316
303	325
303	350
303	381
303	398
303	446
303	471
303	502
303	638
303	651
303	659
303	668
303	688
303	777
303	821
303	857
303	867
303	893
304	327
304	352
304	399
304	453
304	497
304	510
304	535
304	638
304	672
304	731
304	797
304	836
304	851
304	893
304	919
304	925
305	305
305	334
305	342
305	348
305	407
305	444
305	482
305	547
305	731
305	770
305	809
305	834
305	915
306	317
306	327
306	334
306	335
306	353
306	373
306	379
306	388
306	397
306	495
306	566
306	669
306	670
306	696
306	872
306	886
306	999
307	310
307	312
307	359
307	378
307	379
307	429
307	493
307	517
307	533
307	596
307	641
307	693
307	702
307	910
307	963
307	970
308	313
308	322
308	407
308	413
308	414
308	459
308	471
308	529
308	538
308	832
308	952
309	332
309	374
309	440
309	519
309	601
309	637
309	642
309	643
309	693
309	800
310	347
310	370
310	468
310	578
310	606
310	858
310	916
310	936
310	968
310	985
311	330
311	335
311	349
311	355
311	392
311	413
311	446
311	466
311	559
311	668
311	670
311	783
311	803
311	854
311	913
311	937
311	954
311	971
312	324
312	339
312	342
312	344
312	370
312	384
312	391
312	397
312	399
312	679
312	839
312	881
312	916
312	953
313	322
313	332
313	333
313	336
313	339
313	356
313	360
313	375
313	389
313	394
313	435
313	471
313	485
313	520
313	644
313	665
313	678
313	784
313	875
313	967
314	321
314	328
314	336
314	387
314	788
314	830
314	956
315	322
315	338
315	342
315	346
315	358
315	363
315	368
315	390
315	448
315	606
315	828
315	965
316	352
316	372
316	394
316	437
316	532
316	576
316	654
316	673
316	723
316	776
316	778
316	790
316	802
316	807
316	936
317	321
317	344
317	350
317	360
317	390
317	422
317	423
317	433
317	578
317	584
317	781
317	786
317	800
317	936
318	318
318	355
318	356
318	367
318	391
318	439
318	578
318	650
318	737
318	952
318	955
319	324
319	345
319	353
319	385
319	392
319	472
319	486
319	497
319	554
319	574
319	613
319	694
319	700
319	769
319	787
319	799
319	800
319	806
319	886
319	914
319	924
319	975
320	328
320	329
320	334
320	433
320	462
320	515
320	544
320	769
320	792
321	351
321	477
321	485
321	654
321	659
321	679
321	720
321	846
321	881
321	956
322	322
322	344
322	365
322	373
322	386
322	402
322	414
322	610
322	633
322	637
322	842
322	915
322	945
322	946
322	993
323	329
323	352
323	364
323	368
323	392
323	398
323	436
323	476
323	501
323	575
323	637
323	688
323	718
323	786
323	907
323	940
324	360
324	369
324	388
324	392
324	411
324	496
324	501
324	601
324	602
324	894
325	326
325	333
325	361
325	389
325	421
325	541
325	555
325	560
325	637
325	692
325	717
325	772
325	875
325	901
326	357
326	366
326	390
326	408
326	483
326	523
326	561
326	576
326	581
326	629
326	717
326	809
326	813
326	864
326	885
327	335
327	337
327	361
327	371
327	381
327	397
327	522
327	583
327	756
327	885
327	890
327	892
327	904
327	972
327	976
327	992
328	336
328	337
328	338
328	353
328	365
328	380
328	381
328	382
328	386
328	454
328	464
328	466
328	496
328	829
328	981
329	347
329	354
329	358
329	364
329	492
329	505
329	549
329	569
329	583
329	611
329	628
329	633
329	661
329	694
329	709
329	842
330	334
330	383
330	585
330	614
330	624
330	670
330	694
330	725
330	788
330	883
330	908
330	918
330	942
330	951
330	989
331	354
331	368
331	385
331	414
331	439
331	467
331	603
331	609
331	640
331	643
331	692
331	861
331	866
331	872
331	882
331	930
332	368
332	377
332	382
332	417
332	513
332	540
332	542
332	628
332	719
332	744
332	765
332	817
332	923
333	369
333	373
333	392
333	494
333	519
333	590
333	627
333	854
333	861
334	342
334	345
334	368
334	372
334	389
334	390
334	394
334	471
334	609
334	617
334	728
334	761
334	794
334	898
334	910
335	361
335	372
335	377
335	387
335	433
335	438
335	470
335	491
335	510
335	515
335	529
335	545
335	641
335	759
335	767
335	849
335	925
335	961
336	382
336	387
336	399
336	538
336	577
336	890
336	951
336	963
336	968
337	339
337	342
337	346
337	364
337	369
337	381
337	412
337	545
337	597
337	658
337	663
337	690
337	721
337	766
337	769
337	814
337	910
337	957
337	994
338	344
338	351
338	352
338	363
338	374
338	438
338	497
338	614
338	665
338	678
338	696
338	713
338	743
338	747
338	877
338	925
339	340
339	357
339	390
339	524
339	579
339	594
339	598
339	614
339	636
339	648
339	684
339	845
339	876
340	431
340	685
340	849
340	850
340	856
340	895
340	973
341	346
341	381
341	389
341	393
341	400
341	403
341	459
341	496
341	624
341	641
341	762
341	771
341	793
341	824
341	835
341	837
342	373
342	377
342	477
342	602
342	630
342	646
342	759
342	895
342	954
343	354
343	363
343	377
343	389
343	613
343	644
343	716
343	741
343	781
343	875
344	366
344	390
344	425
344	516
344	672
344	673
344	714
344	728
344	838
344	887
344	888
344	902
344	920
344	985
345	379
345	391
345	445
345	483
345	587
345	645
345	814
345	887
346	417
346	443
346	634
346	698
346	738
346	821
346	919
346	954
346	964
347	394
347	413
347	414
347	483
347	488
347	528
347	581
347	669
347	704
347	839
347	864
348	354
348	364
348	370
348	378
348	398
348	425
348	453
348	528
348	529
348	580
348	691
348	776
348	821
348	914
349	356
349	393
349	394
349	514
349	606
349	610
349	714
349	746
349	780
349	793
349	899
350	364
350	371
350	383
350	385
350	648
350	698
350	729
350	733
350	830
350	867
350	919
350	925
350	973
350	976
351	353
351	377
351	380
351	449
351	463
351	523
351	525
351	544
351	606
351	635
351	662
351	695
351	772
351	904
351	965
352	377
352	395
352	422
352	501
352	508
352	524
352	626
352	645
352	735
352	813
352	831
352	833
352	848
352	915
352	926
352	958
353	367
353	377
353	378
353	379
353	381
353	383
353	389
353	395
353	420
353	438
353	505
353	635
353	769
353	829
353	864
354	357
354	429
354	513
354	514
354	548
354	613
354	705
354	751
354	826
354	837
354	887
354	904
354	907
354	990
355	366
355	380
355	416
355	443
355	482
355	486
355	516
355	597
355	602
355	801
355	847
355	867
355	877
355	913
356	388
356	395
356	430
356	483
356	565
356	584
356	612
356	630
356	638
356	822
356	826
356	924
356	957
356	971
356	996
357	362
357	394
357	399
357	459
357	467
357	523
357	555
357	569
357	624
357	833
357	983
358	486
358	553
358	624
358	722
358	762
358	854
359	420
359	434
359	480
359	483
359	511
359	561
359	570
359	607
359	653
359	767
359	802
359	887
359	898
359	925
359	974
360	386
360	396
360	433
360	626
360	651
360	671
360	677
360	734
360	745
360	766
360	785
360	811
360	868
360	892
360	951
361	387
361	391
361	404
361	411
361	482
361	502
361	503
361	512
361	574
361	818
361	929
361	985
362	367
362	456
362	549
362	635
362	687
362	738
362	919
362	949
363	367
363	384
363	420
363	546
363	557
363	559
363	581
363	602
363	613
363	682
363	693
363	704
363	852
363	935
363	951
363	960
364	381
364	385
364	423
364	461
364	563
364	796
364	896
364	939
365	399
365	558
365	577
365	584
365	595
365	626
365	705
365	709
365	794
365	834
365	922
365	926
365	938
365	957
365	980
365	982
366	378
366	381
366	587
366	660
366	672
366	901
367	408
367	572
367	675
367	731
367	775
367	809
367	882
367	975
368	454
368	495
368	528
368	559
368	571
368	604
368	608
368	663
368	709
368	878
368	948
368	959
368	964
369	381
369	451
369	558
369	608
369	613
369	630
369	646
369	662
369	674
369	730
369	800
369	804
369	927
369	937
369	943
370	371
370	423
370	444
370	495
370	635
370	636
370	706
370	773
370	786
370	930
370	964
370	986
371	376
371	385
371	538
371	562
371	612
371	616
371	690
371	864
371	884
371	961
371	995
372	405
372	560
372	602
372	751
372	854
372	875
372	893
372	968
373	426
373	554
373	777
373	892
373	909
373	942
374	408
374	409
374	430
374	654
374	701
374	709
374	758
374	760
374	773
374	778
374	802
374	809
374	814
374	849
374	872
374	873
374	883
374	978
374	984
375	382
375	394
375	405
375	445
375	491
375	512
375	538
375	610
375	775
375	798
375	817
375	836
375	861
375	889
375	956
376	392
376	395
376	456
376	463
376	484
376	550
376	587
376	684
376	747
376	754
376	808
376	889
376	903
376	915
376	941
376	954
377	391
377	398
377	510
377	525
377	567
377	828
377	891
377	980
377	983
378	429
378	533
378	595
378	637
378	659
378	715
378	741
378	758
378	780
378	920
379	388
379	488
379	729
379	746
379	769
379	804
379	827
379	829
379	926
379	966
380	381
380	383
380	397
380	493
380	553
380	587
380	614
380	624
380	634
380	705
380	850
381	383
381	437
381	685
381	725
381	726
381	860
381	866
381	957
381	998
382	472
382	493
382	635
382	644
382	660
382	778
382	812
382	824
382	825
382	848
382	860
382	867
382	919
382	967
383	402
383	524
383	718
383	873
383	975
383	978
383	990
384	384
384	558
384	632
384	711
384	818
384	850
384	855
384	938
384	983
385	386
385	387
385	389
385	396
385	478
385	497
385	562
385	591
385	830
385	970
386	479
386	499
386	511
386	571
386	600
386	675
386	788
386	869
386	938
386	973
386	998
387	574
387	585
387	641
387	652
387	679
387	700
387	780
387	916
387	924
387	944
387	997
388	393
388	453
388	468
388	504
388	615
388	622
388	711
388	718
388	743
388	893
388	932
388	988
389	412
389	460
389	464
389	568
389	618
389	632
389	778
389	808
389	809
389	866
389	871
389	947
390	412
390	416
390	488
390	590
390	610
390	688
390	707
390	832
390	890
390	934
391	502
391	517
391	545
391	630
391	661
391	785
391	835
391	873
391	909
391	927
391	931
391	951
392	584
392	592
392	640
392	794
392	866
392	892
392	959
393	410
393	500
393	696
393	762
393	799
393	871
393	956
394	408
394	489
394	499
394	562
394	703
394	784
394	802
394	818
394	939
395	439
395	441
395	585
395	639
395	741
395	860
395	891
395	904
396	414
396	521
396	524
396	531
396	542
396	699
396	789
396	811
396	857
396	949
397	403
397	422
397	464
397	524
397	628
397	653
397	685
397	736
397	750
397	792
397	833
397	843
397	904
397	919
397	965
397	983
398	407
398	445
398	552
398	724
398	821
398	836
398	846
399	443
399	501
399	504
399	555
399	592
399	639
399	642
399	655
399	659
399	786
399	801
399	957
400	403
400	421
400	425
400	440
400	444
400	451
400	454
400	673
400	682
400	711
400	834
400	962
400	995
400	997
401	438
401	462
401	478
401	479
401	486
401	496
401	573
401	587
401	620
401	648
401	726
401	780
401	849
401	854
401	897
401	948
402	408
402	430
402	443
402	524
402	530
402	542
402	601
402	650
402	920
402	935
403	408
403	434
403	438
403	463
403	479
403	524
403	653
403	840
403	844
403	938
404	437
404	445
404	455
404	479
404	483
404	486
404	498
404	501
404	606
404	625
404	717
404	752
404	814
404	860
405	412
405	420
405	432
405	435
405	559
405	606
405	638
405	672
405	722
405	816
405	893
405	920
406	443
406	460
406	771
406	955
407	435
407	459
407	463
407	475
407	491
407	556
407	562
407	604
407	623
407	626
407	743
407	796
407	828
407	835
407	980
408	419
408	494
408	569
408	590
408	644
408	670
409	418
409	437
409	439
409	441
409	458
409	463
409	488
409	649
409	870
409	970
409	983
410	414
410	417
410	428
410	457
410	480
410	485
410	487
410	497
410	499
410	564
410	572
410	589
410	725
410	739
410	873
410	889
410	988
411	417
411	445
411	458
411	473
411	476
411	478
411	618
411	739
411	744
411	798
411	841
411	924
412	450
412	452
412	461
412	476
412	485
412	497
412	556
412	588
412	600
412	663
413	416
413	417
413	463
413	527
413	643
413	727
413	730
413	759
413	799
413	863
413	969
414	437
414	440
414	472
414	484
414	486
414	488
414	634
414	648
414	773
414	850
414	931
414	972
415	451
415	467
415	472
415	483
415	490
415	507
415	561
415	812
415	946
416	432
416	433
416	466
416	490
416	495
416	598
416	652
416	713
416	935
416	968
417	417
417	448
417	453
417	472
417	597
417	633
417	728
417	740
417	862
418	424
418	443
418	452
418	469
418	501
418	535
418	540
418	548
418	606
418	636
418	721
418	728
418	839
418	840
418	921
418	937
419	486
419	488
419	601
419	696
419	723
419	743
419	751
419	799
419	804
419	812
419	825
419	868
419	933
419	958
420	423
420	432
420	440
420	444
420	446
420	473
420	528
420	598
420	618
420	740
420	800
420	867
420	908
420	919
420	944
420	954
421	423
421	441
421	459
421	478
421	482
421	616
421	723
421	740
421	978
422	458
422	549
422	584
422	651
422	658
422	707
422	834
422	869
422	951
422	984
423	427
423	446
423	448
423	463
423	513
423	519
423	569
423	630
423	683
423	714
423	771
423	816
423	820
423	969
424	438
424	457
424	469
424	475
424	499
424	653
424	738
424	830
424	831
424	859
424	910
424	915
425	428
425	433
425	478
425	481
425	490
425	550
425	555
425	562
425	586
425	660
425	724
425	752
425	754
425	994
426	438
426	443
426	446
426	481
426	489
426	539
426	580
426	618
426	634
426	834
426	956
427	439
427	446
427	449
427	469
427	477
427	489
427	493
427	499
427	526
427	554
427	657
427	681
427	736
427	862
427	877
427	915
427	954
428	480
428	481
428	535
428	827
428	926
428	932
428	935
428	936
429	434
429	445
429	446
429	459
429	462
429	470
429	475
429	481
429	586
429	746
429	786
429	909
430	487
430	495
430	688
430	721
430	771
430	777
430	808
430	892
430	902
431	433
431	460
431	461
431	472
431	494
431	509
431	573
431	577
431	649
431	772
431	781
432	483
432	611
432	737
432	783
432	802
432	933
432	947
432	983
433	442
433	445
433	452
433	454
433	463
433	534
433	612
433	809
433	837
433	879
433	954
434	441
434	469
434	477
434	493
434	582
434	598
434	635
434	841
434	847
434	906
434	908
434	974
435	461
435	476
435	477
435	499
435	528
435	531
435	550
435	566
435	567
435	647
435	909
435	938
435	946
435	999
436	444
436	450
436	459
436	462
436	463
436	472
436	473
436	480
436	482
436	523
436	575
436	741
436	798
436	811
436	876
437	442
437	461
437	624
437	631
437	643
437	665
437	681
437	740
437	848
437	967
438	466
438	468
438	490
438	497
438	511
438	538
438	688
438	786
438	804
438	816
438	894
438	915
439	461
439	475
439	477
439	479
439	480
439	490
439	497
439	571
439	576
439	724
439	764
439	779
440	471
440	476
440	539
440	700
440	713
440	737
440	806
440	837
440	863
440	880
440	894
440	899
440	915
440	964
441	464
441	488
441	491
441	493
441	541
441	583
441	630
441	698
441	768
441	873
441	951
442	453
442	458
442	480
442	485
442	796
442	860
442	901
442	962
443	459
443	481
443	524
443	557
443	675
443	917
443	936
443	947
443	995
444	445
444	463
444	480
444	492
444	589
444	603
444	621
444	657
444	690
444	734
444	785
444	798
444	831
444	866
444	886
444	935
444	966
444	992
445	448
445	452
445	461
445	463
445	464
445	469
445	491
445	499
445	517
445	687
445	696
445	700
445	756
445	762
445	852
445	916
445	950
446	466
446	471
446	486
446	540
446	551
446	699
446	802
446	816
446	928
447	479
447	487
447	489
447	514
447	593
447	624
447	639
447	658
447	676
447	703
447	792
447	832
447	893
448	464
448	493
448	691
448	699
448	820
449	678
449	728
449	738
449	816
449	820
449	883
449	952
450	463
450	486
450	518
450	522
450	526
450	641
450	699
450	712
450	716
450	751
450	757
450	864
450	925
450	953
451	538
451	552
451	558
451	673
451	723
451	744
451	774
451	806
451	892
451	897
452	469
452	483
452	572
452	597
452	692
452	752
452	768
452	773
452	981
453	453
453	462
453	611
453	619
453	804
453	834
453	844
453	894
453	970
454	471
454	474
454	503
454	599
454	640
454	648
454	722
454	782
454	807
454	838
454	906
455	468
455	483
455	486
455	487
455	490
455	493
455	509
455	643
455	699
455	720
455	764
455	773
455	920
455	930
456	458
456	493
456	498
456	507
456	538
456	633
456	639
456	699
456	829
456	874
456	928
456	975
457	460
457	475
457	496
457	627
457	684
457	696
457	860
457	910
457	951
458	634
458	686
458	841
458	860
458	917
458	919
458	979
458	981
458	987
459	499
459	505
459	538
459	627
459	640
459	682
459	747
459	966
459	982
460	462
460	512
460	580
460	717
460	721
460	951
461	472
461	530
461	645
461	672
461	713
461	778
461	802
461	957
461	967
461	975
462	546
462	592
462	602
462	612
462	738
462	820
462	835
462	900
463	487
463	499
463	593
463	596
463	656
463	807
463	827
463	859
464	468
464	501
464	532
464	539
464	670
464	830
464	861
464	999
465	486
465	525
465	584
465	653
465	688
465	773
465	823
465	892
465	914
465	928
465	956
465	978
466	512
466	559
466	604
466	643
466	749
466	825
466	956
467	470
467	531
467	564
467	595
467	741
467	749
467	783
467	833
467	918
467	932
468	468
468	595
468	662
468	733
468	794
468	813
468	817
468	892
469	474
469	485
469	491
469	505
469	700
469	754
469	755
469	794
469	867
469	875
469	888
469	907
469	922
470	483
470	486
470	493
470	508
470	592
470	642
470	649
470	676
470	697
470	725
470	776
470	802
470	891
470	892
470	975
471	473
471	474
471	476
471	480
471	492
471	593
471	900
471	987
472	499
472	516
472	533
472	539
472	561
472	658
472	690
472	696
472	797
472	860
472	929
472	967
473	479
473	487
473	531
473	534
473	564
473	581
473	588
473	682
473	778
473	808
473	836
473	888
474	477
474	529
474	566
474	644
474	688
474	723
474	821
474	831
474	873
474	950
475	514
475	558
475	711
475	828
475	833
475	935
475	996
476	562
476	592
476	658
476	773
476	942
476	981
477	575
477	591
477	621
477	631
477	738
477	762
477	764
477	831
477	855
477	908
477	909
478	493
478	516
478	522
478	601
478	823
478	941
479	751
479	829
479	832
479	882
480	562
480	605
480	688
480	737
480	744
480	818
480	847
480	914
480	949
481	494
481	540
481	594
481	626
481	808
481	819
481	827
481	946
481	959
482	485
482	497
482	542
482	633
482	642
482	666
482	667
482	765
482	781
482	801
482	818
482	833
482	846
482	930
482	954
483	508
483	564
483	669
483	872
483	971
484	607
484	633
484	950
485	497
485	544
485	551
485	572
485	603
485	703
485	706
485	811
485	866
485	984
486	664
486	697
486	710
486	800
486	802
486	830
486	904
486	925
486	941
486	943
486	948
487	518
487	593
487	604
487	639
487	644
487	711
487	953
487	993
488	561
488	623
488	685
488	708
488	749
488	798
488	903
488	922
489	491
489	500
489	527
489	584
489	643
489	653
489	676
489	832
489	907
489	950
490	516
490	555
490	619
490	929
490	942
490	971
491	536
491	542
491	626
491	636
491	698
491	735
491	804
491	836
491	904
491	958
492	541
492	558
492	562
492	617
492	648
492	765
492	802
492	808
492	852
492	867
492	983
493	563
493	594
493	611
493	764
493	799
493	853
493	906
493	980
493	984
494	495
494	529
494	595
494	643
494	649
494	785
494	818
494	944
494	988
495	641
495	687
495	925
495	942
496	516
496	582
496	605
496	644
496	689
496	838
496	888
496	982
496	985
497	655
497	664
497	716
497	811
497	841
498	502
498	529
498	567
498	668
498	755
498	776
498	777
498	883
498	892
498	944
498	959
498	971
498	979
499	571
499	594
499	716
499	737
499	749
499	789
499	796
499	860
499	963
500	529
500	530
500	543
500	581
500	737
500	782
500	899
500	949
501	524
501	624
501	669
501	732
501	836
501	845
501	864
501	969
502	507
502	516
502	534
502	545
502	549
502	568
502	594
502	595
502	602
502	755
502	762
502	790
502	899
502	904
502	921
502	995
503	513
503	551
503	556
503	564
503	567
503	657
503	693
503	732
503	750
503	766
503	786
503	822
503	823
504	524
504	531
504	546
504	596
504	598
504	626
504	662
504	682
504	813
504	828
504	840
504	846
504	876
504	944
505	526
505	527
505	552
505	585
505	587
505	588
505	619
505	646
505	727
505	744
505	746
505	805
505	817
505	818
505	825
506	508
506	510
506	512
506	529
506	539
506	549
506	555
506	571
506	590
506	692
506	728
506	761
506	810
507	511
507	555
507	558
507	599
507	690
507	753
507	836
507	921
507	937
507	948
507	950
507	965
507	978
507	993
508	546
508	578
508	596
508	692
508	713
508	759
508	782
509	533
509	535
509	542
509	547
509	564
509	575
509	579
509	647
509	747
509	823
509	922
509	960
510	511
510	513
510	516
510	541
510	584
510	645
510	764
510	932
510	995
511	516
511	524
511	547
511	549
511	559
511	702
511	831
511	846
511	874
511	899
512	513
512	525
512	536
512	543
512	559
512	586
512	594
512	605
512	614
512	830
512	894
512	938
512	942
513	550
513	566
513	572
513	675
513	707
513	732
513	759
513	785
514	514
514	543
514	569
514	702
514	715
514	725
514	747
514	877
514	881
514	883
514	912
514	952
515	516
515	523
515	550
515	571
515	594
515	625
515	641
515	714
515	794
515	806
515	853
515	855
515	870
515	931
515	973
516	541
516	581
516	739
516	746
516	771
516	842
516	921
516	928
516	934
516	970
517	521
517	542
517	555
517	567
517	579
517	585
517	612
517	627
517	651
517	867
518	546
518	552
518	571
518	642
518	748
518	763
518	798
518	847
518	901
518	962
519	540
519	576
519	614
519	655
519	688
519	716
519	731
519	735
519	803
519	838
519	875
519	985
520	535
520	561
520	574
520	582
520	685
520	716
520	866
520	902
521	560
521	660
521	685
521	698
521	703
521	714
521	744
521	746
521	839
521	866
521	926
521	971
521	996
522	539
522	569
522	582
522	592
522	626
522	636
522	713
522	772
522	809
522	852
523	532
523	542
523	548
523	550
523	555
523	556
523	559
523	561
523	566
523	664
523	760
523	850
523	851
523	887
523	988
524	534
524	551
524	559
524	562
524	565
524	566
524	589
524	595
524	668
524	688
524	730
524	770
524	822
524	824
524	864
525	534
525	680
525	706
525	754
525	761
525	777
525	939
526	548
526	552
526	567
526	570
526	577
526	639
526	791
526	840
526	848
527	543
527	598
527	632
527	649
527	686
527	742
527	818
527	842
527	858
527	889
527	946
527	949
527	977
528	533
528	537
528	575
528	593
528	598
528	606
528	655
528	686
528	767
528	778
528	825
528	879
528	911
528	973
529	554
529	558
529	614
529	626
529	658
529	746
529	820
529	825
529	973
530	553
530	578
530	647
530	770
530	830
530	871
530	903
531	532
531	539
531	545
531	566
531	594
531	679
531	680
531	705
531	811
531	853
531	882
532	542
532	544
532	595
532	681
532	805
532	890
532	919
532	984
533	551
533	574
533	587
533	591
533	593
533	598
533	599
533	603
533	655
533	708
533	746
533	928
533	937
533	976
534	538
534	562
534	573
534	582
534	725
534	775
534	780
534	791
535	552
535	558
535	560
535	575
535	578
535	715
535	746
535	854
535	905
535	941
535	984
535	994
536	546
536	549
536	573
536	578
536	658
536	723
536	863
537	537
537	551
537	559
537	580
537	597
537	615
537	630
537	641
537	668
537	672
537	870
537	907
538	546
538	555
538	557
538	574
538	584
538	585
538	587
538	649
538	713
538	807
538	810
538	864
538	902
538	904
539	547
539	549
539	556
539	565
539	582
539	725
539	758
539	766
539	787
539	792
539	837
539	961
539	962
540	570
540	572
540	577
540	592
540	621
540	658
540	702
540	761
540	855
540	922
540	923
540	933
540	989
540	999
541	555
541	570
541	589
541	592
541	598
541	636
541	694
541	759
541	780
541	783
541	817
542	547
542	549
542	550
542	552
542	586
542	591
542	606
542	664
542	686
542	749
542	763
542	976
542	986
542	998
543	561
543	581
543	593
543	597
543	758
543	800
543	804
543	847
543	868
543	884
543	909
543	973
543	979
544	545
544	625
544	715
544	766
544	769
544	892
544	962
545	552
545	561
545	583
545	589
545	820
545	863
545	889
545	928
545	997
546	547
546	548
546	574
546	683
546	695
546	860
547	563
547	576
547	623
547	626
547	679
547	748
547	889
547	896
547	942
547	968
548	554
548	607
548	786
548	887
549	559
549	561
549	587
549	608
549	629
549	643
549	699
549	702
549	755
549	766
549	790
549	942
549	946
550	572
550	591
550	738
550	749
550	807
550	898
550	958
550	984
551	753
551	777
551	813
551	824
551	953
552	554
552	578
552	594
552	999
553	560
553	581
553	589
553	614
553	646
553	653
553	684
553	733
553	753
553	874
553	971
553	989
554	555
554	587
554	594
554	685
554	712
554	835
554	871
554	994
555	556
555	557
555	588
555	620
555	639
555	665
555	674
555	688
555	716
555	725
555	757
555	801
555	839
555	928
555	980
556	572
556	578
556	589
556	597
556	653
556	685
556	697
556	843
556	860
556	989
556	996
557	569
557	585
557	733
557	748
557	786
557	927
558	567
558	570
558	582
558	587
558	646
558	663
558	700
558	713
558	869
558	921
559	565
559	575
559	586
559	674
559	703
559	786
559	847
559	907
560	562
560	589
560	596
560	836
560	840
560	860
560	914
560	962
560	987
561	562
561	573
561	590
561	602
561	614
561	845
561	870
561	915
561	951
561	968
562	575
562	581
562	598
562	639
562	662
562	695
562	724
562	819
562	900
562	979
563	593
563	616
563	641
563	714
563	899
564	580
564	584
564	624
564	670
564	700
564	728
564	742
564	791
564	829
564	832
564	884
564	898
564	907
565	583
565	596
565	631
565	645
565	651
565	702
565	731
565	828
565	868
565	943
565	966
566	596
566	681
566	753
566	756
566	758
566	994
567	570
567	598
567	615
567	843
567	888
567	945
567	958
568	573
568	584
568	595
568	597
568	599
568	708
568	717
568	749
568	765
568	767
568	858
568	972
569	576
569	597
569	599
569	614
569	807
569	891
569	893
569	905
569	918
570	603
570	624
570	723
570	732
570	816
570	905
570	919
571	651
571	711
571	744
571	828
571	855
571	875
571	972
572	573
572	578
572	581
572	598
572	661
572	717
572	828
572	836
572	848
572	919
572	978
573	618
573	704
573	910
573	988
573	995
574	590
574	593
574	651
574	667
574	759
574	783
574	844
574	852
574	859
574	923
574	972
575	577
575	625
575	678
576	584
576	591
576	594
576	602
576	623
576	697
576	707
576	731
576	868
576	941
576	957
576	961
576	988
577	581
577	651
577	708
577	752
578	597
578	683
578	729
578	811
578	816
578	818
578	871
578	914
578	993
579	595
579	601
579	766
579	788
579	805
579	909
579	958
579	993
580	620
580	680
580	733
580	768
580	832
580	842
580	886
580	935
580	948
581	589
581	598
581	691
581	723
581	797
582	594
582	752
582	866
582	971
583	595
583	599
583	610
583	718
583	724
583	831
583	844
583	859
583	945
584	598
584	689
584	803
584	815
585	587
585	588
585	624
585	661
585	724
585	766
585	828
585	848
585	939
586	599
586	666
586	689
586	736
586	769
586	777
586	847
586	927
586	980
587	600
587	717
588	815
588	971
589	595
589	713
589	854
589	893
590	613
590	792
590	805
590	861
590	929
590	942
590	943
591	636
591	659
591	714
591	760
591	813
591	879
592	608
592	665
592	668
592	677
592	731
592	785
593	677
593	690
593	779
593	927
593	928
593	976
594	597
594	598
594	668
594	739
594	755
594	821
594	855
594	879
594	975
594	993
595	676
595	687
595	729
595	738
595	746
595	752
595	777
595	822
595	823
595	883
595	904
596	635
596	750
596	891
596	898
596	907
597	609
597	754
597	814
597	819
597	876
597	885
597	895
597	902
597	980
598	660
598	668
598	705
598	730
598	874
598	914
598	995
599	664
599	676
599	763
599	780
599	805
599	881
599	915
599	945
600	606
600	624
600	625
600	672
600	678
600	685
600	686
600	691
600	742
600	775
600	784
600	898
600	905
600	912
600	965
601	618
601	620
601	624
601	633
601	648
601	683
601	698
601	718
601	802
601	803
601	843
601	931
601	965
602	604
602	605
602	637
602	640
602	693
602	757
602	780
602	832
603	628
603	639
603	657
603	786
603	806
603	825
603	930
603	991
604	610
604	638
604	642
604	675
604	683
604	697
604	808
604	811
604	839
604	947
605	647
605	694
605	711
605	720
605	753
605	759
605	822
605	844
605	889
605	908
605	915
605	919
605	969
606	608
606	635
606	725
606	829
606	851
606	944
607	641
607	721
607	771
607	774
607	870
608	631
608	644
608	648
608	674
608	692
608	717
608	914
608	926
609	621
609	643
609	650
609	662
609	675
609	679
609	733
609	762
609	786
609	885
610	630
610	656
610	690
610	694
610	735
610	739
610	812
610	989
611	617
611	650
611	673
611	687
611	720
611	831
611	869
611	920
612	633
612	655
612	656
612	665
612	679
612	682
612	696
612	712
612	764
612	776
612	798
612	983
613	633
613	648
613	654
613	662
613	673
613	676
613	692
613	730
613	731
613	814
613	815
613	866
613	870
613	941
613	954
613	996
613	997
614	617
614	619
614	696
614	780
614	794
614	858
614	875
614	916
614	918
614	966
615	618
615	621
615	624
615	644
615	661
615	695
615	735
615	761
615	762
615	968
616	624
616	644
616	651
616	709
616	893
616	900
616	912
616	964
617	619
617	627
617	628
617	632
617	633
617	654
617	673
617	691
617	797
617	845
617	860
617	986
618	633
618	642
618	655
618	672
618	688
618	696
618	699
618	715
618	827
618	936
619	622
619	631
619	638
619	650
619	698
619	712
619	716
619	769
619	804
619	822
619	860
619	926
619	989
620	631
620	639
620	677
620	690
620	732
620	767
620	890
620	947
620	962
620	971
620	989
621	621
621	655
621	667
621	676
621	692
621	744
621	752
621	802
621	991
622	658
622	673
622	692
622	757
622	758
623	734
623	774
623	870
623	883
623	931
623	953
623	975
624	662
624	673
624	692
624	766
624	790
624	840
624	862
625	629
625	652
625	683
625	685
625	717
625	746
625	759
625	797
625	813
625	947
625	999
626	641
626	665
626	666
626	678
626	682
626	687
626	844
626	946
626	971
626	980
627	634
627	637
627	661
627	678
627	699
627	774
627	787
627	818
627	822
627	868
627	884
627	887
627	993
628	637
628	662
628	669
628	681
628	692
628	698
628	777
628	840
628	866
628	997
629	632
629	645
629	749
629	865
629	915
630	638
630	639
630	640
630	661
630	663
630	680
630	685
630	775
630	790
630	854
630	866
630	889
631	658
631	686
631	771
631	810
631	843
631	941
631	952
632	657
632	659
632	660
632	667
632	683
632	708
632	769
632	788
632	843
633	646
633	699
633	875
633	885
633	999
634	655
634	656
634	686
634	723
634	897
635	652
635	653
635	663
635	687
635	704
635	709
635	716
635	981
635	985
636	651
636	662
636	681
636	723
636	735
636	773
636	781
636	787
636	826
636	832
636	840
636	942
636	960
637	645
637	649
637	652
637	765
637	773
637	780
637	789
637	833
637	893
637	983
638	681
638	746
638	763
639	643
639	646
639	659
639	666
639	683
639	690
639	691
639	756
639	771
639	823
639	959
639	960
639	992
640	676
640	696
640	754
640	789
641	652
641	659
641	663
641	666
641	669
641	678
641	687
641	690
641	762
641	763
641	767
641	782
641	798
641	807
641	817
641	819
641	830
642	654
642	695
642	822
642	874
643	671
643	678
643	715
643	747
643	820
643	940
644	646
644	651
644	659
644	674
644	753
644	756
644	779
644	782
644	794
644	920
645	678
645	731
645	850
645	908
645	922
646	647
646	664
646	759
646	919
646	990
647	675
647	688
647	690
647	729
647	819
647	862
647	888
648	653
648	657
648	666
648	737
648	826
648	842
649	672
649	690
649	733
649	743
649	809
649	828
649	891
650	908
650	923
650	937
650	999
651	656
651	687
651	782
651	785
651	828
651	830
651	978
652	698
652	701
652	713
652	782
652	783
652	791
652	803
652	848
652	862
652	887
652	900
652	964
653	660
653	664
653	672
653	707
653	856
653	888
653	926
653	960
653	980
654	682
654	693
654	869
654	873
654	881
654	898
654	997
655	662
655	678
655	731
655	921
655	946
656	678
656	684
656	694
656	702
656	739
656	771
656	853
656	954
657	693
657	723
657	906
657	923
657	987
658	669
658	681
658	685
658	692
658	696
658	711
658	859
658	864
658	879
658	945
658	952
658	956
658	957
659	823
659	899
659	958
660	663
660	667
660	668
660	713
660	746
660	760
660	803
660	837
660	853
660	871
661	694
661	734
661	815
661	839
661	889
661	900
661	943
661	954
662	882
662	919
662	929
662	983
663	678
663	710
663	785
663	789
663	855
663	859
663	944
663	946
664	670
664	671
664	686
664	688
664	709
664	792
664	846
664	847
664	851
664	859
665	685
665	686
665	696
665	800
665	881
665	919
665	932
665	974
666	666
666	681
666	686
666	695
666	701
666	715
666	718
666	750
666	767
666	789
666	815
666	830
666	834
666	857
666	988
666	996
667	686
667	693
667	711
667	740
667	776
667	777
667	945
668	817
668	827
669	694
669	713
669	791
669	870
669	936
670	692
670	815
670	843
670	845
670	891
670	958
671	683
671	690
671	692
671	891
671	972
672	697
672	735
672	832
672	868
672	881
672	912
672	929
672	930
672	969
673	677
673	878
674	695
674	769
674	858
675	759
675	772
675	798
675	808
675	829
675	864
676	709
676	711
676	819
677	707
677	830
677	953
678	705
678	742
678	769
678	963
678	988
679	688
679	800
679	863
679	977
680	707
680	719
680	743
680	751
680	796
680	808
680	865
681	687
681	692
681	695
681	737
681	792
681	867
682	749
682	753
682	810
682	816
682	827
682	840
682	859
682	879
683	734
683	746
683	801
683	812
683	814
683	826
683	851
683	911
683	928
684	701
684	725
684	821
684	884
684	949
684	976
685	701
685	716
685	727
685	789
685	851
685	864
685	931
685	972
686	879
686	888
686	975
687	692
687	755
687	906
688	770
688	785
688	933
688	993
689	811
689	860
689	923
689	930
689	975
690	695
690	724
690	779
690	820
690	892
690	946
690	952
692	697
692	899
692	934
692	961
693	712
693	733
693	807
693	840
693	856
693	897
693	964
693	988
694	700
694	721
694	740
694	886
695	721
695	847
695	858
695	868
695	888
695	918
695	941
695	943
696	777
696	813
696	819
696	822
696	864
696	956
697	791
697	860
697	901
697	927
697	935
698	698
698	703
698	737
698	768
699	835
699	844
699	901
699	932
700	703
700	709
700	723
700	731
700	739
700	769
700	773
700	777
700	786
700	800
700	808
701	720
701	728
701	733
701	752
701	761
701	795
701	821
701	832
701	848
701	903
701	986
702	774
702	792
702	797
702	822
702	833
702	853
702	925
703	743
703	829
703	862
703	878
703	919
704	708
704	713
704	715
704	732
704	794
704	855
704	937
704	942
705	719
705	733
705	766
705	776
705	816
705	896
705	951
706	718
706	735
706	785
706	883
707	725
707	731
707	766
707	789
707	790
708	722
708	731
708	764
708	847
708	967
709	714
709	749
709	752
709	799
709	801
709	855
709	897
709	927
710	728
710	743
710	759
710	765
710	796
710	799
710	943
711	727
711	771
711	874
712	752
712	764
712	765
712	777
712	793
712	799
712	828
712	832
712	856
713	732
713	735
713	755
713	781
713	797
713	799
713	813
713	858
713	938
713	945
713	967
714	753
714	775
714	915
714	974
714	976
715	722
715	729
715	735
715	749
715	757
715	771
715	790
715	793
715	825
715	845
715	852
715	981
716	731
716	735
716	757
716	782
716	826
716	833
716	920
717	732
717	816
717	893
717	899
717	900
717	917
718	723
718	727
718	762
718	783
718	834
718	835
718	904
718	937
718	953
719	738
719	751
719	803
719	915
719	927
719	934
719	966
720	745
720	774
720	788
720	850
720	860
721	736
721	738
721	739
721	750
721	754
721	822
721	854
721	936
721	960
721	965
722	728
722	743
722	880
722	889
722	908
722	914
722	919
722	956
722	994
723	764
723	788
723	809
723	829
723	882
723	943
723	968
723	984
724	725
724	742
724	744
724	767
724	787
724	805
724	867
724	947
724	969
724	984
725	726
725	751
725	753
725	771
725	779
725	789
725	797
725	899
725	932
726	752
726	769
726	777
726	794
726	795
726	807
726	835
726	931
726	986
727	742
727	747
727	757
727	872
727	946
727	973
728	806
728	815
728	843
728	855
728	878
728	910
728	917
728	931
728	988
729	750
729	768
729	772
729	841
729	907
729	956
730	758
730	764
730	785
730	786
730	827
730	877
730	958
730	959
730	972
730	973
731	750
731	757
731	764
731	773
731	786
731	866
732	744
732	755
732	759
732	785
732	838
732	948
732	978
732	984
733	748
733	749
733	791
733	793
733	820
733	849
733	881
733	998
734	753
734	768
734	850
734	901
735	740
735	765
735	786
735	787
735	788
735	798
735	822
735	919
735	942
735	949
736	747
736	773
736	780
736	791
736	799
736	826
736	898
736	947
737	741
737	752
737	784
737	835
737	886
737	890
738	739
738	745
738	793
738	854
738	878
738	880
738	904
738	938
738	965
739	772
739	774
739	792
739	832
739	867
739	877
739	888
740	821
740	837
741	766
741	785
741	790
741	798
741	971
742	768
742	776
742	796
742	894
742	930
743	743
743	745
743	756
743	781
743	789
743	802
743	815
743	827
743	879
743	917
743	959
744	747
744	750
744	775
744	886
744	934
744	943
745	842
745	966
746	772
746	776
746	891
746	932
746	963
747	775
747	851
748	757
748	817
749	753
749	764
749	790
749	827
749	869
750	754
750	789
750	798
750	856
750	975
751	762
751	763
751	780
751	801
751	873
751	889
751	897
751	902
752	771
752	795
752	797
752	833
753	767
753	799
753	901
753	944
754	757
754	763
754	893
754	991
755	902
755	910
755	919
755	920
755	924
756	767
756	779
756	781
756	787
757	772
757	775
757	881
757	894
757	942
758	794
758	807
758	927
758	971
759	782
759	849
759	873
759	968
759	989
760	789
760	793
760	986
761	795
761	799
761	829
761	885
761	886
761	920
761	973
762	793
762	799
762	988
763	776
763	782
763	786
763	988
764	822
764	932
765	785
765	796
765	814
765	883
765	992
766	786
766	792
766	850
766	897
766	905
766	920
766	933
766	947
767	781
767	840
767	992
768	771
768	789
768	793
768	804
769	789
769	805
769	845
769	910
769	931
770	775
770	796
770	820
770	861
770	888
770	891
771	790
771	864
771	883
772	788
772	828
773	779
773	784
773	792
773	797
773	881
773	922
773	945
773	999
774	777
774	779
774	792
774	795
774	912
774	922
775	782
775	838
775	918
776	833
776	873
776	935
776	995
777	807
778	799
778	812
778	826
778	876
778	980
779	793
779	874
779	895
779	898
779	950
779	969
780	969
781	901
781	920
781	956
781	962
782	868
783	802
783	847
783	922
783	931
783	951
783	964
784	882
784	887
784	897
784	915
785	785
785	792
785	925
785	926
785	946
785	982
786	864
787	846
787	913
787	950
787	959
787	998
788	793
788	967
789	792
789	811
789	880
789	907
789	991
790	799
790	819
790	924
791	793
791	799
791	861
791	931
792	799
792	871
792	873
792	896
793	797
793	807
793	823
793	867
793	929
793	945
794	796
794	798
794	864
794	989
795	820
795	839
795	929
795	993
796	876
796	891
796	904
796	978
797	878
798	830
798	835
798	863
798	875
798	916
798	921
798	973
799	800
799	881
799	928
800	805
800	816
800	857
800	870
800	909
800	975
800	978
800	988
801	802
801	817
801	826
801	864
801	883
801	889
801	896
801	897
801	965
802	841
802	854
802	883
803	815
803	855
803	886
803	890
803	911
803	941
803	975
804	810
804	818
804	869
804	870
804	895
804	897
804	951
805	805
805	806
805	816
805	829
805	833
805	839
805	849
805	850
805	860
805	882
805	885
805	886
805	943
805	994
806	816
806	828
806	857
806	887
806	889
807	821
807	825
807	837
807	856
807	880
807	894
807	918
807	922
808	887
808	902
808	981
809	843
809	844
809	849
809	857
809	868
809	874
809	880
809	882
809	898
809	951
809	966
810	816
810	818
810	828
810	885
810	898
810	924
811	816
811	895
812	813
812	823
812	824
812	846
812	862
812	881
812	891
812	899
812	968
813	828
813	873
813	888
813	967
814	830
814	864
814	886
814	887
814	897
814	907
815	817
815	828
815	829
815	848
815	849
815	855
815	873
815	894
815	903
815	990
816	818
816	824
816	845
816	879
816	938
816	980
816	992
817	828
817	842
817	872
817	877
817	892
817	898
818	872
818	906
818	947
819	852
819	855
819	857
820	827
820	831
820	836
820	848
821	836
821	848
821	864
821	874
821	877
821	893
821	918
821	944
821	991
822	826
822	836
822	838
822	846
822	873
822	876
822	889
823	828
823	851
823	861
823	869
823	877
823	899
823	954
823	958
823	981
824	838
824	839
824	853
824	874
824	894
824	929
824	957
824	993
825	842
825	844
825	886
825	893
826	858
826	891
826	897
826	911
826	929
826	948
826	949
826	968
826	989
827	888
827	889
827	944
828	867
828	891
828	908
829	831
829	835
829	841
829	859
829	862
829	880
829	883
829	903
829	966
830	834
830	848
830	902
830	967
830	978
831	836
831	846
831	914
832	860
832	865
832	870
832	917
832	926
833	875
833	908
833	914
833	933
833	992
834	877
834	896
834	999
835	849
835	896
835	976
836	838
836	872
837	839
837	841
837	853
837	855
837	891
837	897
838	840
838	851
838	869
838	880
838	927
838	930
839	862
839	881
839	882
839	890
839	967
840	845
840	878
840	883
840	913
841	879
841	883
841	966
842	847
842	854
842	890
842	924
842	942
843	862
843	876
843	879
843	885
843	887
843	942
843	962
844	859
844	947
844	956
845	845
845	859
845	872
845	899
845	971
847	848
848	863
848	886
848	939
849	865
849	877
849	893
850	897
850	898
850	913
850	919
850	987
851	857
851	873
851	899
851	900
851	911
851	955
852	853
852	855
852	866
852	886
853	867
853	878
853	928
853	936
853	994
854	865
854	869
854	895
854	926
855	862
855	940
855	976
855	990
856	870
856	872
856	896
856	914
856	938
856	962
857	878
857	925
857	976
857	980
858	880
858	883
858	886
858	934
859	884
859	950
859	991
860	913
860	929
861	866
861	892
861	987
862	865
862	897
862	935
863	868
863	892
864	873
864	899
865	868
865	881
865	893
865	936
866	866
866	870
866	883
866	885
866	893
866	993
867	881
867	997
868	878
868	895
868	897
868	941
869	869
869	898
869	993
870	931
870	952
872	875
872	881
872	886
873	885
873	893
873	895
873	897
873	962
873	986
873	993
873	994
874	893
874	894
874	987
874	995
875	896
875	899
875	932
875	986
876	959
876	982
877	881
877	882
877	899
877	918
877	957
878	917
879	885
879	938
880	886
880	891
881	891
881	946
882	891
883	890
883	908
883	923
883	925
884	991
884	992
884	999
885	891
885	895
885	946
886	887
886	898
887	933
887	953
888	947
888	952
888	975
889	903
889	949
891	937
892	918
892	929
893	912
893	985
894	895
895	981
896	972
897	961
898	918
898	948
899	967
900	913
900	924
900	925
900	932
900	937
900	942
900	958
900	961
900	989
901	902
901	910
901	954
901	957
901	959
901	987
902	928
902	950
902	951
902	964
902	970
902	992
902	993
902	999
903	932
903	954
903	963
904	908
904	920
904	922
904	931
904	936
904	950
904	951
904	958
905	931
905	944
905	973
905	990
906	922
906	931
906	943
906	946
906	955
906	987
907	921
907	939
907	942
907	945
907	966
907	975
907	996
908	925
908	930
909	922
909	942
909	953
909	954
909	977
910	911
910	965
910	982
910	998
911	911
911	914
911	927
911	979
911	995
912	929
912	931
912	944
912	949
912	954
912	959
912	986
912	991
912	993
913	917
913	924
913	927
914	925
914	960
914	995
915	922
915	945
915	965
915	972
915	977
915	984
916	929
916	939
916	941
916	980
916	991
917	980
917	988
918	919
918	922
918	939
918	943
918	947
918	952
918	957
918	983
918	990
919	936
919	946
919	964
919	976
919	980
919	981
919	998
920	985
921	935
921	998
922	925
922	929
922	942
922	980
922	994
922	998
923	930
923	946
923	979
924	944
924	950
924	965
924	968
924	984
924	988
924	995
925	933
925	949
925	960
925	982
925	985
925	988
926	952
926	963
926	970
926	989
926	995
927	942
927	955
927	958
927	987
927	995
928	953
928	978
928	983
929	938
929	940
929	982
930	933
930	949
930	960
930	981
930	988
930	990
931	951
931	964
931	999
932	969
932	986
932	988
933	942
933	951
933	952
933	955
934	935
934	996
935	946
935	977
935	999
936	946
936	948
936	966
937	946
937	948
937	967
937	985
937	996
938	982
938	988
938	991
939	954
939	965
939	970
939	980
939	985
940	968
940	974
941	953
941	975
941	999
942	950
942	951
942	965
943	945
943	960
943	975
944	947
944	975
944	988
944	993
945	950
945	953
945	975
945	986
946	948
947	957
947	969
948	965
948	969
948	978
949	963
949	973
949	975
949	999
950	953
950	962
950	963
950	968
950	977
950	992
951	952
951	956
951	977
951	985
952	955
952	962
952	964
952	968
952	989
953	966
953	997
954	970
954	998
955	973
955	977
955	981
955	982
957	961
957	988
957	996
958	982
960	985
960	988
961	961
961	975
961	999
963	988
964	966
964	989
965	981
965	985
965	996
966	969
966	974
966	984
966	986
968	979
968	981
968	994
969	972
970	974
970	977
970	992
970	996
971	998
972	975
972	983
973	991
973	998
974	990
975	992
976	986
978	989
979	985
979	989
979	998
980	988
980	992
982	985
982	987
982	988
986	995
986	999
988	988
994	994
