0	32
0	35
0	49
0	61
0	65
0	77
0	81
0	91
0	96
0	146
0	609
0	965
1	7
1	11
1	12
1	15
1	30
1	31
1	38
1	40
1	41
1	68
1	71
1	74
1	78
1	80
1	91
1	97
1	128
1	281
1	348
1	368
1	424
1	449
1	576
1	589
1	757
1	763
1	789
1	839
2	15
2	17
2	18
2	19
2	49
2	66
2	96
2	98
2	209
2	275
2	333
2	545
2	745
2	859
2	874
2	939
3	3
3	10
3	19
3	22
3	33
3	34
3	57
3	73
3	79
3	82
3	86
3	90
3	93
3	99
3	163
3	331
3	386
3	417
3	452
3	535
3	712
3	784
3	791
3	956
4	14
4	15
4	18
4	31
4	32
4	35
4	37
4	48
4	78
4	79
4	122
4	356
4	393
4	548
4	558
4	659
4	763
4	775
4	851
4	870
4	992
5	9
5	15
5	22
5	30
5	36
5	37
5	43
5	48
5	53
5	62
5	64
5	74
5	87
5	93
5	98
5	99
5	217
5	497
5	543
5	547
5	726
5	917
5	995
6	16
6	19
6	29
6	31
6	34
6	42
6	45
6	48
6	50
6	52
6	59
6	62
6	64
6	67
6	70
6	80
6	85
6	438
6	505
6	841
6	900
7	20
7	33
7	54
7	72
7	74
7	88
7	92
7	96
7	534
7	762
7	933
7	992
8	28
8	32
8	53
8	54
8	68
8	88
8	95
8	132
8	178
8	412
8	429
8	510
8	613
8	750
8	759
9	20
9	33
9	70
9	93
9	148
9	247
9	308
9	315
9	412
9	531
9	705
9	820
9	999
10	11
10	37
10	51
10	65
10	66
10	67
10	68
10	72
10	184
10	223
10	297
10	388
10	399
10	593
10	850
11	42
11	45
11	83
11	94
11	291
11	348
11	412
11	481
11	501
11	564
11	588
11	734
11	748
11	783
11	790
12	14
12	22
12	44
12	63
12	73
12	94
12	341
12	403
12	431
12	562
12	569
12	664
12	696
12	862
12	932
13	21
13	24
13	46
13	61
13	70
13	89
13	95
13	97
13	192
13	216
13	533
13	642
13	820
13	834
13	839
13	980
14	26
14	35
14	52
14	84
14	93
14	95
14	96
14	119
14	167
14	224
14	243
14	323
14	388
14	440
14	513
14	972
15	24
15	36
15	38
15	39
15	49
15	68
15	83
15	97
15	215
15	461
15	640
15	697
15	734
15	888
16	23
16	36
16	39
16	57
16	62
16	67
16	73
16	94
16	128
16	143
16	274
16	369
16	439
16	730
16	945
16	947
16	992
17	21
17	23
17	25
17	32
17	37
17	42
17	56
17	57
17	59
17	76
17	90
17	92
17	240
17	307
17	512
17	560
17	688
17	919
17	986
18	29
18	33
18	47
18	54
18	76
18	92
18	102
18	388
18	481
18	511
18	886
18	974
19	24
19	28
19	33
19	60
19	61
19	67
19	84
19	89
19	90
19	279
19	471
19	718
19	725
19	851
19	865
20	39
20	44
20	63
20	69
20	75
20	76
20	78
20	91
20	92
20	99
20	103
20	172
20	192
20	258
20	374
20	426
20	479
20	619
20	637
20	798
21	27
21	32
21	46
21	50
21	65
21	70
21	84
21	87
21	88
21	96
21	123
21	222
21	414
21	736
21	879
21	968
21	993
22	23
22	39
22	43
22	61
22	69
22	77
22	85
22	95
22	228
22	330
22	408
22	475
22	490
22	701
22	744
22	856
22	934
23	30
23	35
23	59
23	69
23	87
23	95
23	98
23	145
23	510
23	958
24	29
24	32
24	36
24	44
24	75
24	77
24	79
24	80
24	81
24	97
24	160
24	372
24	457
24	568
24	745
24	783
24	833
24	938
25	29
25	36
25	38
25	43
25	55
25	60
25	61
25	70
25	71
25	80
25	82
25	84
25	88
25	109
25	116
25	359
25	443
25	458
25	574
25	611
25	742
25	852
25	903
26	26
26	28
26	32
26	43
26	60
26	61
26	73
26	80
26	86
26	87
26	88
26	96
26	99
26	149
26	168
26	323
26	571
26	734
26	780
26	827
26	834
27	28
27	39
27	44
27	50
27	58
27	66
27	77
27	242
27	267
27	527
27	578
27	618
27	743
28	33
28	36
28	46
28	48
28	51
28	53
28	57
28	74
28	83
28	148
28	352
28	354
28	383
28	477
28	531
28	695
28	852
28	994
29	43
29	56
29	72
29	74
29	79
29	83
29	85
29	89
29	324
29	452
29	577
29	585
29	659
29	699
29	769
30	33
30	54
30	62
30	69
30	90
30	91
30	99
30	167
30	234
30	316
30	485
30	608
30	619
30	727
30	791
30	818
30	843
30	935
31	50
31	65
31	78
31	80
31	98
31	296
31	675
31	799
32	34
32	53
32	59
32	60
32	62
32	72
32	84
32	89
32	93
32	128
32	672
32	867
32	916
32	962
33	34
33	37
33	38
33	45
33	47
33	49
33	51
33	54
33	56
33	66
33	75
33	82
33	221
33	289
33	380
33	411
33	467
33	556
33	574
33	664
33	779
33	837
33	897
33	924
34	39
34	46
34	96
34	327
34	360
34	429
34	515
34	550
34	804
35	36
35	45
35	47
35	49
35	52
35	56
35	79
35	88
35	589
35	757
36	47
36	52
36	80
36	81
36	97
36	256
36	267
36	392
36	619
36	783
36	946
36	998
37	50
37	58
37	59
37	60
37	71
37	84
37	85
37	94
37	403
37	553
37	586
37	837
37	843
37	849
37	919
38	41
38	69
38	72
38	75
38	90
38	97
38	441
38	450
38	600
38	646
38	684
38	707
38	962
38	982
38	995
39	43
39	47
39	68
39	70
39	73
39	78
39	90
39	134
39	235
39	236
39	239
39	271
39	302
39	304
39	410
39	446
39	607
39	665
39	698
39	849
39	913
40	51
40	60
40	66
40	68
40	74
40	83
40	87
40	99
40	341
40	541
40	812
40	847
40	970
40	983
40	997
41	47
41	71
41	96
41	110
41	273
41	338
41	398
41	432
41	528
41	589
41	728
41	889
42	44
42	46
42	48
42	54
42	59
42	64
42	89
42	271
42	322
42	359
42	365
42	368
42	770
42	795
42	928
43	50
43	56
43	75
43	90
43	97
43	123
43	386
43	413
43	420
43	472
43	654
43	727
43	898
43	950
44	47
44	52
44	58
44	66
44	70
44	73
44	76
44	81
44	84
44	89
44	94
44	99
44	135
44	159
44	284
44	376
44	488
44	560
44	645
44	706
44	715
44	728
44	932
45	50
45	59
45	60
45	77
45	78
45	86
45	93
45	147
45	155
45	400
45	519
45	933
46	49
46	58
46	68
46	76
46	78
46	80
46	87
46	133
46	863
46	970
47	58
47	59
47	60
47	65
47	70
47	82
47	89
47	97
47	147
47	349
47	418
47	625
47	802
47	818
47	927
48	60
48	66
48	69
48	88
48	90
48	98
48	163
48	170
48	488
48	580
48	617
48	677
48	731
49	51
49	86
49	91
49	125
49	140
49	454
49	620
49	673
49	687
49	756
49	870
49	876
50	58
50	62
50	72
50	76
50	85
50	290
50	440
50	494
50	603
50	666
50	800
50	963
51	53
51	65
51	69
51	72
51	73
51	85
51	94
51	98
51	262
51	432
51	805
51	815
51	965
51	966
52	61
52	67
52	69
52	81
52	84
52	95
52	96
52	107
52	209
52	272
52	298
52	535
52	636
52	640
52	836
52	853
52	903
53	68
53	77
53	78
53	84
53	86
53	88
53	97
53	507
53	544
53	591
53	829
53	936
54	60
54	68
54	74
54	82
54	84
54	89
54	92
54	188
54	361
54	362
54	445
54	587
54	661
54	665
54	899
54	942
55	56
55	79
55	91
55	174
55	302
55	534
55	764
55	865
55	876
55	981
56	58
56	60
56	66
56	67
56	80
56	82
56	104
56	130
56	141
56	170
56	191
56	345
56	464
56	886
56	900
56	997
57	63
57	76
57	80
57	81
57	86
57	99
57	418
57	489
58	61
58	68
58	69
58	70
58	73
58	77
58	99
58	101
58	424
58	443
58	896
59	62
59	74
59	76
59	89
59	117
59	176
59	214
59	636
59	755
59	861
59	947
60	66
60	76
60	77
60	92
60	137
60	316
60	410
60	456
60	507
60	551
60	605
60	925
60	993
61	75
61	78
61	93
61	97
61	120
61	177
61	310
61	425
61	486
61	508
61	667
61	673
61	797
62	68
62	69
62	84
62	88
62	92
62	93
62	95
62	225
62	286
62	471
62	501
62	608
62	970
63	65
63	68
63	71
63	79
63	87
63	93
63	96
63	174
63	335
63	546
63	584
63	597
63	683
63	706
63	871
64	65
64	69
64	73
64	203
64	254
64	858
65	88
65	90
65	93
65	95
65	145
65	201
65	234
65	288
65	353
65	435
65	539
65	569
65	638
65	687
65	828
65	842
66	79
66	92
66	96
66	97
66	118
66	230
66	267
66	319
66	426
66	600
66	624
66	639
67	76
67	85
67	86
67	91
67	440
67	453
67	660
67	900
67	967
67	977
68	68
68	75
68	86
68	90
68	94
68	127
68	210
68	449
68	571
68	661
68	677
68	810
69	88
69	92
69	93
69	430
69	471
69	621
69	650
69	684
69	818
69	953
70	84
70	94
70	98
70	356
70	453
70	633
70	667
70	746
71	72
71	83
71	88
71	92
71	259
71	380
71	425
71	528
71	577
71	588
71	643
71	855
72	79
72	251
72	282
72	365
72	615
72	812
73	88
73	160
73	305
73	392
73	459
73	589
73	623
73	669
73	979
74	97
74	98
74	265
74	419
74	454
74	468
74	537
74	949
75	79
75	86
75	92
75	94
75	96
75	248
75	286
75	324
75	428
75	521
75	772
75	943
76	83
76	86
76	324
76	393
76	561
76	641
76	786
76	864
77	80
77	82
77	83
77	87
77	180
77	209
77	433
77	521
77	589
77	777
77	789
77	794
78	88
78	180
78	231
78	594
78	622
78	700
78	878
79	90
79	367
79	536
79	630
79	632
79	871
80	84
80	91
80	98
80	410
80	556
80	906
81	85
81	90
81	91
81	95
81	249
81	400
81	407
81	414
81	786
81	803
81	857
81	896
81	942
82	84
82	96
82	286
82	299
82	303
82	378
82	388
82	457
82	669
82	680
82	779
82	924
83	87
83	89
83	99
83	468
83	646
83	987
83	998
84	88
84	95
84	185
84	306
84	365
84	439
84	642
84	685
84	765
84	846
84	888
84	996
85	96
85	243
85	340
85	345
85	418
85	651
85	821
86	194
86	325
86	509
86	542
86	683
86	687
86	848
86	935
87	88
87	97
87	151
87	428
87	448
88	439
88	597
88	875
89	143
89	186
89	378
89	524
89	628
90	93
90	223
90	380
90	521
90	577
90	795
90	844
90	854
91	97
91	596
91	619
91	628
91	696
91	980
92	97
92	99
92	197
92	367
92	443
92	455
93	94
93	277
93	330
93	379
93	549
93	580
93	656
93	668
93	674
93	768
93	913
94	164
94	463
94	504
94	512
94	673
94	772
94	782
95	163
95	439
95	445
95	700
95	774
96	98
96	286
96	292
96	505
96	664
96	777
96	791
96	859
96	945
97	444
97	699
97	789
97	843
98	290
98	598
98	716
98	722
99	243
99	269
99	479
99	527
99	624
99	833
99	997
100	103
100	137
100	161
100	167
100	169
100	175
100	183
100	185
100	199
100	204
100	246
100	428
100	811
101	108
101	112
101	114
101	116
101	143
101	151
101	158
101	168
101	171
101	177
101	188
101	194
101	207
101	269
101	331
101	384
101	440
101	533
101	687
102	106
102	107
102	113
102	118
102	123
102	130
102	141
102	148
102	151
102	153
102	178
102	187
102	189
102	193
102	196
102	557
102	687
102	713
102	741
102	754
102	799
102	832
103	126
103	139
103	141
103	149
103	164
103	169
103	170
103	178
103	179
103	181
103	184
103	186
103	187
103	189
103	248
103	264
103	482
103	492
103	546
103	554
103	821
103	883
103	983
103	988
104	105
104	109
104	116
104	124
104	126
104	135
104	137
104	141
104	146
104	155
104	190
104	246
104	383
104	436
104	617
104	711
104	949
104	971
105	120
105	143
105	152
105	159
105	165
105	166
105	189
105	275
105	396
105	496
105	534
105	762
105	788
105	864
105	944
105	978
106	110
106	115
106	126
106	133
106	135
106	139
106	145
106	147
106	148
106	151
106	160
106	178
106	180
106	261
106	277
106	383
106	522
106	661
106	784
106	789
107	109
107	110
107	113
107	120
107	121
107	128
107	132
107	133
107	135
107	145
107	149
107	151
107	152
107	161
107	177
107	273
107	294
107	386
107	853
107	888
107	902
107	993
108	108
108	119
108	121
108	122
108	123
108	136
108	174
108	177
108	178
108	188
108	193
108	194
108	197
108	212
108	293
108	869
109	111
109	115
109	146
109	153
109	154
109	160
109	166
109	174
109	176
109	182
109	197
109	227
109	283
109	333
109	861
109	994
110	116
110	125
110	130
110	137
110	141
110	158
110	159
110	172
110	179
110	190
110	192
110	239
110	240
110	255
110	559
110	678
110	809
111	130
111	139
111	169
111	181
111	189
111	192
111	273
111	295
111	326
111	433
111	504
111	605
111	735
111	776
111	832
111	926
111	968
112	116
112	117
112	167
112	168
112	169
112	198
112	246
112	328
112	814
113	120
113	130
113	136
113	142
113	162
113	170
113	179
113	181
113	192
113	196
113	338
113	641
113	853
114	137
114	141
114	147
114	151
114	159
114	163
114	165
114	177
114	186
114	191
114	263
114	700
114	928
115	127
115	131
115	154
115	156
115	161
115	175
115	177
115	178
115	184
115	188
115	195
115	197
115	199
115	234
115	353
115	360
115	422
115	499
115	508
115	528
115	529
115	542
115	579
115	631
115	679
115	692
115	717
115	785
116	126
116	134
116	141
116	148
116	164
116	167
116	171
116	187
116	190
116	192
116	242
116	642
116	691
116	791
116	870
116	884
117	145
117	150
117	151
117	152
117	156
117	158
117	159
117	163
117	169
117	170
117	176
117	180
117	184
117	187
117	195
117	196
117	199
117	224
117	272
117	354
117	380
117	428
117	513
117	980
118	123
118	145
118	146
118	152
118	155
118	164
118	169
118	182
118	192
118	197
118	248
118	362
118	367
118	411
118	458
118	460
118	606
119	126
119	131
119	148
119	152
119	176
119	184
119	250
119	308
119	317
119	360
119	364
119	394
119	471
119	475
119	596
119	711
119	722
120	123
120	145
120	152
120	154
120	179
120	184
120	187
120	236
120	252
120	955
120	970
121	123
121	132
121	136
121	138
121	150
121	161
121	168
121	175
121	182
121	187
121	193
121	199
121	267
121	485
121	514
121	540
121	549
121	721
121	768
121	856
121	859
121	932
122	128
122	140
122	151
122	163
122	167
122	190
122	197
122	199
122	232
122	370
122	469
122	675
122	811
122	926
123	134
123	137
123	169
123	171
123	190
123	193
123	195
123	196
123	301
123	500
123	544
123	592
123	765
123	807
123	826
123	853
124	128
124	135
124	138
124	154
124	172
124	181
124	190
124	193
124	194
124	304
124	351
124	505
124	568
124	626
124	916
124	919
124	935
124	957
125	126
125	145
125	149
125	158
125	182
125	184
125	189
125	198
125	437
125	443
125	489
125	514
125	654
126	127
126	131
126	133
126	141
126	142
126	155
126	159
126	165
126	166
126	170
126	185
126	197
126	198
126	199
126	238
126	264
126	299
126	406
126	520
126	651
126	720
126	779
126	814
126	873
126	933
126	946
127	137
127	159
127	188
127	192
127	199
127	204
127	210
127	252
127	304
127	529
127	601
127	613
127	771
127	777
127	947
128	165
128	170
128	172
128	179
128	180
128	182
128	185
128	562
128	646
128	852
128	886
128	966
128	988
129	131
129	133
129	138
129	143
129	145
129	153
129	154
129	157
129	168
129	199
129	289
129	413
129	579
129	820
130	131
130	136
130	144
130	162
130	169
130	175
130	181
130	184
130	187
130	189
130	296
130	474
130	602
130	682
130	989
131	133
131	134
131	149
131	152
131	162
131	163
131	167
131	174
131	179
131	183
131	192
131	296
131	341
131	397
131	479
131	535
131	624
131	626
131	964
132	139
132	143
132	144
132	145
132	151
132	152
132	156
132	163
132	174
132	178
132	187
132	194
132	195
132	437
132	490
132	817
132	986
133	137
133	146
133	152
133	167
133	168
133	173
133	182
133	185
133	188
133	195
133	268
133	477
133	678
133	685
133	829
133	901
134	137
134	144
134	197
134	234
134	440
134	548
134	603
134	804
135	144
135	158
135	162
135	166
135	184
135	192
135	381
135	875
135	935
136	142
136	156
136	159
136	167
136	169
136	187
136	197
136	315
136	358
136	806
136	980
137	137
137	143
137	146
137	148
137	151
137	163
137	169
137	174
137	179
137	186
137	188
137	198
137	199
137	227
137	346
137	389
137	479
137	989
138	144
138	172
138	175
138	190
138	196
138	295
138	404
138	460
138	637
138	812
139	141
139	144
139	157
139	160
139	168
139	172
139	178
139	229
139	473
139	506
139	597
139	706
139	717
139	931
140	146
140	175
140	191
140	218
140	567
140	629
140	925
141	153
141	156
141	170
141	176
141	180
141	181
141	187
141	199
141	257
141	376
141	470
141	517
141	529
141	658
141	714
141	972
142	164
142	169
142	177
142	183
142	184
142	315
142	538
142	574
143	168
143	180
143	188
143	194
143	309
143	758
143	772
143	880
143	942
144	146
144	152
144	168
144	175
144	177
144	188
144	190
144	196
144	414
144	417
144	476
144	974
144	980
144	996
145	145
145	157
145	158
145	161
145	163
145	177
145	180
145	195
145	267
145	359
145	365
145	480
145	571
145	580
145	582
145	670
145	772
146	151
146	156
146	170
146	173
146	224
146	456
146	499
146	598
146	608
146	619
146	735
146	748
146	767
146	793
146	963
147	159
147	161
147	169
147	175
147	176
147	196
147	513
147	575
147	633
147	684
147	743
147	804
147	986
148	149
148	153
148	165
148	175
148	176
148	186
148	187
148	191
148	369
148	481
148	487
148	488
148	514
148	517
148	579
148	734
148	872
149	167
149	172
149	188
149	191
149	196
149	383
149	512
149	554
149	666
149	713
149	865
149	904
149	960
149	999
150	151
150	158
150	164
150	169
150	190
150	250
150	254
150	500
150	609
150	918
150	951
151	155
151	172
151	179
151	190
151	194
151	197
151	507
151	658
151	726
152	155
152	168
152	174
152	188
152	190
152	238
152	254
152	352
152	602
152	678
152	834
152	913
153	153
153	159
153	162
153	184
153	187
153	189
153	194
153	293
153	323
153	469
153	499
153	508
153	604
154	158
154	160
154	162
154	176
154	187
154	431
154	660
154	713
154	714
154	779
154	859
155	163
155	178
155	183
155	191
155	196
155	265
155	454
155	539
155	547
155	733
155	919
156	164
156	167
156	172
156	175
156	176
156	186
156	187
156	190
156	191
156	197
156	320
156	456
156	915
156	931
156	945
157	158
157	161
157	162
157	185
157	197
157	309
157	319
157	447
157	461
157	488
157	643
157	656
158	168
158	181
158	190
158	196
158	470
158	582
158	648
158	675
158	684
159	160
159	230
159	353
159	746
159	858
159	931
160	160
160	165
160	167
160	172
160	174
160	184
160	251
160	349
160	668
160	695
160	771
160	892
161	172
161	199
161	336
161	718
161	751
161	807
161	992
162	163
162	175
162	191
162	264
162	420
162	703
162	996
163	167
163	181
163	183
163	188
163	210
163	366
163	459
163	876
163	889
164	164
164	168
164	189
164	280
164	346
164	358
164	449
164	462
164	521
164	964
164	976
165	166
165	180
165	183
165	190
165	196
165	286
165	408
165	756
165	774
165	801
165	963
165	965
165	996
166	174
166	181
166	183
166	188
166	189
166	199
166	448
166	719
166	786
166	895
166	944
166	977
167	175
167	244
167	495
168	182
168	192
168	196
168	311
168	432
168	452
168	461
168	552
168	637
168	652
169	171
169	183
169	197
169	233
169	261
169	263
169	451
169	600
169	621
169	731
169	770
169	771
169	926
170	172
170	180
170	182
170	188
170	197
170	216
170	579
170	611
170	629
170	858
171	173
171	177
171	181
171	198
171	258
171	417
171	630
171	699
171	733
172	175
172	181
172	187
172	317
172	327
172	425
172	911
172	991
173	177
173	199
173	222
173	236
173	354
173	372
173	766
173	856
173	949
173	964
174	176
174	185
174	188
174	196
174	351
174	384
174	427
174	454
174	499
174	571
174	628
174	639
174	666
174	684
174	780
174	844
175	175
175	198
175	247
175	311
175	486
175	532
175	852
175	971
175	981
175	993
176	180
176	193
176	194
176	199
176	256
176	393
176	395
176	596
176	856
176	954
177	179
177	564
177	607
177	728
177	832
177	843
177	948
178	191
178	325
178	467
178	562
178	973
178	986
179	183
179	190
179	192
179	446
179	491
179	552
179	605
179	759
179	813
180	199
180	562
180	583
180	741
180	813
180	904
181	181
181	194
181	440
181	511
181	615
181	653
181	714
181	750
181	767
181	839
182	184
182	193
182	252
182	365
182	379
182	408
182	412
182	440
182	514
182	547
182	751
182	974
183	183
183	184
183	194
183	229
183	324
183	360
183	364
183	384
183	473
183	530
183	641
183	759
183	981
184	192
184	212
184	331
184	393
184	405
184	602
184	689
185	186
185	198
185	667
185	841
185	909
186	188
186	412
186	750
186	895
187	198
187	209
187	240
187	335
187	598
187	648
187	707
187	834
188	188
188	194
188	199
188	232
188	263
188	456
188	602
188	606
188	620
189	385
189	461
189	699
189	788
189	828
189	849
190	240
190	306
190	462
190	616
190	744
190	917
190	992
191	192
191	193
191	442
191	726
192	195
192	197
192	456
192	538
192	586
192	631
192	780
193	272
193	445
193	603
193	613
193	894
193	944
194	199
194	638
194	756
194	944
194	982
195	198
195	475
195	589
195	671
196	382
196	460
196	485
196	826
196	852
196	856
196	894
197	204
197	287
197	296
197	392
197	409
197	698
197	821
197	983
198	271
198	327
198	895
199	419
199	455
199	845
199	922
200	209
200	214
200	224
200	238
200	262
200	266
200	267
200	280
200	286
200	451
200	814
201	208
201	218
201	227
201	231
201	236
201	258
201	266
201	270
201	276
201	281
201	283
201	291
201	295
201	569
201	675
201	709
201	719
201	728
202	203
202	214
202	223
202	225
202	226
202	229
202	233
202	234
202	245
202	248
202	257
202	264
202	272
202	277
202	283
202	290
202	356
202	457
202	509
202	537
202	578
202	620
202	843
202	854
202	886
202	967
202	979
203	209
203	239
203	249
203	264
203	269
203	272
203	280
203	290
203	372
203	397
203	603
203	947
204	214
204	216
204	233
204	246
204	248
204	255
204	259
204	280
204	296
204	298
204	475
204	628
204	678
204	727
204	889
204	979
205	211
205	218
205	221
205	232
205	233
205	239
205	252
205	257
205	267
205	277
205	282
205	283
205	287
205	291
205	298
205	380
205	823
205	836
205	948
206	207
206	213
206	216
206	228
206	231
206	239
206	255
206	256
206	258
206	263
206	279
206	286
206	571
206	646
206	731
206	785
206	861
206	973
207	214
207	221
207	233
207	235
207	243
207	245
207	250
207	272
207	286
207	334
207	339
207	842
207	925
208	215
208	225
208	228
208	234
208	239
208	249
208	255
208	262
208	263
208	271
208	275
208	283
208	285
208	290
208	298
208	688
208	690
209	212
209	221
209	233
209	239
209	253
209	269
209	286
209	290
209	433
209	435
209	827
209	853
209	894
209	991
210	216
210	219
210	233
210	236
210	240
210	244
210	249
210	257
210	265
210	269
210	277
210	281
210	300
210	364
210	375
210	869
211	218
211	221
211	226
211	246
211	253
211	256
211	258
211	279
211	286
211	321
211	344
211	448
211	527
211	738
211	851
211	969
211	978
212	224
212	229
212	234
212	254
212	258
212	262
212	267
212	269
212	279
212	280
212	282
212	286
212	295
212	328
212	520
212	701
212	829
212	836
213	220
213	232
213	236
213	237
213	246
213	254
213	263
213	287
213	289
213	295
213	365
213	565
213	934
213	942
214	224
214	251
214	259
214	266
214	267
214	280
214	287
214	289
214	335
214	455
214	505
214	629
214	779
214	786
215	227
215	239
215	241
215	251
215	254
215	265
215	271
215	273
215	274
215	278
215	281
215	292
215	299
215	416
215	634
215	689
215	937
216	219
216	234
216	236
216	289
216	290
216	292
216	296
216	297
216	309
216	310
216	570
216	603
216	684
216	703
216	962
217	228
217	231
217	257
217	298
217	825
217	834
218	219
218	228
218	244
218	245
218	255
218	275
218	283
218	298
218	346
218	771
218	799
218	803
219	236
219	238
219	247
219	255
219	265
219	268
219	452
219	528
219	758
220	240
220	264
220	269
220	284
220	325
220	457
220	689
220	822
220	869
220	936
220	947
220	973
220	993
221	228
221	234
221	246
221	247
221	277
221	282
221	288
221	290
221	291
221	433
221	509
221	904
221	967
222	225
222	234
222	261
222	272
222	275
222	283
222	288
222	289
222	291
222	297
222	541
222	596
222	649
222	884
223	225
223	227
223	238
223	240
223	241
223	243
223	249
223	274
223	275
223	276
223	277
223	278
223	283
223	288
223	293
223	470
223	681
223	683
223	686
223	690
223	710
223	991
224	224
224	235
224	252
224	275
224	288
224	406
224	507
224	668
224	765
225	226
225	228
225	231
225	259
225	287
225	313
225	367
225	400
225	473
225	616
225	741
225	864
226	229
226	247
226	249
226	252
226	264
226	266
226	268
226	276
226	289
226	471
226	483
226	578
226	606
226	708
226	850
226	862
226	955
227	231
227	232
227	244
227	249
227	262
227	272
227	273
227	274
227	298
227	311
227	388
227	595
227	629
227	640
227	741
227	847
227	993
228	234
228	238
228	252
228	255
228	265
228	284
228	321
228	397
228	407
228	449
228	518
228	671
228	791
228	950
229	230
229	234
229	237
229	239
229	242
229	245
229	252
229	254
229	261
229	263
229	265
229	266
229	291
229	318
229	379
229	543
229	738
229	804
229	841
230	235
230	236
230	259
230	264
230	265
230	267
230	272
230	276
230	294
230	299
230	363
230	390
230	625
230	735
230	871
230	884
230	926
231	231
231	247
231	259
231	267
231	272
231	274
231	276
231	277
231	282
231	285
231	287
231	293
231	299
231	489
231	581
231	679
231	719
231	905
232	238
232	239
232	243
232	282
232	332
232	673
232	810
232	884
232	897
233	234
233	261
233	263
233	266
233	282
233	286
233	290
233	311
233	366
233	551
233	631
233	632
233	733
233	802
233	833
234	241
234	243
234	260
234	275
234	363
234	416
234	449
234	484
234	516
234	517
234	940
235	239
235	260
235	293
235	497
235	525
235	551
235	609
235	645
235	871
235	874
235	990
235	999
236	241
236	244
236	251
236	259
236	267
236	268
236	271
236	308
236	340
236	409
236	587
236	736
236	938
237	237
237	242
237	246
237	247
237	256
237	259
237	264
237	265
237	267
237	268
237	278
237	280
237	370
237	455
237	488
237	516
237	523
237	603
237	639
237	725
237	763
237	781
238	241
238	248
238	254
238	258
238	277
238	283
238	292
238	293
238	380
238	457
238	464
238	493
238	673
238	736
238	901
238	966
239	240
239	243
239	247
239	254
239	277
239	281
239	282
239	284
239	288
239	294
239	312
239	369
239	411
239	616
239	666
239	779
239	826
239	977
240	241
240	243
240	248
240	250
240	257
240	259
240	263
240	267
240	274
240	275
240	289
240	294
240	400
240	821
240	842
241	246
241	259
241	260
241	289
241	290
241	294
241	311
241	346
241	400
241	579
241	660
241	715
241	781
242	249
242	255
242	257
242	260
242	262
242	265
242	268
242	282
242	287
242	288
242	294
242	297
242	428
242	616
242	643
242	652
242	665
242	951
243	252
243	258
243	263
243	279
243	285
243	298
243	315
243	425
243	460
243	527
243	536
243	801
243	818
243	944
244	249
244	259
244	263
244	271
244	290
244	332
244	361
244	492
244	542
244	625
244	784
244	837
245	249
245	250
245	251
245	290
245	295
245	324
245	400
245	913
245	956
246	252
246	255
246	261
246	266
246	268
246	290
246	624
246	687
246	692
246	696
246	780
246	796
246	964
247	256
247	258
247	267
247	269
247	270
247	285
247	289
247	291
247	363
247	573
247	936
248	253
248	257
248	272
248	422
248	479
248	584
248	717
248	759
249	250
249	271
249	274
249	279
249	282
249	297
249	378
249	689
249	706
249	722
249	860
249	901
249	916
250	269
250	289
250	299
250	739
250	752
250	890
250	933
251	256
251	265
251	271
251	276
251	281
251	283
251	294
251	297
251	345
251	448
251	662
251	794
251	929
251	951
252	256
252	264
252	265
252	287
252	288
252	295
252	303
252	386
252	686
252	908
252	954
253	258
253	265
253	268
253	271
253	278
253	285
253	292
253	309
253	553
253	851
254	263
254	268
254	278
254	280
254	283
254	331
254	375
254	771
254	806
254	938
255	257
255	260
255	272
255	274
255	279
255	284
255	286
255	289
255	293
255	297
255	790
256	258
256	259
256	265
256	276
256	287
256	513
256	554
256	574
256	704
256	819
256	824
256	833
256	887
256	938
257	262
257	278
257	285
257	287
257	290
257	295
257	297
257	337
257	730
257	819
257	840
257	923
258	261
258	269
258	274
258	280
258	284
258	288
258	295
258	577
258	841
258	855
259	261
259	267
259	268
259	292
259	393
259	603
259	629
259	686
259	721
259	815
259	989
260	268
260	273
260	279
260	289
260	411
260	556
260	795
260	812
260	900
260	915
261	268
261	280
261	284
261	366
261	486
261	533
261	865
261	875
262	263
262	269
262	271
262	274
262	286
262	291
262	293
262	299
262	334
262	641
262	699
262	720
262	830
263	270
263	278
263	283
263	284
263	290
263	299
263	423
263	561
263	701
263	847
264	267
264	270
264	271
264	275
264	281
264	284
264	516
264	629
264	732
264	906
264	947
264	952
265	271
265	274
265	280
265	283
265	287
265	298
265	303
265	475
265	656
265	701
265	797
265	813
265	821
266	278
266	287
266	294
266	503
266	554
267	284
267	298
267	348
267	813
268	358
268	369
268	394
268	520
268	621
268	648
268	721
269	272
269	282
269	287
269	296
269	340
269	446
269	566
269	608
269	733
269	879
270	287
270	289
270	297
270	388
270	471
270	707
270	792
271	284
271	287
271	807
271	946
272	275
272	276
272	277
272	279
272	292
272	295
272	421
272	692
272	698
272	859
272	908
273	273
273	283
273	298
273	312
273	447
273	463
273	672
273	733
274	326
274	427
274	468
274	537
274	747
274	873
275	277
275	279
275	288
275	289
275	295
275	397
275	450
275	591
275	874
276	283
276	297
276	351
276	388
276	565
276	826
276	895
276	993
277	289
277	290
277	361
277	515
277	613
277	664
277	691
277	706
277	718
277	817
277	935
278	290
278	295
278	298
278	333
278	400
278	544
278	813
278	854
278	926
279	281
279	286
279	315
279	413
279	484
279	622
280	283
280	467
280	576
280	699
280	753
280	767
280	979
281	283
281	286
281	445
281	462
281	669
281	743
281	757
281	777
282	409
282	504
282	656
282	785
282	856
283	296
283	549
283	696
283	916
283	986
284	285
284	287
284	292
284	293
284	374
284	481
284	663
284	692
284	752
285	288
285	295
285	545
285	690
285	736
285	742
285	751
285	967
286	295
286	299
286	311
286	382
286	507
286	573
286	742
286	849
286	976
287	294
287	383
287	600
287	723
287	841
287	890
287	954
287	978
288	290
288	299
288	754
289	555
289	674
289	754
290	296
290	297
290	539
290	588
290	623
290	695
291	298
291	299
291	542
291	559
291	626
291	785
291	890
292	299
292	358
292	505
292	560
292	654
292	661
292	843
292	905
292	959
293	402
293	409
293	484
293	594
293	627
293	748
293	783
293	926
294	294
294	398
294	485
294	608
294	719
294	764
294	787
294	805
294	904
295	383
295	413
295	462
295	878
296	325
296	377
296	383
296	390
296	448
296	711
297	506
298	298
298	422
298	526
298	667
298	737
298	817
298	893
298	927
299	484
299	502
299	529
299	549
299	911
300	322
300	323
300	329
300	342
300	344
300	348
300	349
300	355
300	358
300	386
300	389
300	393
300	431
300	658
300	863
301	303
301	308
301	316
301	325
301	329
301	338
301	347
301	363
301	376
301	377
301	378
301	379
301	380
301	381
301	386
301	387
301	739
301	843
301	912
301	987
302	304
302	309
302	327
302	364
302	366
302	370
302	389
302	398
302	615
303	315
303	333
303	337
303	338
303	339
303	360
303	364
303	368
303	370
303	371
303	376
303	385
303	390
303	396
303	399
303	474
303	664
303	791
304	308
304	314
304	320
304	321
304	329
304	335
304	337
304	338
304	352
304	358
304	362
304	386
304	395
304	397
304	494
304	508
305	309
305	317
305	325
305	328
305	349
305	356
305	373
305	375
305	388
305	389
305	394
305	470
305	521
305	525
305	610
305	714
305	860
306	314
306	316
306	356
306	357
306	362
306	366
306	368
306	372
306	386
306	407
306	679
306	686
307	309
307	310
307	312
307	313
307	326
307	331
307	333
307	345
307	352
307	360
307	361
307	366
307	371
307	382
307	486
307	680
307	706
307	790
307	839
307	865
307	903
307	970
308	318
308	322
308	323
308	325
308	328
308	351
308	360
308	373
308	386
308	388
308	395
308	469
308	707
308	818
308	835
308	979
309	313
309	315
309	319
309	321
309	334
309	338
309	343
309	364
309	373
309	379
309	384
309	396
309	577
309	665
309	750
309	840
309	931
309	956
309	971
310	331
310	346
310	347
310	349
310	352
310	362
310	363
310	365
310	377
310	387
310	393
310	662
310	686
310	743
310	924
311	339
311	340
311	346
311	349
311	352
311	365
311	374
311	377
311	383
311	395
311	616
311	672
311	749
312	323
312	340
312	351
312	373
312	391
312	399
312	781
312	868
312	899
313	314
313	316
313	330
313	333
313	334
313	358
313	364
313	435
313	530
313	837
314	334
314	337
314	350
314	352
314	374
314	380
314	398
314	423
314	549
314	666
314	673
314	712
314	915
314	948
315	318
315	328
315	329
315	331
315	333
315	334
315	338
315	345
315	364
315	366
315	374
315	376
315	391
315	535
315	692
315	710
315	796
316	322
316	323
316	327
316	335
316	343
316	353
316	356
316	362
316	376
316	379
316	507
316	847
316	987
317	319
317	337
317	346
317	350
317	361
317	380
317	386
317	402
317	537
317	604
317	751
317	757
318	332
318	333
318	349
318	353
318	354
318	363
318	381
318	387
318	396
318	397
318	634
318	844
319	323
319	328
319	331
319	351
319	353
319	365
319	368
319	375
319	380
319	398
319	429
319	465
319	621
319	655
319	915
319	922
320	323
320	330
320	336
320	339
320	352
320	364
320	366
320	384
320	386
320	545
320	790
320	875
320	915
321	334
321	344
321	369
321	374
321	378
321	386
321	397
321	498
321	977
321	997
322	325
322	330
322	331
322	333
322	344
322	353
322	361
322	364
322	375
322	397
322	398
322	500
322	700
322	850
322	887
322	945
323	329
323	335
323	336
323	347
323	349
323	364
323	372
323	384
323	490
323	651
323	690
323	824
323	973
323	975
324	337
324	350
324	370
324	386
324	387
324	394
324	455
324	520
324	542
324	709
325	339
325	343
325	348
325	353
325	358
325	365
325	374
325	377
325	381
325	387
325	398
325	454
325	865
325	867
326	327
326	329
326	330
326	351
326	357
326	360
326	365
326	369
326	378
326	398
326	399
326	418
326	571
326	653
326	680
326	810
327	332
327	339
327	343
327	365
327	375
327	378
327	379
327	389
327	395
327	599
327	753
327	814
327	886
327	887
327	992
328	335
328	336
328	353
328	355
328	358
328	359
328	365
328	377
328	396
328	398
328	515
328	996
329	336
329	339
329	345
329	351
329	361
329	366
329	400
329	437
329	448
329	471
329	575
329	577
329	617
329	667
329	684
329	736
329	757
329	895
329	904
329	912
330	347
330	351
330	363
330	381
330	456
330	518
330	703
330	739
330	764
331	337
331	348
331	355
331	377
331	386
331	388
331	458
331	508
331	758
331	996
332	338
332	359
332	361
332	373
332	384
332	385
332	395
332	405
332	436
332	445
332	660
332	700
332	998
333	345
333	346
333	348
333	377
333	379
333	382
333	394
333	445
333	802
333	813
333	866
333	957
334	346
334	350
334	357
334	370
334	373
334	376
334	390
334	394
334	396
334	865
335	341
335	368
335	377
335	380
335	390
335	489
335	661
335	683
336	342
336	344
336	348
336	355
336	356
336	360
336	373
336	383
336	384
336	406
336	413
336	503
336	554
336	846
336	967
337	345
337	365
337	371
337	390
337	392
337	421
337	569
337	741
337	778
337	875
337	901
338	344
338	348
338	350
338	354
338	355
338	360
338	361
338	376
338	378
338	388
338	390
338	394
338	561
338	719
338	795
338	848
339	347
339	356
339	360
339	367
339	369
339	373
339	379
339	395
339	513
339	518
339	528
339	665
339	671
339	702
339	819
339	829
339	840
339	855
339	937
340	346
340	347
340	352
340	362
340	374
340	381
340	388
340	593
340	607
340	931
341	341
341	355
341	358
341	363
341	376
341	386
341	387
341	395
341	455
341	811
341	893
341	964
341	984
341	993
342	349
342	351
342	384
342	386
342	388
342	391
342	425
342	497
342	576
342	579
342	618
342	889
342	927
342	943
342	956
343	344
343	353
343	361
343	369
343	371
343	381
343	383
343	386
343	390
343	397
343	419
343	473
343	591
343	625
343	684
343	722
343	745
343	890
344	359
344	373
344	380
344	388
344	399
344	410
344	452
344	462
344	784
344	847
345	346
345	347
345	348
345	360
345	365
345	367
345	372
345	662
345	675
345	923
346	346
346	347
346	352
346	369
346	389
346	863
346	870
346	889
346	930
346	934
347	352
347	353
347	360
347	364
347	365
347	372
347	375
347	377
347	388
347	395
347	911
347	936
348	352
348	363
348	367
348	386
348	389
348	396
348	398
348	458
348	568
348	663
348	807
348	879
349	353
349	358
349	364
349	365
349	373
349	384
349	387
349	392
349	402
349	447
349	542
349	547
350	352
350	355
350	356
350	366
350	368
350	378
350	395
350	397
350	611
350	633
350	710
350	914
350	982
351	368
351	372
351	376
351	377
351	386
351	393
351	395
351	577
351	591
351	733
351	917
352	366
352	374
352	381
352	397
352	467
352	506
352	767
352	904
353	360
353	372
353	374
353	380
353	385
353	388
353	533
353	545
353	650
353	776
353	784
353	890
354	363
354	375
354	377
354	387
354	391
354	394
354	395
354	535
354	675
354	682
354	796
355	365
355	368
355	377
355	390
355	392
355	398
355	441
355	532
355	580
355	606
355	673
355	685
355	756
355	831
355	833
355	859
356	357
356	363
356	365
356	370
356	372
356	390
356	392
356	442
356	538
356	567
356	586
356	634
356	778
356	989
357	363
357	368
357	370
357	372
357	392
357	399
357	641
357	786
357	799
357	827
357	913
358	359
358	362
358	365
358	371
358	377
358	380
358	393
358	396
358	397
358	470
358	689
358	802
358	906
358	911
359	365
359	388
359	394
359	396
359	508
359	671
359	761
359	782
359	843
360	368
360	371
360	388
360	395
360	396
360	477
360	562
360	611
360	614
360	623
360	645
360	840
360	891
360	933
360	985
361	363
361	370
361	374
361	383
361	396
361	398
361	492
361	517
361	615
361	625
361	721
361	822
362	369
362	389
362	451
362	940
362	962
363	366
363	370
363	375
363	486
363	536
363	540
363	560
363	836
363	993
364	365
364	375
364	613
365	379
365	380
365	394
365	404
365	524
365	538
365	658
365	723
365	753
365	914
366	368
366	369
366	372
366	373
366	378
366	383
366	390
366	393
366	444
366	513
366	518
366	635
366	784
366	893
366	947
366	999
367	369
367	386
367	388
367	390
367	397
367	526
367	600
367	810
367	848
367	889
367	918
367	991
368	390
368	395
368	630
368	703
368	771
368	879
368	963
369	370
369	371
369	373
369	374
369	380
369	383
369	389
369	393
369	398
369	399
369	409
369	452
369	587
369	993
370	380
370	381
370	387
370	563
370	775
370	880
371	375
371	384
371	387
371	397
371	525
371	543
371	838
372	372
372	373
372	381
372	436
372	475
372	487
372	565
372	576
372	759
373	375
373	389
373	390
373	391
373	392
373	397
373	399
373	412
373	580
373	596
373	733
373	989
374	389
374	489
374	679
374	728
375	384
375	388
375	389
375	392
375	395
375	425
375	506
375	746
375	836
376	385
376	396
376	397
377	384
377	385
377	387
377	388
377	395
377	450
377	483
377	637
377	657
377	713
377	778
377	814
377	998
378	449
378	582
378	729
378	920
378	947
379	384
379	386
379	390
379	392
379	488
379	547
379	725
379	772
379	818
379	840
380	388
380	390
380	399
380	509
380	598
380	753
380	837
380	840
380	871
380	954
381	388
381	742
381	792
381	799
381	810
381	824
381	934
381	961
382	382
382	386
382	395
382	559
382	560
382	804
382	833
382	989
383	385
383	389
383	392
383	633
383	655
383	732
383	813
383	876
383	905
383	942
384	398
384	484
384	579
384	584
384	595
384	764
384	780
384	929
385	474
385	507
385	836
385	954
386	388
386	621
386	836
386	886
387	395
387	399
387	653
387	772
387	811
387	862
387	867
388	739
388	938
388	947
389	392
389	398
389	445
389	935
389	966
390	392
390	393
390	396
390	581
390	610
390	659
390	684
390	690
390	831
390	902
391	392
391	396
391	398
391	536
391	616
391	676
391	729
391	817
392	520
392	780
392	832
392	881
393	497
393	515
393	564
393	570
393	726
393	776
393	800
393	817
393	819
394	707
394	780
394	937
395	412
395	624
395	632
395	686
395	824
395	871
396	437
396	491
396	557
396	738
397	454
397	455
397	491
398	518
398	586
398	803
398	868
399	458
399	483
399	493
399	654
399	685
399	696
399	782
399	841
399	882
399	970
400	402
400	410
400	415
400	419
400	434
400	438
400	441
400	444
400	456
400	472
400	485
400	495
401	413
401	417
401	420
401	421
401	423
401	425
401	433
401	434
401	448
401	456
401	460
401	462
401	467
401	491
401	579
401	639
401	739
401	773
401	862
401	991
402	406
402	407
402	415
402	428
402	442
402	448
402	467
402	474
402	479
402	486
402	600
402	830
402	854
402	861
402	962
403	408
403	426
403	450
403	466
403	476
403	484
403	488
403	490
403	494
403	627
403	691
404	411
404	416
404	418
404	426
404	430
404	432
404	449
404	452
404	466
404	471
404	474
404	477
404	479
404	491
404	497
404	510
404	565
404	587
404	594
404	623
404	638
404	684
404	724
404	833
405	416
405	417
405	422
405	432
405	443
405	457
405	472
405	474
405	475
405	488
405	495
405	614
405	665
405	748
405	886
405	993
406	406
406	412
406	417
406	420
406	421
406	426
406	434
406	454
406	461
406	470
406	476
406	482
406	487
406	510
406	646
407	413
407	418
407	425
407	438
407	439
407	454
407	460
407	470
407	479
407	481
407	482
407	491
407	559
407	871
408	409
408	410
408	411
408	434
408	435
408	443
408	451
408	465
408	476
408	478
408	480
408	490
408	654
408	687
409	409
409	419
409	425
409	426
409	427
409	431
409	439
409	446
409	467
409	497
409	499
409	633
409	652
409	659
409	750
409	769
409	784
409	795
409	815
409	937
410	411
410	427
410	428
410	432
410	447
410	454
410	460
410	463
410	478
410	484
410	612
410	757
410	838
410	903
410	963
410	997
411	419
411	426
411	434
411	447
411	458
411	461
411	463
411	484
411	494
411	503
411	666
412	441
412	467
412	482
412	493
412	857
412	970
412	979
413	434
413	440
413	452
413	456
413	457
413	467
413	469
413	483
413	490
413	493
413	498
413	800
413	848
413	864
414	417
414	439
414	450
414	460
414	462
414	465
414	484
414	881
414	927
414	959
415	435
415	447
415	453
415	466
415	477
415	479
415	490
415	496
415	498
415	507
415	519
415	529
415	579
415	583
415	835
415	930
415	980
416	419
416	424
416	430
416	438
416	443
416	450
416	451
416	460
416	470
416	472
416	476
416	481
416	490
416	648
416	813
416	867
416	897
417	419
417	421
417	423
417	424
417	428
417	433
417	443
417	457
417	461
417	462
417	465
417	476
417	483
417	485
417	491
417	498
417	586
418	419
418	420
418	427
418	430
418	432
418	434
418	438
418	445
418	475
418	480
418	489
418	494
418	498
418	744
418	752
418	934
419	420
419	426
419	428
419	439
419	445
419	447
419	460
419	461
419	467
419	482
419	483
419	487
419	492
419	496
419	527
419	544
419	646
420	422
420	439
420	442
420	450
420	464
420	467
420	490
420	499
420	543
420	560
420	663
420	671
420	963
421	424
421	430
421	454
421	457
421	461
421	462
421	475
421	478
421	481
421	489
421	992
422	423
422	436
422	443
422	455
422	460
422	461
422	470
422	478
422	497
422	498
422	521
422	614
422	649
422	742
422	912
422	920
422	982
423	428
423	440
423	443
423	447
423	450
423	472
423	541
423	787
423	880
423	982
424	430
424	457
424	470
424	478
424	481
424	493
424	587
424	766
424	892
424	912
425	428
425	429
425	448
425	461
425	463
425	466
425	474
425	546
425	679
425	747
426	428
426	435
426	439
426	443
426	444
426	458
426	460
426	471
426	494
426	497
426	498
426	569
426	595
426	649
426	880
427	429
427	470
427	474
427	479
427	482
427	487
427	499
427	612
427	698
427	727
427	732
427	835
427	901
427	919
427	966
427	975
428	430
428	442
428	444
428	447
428	478
428	484
428	493
428	498
428	522
428	525
428	581
428	654
428	737
428	774
428	833
428	925
428	974
429	449
429	462
429	463
429	469
429	471
429	484
429	488
429	491
429	498
429	499
429	803
429	925
430	436
430	442
430	443
430	457
430	468
430	479
430	485
430	487
430	490
430	494
430	528
430	583
431	453
431	456
431	470
431	472
431	483
431	488
431	492
431	495
431	498
431	532
431	686
431	896
432	433
432	442
432	443
432	450
432	454
432	468
432	476
432	478
432	489
432	498
432	499
432	514
432	590
432	771
432	881
433	437
433	447
433	456
433	469
433	474
433	475
433	485
433	486
433	493
433	494
433	508
433	541
433	590
433	729
433	891
433	928
434	451
434	461
434	468
434	473
434	475
434	478
434	490
434	581
434	603
434	636
434	917
434	922
435	440
435	446
435	449
435	470
435	490
435	492
435	511
435	531
435	569
435	754
436	453
436	472
436	480
436	497
436	538
436	750
437	455
437	459
437	477
437	485
437	497
437	498
437	499
437	892
438	447
438	449
438	458
438	462
438	463
438	482
438	484
438	486
438	488
438	489
438	492
438	627
438	893
439	443
439	475
439	486
439	488
439	489
439	490
439	492
439	496
439	497
439	666
439	678
440	445
440	447
440	451
440	454
440	465
440	471
440	477
440	489
440	496
440	499
440	729
440	855
440	976
441	448
441	450
441	455
441	464
441	469
441	473
441	484
441	489
441	504
441	515
441	565
441	683
441	715
441	750
441	762
441	787
441	927
441	954
442	464
442	481
442	485
442	498
442	635
442	643
442	973
443	449
443	450
443	453
443	454
443	472
443	482
443	486
443	487
443	494
443	610
443	689
443	742
443	743
443	860
444	454
444	457
444	459
444	460
444	462
444	468
444	490
444	491
444	496
444	498
444	531
444	569
444	687
444	768
444	898
445	447
445	450
445	453
445	457
445	460
445	476
445	493
445	496
445	588
445	706
446	448
446	464
446	473
446	490
446	496
446	498
446	642
446	684
446	755
446	783
447	450
447	463
447	470
447	481
447	489
447	492
447	499
447	871
447	878
448	449
448	450
448	453
448	476
448	478
448	851
448	947
449	453
449	462
449	465
449	469
449	478
449	480
449	491
449	724
449	919
449	976
450	468
450	470
450	476
450	488
450	494
450	495
450	498
450	541
450	740
450	818
450	841
450	897
450	956
450	970
451	452
451	470
451	473
451	477
451	492
451	496
451	497
451	594
451	935
451	958
452	459
452	463
452	468
452	481
452	488
452	494
452	499
452	614
452	626
452	945
452	982
453	458
453	460
453	466
453	474
453	496
453	531
453	572
453	674
453	898
454	455
454	469
454	478
454	486
454	515
454	736
454	778
454	787
454	834
455	459
455	461
455	463
455	468
455	475
455	476
455	479
455	482
455	487
455	495
455	749
456	461
456	467
456	468
456	488
456	499
456	604
456	634
456	780
456	908
457	459
457	465
457	470
457	478
457	481
457	485
457	486
457	488
457	492
457	712
457	818
458	462
458	467
458	582
458	667
458	738
458	896
459	461
459	470
459	479
459	491
459	621
459	739
459	840
460	492
460	494
460	496
460	856
461	488
461	489
461	496
461	558
461	586
461	600
461	614
461	656
461	842
462	472
462	473
462	476
462	478
462	482
462	485
462	488
462	492
462	495
462	644
462	860
463	487
463	496
463	498
463	559
463	599
463	629
463	890
463	976
464	470
464	472
464	483
464	498
464	673
464	935
464	975
465	466
465	533
465	567
465	578
465	656
465	705
465	851
465	871
466	469
466	471
466	485
466	490
466	578
466	753
466	973
467	468
467	480
467	481
467	482
467	485
467	537
467	549
467	823
467	857
467	936
467	994
468	474
468	479
468	494
468	495
468	498
468	649
468	818
468	998
469	481
469	488
469	511
469	640
469	670
470	472
470	479
470	490
470	492
470	566
470	587
470	764
470	831
470	854
470	979
471	474
471	482
471	487
471	493
471	508
471	563
471	625
471	848
471	905
472	529
472	561
472	615
472	653
472	715
472	753
472	756
472	846
472	919
472	993
473	487
473	488
473	490
473	491
473	498
473	531
473	632
473	637
473	715
473	776
473	965
474	487
474	492
474	494
474	583
474	672
474	692
474	714
474	780
474	856
475	487
475	499
475	535
475	605
475	648
475	655
475	850
476	487
476	498
476	516
476	979
476	982
477	478
477	480
477	491
477	557
477	756
477	884
477	917
478	481
478	499
478	533
478	900
479	488
479	489
479	493
479	495
479	496
479	526
479	597
479	622
479	667
479	776
479	934
479	987
480	488
480	489
480	495
480	531
480	546
480	587
480	811
480	838
480	905
480	951
481	572
481	881
482	487
482	496
483	723
483	809
483	866
483	996
484	526
484	533
484	617
484	686
484	711
484	944
485	486
485	494
485	594
486	499
486	619
486	797
486	811
486	878
486	916
486	957
486	977
487	489
487	732
488	495
488	764
488	819
489	504
489	521
489	702
489	811
489	910
490	495
490	499
490	644
490	704
491	491
491	524
491	540
491	595
491	689
491	782
491	833
491	892
491	976
491	986
491	993
492	536
492	801
492	831
492	876
492	891
492	927
493	493
493	603
493	635
493	841
493	869
493	935
494	494
494	499
494	534
494	783
495	498
495	672
495	808
495	838
495	965
496	497
496	544
496	617
496	891
496	929
497	645
497	705
497	856
498	742
499	671
499	901
499	936
500	502
500	517
500	518
500	525
500	534
500	535
500	536
500	551
500	575
500	580
500	586
500	588
500	589
500	592
500	973
501	509
501	516
501	518
501	521
501	537
501	542
501	544
501	551
501	567
501	578
501	590
501	598
501	735
501	824
501	855
501	863
501	960
501	971
501	989
502	506
502	507
502	518
502	519
502	527
502	531
502	532
502	539
502	542
502	552
502	556
502	563
502	575
502	577
502	584
502	596
502	597
502	599
502	717
502	766
502	814
502	935
503	507
503	525
503	528
503	538
503	543
503	561
503	569
503	577
503	579
503	580
503	595
503	616
503	701
503	725
503	740
503	794
504	511
504	515
504	542
504	566
504	578
504	594
504	635
504	727
504	742
504	941
505	508
505	510
505	512
505	513
505	514
505	519
505	522
505	546
505	579
505	580
505	587
505	588
505	591
505	597
505	624
505	705
505	719
505	751
505	765
505	768
506	533
506	541
506	542
506	550
506	559
506	561
506	567
506	577
506	580
506	581
506	586
506	589
506	598
506	599
506	719
506	744
506	755
506	798
506	813
506	838
507	543
507	549
507	552
507	566
507	568
507	592
507	712
507	925
507	984
507	998
508	513
508	539
508	563
508	564
508	567
508	569
508	575
508	576
508	584
508	597
508	726
508	801
508	909
508	997
509	511
509	512
509	516
509	517
509	534
509	537
509	542
509	543
509	545
509	564
509	569
509	581
509	591
509	596
509	598
509	599
509	741
509	745
509	812
509	872
509	950
509	960
510	512
510	516
510	524
510	526
510	556
510	558
510	568
510	583
510	811
510	871
510	872
511	516
511	519
511	525
511	532
511	542
511	545
511	546
511	555
511	558
511	562
511	579
511	626
511	636
511	701
511	785
512	515
512	551
512	553
512	555
512	565
512	574
512	581
512	586
512	666
512	758
512	771
513	526
513	530
513	532
513	535
513	540
513	542
513	553
513	567
513	571
513	582
513	587
513	835
513	858
513	916
513	991
514	532
514	539
514	542
514	546
514	551
514	559
514	578
514	590
514	599
514	652
514	677
514	984
515	516
515	524
515	525
515	545
515	551
515	558
515	571
515	577
515	594
515	638
515	708
515	753
515	988
516	526
516	537
516	544
516	564
516	566
516	568
516	576
516	593
516	597
516	754
516	772
516	929
517	539
517	540
517	548
517	554
517	558
517	571
517	582
517	584
517	589
517	598
517	617
517	717
517	771
517	801
517	819
517	958
518	525
518	526
518	576
518	578
518	585
518	627
518	924
519	523
519	544
519	548
519	549
519	554
519	592
519	728
519	747
519	859
519	862
519	916
520	520
520	540
520	545
520	557
520	572
520	590
520	998
521	528
521	532
521	538
521	544
521	569
521	573
521	575
521	593
521	739
521	835
521	904
522	544
522	546
522	549
522	571
522	572
522	587
522	597
522	598
522	599
522	601
522	602
522	943
522	978
523	526
523	542
523	567
523	579
523	652
523	658
523	778
523	912
524	532
524	541
524	545
524	549
524	550
524	551
524	555
524	583
524	591
524	618
524	662
524	663
524	683
524	751
524	769
524	920
525	533
525	534
525	541
525	561
525	575
525	581
525	585
525	595
525	740
525	752
526	538
526	549
526	552
526	555
526	566
526	583
526	585
526	586
526	588
526	594
526	599
526	812
526	941
527	532
527	533
527	547
527	548
527	563
527	571
527	574
527	592
527	645
527	686
527	876
527	935
528	536
528	549
528	550
528	564
528	565
528	567
528	574
528	593
528	598
528	671
528	871
529	560
529	562
529	565
529	572
529	579
529	596
529	598
529	599
529	649
529	736
529	933
530	530
530	531
530	532
530	533
530	545
530	557
530	590
530	881
530	998
531	534
531	550
531	560
531	563
531	566
531	584
531	622
531	645
531	818
531	826
531	859
531	876
531	890
531	891
531	982
532	533
532	536
532	539
532	540
532	546
532	553
532	570
532	573
532	577
532	582
532	594
532	833
532	997
533	535
533	543
533	552
533	574
533	582
533	583
533	584
533	586
533	590
533	591
533	594
533	712
534	536
534	543
534	559
534	563
534	572
534	587
534	588
534	598
534	683
534	705
534	717
534	929
534	971
535	541
535	560
535	566
535	581
535	589
535	595
535	696
535	854
535	855
536	539
536	553
536	561
536	573
536	574
536	584
536	585
536	595
536	597
536	613
536	615
536	865
537	549
537	553
537	555
537	562
537	568
537	572
537	578
537	585
537	587
537	864
538	543
538	588
538	593
538	595
538	682
538	800
538	834
538	989
539	553
539	566
539	568
539	577
539	583
539	591
539	595
539	599
539	677
539	704
539	863
540	543
540	561
540	564
540	568
540	573
540	578
540	594
540	596
540	609
540	778
540	811
540	967
541	548
541	550
541	554
541	566
541	567
541	579
541	586
541	587
541	594
541	638
542	547
542	549
542	550
542	552
542	566
542	567
542	569
542	577
542	586
542	589
542	598
542	689
542	727
542	745
542	747
543	544
543	550
543	570
543	571
543	573
543	575
543	576
543	592
543	777
543	921
544	550
544	556
544	567
544	580
544	593
544	596
544	746
544	941
544	945
544	968
545	545
545	564
545	572
545	574
545	576
545	591
545	803
545	883
545	894
546	556
546	569
546	590
546	820
547	565
547	568
547	574
547	613
547	694
547	858
548	551
548	553
548	556
548	559
548	569
549	564
549	566
549	571
549	587
549	890
549	927
550	564
550	572
550	574
550	585
550	599
550	651
550	694
550	954
551	566
551	569
551	577
551	818
552	563
552	565
552	567
552	583
552	585
552	587
552	615
552	643
552	645
553	557
553	562
553	574
553	763
553	836
553	891
554	558
554	559
554	560
554	577
554	584
554	945
555	566
555	567
555	593
555	597
555	758
555	765
555	913
556	562
556	566
556	567
556	568
556	575
556	578
556	580
556	607
556	672
556	849
557	559
557	585
557	653
557	762
557	801
557	992
558	568
558	578
558	594
558	610
558	779
558	821
559	559
559	560
559	566
559	568
559	570
559	571
559	583
559	589
559	590
559	599
559	843
559	863
559	915
559	916
559	972
560	566
560	571
560	584
560	595
560	596
560	828
560	847
560	849
560	934
560	980
561	565
561	573
561	576
561	577
561	581
561	586
561	786
561	958
562	566
562	578
562	581
562	585
562	593
562	596
562	661
562	784
562	932
562	963
562	999
563	571
563	573
563	585
563	720
563	819
563	825
564	581
564	584
564	595
564	784
565	567
565	593
565	595
565	622
565	729
565	818
566	575
566	589
566	594
566	596
566	598
566	599
566	853
567	570
567	576
567	578
567	588
567	689
567	879
568	580
568	586
568	596
568	597
568	641
568	699
569	571
569	573
569	575
569	593
569	625
569	704
569	890
570	571
570	573
570	578
570	593
570	609
570	665
570	778
570	811
570	826
570	843
571	571
571	575
571	578
571	584
571	590
571	592
571	596
571	663
571	866
572	576
572	804
572	811
573	573
573	580
573	581
573	582
573	793
573	810
573	851
573	895
574	581
574	862
574	968
575	575
575	577
575	594
575	676
575	720
575	721
575	726
575	899
575	911
575	958
576	580
576	585
576	586
576	660
576	868
576	932
576	973
577	580
577	582
577	599
577	717
577	919
578	589
578	597
578	598
579	583
579	728
579	746
579	749
579	824
580	580
580	581
580	582
580	585
580	595
580	666
580	717
580	759
581	592
581	593
581	597
581	661
581	692
581	830
582	786
582	862
583	583
583	584
583	589
583	596
583	945
584	857
584	942
584	979
585	590
585	595
585	661
585	724
586	626
586	872
587	591
587	599
587	769
587	822
587	909
588	589
588	599
588	958
589	592
589	596
589	749
589	814
589	843
589	930
590	634
590	719
590	991
591	592
591	596
591	685
591	705
591	706
591	722
591	821
591	928
592	592
592	636
592	744
592	780
592	988
593	712
593	934
594	745
594	938
595	661
595	695
595	715
596	598
596	854
596	959
598	798
599	661
599	740
599	837
599	866
600	608
600	609
600	610
600	615
600	618
600	619
600	637
600	638
600	651
600	653
600	661
600	672
600	684
600	692
600	897
601	601
601	605
601	613
601	635
601	652
601	660
601	664
601	669
601	673
601	688
601	703
601	813
601	868
602	606
602	610
602	613
602	624
602	656
602	657
602	694
602	819
602	995
603	608
603	611
603	617
603	620
603	635
603	643
603	650
603	656
603	657
603	658
603	664
603	666
603	667
603	668
603	669
603	673
603	675
603	687
603	688
603	884
603	942
604	613
604	621
604	624
604	637
604	643
604	652
604	656
604	658
604	679
604	693
604	695
604	737
604	901
604	930
605	607
605	616
605	621
605	624
605	636
605	657
605	664
605	673
605	678
605	679
605	684
605	695
605	743
605	812
605	935
605	962
606	612
606	624
606	640
606	642
606	647
606	653
606	655
606	656
606	658
606	676
606	679
606	680
606	686
606	691
606	692
606	878
607	610
607	615
607	618
607	629
607	636
607	637
607	648
607	673
607	695
607	698
607	708
607	879
608	616
608	622
608	624
608	629
608	642
608	675
608	696
608	821
609	623
609	632
609	653
609	655
609	657
609	662
609	665
609	673
609	674
609	675
609	684
609	871
609	874
609	899
610	616
610	617
610	622
610	626
610	627
610	638
610	651
610	657
610	663
610	665
610	671
610	673
610	674
610	690
611	615
611	626
611	631
611	643
611	661
611	662
611	664
611	669
611	672
611	681
611	683
611	684
611	699
612	629
612	639
612	642
612	655
612	656
612	665
612	667
612	704
612	802
612	869
613	615
613	628
613	636
613	646
613	652
613	663
613	673
613	685
613	835
614	631
614	633
614	642
614	648
614	656
614	660
614	665
614	667
614	674
614	681
614	689
614	699
614	777
614	968
615	624
615	625
615	626
615	631
615	636
615	650
615	678
615	679
615	683
615	690
615	691
615	748
615	749
616	628
616	637
616	639
616	646
616	654
616	663
616	665
616	677
616	748
616	815
616	822
616	933
616	983
617	619
617	620
617	622
617	634
617	637
617	656
617	666
617	678
617	686
617	697
617	698
617	822
617	925
617	968
617	974
618	630
618	632
618	633
618	637
618	650
618	652
618	662
618	665
618	674
618	685
618	695
618	781
618	841
618	892
618	948
619	619
619	620
619	625
619	631
619	632
619	635
619	637
619	638
619	650
619	651
619	661
619	671
619	679
619	686
619	688
619	696
619	697
619	754
619	755
619	796
619	955
620	621
620	623
620	630
620	643
620	651
620	654
620	659
620	663
620	665
620	681
620	682
620	717
620	820
621	627
621	668
621	677
621	678
621	685
621	686
621	699
621	776
622	635
622	639
622	658
622	659
622	671
622	680
622	684
622	692
622	695
622	699
622	732
622	849
622	868
622	901
622	979
623	633
623	639
623	644
623	678
623	691
623	692
623	694
623	884
623	901
624	626
624	643
624	647
624	655
624	670
624	672
624	675
624	681
624	698
624	757
625	638
625	640
625	657
625	663
625	687
625	692
625	849
625	990
626	640
626	653
626	658
626	693
626	698
626	699
626	755
626	975
627	628
627	635
627	646
627	647
627	649
627	656
627	667
627	674
627	680
627	683
627	685
627	924
627	994
628	647
628	650
628	657
628	664
628	673
628	676
628	682
628	688
628	805
628	813
628	944
629	631
629	642
629	647
629	653
629	661
629	662
629	669
629	676
629	679
629	687
629	692
629	698
629	952
630	643
630	644
630	647
630	655
630	668
630	679
630	696
630	759
630	892
631	632
631	649
631	652
631	667
631	673
631	675
631	679
631	683
631	695
631	698
632	640
632	643
632	649
632	658
632	664
632	682
632	688
632	819
632	948
632	983
633	639
633	642
633	645
633	648
633	655
633	679
633	684
633	687
633	987
634	652
634	662
634	680
634	685
634	686
634	692
634	697
635	645
635	655
635	660
635	663
635	666
635	669
635	678
635	686
635	688
635	690
635	691
635	988
636	636
636	646
636	674
636	679
636	688
636	694
636	789
636	974
637	640
637	643
637	658
637	661
637	670
637	695
637	742
637	762
637	859
638	648
638	649
638	655
638	662
638	683
639	648
639	656
639	659
639	665
639	677
639	681
639	683
640	641
640	642
640	646
640	648
640	651
640	655
640	660
640	661
640	676
640	694
640	838
640	927
640	945
641	645
641	648
641	657
641	679
641	685
641	695
641	766
642	654
642	655
642	656
642	658
642	685
642	686
642	696
642	719
642	850
642	860
643	671
643	676
643	684
643	689
643	692
643	819
643	959
643	969
644	644
644	654
644	671
644	687
644	935
645	648
645	664
645	756
645	825
646	672
646	681
646	684
647	649
647	659
647	683
647	692
647	696
647	838
648	663
648	666
648	676
648	681
648	684
648	695
649	762
649	841
649	862
649	884
649	940
649	955
650	651
650	654
650	697
650	757
650	779
650	985
651	691
651	694
651	699
651	863
651	950
652	659
652	669
652	670
652	672
652	687
652	709
652	759
652	819
652	970
652	987
653	659
653	668
653	687
653	688
653	751
653	790
654	665
654	666
654	668
654	677
654	681
654	695
654	724
654	800
654	802
654	838
654	954
655	657
655	658
655	665
655	669
655	696
655	742
656	656
656	659
656	681
656	684
656	694
656	696
657	660
657	661
657	680
657	683
657	697
657	698
657	744
658	665
658	667
658	674
658	685
658	690
658	693
658	817
659	673
659	680
659	688
659	689
659	690
659	694
659	708
659	787
659	943
660	688
660	692
660	757
660	948
660	955
661	675
661	677
661	688
661	695
661	699
661	990
662	664
662	671
662	677
662	685
662	687
662	852
662	932
663	668
663	681
663	696
663	698
663	699
663	704
663	811
663	879
663	911
663	958
664	665
664	667
664	675
664	678
664	682
664	685
664	687
664	688
665	668
665	669
665	671
665	672
665	686
665	905
666	673
666	682
666	686
666	694
666	953
666	993
667	671
667	672
667	673
667	698
667	839
667	872
667	962
668	677
668	691
668	776
668	962
668	986
669	682
669	697
669	698
669	704
669	993
670	673
670	678
670	683
670	686
670	698
670	786
670	825
670	861
670	902
670	980
671	680
671	692
672	675
672	676
672	679
672	683
672	708
672	809
672	839
672	998
673	673
673	680
673	683
673	696
673	807
674	680
674	935
674	979
675	676
675	678
675	690
675	751
675	904
675	920
676	686
676	688
676	696
676	762
676	766
676	876
677	682
677	695
678	681
678	694
678	811
678	852
679	689
679	692
679	867
680	688
680	695
680	845
681	685
681	688
681	691
681	692
681	695
681	698
681	701
681	752
681	756
681	923
682	684
682	821
682	830
682	833
682	845
683	689
683	697
683	774
683	878
683	886
684	693
684	969
684	982
685	688
685	793
685	796
685	982
686	692
686	698
686	809
686	845
686	941
687	695
687	698
687	773
687	881
688	690
688	696
688	849
689	823
689	899
690	693
690	699
690	819
690	827
690	917
691	691
691	696
691	788
692	853
692	913
692	976
693	703
693	884
694	697
694	699
695	719
695	748
696	819
697	823
698	967
699	709
699	710
699	806
699	854
699	875
699	921
700	704
700	719
700	731
700	747
700	756
700	766
700	767
700	770
700	774
700	783
700	986
701	714
701	732
701	735
701	747
701	748
701	753
701	755
701	765
701	767
701	774
701	777
701	791
701	793
701	794
701	797
701	925
702	711
702	714
702	717
702	724
702	745
702	747
702	750
702	754
702	769
702	773
702	775
702	962
702	991
703	705
703	712
703	713
703	726
703	744
703	756
703	778
703	782
703	784
703	790
703	808
703	964
704	741
704	758
704	764
704	779
704	780
704	795
704	799
704	868
705	706
705	707
705	732
705	741
705	752
705	754
705	762
705	763
705	770
705	774
705	789
705	790
705	942
706	710
706	713
706	714
706	720
706	725
706	728
706	737
706	773
706	774
706	782
706	786
706	788
706	789
706	795
706	797
706	798
706	839
706	986
707	708
707	709
707	710
707	722
707	724
707	733
707	744
707	761
707	774
707	782
707	789
708	710
708	714
708	717
708	735
708	743
708	750
708	758
708	761
708	764
708	783
708	787
708	790
708	795
708	799
708	951
709	715
709	731
709	748
709	767
709	771
709	889
709	998
710	723
710	728
710	736
710	743
710	745
710	746
710	751
710	754
710	779
710	781
710	789
710	921
710	970
711	746
711	756
711	772
711	778
711	786
711	787
711	794
711	829
711	894
711	929
711	967
712	718
712	732
712	737
712	740
712	744
712	747
712	752
712	759
712	771
712	785
712	795
712	934
713	722
713	729
713	737
713	742
713	746
713	760
713	766
713	795
713	897
713	952
713	986
714	715
714	719
714	723
714	726
714	763
714	766
714	776
714	785
714	788
714	877
715	717
715	718
715	722
715	736
715	739
715	752
715	753
715	758
715	763
715	770
715	776
715	777
715	780
715	781
715	788
715	799
715	969
716	718
716	721
716	727
716	733
716	740
716	761
716	768
716	770
716	778
716	784
716	806
717	718
717	729
717	730
717	735
717	737
717	739
717	762
717	780
717	789
717	863
717	923
718	721
718	740
718	748
718	750
718	765
718	766
718	768
718	775
718	779
718	798
719	728
719	755
719	758
719	760
719	762
719	767
719	768
719	771
719	795
720	733
720	747
720	750
720	752
720	762
720	772
720	773
720	775
720	778
720	779
720	780
720	798
721	727
721	736
721	745
721	763
721	767
721	773
721	775
721	776
721	787
721	856
721	947
721	973
722	728
722	735
722	739
722	745
722	748
722	754
722	755
722	758
722	760
722	768
722	771
722	775
722	778
722	792
723	740
723	742
723	744
723	761
723	766
723	770
723	772
723	774
723	780
723	785
723	790
723	796
723	934
723	987
724	726
724	734
724	755
724	756
724	758
724	759
724	769
724	771
724	785
724	788
724	791
724	806
725	738
725	740
725	742
725	744
725	752
725	755
725	771
725	785
725	832
726	736
726	739
726	741
726	747
726	748
726	751
726	771
726	774
726	780
726	827
726	991
727	729
727	732
727	746
727	748
727	757
727	763
727	767
727	778
727	779
727	792
727	794
727	800
728	729
728	730
728	736
728	747
728	765
728	769
728	774
728	776
728	791
728	869
729	738
729	748
729	753
729	754
729	759
729	796
729	827
729	930
730	734
730	748
730	751
730	759
730	771
730	785
730	788
730	791
730	796
731	748
731	750
731	759
731	775
731	776
731	789
731	792
731	966
732	741
732	745
732	768
732	770
732	777
732	787
732	788
732	790
732	791
732	793
732	798
732	868
732	880
733	734
733	749
733	765
733	770
733	771
733	782
733	792
733	797
734	741
734	752
734	756
734	762
734	781
734	783
734	793
734	797
734	900
734	981
735	747
735	758
735	765
735	772
735	774
735	788
735	792
735	793
735	796
735	797
735	833
735	928
735	950
735	961
736	738
736	747
736	775
736	784
736	788
736	792
736	847
736	856
737	749
737	751
737	780
737	831
737	889
738	739
738	745
738	750
738	754
738	755
738	758
738	769
738	787
738	789
738	805
739	744
739	745
739	746
739	760
739	762
739	773
739	777
739	781
739	790
739	797
739	848
739	935
740	740
740	745
740	755
740	756
740	760
740	765
740	769
740	774
740	786
740	819
740	854
740	975
741	743
741	749
741	781
741	788
741	798
741	799
741	891
741	903
742	745
742	747
742	769
742	786
742	789
742	797
742	860
742	953
743	749
743	755
743	757
743	773
743	780
743	786
743	792
744	769
744	776
744	781
744	787
744	791
744	795
744	856
744	913
745	785
745	789
745	790
745	798
745	835
745	904
746	753
746	756
746	760
746	761
746	783
746	784
746	785
746	886
746	890
747	753
747	755
747	759
747	763
747	774
747	777
747	788
747	791
747	795
747	819
747	900
748	752
748	753
748	761
748	770
748	780
748	782
748	793
748	796
748	797
748	963
749	753
749	757
749	765
749	770
749	773
749	786
749	792
749	798
749	862
749	863
750	757
750	763
750	768
750	769
750	774
750	779
750	787
750	794
750	866
750	901
750	972
750	999
751	753
751	773
751	776
751	777
751	786
751	791
751	793
751	794
751	815
752	760
752	763
752	790
752	796
752	896
752	954
753	760
753	764
753	773
753	780
753	784
753	791
753	819
753	854
753	998
754	757
754	762
754	764
754	765
754	766
754	775
754	777
754	784
754	799
754	869
754	919
755	766
755	788
755	790
755	792
755	796
755	824
755	848
756	780
756	788
756	793
756	805
757	767
757	772
757	775
757	779
757	780
758	764
758	765
758	768
758	783
758	784
758	794
758	930
758	975
759	772
759	781
759	784
759	796
759	918
759	984
760	783
760	784
760	789
760	790
760	797
760	864
760	918
761	763
761	764
761	771
761	773
761	774
761	936
762	782
762	784
762	789
762	792
762	881
763	773
763	778
764	766
764	772
764	784
764	790
764	792
764	795
764	797
764	799
764	800
764	960
765	765
765	770
765	782
765	890
765	968
766	791
766	868
766	902
766	989
767	771
767	772
767	822
767	884
767	935
768	772
768	773
768	783
768	784
768	786
768	799
768	830
768	880
769	771
769	784
769	791
769	796
769	894
770	773
770	776
770	780
770	787
770	796
770	853
771	772
771	773
771	778
771	785
771	791
771	830
771	886
772	786
772	788
772	792
772	793
773	776
773	797
773	799
774	786
774	790
774	817
775	780
775	786
775	787
775	794
775	799
775	808
775	819
775	891
776	781
776	782
776	788
776	795
776	799
776	898
776	958
777	783
777	792
777	795
777	819
778	784
778	785
778	786
778	792
778	793
778	797
778	891
778	897
778	991
779	782
779	790
780	785
780	787
780	791
780	794
780	795
781	791
781	792
781	830
781	991
782	784
782	788
783	787
783	792
783	795
783	799
783	924
784	798
784	902
785	931
786	815
787	793
787	929
787	976
787	985
787	999
788	790
788	791
788	797
788	916
789	789
789	797
789	803
789	823
790	794
790	796
792	802
792	815
792	847
792	851
792	908
792	928
792	969
793	793
793	949
793	964
794	799
794	839
794	970
795	799
796	848
796	861
797	799
797	817
797	953
797	993
799	823
799	835
799	837
799	853
799	988
800	807
800	808
800	812
800	814
800	815
800	839
800	841
800	852
800	863
800	865
800	874
800	889
800	893
800	897
800	898
801	803
801	805
801	806
801	810
801	815
801	820
801	826
801	834
801	837
801	842
801	844
801	850
801	851
801	853
801	857
801	863
801	874
801	875
801	879
801	884
801	887
801	893
801	894
801	979
802	808
802	811
802	818
802	822
802	826
802	834
802	837
802	840
802	855
802	856
802	861
802	870
802	871
802	882
802	887
802	888
802	892
802	920
803	827
803	840
803	842
803	852
803	853
803	867
803	871
803	875
803	882
803	885
803	896
804	810
804	821
804	822
804	824
804	828
804	829
804	856
804	861
804	867
804	873
804	882
804	884
804	892
804	896
804	923
805	816
805	819
805	822
805	831
805	834
805	847
805	851
805	855
805	863
805	876
805	892
805	918
806	808
806	812
806	823
806	828
806	838
806	840
806	845
806	859
806	863
806	879
806	886
806	938
807	819
807	837
807	859
807	870
807	871
807	889
807	894
807	897
807	916
807	938
808	815
808	817
808	825
808	840
808	853
808	863
808	870
808	871
808	881
808	894
808	895
808	898
808	946
809	809
809	814
809	822
809	825
809	832
809	841
809	842
809	854
809	855
809	872
809	875
809	876
809	888
809	890
809	891
809	892
810	813
810	822
810	826
810	838
810	843
810	852
810	858
810	869
810	870
810	878
810	898
811	819
811	825
811	827
811	828
811	829
811	837
811	839
811	843
811	845
811	855
811	857
811	868
811	929
811	942
812	814
812	824
812	830
812	832
812	841
812	851
812	872
812	890
812	891
812	897
812	900
812	952
813	819
813	831
813	838
813	839
813	845
813	856
813	859
813	863
813	869
813	872
813	873
813	877
813	891
813	897
813	898
813	986
814	816
814	820
814	823
814	826
814	842
814	844
814	852
814	856
814	861
814	865
814	869
814	873
814	888
814	981
815	816
815	819
815	834
815	837
815	838
815	864
815	879
815	880
815	897
815	912
816	825
816	835
816	848
816	855
816	867
816	882
816	944
816	964
816	982
817	831
817	832
817	841
817	843
817	844
817	845
817	847
817	861
817	879
817	882
817	887
817	898
818	818
818	823
818	843
818	854
818	857
818	859
818	869
818	891
819	822
819	824
819	825
819	827
819	833
819	843
819	852
819	853
819	866
819	868
819	870
819	898
820	826
820	853
820	855
820	862
820	863
820	875
820	881
820	953
821	823
821	829
821	853
821	856
821	863
821	866
821	871
821	876
821	884
821	886
821	891
821	892
822	831
822	832
822	834
822	837
822	853
822	866
822	867
822	878
822	891
822	892
822	941
823	828
823	853
823	854
823	855
823	867
823	872
823	873
823	875
823	877
823	881
823	887
823	984
823	996
824	826
824	830
824	836
824	880
824	881
824	890
824	892
824	920
824	955
825	825
825	860
825	867
825	882
825	885
825	891
826	850
826	852
826	864
826	865
826	867
826	886
826	894
826	897
826	930
827	840
827	849
827	856
827	869
827	871
827	881
827	886
827	964
828	829
828	834
828	842
828	847
828	852
828	869
828	878
828	880
828	881
828	885
828	890
828	895
828	896
828	898
829	831
829	833
829	841
829	854
829	857
829	863
829	869
829	870
829	886
829	896
830	840
830	862
830	863
830	866
830	888
831	839
831	845
831	847
831	850
831	869
831	877
831	885
831	887
832	832
832	853
832	857
832	869
832	894
832	896
833	833
833	834
833	836
833	865
833	868
833	886
833	889
833	899
833	975
834	842
834	845
834	849
834	853
834	889
834	903
834	916
835	841
835	846
835	847
835	868
835	876
835	877
835	878
835	881
835	883
835	884
835	907
835	949
836	836
836	845
836	852
836	856
836	859
836	870
836	879
836	882
836	885
836	964
837	838
837	848
837	851
837	877
837	880
837	891
837	895
838	840
838	845
838	847
838	860
838	870
838	881
838	893
838	950
838	977
839	843
839	845
839	850
839	869
839	886
839	887
839	898
840	843
840	852
840	855
840	860
840	875
840	876
840	880
840	883
840	890
840	891
840	898
841	843
841	845
841	850
841	853
841	860
841	861
841	865
841	867
841	875
841	881
841	882
841	898
841	950
842	854
842	857
842	867
842	881
842	892
843	845
843	849
843	856
843	857
843	866
843	867
843	875
843	886
843	897
844	845
844	863
844	880
844	889
844	893
844	894
844	897
844	977
845	853
845	854
845	871
845	878
845	881
845	882
845	888
845	946
846	861
846	862
846	871
846	882
846	889
846	898
846	906
846	960
847	850
847	855
847	858
847	872
847	884
847	891
847	892
847	899
848	873
848	874
848	896
848	969
848	970
849	864
849	868
849	879
849	883
849	893
849	896
849	939
850	864
850	876
850	877
850	894
851	855
851	857
851	860
851	866
851	871
851	873
851	881
851	883
851	888
851	890
851	893
851	895
851	981
852	862
852	864
852	865
852	868
852	881
852	888
852	890
852	892
852	922
853	855
853	864
853	865
853	869
853	879
853	892
854	872
854	884
854	893
854	898
855	865
855	866
855	880
855	886
855	888
856	872
856	877
856	879
856	885
856	887
856	888
856	892
857	860
857	866
857	891
858	873
858	881
858	882
858	884
858	887
858	890
858	898
858	990
859	871
859	881
859	888
859	897
859	899
859	992
860	895
860	959
861	868
861	874
861	879
861	894
861	897
862	866
862	867
862	873
862	875
862	882
862	885
862	888
862	956
863	880
863	892
863	898
863	993
864	865
864	873
864	899
865	874
865	885
865	890
865	891
865	893
865	899
866	874
866	882
866	894
867	872
867	886
867	889
867	891
867	899
868	875
868	876
868	879
868	889
868	891
868	898
868	917
868	943
869	873
869	880
869	883
869	885
869	888
869	953
870	870
870	874
870	875
870	882
870	887
870	949
870	984
871	874
871	877
871	886
871	894
871	975
872	893
873	994
874	881
874	883
874	911
875	876
875	880
876	877
876	899
877	888
877	892
878	884
878	886
878	899
878	996
879	879
879	897
880	889
880	891
880	920
881	882
881	884
881	896
882	887
882	890
883	885
883	887
883	961
884	996
885	885
885	892
885	895
885	897
886	897
887	889
887	896
887	995
888	890
889	890
889	892
889	894
889	898
889	938
889	963
889	998
892	978
893	937
893	940
894	981
896	918
900	910
900	925
900	929
900	930
900	934
900	937
900	940
900	949
900	955
900	957
900	959
900	980
900	998
900	999
901	916
901	939
901	941
901	946
901	947
901	953
901	970
901	974
901	983
901	986
901	990
902	907
902	917
902	920
902	921
902	927
902	942
902	962
902	964
902	968
902	974
902	983
902	988
903	906
903	917
903	924
903	936
903	939
903	946
903	966
903	990
903	997
904	905
904	918
904	926
904	929
904	931
904	940
904	949
904	954
904	969
904	983
904	984
904	996
905	906
905	907
905	917
905	939
905	963
905	967
905	971
905	977
905	983
905	989
905	995
905	998
906	909
906	917
906	933
906	936
906	952
906	963
906	984
906	992
906	998
907	915
907	937
907	942
907	949
907	952
907	957
907	983
907	990
908	913
908	916
908	926
908	927
908	934
908	943
908	944
908	949
908	956
908	960
908	973
908	979
908	994
908	999
909	924
909	933
909	935
909	952
909	969
909	990
909	991
909	998
909	999
910	930
910	945
910	963
910	970
910	973
910	991
910	999
911	919
911	923
911	939
911	942
911	950
911	952
912	917
912	918
912	920
912	921
912	935
912	940
912	966
912	985
913	914
913	916
913	919
913	932
913	937
913	947
913	948
913	966
913	968
913	969
913	970
913	973
913	984
913	985
913	986
913	997
914	927
914	943
914	950
914	952
914	954
914	967
914	971
914	991
914	994
915	945
915	966
915	969
915	977
915	978
915	980
915	987
915	990
915	996
916	916
916	917
916	919
916	924
916	930
916	934
916	938
916	976
916	984
916	992
916	996
917	928
917	931
917	939
917	942
917	955
917	962
917	964
917	965
917	972
917	982
917	992
918	920
918	921
918	927
918	931
918	938
918	970
918	974
918	975
918	977
918	990
918	995
918	997
919	937
919	949
919	965
919	973
919	990
919	994
919	996
920	927
920	929
920	935
920	962
920	972
920	979
920	984
920	999
921	921
921	928
921	942
921	953
921	956
921	966
921	969
921	979
921	984
922	923
922	927
922	929
922	932
922	956
922	957
922	967
922	990
922	992
923	944
923	945
923	957
923	966
923	995
924	938
924	954
924	955
924	956
924	957
924	959
924	970
924	979
924	984
924	987
924	995
925	937
925	939
925	948
925	957
925	963
925	965
925	966
925	992
925	994
925	998
926	931
926	932
926	935
926	938
926	991
926	993
926	997
926	999
927	949
927	965
927	973
927	974
927	995
927	996
927	997
928	930
928	941
928	942
928	945
928	949
928	950
928	957
928	963
928	985
928	992
928	993
929	952
929	953
929	967
929	978
929	983
929	999
930	961
930	972
930	976
930	978
930	989
930	993
931	942
931	955
931	957
931	965
931	991
932	938
932	950
932	953
932	955
932	975
932	976
932	985
932	986
933	934
933	944
933	952
933	958
933	982
933	986
933	989
933	998
934	938
934	943
934	953
934	954
934	958
934	967
935	936
935	941
935	949
935	958
935	965
935	968
935	986
935	991
936	954
936	958
936	960
936	963
936	969
936	986
936	990
936	997
936	999
937	946
937	959
937	982
938	943
938	949
938	958
938	960
938	965
938	966
938	971
938	987
939	940
939	944
939	946
939	948
939	950
939	953
939	979
939	985
939	997
939	998
940	960
940	962
940	969
940	973
940	981
940	993
940	994
941	942
941	950
941	952
941	969
941	970
941	981
941	984
941	993
941	994
942	945
942	947
942	952
942	969
942	973
942	982
942	996
943	948
943	949
943	951
943	957
943	964
943	968
944	949
944	963
944	976
944	983
944	987
945	946
945	955
945	961
945	977
945	981
945	995
945	997
946	999
947	974
947	978
947	994
948	949
948	952
948	955
948	965
948	971
948	988
948	989
948	993
949	962
949	973
949	975
949	989
949	996
950	957
950	979
950	980
950	981
950	989
950	993
951	952
951	953
951	955
951	968
951	974
951	977
951	982
951	984
952	959
953	960
953	963
953	969
953	981
953	998
954	954
954	956
954	968
954	991
955	956
955	966
955	977
955	978
955	984
955	995
956	966
956	971
956	975
956	976
956	983
956	991
956	994
956	999
957	957
957	966
957	972
957	978
957	987
957	997
958	958
958	968
958	970
958	971
958	982
958	983
959	964
959	988
959	989
960	968
960	983
960	994
960	995
960	998
960	999
961	982
961	986
961	990
961	996
962	980
962	991
962	997
963	969
963	971
964	972
964	974
964	975
964	979
964	980
964	981
964	999
965	975
965	989
965	991
965	992
965	993
966	966
966	968
966	970
966	977
966	980
966	992
966	998
967	992
967	993
968	975
968	978
968	989
968	992
969	984
970	982
970	984
970	992
970	995
971	975
971	980
971	987
973	980
973	986
973	990
973	993
973	998
974	997
976	987
976	993
977	979
977	988
978	982
978	989
978	991
978	996
978	997
979	988
979	991
979	996
980	982
980	983
980	990
981	989
982	984
982	986
982	991
982	992
982	999
983	995
983	997
986	988
986	989
986	996
986	998
988	990
988	997
989	990
990	992
990	995
990	998
990	999
991	996
991	998
993	994
993	998
