0	26
0	44
0	68
0	72
0	94
0	126
0	130
0	138
0	208
0	225
0	260
0	374
0	536
0	588
0	609
0	622
0	665
0	684
0	940
0	972
1	26
1	80
1	90
1	118
1	141
1	160
1	197
1	229
1	232
1	269
1	318
1	330
1	331
1	363
1	415
1	461
1	549
1	557
1	582
1	620
1	755
1	777
1	942
1	981
1	989
2	43
2	45
2	156
2	167
2	319
2	368
2	462
2	510
2	602
2	756
2	873
2	880
2	882
2	947
3	45
3	67
3	87
3	123
3	163
3	177
3	189
3	217
3	220
3	222
3	378
3	411
3	451
3	459
3	476
3	507
3	606
3	925
3	968
3	981
4	57
4	79
4	106
4	113
4	126
4	156
4	170
4	192
4	240
4	325
4	469
4	570
4	662
4	693
4	903
4	963
5	24
5	47
5	50
5	103
5	123
5	166
5	344
5	370
5	388
5	406
5	458
5	530
5	706
5	707
5	709
5	975
6	15
6	43
6	190
6	245
6	256
6	297
6	332
6	351
6	374
6	393
6	401
6	545
6	566
6	655
6	769
6	838
6	875
6	949
6	964
7	38
7	49
7	79
7	81
7	100
7	208
7	286
7	412
7	426
7	480
7	502
7	576
7	639
7	680
7	844
7	883
7	899
7	963
8	39
8	142
8	157
8	163
8	202
8	219
8	288
8	330
8	338
8	407
8	443
8	466
8	521
8	559
8	564
8	692
8	707
8	712
8	726
8	745
8	838
8	854
8	882
8	909
9	18
9	40
9	43
9	46
9	120
9	130
9	164
9	193
9	248
9	264
9	320
9	326
9	419
9	443
9	564
9	617
9	618
9	691
9	700
9	788
9	937
9	947
10	20
10	45
10	67
10	84
10	112
10	184
10	190
10	283
10	432
10	519
10	713
10	846
10	883
10	917
10	962
10	971
11	14
11	30
11	31
11	34
11	48
11	129
11	147
11	193
11	219
11	258
11	260
11	433
11	487
11	565
11	576
11	609
11	617
11	688
11	700
11	714
11	762
11	849
11	885
11	983
12	26
12	35
12	51
12	80
12	186
12	215
12	279
12	305
12	389
12	425
12	507
12	529
12	539
12	569
12	667
12	701
12	716
12	742
12	749
12	758
12	774
12	792
12	876
12	895
12	901
13	295
13	397
13	401
13	431
13	461
13	525
13	580
13	601
13	696
13	732
13	770
13	781
13	807
13	811
13	895
14	26
14	47
14	49
14	64
14	96
14	198
14	246
14	405
14	491
14	613
14	633
14	634
14	780
14	787
14	801
14	805
14	819
14	881
14	943
15	28
15	47
15	68
15	73
15	152
15	199
15	223
15	246
15	370
15	377
15	467
15	633
15	791
15	848
15	866
15	870
15	966
15	969
16	23
16	43
16	54
16	88
16	127
16	142
16	147
16	304
16	370
16	391
16	419
16	437
16	503
16	555
16	575
16	650
16	978
17	27
17	29
17	37
17	45
17	70
17	119
17	151
17	295
17	305
17	323
17	376
17	393
17	492
17	666
17	718
17	730
17	784
17	815
17	916
17	966
17	974
18	43
18	58
18	99
18	174
18	177
18	179
18	237
18	291
18	340
18	398
18	401
18	407
18	505
18	554
18	572
18	610
18	672
18	713
18	842
18	938
18	956
19	75
19	191
19	284
19	288
19	483
19	488
19	534
19	556
19	594
19	656
19	719
19	775
19	918
19	928
20	30
20	73
20	92
20	138
20	356
20	381
20	414
20	435
20	450
20	452
20	515
20	631
20	636
20	750
20	860
20	874
20	965
21	25
21	47
21	60
21	64
21	75
21	98
21	137
21	160
21	257
21	347
21	392
21	418
21	478
21	481
21	498
21	555
21	722
21	856
21	969
21	975
21	997
22	83
22	99
22	142
22	210
22	417
22	466
22	615
22	627
22	685
22	797
22	818
22	859
22	870
22	915
22	971
23	37
23	57
23	126
23	176
23	391
23	394
23	511
23	522
23	637
23	681
23	718
23	724
23	793
23	924
23	949
24	43
24	81
24	87
24	88
24	109
24	127
24	146
24	214
24	249
24	311
24	416
24	422
24	496
24	582
24	712
24	738
24	746
24	789
24	861
24	883
24	893
24	992
25	47
25	156
25	170
25	236
25	270
25	305
25	334
25	441
25	532
25	592
25	675
25	708
25	768
25	781
25	820
25	851
25	873
25	889
26	42
26	84
26	113
26	138
26	264
26	314
26	331
26	332
26	348
26	520
26	567
26	584
26	599
26	640
26	663
26	668
26	693
26	733
26	772
26	781
26	918
26	925
26	983
26	992
27	43
27	47
27	68
27	88
27	115
27	195
27	237
27	239
27	334
27	343
27	423
27	483
27	491
27	562
27	576
27	578
27	630
27	682
27	696
27	731
27	855
27	973
27	982
28	40
28	46
28	60
28	72
28	81
28	170
28	176
28	187
28	218
28	262
28	378
28	432
28	466
28	471
28	554
28	585
28	633
28	657
28	708
28	769
28	793
28	874
28	926
28	928
28	934
28	984
29	59
29	68
29	76
29	89
29	97
29	213
29	313
29	397
29	467
29	552
29	701
29	735
29	742
29	873
30	66
30	199
30	224
30	225
30	287
30	343
30	425
30	429
30	464
30	517
30	537
30	580
30	642
30	836
30	882
30	884
30	903
31	74
31	228
31	273
31	368
31	374
31	496
31	571
31	625
31	755
31	795
31	862
31	892
31	911
31	964
31	974
32	58
32	113
32	376
32	381
32	425
32	612
32	738
32	813
32	925
32	998
33	63
33	95
33	99
33	248
33	436
33	553
33	604
33	614
33	706
33	744
33	932
33	968
34	97
34	115
34	194
34	399
34	503
34	509
34	563
34	597
34	604
34	663
34	747
34	805
34	876
34	882
34	926
35	87
35	89
35	91
35	247
35	573
35	584
35	589
35	590
35	608
35	649
35	677
35	725
35	893
35	903
35	945
36	61
36	198
36	278
36	443
36	456
36	608
36	712
36	713
36	817
36	846
36	920
36	997
37	56
37	129
37	216
37	417
37	426
37	428
37	482
37	529
37	532
37	538
37	632
37	686
37	725
37	824
37	854
37	939
37	973
38	109
38	132
38	198
38	277
38	372
38	463
38	559
38	680
38	885
38	934
38	985
39	235
39	254
39	315
39	409
39	469
39	485
39	494
39	515
39	596
39	641
39	722
39	771
39	845
39	911
40	69
40	90
40	122
40	172
40	189
40	278
40	290
40	301
40	321
40	355
40	409
40	534
40	547
40	620
40	648
40	677
40	768
40	770
40	866
40	883
40	903
40	927
40	956
40	959
40	978
41	71
41	75
41	97
41	156
41	335
41	447
41	506
41	529
41	555
41	557
41	701
41	715
41	725
41	795
41	838
41	842
41	889
41	999
42	58
42	64
42	67
42	129
42	218
42	254
42	302
42	407
42	412
42	424
42	489
42	574
42	602
42	634
42	726
42	737
42	780
42	806
42	832
42	889
42	931
43	46
43	60
43	70
43	90
43	94
43	124
43	169
43	253
43	312
43	450
43	461
43	467
43	518
43	559
43	560
43	589
43	780
43	835
43	861
43	959
44	79
44	128
44	163
44	220
44	327
44	348
44	359
44	401
44	433
44	501
44	545
44	661
44	684
44	716
44	887
44	943
44	945
44	974
45	69
45	97
45	176
45	278
45	389
45	522
45	606
45	699
45	741
45	782
45	795
45	875
45	891
45	898
45	953
45	974
45	992
46	50
46	63
46	101
46	140
46	145
46	201
46	215
46	241
46	281
46	311
46	321
46	382
46	433
46	457
46	594
46	641
46	703
46	725
46	780
46	851
46	853
46	884
46	889
46	928
46	986
47	49
47	64
47	78
47	79
47	137
47	149
47	214
47	248
47	254
47	290
47	495
47	521
47	543
47	600
47	677
47	679
47	705
47	786
47	815
47	882
47	884
48	48
48	50
48	74
48	81
48	99
48	100
48	139
48	189
48	196
48	227
48	275
48	277
48	290
48	362
48	393
48	401
48	541
48	631
48	740
48	809
48	850
48	960
49	102
49	132
49	154
49	255
49	307
49	407
49	430
49	451
49	468
49	478
49	512
49	519
49	610
49	625
49	632
49	723
49	744
49	924
50	100
50	115
50	117
50	120
50	135
50	150
50	185
50	320
50	328
50	355
50	381
50	576
50	649
50	655
50	657
50	694
50	807
50	845
50	852
50	870
51	68
51	88
51	93
51	114
51	164
51	188
51	379
51	433
51	468
51	588
51	612
51	639
51	669
51	722
51	800
51	916
51	960
52	96
52	113
52	171
52	212
52	252
52	256
52	258
52	291
52	307
52	330
52	437
52	452
52	480
52	821
52	975
53	122
53	124
53	183
53	191
53	258
53	296
53	356
53	378
53	384
53	385
53	412
53	492
53	626
53	672
53	675
53	677
53	815
53	946
53	973
54	62
54	64
54	78
54	137
54	151
54	184
54	212
54	240
54	243
54	248
54	255
54	276
54	510
54	523
54	580
54	589
54	612
54	777
54	784
54	854
54	875
54	883
54	943
54	992
55	88
55	174
55	253
55	255
55	305
55	350
55	370
55	376
55	393
55	449
55	704
55	730
55	803
55	833
56	84
56	96
56	185
56	306
56	377
56	562
56	615
56	683
56	708
56	755
56	776
56	780
56	922
56	953
56	973
56	988
57	79
57	180
57	195
57	273
57	288
57	293
57	322
57	344
57	374
57	416
57	419
57	546
57	597
57	608
57	741
57	745
57	763
57	768
57	784
57	971
58	85
58	121
58	159
58	171
58	219
58	262
58	265
58	335
58	387
58	421
58	422
58	432
58	537
58	539
58	875
58	945
58	959
59	66
59	124
59	146
59	185
59	213
59	337
59	406
59	426
59	583
59	636
59	738
59	785
59	791
59	835
59	900
59	971
60	68
60	71
60	75
60	114
60	232
60	301
60	354
60	438
60	478
60	514
60	539
60	597
60	676
60	806
60	852
60	928
60	957
61	62
61	64
61	78
61	85
61	107
61	273
61	280
61	322
61	429
61	430
61	530
61	578
61	588
61	635
61	643
61	683
61	719
61	738
61	746
61	792
61	862
61	868
61	902
61	906
61	997
62	66
62	145
62	199
62	211
62	223
62	326
62	386
62	451
62	528
62	622
62	675
62	771
62	805
62	858
62	984
62	999
63	457
63	466
63	494
63	514
63	523
63	536
63	581
63	606
63	784
64	87
64	147
64	296
64	305
64	355
64	401
64	407
64	471
64	507
64	574
64	632
64	650
64	686
64	738
64	807
64	828
64	874
64	978
65	100
65	187
65	210
65	255
65	256
65	294
65	300
65	388
65	459
65	472
65	478
65	570
65	613
65	672
65	704
65	723
65	782
65	796
65	821
65	964
66	91
66	142
66	255
66	322
66	466
66	473
66	565
66	573
66	635
66	640
66	657
66	663
66	674
66	699
66	749
66	836
66	847
66	876
66	959
67	259
67	264
67	291
67	373
67	570
67	602
67	708
67	790
67	848
67	855
67	856
68	124
68	226
68	423
68	437
68	442
68	480
68	481
68	525
68	587
68	593
68	640
68	850
68	908
68	957
69	73
69	83
69	87
69	142
69	190
69	237
69	244
69	255
69	285
69	370
69	398
69	466
69	542
69	746
69	774
69	798
69	811
69	878
69	960
70	316
70	320
70	334
70	367
70	378
70	418
70	441
70	458
70	566
70	615
70	651
70	672
70	682
70	725
70	739
70	790
70	799
70	881
70	972
71	73
71	134
71	158
71	210
71	221
71	296
71	386
71	691
71	815
71	831
71	988
72	83
72	96
72	135
72	180
72	306
72	318
72	393
72	457
72	527
72	549
72	557
72	582
72	614
72	677
72	708
72	710
72	771
72	817
72	843
72	851
72	877
72	963
72	968
73	81
73	166
73	170
73	191
73	232
73	363
73	396
73	470
73	495
73	527
73	579
73	590
73	634
73	652
73	723
73	726
73	811
73	830
73	872
74	77
74	140
74	162
74	259
74	340
74	348
74	420
74	428
74	586
74	698
74	758
74	821
74	849
74	895
75	120
75	159
75	202
75	515
75	620
75	636
75	691
75	714
75	769
75	820
75	933
75	967
76	105
76	244
76	282
76	340
76	386
76	419
76	487
76	630
76	685
76	692
76	700
76	767
76	790
76	897
76	899
76	906
76	941
76	949
77	133
77	274
77	287
77	339
77	426
77	432
77	545
77	568
77	599
77	601
77	637
77	638
77	680
77	694
77	695
77	764
77	780
77	784
77	792
77	886
77	994
78	86
78	96
78	112
78	151
78	156
78	157
78	186
78	212
78	236
78	296
78	341
78	429
78	491
78	523
78	566
78	627
78	669
78	670
78	727
78	729
78	778
78	830
78	858
79	188
79	193
79	341
79	359
79	404
79	517
79	610
79	677
79	690
79	696
79	842
79	964
80	554
80	565
80	607
80	669
80	725
80	745
81	186
81	408
81	414
81	434
81	550
81	555
81	584
81	668
81	766
81	776
81	855
82	317
82	351
82	468
82	624
82	633
82	687
82	716
82	835
82	836
82	845
82	863
82	878
82	948
83	102
83	107
83	199
83	229
83	274
83	468
83	634
83	682
83	691
83	842
83	865
83	904
83	932
83	938
84	134
84	183
84	186
84	301
84	366
84	488
84	495
84	497
84	585
84	668
84	691
84	712
84	760
84	813
84	827
84	964
85	113
85	131
85	199
85	263
85	299
85	338
85	545
85	674
85	852
85	870
85	874
85	925
86	91
86	99
86	203
86	221
86	317
86	362
86	367
86	636
86	662
86	667
86	676
86	774
86	820
86	999
87	93
87	229
87	235
87	428
87	464
87	622
87	658
87	667
87	776
87	839
87	982
88	91
88	94
88	108
88	114
88	137
88	150
88	236
88	242
88	400
88	421
88	526
88	540
88	570
88	613
88	674
88	814
88	835
88	876
88	877
88	878
88	975
89	175
89	191
89	332
89	371
89	415
89	490
89	542
89	564
89	595
89	606
89	641
89	676
89	733
89	741
89	757
89	815
89	892
89	915
90	138
90	270
90	376
90	379
90	426
90	600
90	640
90	664
90	674
90	729
90	800
90	810
90	830
90	893
90	975
91	208
91	215
91	246
91	259
91	268
91	297
91	320
91	323
91	337
91	520
91	522
91	723
91	819
91	993
91	997
92	100
92	155
92	289
92	305
92	377
92	383
92	390
92	495
92	501
92	540
92	569
92	578
92	638
92	720
92	761
92	762
92	921
92	961
92	966
93	111
93	196
93	211
93	226
93	268
93	277
93	335
93	370
93	604
93	623
93	682
93	694
93	826
93	905
93	971
94	195
94	204
94	222
94	285
94	590
94	634
94	638
94	676
94	702
94	754
94	782
94	795
94	923
94	936
94	956
94	984
95	164
95	215
95	276
95	305
95	398
95	437
95	444
95	472
95	524
95	555
95	556
95	564
95	581
95	593
95	594
95	606
95	628
95	741
95	750
95	820
95	881
95	927
95	983
96	99
96	113
96	121
96	374
96	389
96	501
96	504
96	556
96	678
96	688
96	693
96	828
96	940
96	964
97	112
97	168
97	169
97	238
97	256
97	279
97	285
97	294
97	343
97	364
97	462
97	519
97	542
97	577
97	770
97	798
98	131
98	201
98	317
98	408
98	646
98	674
98	682
98	696
98	742
98	767
98	930
98	935
99	148
99	200
99	201
99	336
99	367
99	369
99	429
99	454
99	509
99	551
99	619
99	693
99	769
99	863
99	873
99	883
99	890
100	108
100	114
100	169
100	193
100	210
100	277
100	341
100	406
100	418
100	461
100	481
100	496
100	524
100	575
100	667
100	680
100	719
100	720
100	745
100	797
100	885
100	978
101	111
101	130
101	167
101	239
101	373
101	384
101	394
101	508
101	587
101	784
101	808
101	917
102	124
102	134
102	144
102	156
102	174
102	176
102	180
102	251
102	292
102	528
102	582
102	654
102	702
102	753
102	836
102	909
102	947
103	132
103	154
103	194
103	230
103	359
103	471
103	633
103	634
103	662
103	684
103	738
103	741
103	872
103	887
103	957
103	988
104	104
104	132
104	193
104	207
104	302
104	341
104	457
104	584
104	758
104	781
104	786
104	851
104	878
104	914
104	915
104	927
105	108
105	120
105	123
105	147
105	168
105	170
105	171
105	176
105	181
105	217
105	271
105	363
105	483
105	491
105	594
105	611
105	655
105	669
105	674
105	794
105	822
105	837
106	136
106	161
106	197
106	203
106	225
106	226
106	395
106	397
106	423
106	430
106	513
106	653
106	667
106	703
106	708
106	794
106	870
106	970
107	162
107	191
107	199
107	244
107	305
107	425
107	510
107	549
107	599
107	666
107	757
107	765
107	857
107	936
108	151
108	152
108	186
108	210
108	238
108	240
108	303
108	439
108	560
108	719
108	723
108	742
108	775
108	988
109	121
109	213
109	230
109	235
109	260
109	319
109	333
109	395
109	404
109	436
109	475
109	576
109	629
109	642
109	700
109	704
109	737
109	862
109	898
109	936
109	981
110	123
110	172
110	202
110	382
110	420
110	566
110	614
110	622
110	651
110	664
110	719
110	725
110	746
110	775
110	785
110	788
110	820
110	822
111	112
111	170
111	182
111	207
111	208
111	229
111	324
111	364
111	400
111	402
111	460
111	693
111	850
111	855
111	957
111	993
111	997
112	114
112	146
112	183
112	205
112	211
112	283
112	319
112	367
112	393
112	477
112	502
112	533
112	569
112	604
112	609
112	615
112	642
112	686
112	726
112	767
112	813
112	814
112	875
113	126
113	145
113	149
113	177
113	178
113	185
113	199
113	238
113	327
113	517
113	518
113	528
113	551
113	557
113	615
113	617
113	759
113	846
113	878
113	890
114	118
114	123
114	125
114	140
114	194
114	198
114	249
114	256
114	271
114	305
114	406
114	426
114	447
114	456
114	667
114	759
114	782
114	851
114	893
114	898
114	968
114	989
115	131
115	191
115	226
115	232
115	262
115	302
115	316
115	340
115	350
115	395
115	481
115	483
115	524
115	677
115	678
115	914
115	940
116	233
116	285
116	305
116	398
116	485
116	533
116	537
116	565
116	572
116	621
116	634
116	640
116	739
116	895
116	945
116	972
117	136
117	141
117	182
117	241
117	242
117	284
117	391
117	395
117	497
117	510
117	623
117	776
117	824
117	995
118	158
118	166
118	394
118	427
118	463
118	651
118	724
118	837
118	949
119	142
119	150
119	168
119	234
119	366
119	391
119	402
119	406
119	436
119	457
119	516
119	756
119	768
119	793
119	827
119	830
119	910
119	917
119	975
120	141
120	149
120	156
120	161
120	172
120	259
120	279
120	321
120	337
120	367
120	429
120	495
120	532
120	582
120	612
120	637
120	658
120	756
120	765
120	787
120	949
120	958
120	969
121	154
121	166
121	173
121	185
121	200
121	215
121	275
121	308
121	420
121	457
121	602
121	615
121	621
121	652
121	720
121	752
121	753
121	932
121	951
122	163
122	168
122	186
122	275
122	328
122	339
122	395
122	466
122	479
122	550
122	596
122	718
122	768
122	799
122	986
123	138
123	203
123	274
123	289
123	354
123	406
123	502
123	592
123	632
123	648
123	674
123	774
123	816
124	136
124	144
124	198
124	327
124	356
124	402
124	418
124	426
124	490
124	522
124	565
124	659
124	681
124	702
124	735
124	742
124	775
124	888
124	953
124	978
125	126
125	171
125	189
125	191
125	251
125	376
125	457
125	593
125	604
125	698
125	747
125	823
125	984
126	128
126	158
126	174
126	194
126	353
126	384
126	400
126	517
126	566
126	639
126	666
126	735
126	835
126	875
126	901
126	953
126	965
127	134
127	156
127	286
127	319
127	375
127	431
127	459
127	510
127	567
127	602
127	625
127	680
127	756
127	879
127	926
128	168
128	192
128	193
128	196
128	209
128	302
128	355
128	389
128	465
128	482
128	545
128	554
128	569
128	625
128	644
128	657
128	682
128	708
128	907
128	918
128	920
128	976
129	157
129	161
129	177
129	251
129	263
129	361
129	420
129	474
129	495
129	518
129	548
129	573
129	591
129	596
129	687
129	703
129	777
129	959
129	991
130	141
130	144
130	169
130	174
130	177
130	244
130	341
130	375
130	387
130	456
130	470
130	628
130	635
130	713
130	768
130	780
130	819
130	944
131	135
131	144
131	145
131	156
131	215
131	261
131	284
131	314
131	351
131	472
131	489
131	520
131	526
131	562
131	563
131	564
131	722
131	734
131	754
131	844
131	866
131	879
131	929
132	142
132	156
132	157
132	179
132	277
132	300
132	335
132	355
132	357
132	395
132	420
132	444
132	464
132	545
132	645
132	682
132	711
132	822
132	894
132	922
132	979
133	148
133	207
133	255
133	270
133	299
133	312
133	350
133	393
133	423
133	436
133	453
133	542
133	715
133	793
133	836
133	885
134	255
134	316
134	354
134	367
134	570
134	647
134	937
135	157
135	158
135	276
135	294
135	400
135	521
135	524
135	555
135	562
135	566
135	613
135	629
135	655
135	725
135	739
135	759
135	883
135	895
135	914
136	175
136	211
136	221
136	242
136	304
136	354
136	387
136	426
136	471
136	518
136	531
136	664
136	713
136	720
136	745
136	754
136	914
136	915
136	967
136	986
137	147
137	197
137	204
137	308
137	390
137	406
137	442
137	576
137	658
137	855
137	948
138	139
138	145
138	150
138	206
138	300
138	304
138	323
138	346
138	350
138	751
138	930
138	936
139	153
139	350
139	432
139	585
139	671
139	693
139	729
139	736
139	902
139	937
139	987
139	989
140	151
140	172
140	179
140	257
140	312
140	342
140	426
140	563
140	644
140	727
140	736
140	861
140	984
141	184
141	223
141	263
141	285
141	296
141	338
141	413
141	453
141	569
141	613
141	745
141	804
141	864
141	904
141	925
141	973
141	998
142	157
142	224
142	263
142	351
142	381
142	408
142	475
142	498
142	559
142	571
142	633
142	685
142	693
142	727
142	844
142	863
142	954
142	996
143	168
143	173
143	184
143	188
143	198
143	277
143	278
143	344
143	354
143	361
143	398
143	412
143	422
143	464
143	575
143	610
143	648
143	661
143	786
143	795
143	819
143	879
143	959
144	173
144	231
144	232
144	264
144	275
144	281
144	313
144	340
144	348
144	394
144	485
144	503
144	564
144	609
144	622
144	716
144	779
144	819
144	839
144	846
144	847
144	924
145	160
145	195
145	196
145	270
145	377
145	409
145	540
145	543
145	559
145	569
145	616
145	629
145	641
145	666
145	804
145	959
146	148
146	171
146	180
146	272
146	340
146	407
146	466
146	525
146	730
146	801
146	807
146	870
146	888
146	901
146	942
146	948
147	163
147	171
147	173
147	303
147	309
147	345
147	352
147	363
147	477
147	495
147	510
147	512
147	531
147	533
147	561
147	569
147	602
147	636
147	669
147	725
147	768
147	800
147	867
147	922
147	928
147	982
147	991
148	152
148	162
148	175
148	204
148	256
148	317
148	320
148	355
148	381
148	407
148	470
148	476
148	478
148	556
148	583
148	735
148	864
148	877
148	899
148	911
148	983
149	151
149	161
149	190
149	311
149	326
149	388
149	443
149	501
149	589
149	709
149	845
149	848
149	878
149	903
149	911
149	937
149	981
150	179
150	194
150	197
150	250
150	357
150	411
150	437
150	442
150	524
150	575
150	609
150	683
150	836
150	837
150	912
151	196
151	475
151	597
151	642
151	647
151	740
151	767
151	796
151	865
151	882
152	181
152	191
152	220
152	323
152	345
152	366
152	395
152	427
152	439
152	468
152	469
152	486
152	490
152	498
152	560
152	574
152	583
152	627
152	698
152	711
152	712
152	759
152	843
152	870
152	879
152	915
152	979
153	182
153	204
153	206
153	517
153	545
153	613
153	633
153	652
153	694
153	716
153	746
153	756
153	787
153	796
153	808
153	950
153	987
154	170
154	183
154	203
154	249
154	345
154	378
154	454
154	518
154	544
154	644
154	697
154	722
154	763
154	950
155	173
155	177
155	349
155	351
155	501
155	531
155	648
155	854
155	880
155	887
155	909
155	935
155	953
155	959
156	192
156	263
156	287
156	320
156	361
156	387
156	457
156	469
156	504
156	538
156	625
156	884
156	929
156	947
157	192
157	229
157	277
157	291
157	330
157	355
157	370
157	494
157	502
157	508
157	513
157	826
157	830
157	909
157	910
157	912
157	970
157	997
158	282
158	331
158	358
158	402
158	431
158	516
158	517
158	787
158	793
158	840
158	960
158	966
159	173
159	183
159	193
159	252
159	291
159	328
159	352
159	358
159	363
159	440
159	496
159	589
159	590
159	696
159	714
159	747
159	774
159	804
159	808
159	872
159	939
159	997
160	202
160	261
160	320
160	322
160	384
160	417
160	522
160	525
160	546
160	600
160	762
160	920
160	977
161	165
161	178
161	182
161	189
161	214
161	310
161	468
161	484
161	511
161	545
161	623
161	680
162	176
162	271
162	385
162	430
162	435
162	498
162	530
162	617
162	625
162	746
162	844
162	914
162	933
162	943
162	996
163	230
163	373
163	597
163	684
163	739
163	976
164	211
164	266
164	316
164	322
164	327
164	424
164	464
164	496
164	564
164	599
164	691
164	780
164	789
164	820
164	836
164	863
164	942
164	958
165	171
165	207
165	227
165	236
165	280
165	396
165	398
165	539
165	548
165	600
165	653
165	679
165	688
165	724
165	751
165	835
165	843
165	914
165	961
165	975
166	169
166	184
166	195
166	254
166	328
166	418
166	427
166	492
166	652
166	680
166	686
166	732
166	740
166	753
166	813
166	836
166	887
166	928
166	948
167	187
167	222
167	321
167	339
167	350
167	367
167	473
167	559
167	589
167	590
167	633
167	636
167	672
167	821
167	875
167	927
167	943
167	972
168	174
168	193
168	337
168	350
168	593
168	594
168	606
168	869
168	893
169	194
169	200
169	230
169	238
169	252
169	344
169	365
169	472
169	482
169	511
169	587
169	614
169	720
169	728
169	805
169	995
170	195
170	275
170	277
170	304
170	306
170	338
170	471
170	541
170	595
170	623
170	632
170	663
170	719
170	739
170	741
170	778
170	800
170	839
170	910
170	912
170	960
171	190
171	275
171	340
171	436
171	711
171	723
171	801
171	822
171	834
172	188
172	193
172	326
172	384
172	429
172	466
172	534
172	540
172	599
172	614
172	669
172	681
172	691
172	799
172	907
173	216
173	236
173	279
173	330
173	491
173	495
173	663
173	719
173	790
173	811
174	175
174	188
174	320
174	330
174	459
174	496
174	539
174	681
174	715
174	747
174	795
174	864
174	885
174	904
174	992
175	193
175	232
175	245
175	276
175	305
175	317
175	559
175	598
175	613
175	648
175	871
175	927
175	944
176	273
176	285
176	398
176	411
176	432
176	495
176	533
176	597
176	620
176	658
176	703
176	752
176	874
176	889
177	191
177	253
177	315
177	346
177	354
177	370
177	389
177	435
177	539
177	650
177	661
177	789
177	805
177	820
177	838
177	863
177	944
177	981
178	197
178	240
178	390
178	395
178	493
178	517
178	565
178	604
178	624
178	635
178	640
178	644
178	715
178	748
178	766
178	792
178	901
178	963
178	973
179	197
179	237
179	245
179	275
179	290
179	303
179	472
179	492
179	501
179	552
179	654
179	736
179	809
179	863
179	885
179	892
179	927
179	938
179	951
180	214
180	215
180	288
180	384
180	390
180	478
180	521
180	555
180	630
180	698
180	756
180	986
180	992
181	255
181	308
181	396
181	401
181	498
181	509
181	710
181	734
181	751
181	774
181	804
182	269
182	363
182	475
182	487
182	502
182	511
182	522
182	600
182	736
182	765
182	866
183	327
183	350
183	456
183	509
183	548
183	567
183	584
183	675
183	686
183	700
183	839
183	861
183	929
183	954
183	969
184	195
184	243
184	296
184	328
184	395
184	477
184	519
184	534
184	548
184	551
184	562
184	579
184	645
184	649
184	665
184	685
184	720
184	746
184	762
184	789
184	846
184	935
184	992
184	998
185	197
185	234
185	238
185	267
185	280
185	350
185	362
185	383
185	518
185	540
185	548
185	601
185	609
185	617
185	659
185	823
185	842
185	860
186	216
186	348
186	356
186	357
186	365
186	464
186	466
186	501
186	571
186	608
186	632
186	661
186	681
186	840
186	927
186	930
186	952
186	969
186	972
186	988
187	213
187	317
187	554
187	633
187	695
187	698
187	745
187	777
187	848
187	881
187	904
187	954
188	217
188	243
188	247
188	295
188	361
188	502
188	626
188	645
188	668
188	697
188	713
188	815
188	940
189	197
189	302
189	355
189	558
189	652
189	692
189	719
189	733
189	839
189	851
189	870
189	967
190	210
190	235
190	241
190	278
190	351
190	529
190	606
190	696
190	726
190	755
190	811
190	853
190	944
190	995
191	303
191	369
191	409
191	426
191	462
191	467
191	613
191	786
191	842
191	877
191	951
192	344
192	351
192	405
192	503
192	716
192	724
192	949
193	212
193	237
193	248
193	271
193	468
193	521
193	582
193	609
193	719
193	821
193	873
193	990
194	281
194	345
194	354
194	450
194	456
194	463
194	609
194	612
194	753
194	754
194	784
194	832
194	921
195	239
195	272
195	373
195	393
195	414
195	486
195	539
195	641
195	671
195	710
195	744
195	764
195	868
195	938
196	272
196	285
196	321
196	491
196	510
196	513
196	515
196	568
196	697
196	840
196	858
197	304
197	424
197	615
197	616
197	618
197	671
197	716
197	776
197	797
197	880
197	954
198	234
198	279
198	362
198	463
198	468
198	505
198	536
198	662
198	709
198	717
198	758
198	862
198	883
198	925
198	937
198	969
199	205
199	275
199	469
199	537
199	541
199	543
199	573
199	588
199	647
199	703
199	788
199	823
199	866
199	918
199	965
199	986
199	994
200	235
200	278
200	327
200	329
200	381
200	390
200	439
200	524
200	541
200	575
200	593
200	649
200	692
200	721
200	747
200	818
200	840
200	845
200	919
200	938
200	976
201	233
201	235
201	294
201	410
201	505
201	641
201	707
201	737
201	789
201	855
201	861
201	899
201	933
201	948
201	989
201	999
202	235
202	265
202	279
202	307
202	343
202	381
202	403
202	484
202	511
202	567
202	568
202	593
202	605
202	690
202	762
202	776
202	777
202	833
202	862
202	912
202	962
202	980
203	209
203	219
203	294
203	385
203	395
203	528
203	545
203	606
203	626
203	686
203	769
203	782
203	909
203	914
203	949
204	237
204	289
204	299
204	433
204	457
204	520
204	550
204	598
204	610
204	645
204	694
204	764
204	937
204	942
204	957
205	264
205	429
205	430
205	483
205	498
205	588
205	604
205	607
205	649
205	775
205	866
205	872
205	925
205	926
206	266
206	281
206	293
206	305
206	357
206	401
206	432
206	587
206	701
206	750
206	845
206	870
206	893
206	924
207	252
207	268
207	278
207	364
207	400
207	551
207	557
207	595
207	656
207	750
207	889
207	927
207	939
207	998
208	217
208	241
208	247
208	308
208	379
208	399
208	429
208	488
208	583
208	615
208	746
208	758
208	813
208	837
208	952
208	986
209	261
209	267
209	351
209	409
209	465
209	479
209	509
209	533
209	576
209	840
209	843
209	861
209	926
209	930
209	934
209	942
209	973
210	226
210	320
210	346
210	420
210	496
210	547
210	573
210	575
210	590
210	659
210	739
210	747
210	798
210	833
211	263
211	265
211	291
211	293
211	335
211	368
211	381
211	388
211	404
211	659
211	671
211	714
211	730
211	877
211	972
212	254
212	293
212	296
212	297
212	343
212	386
212	459
212	460
212	462
212	515
212	565
212	589
212	620
212	689
212	700
212	828
212	830
212	841
212	845
212	942
213	233
213	260
213	319
213	425
213	461
213	539
213	552
213	589
213	630
213	646
213	770
213	828
213	942
214	227
214	246
214	293
214	295
214	303
214	317
214	331
214	687
214	808
214	815
215	217
215	218
215	241
215	264
215	303
215	342
215	363
215	491
215	510
215	542
215	603
215	656
215	722
215	812
216	415
216	416
216	467
216	507
216	536
216	805
216	810
216	853
216	856
216	996
217	228
217	240
217	254
217	257
217	319
217	424
217	626
217	640
217	641
217	646
217	654
217	721
217	812
217	824
217	825
217	866
217	901
217	912
217	943
218	235
218	262
218	488
218	552
218	565
218	579
218	607
218	662
218	731
218	758
218	928
218	980
219	242
219	293
219	297
219	319
219	497
219	512
219	514
219	536
219	608
219	614
219	617
219	650
219	654
219	676
219	683
219	773
219	786
219	798
219	843
219	886
219	931
220	232
220	356
220	400
220	437
220	477
220	529
220	549
220	574
220	623
220	659
220	682
220	721
220	738
220	743
220	747
220	969
220	996
221	231
221	379
221	422
221	446
221	528
221	605
221	660
221	688
221	694
221	728
221	743
221	761
221	821
221	927
221	995
222	226
222	232
222	240
222	248
222	343
222	372
222	427
222	450
222	496
222	542
222	689
222	737
222	786
222	794
222	861
222	933
223	225
223	232
223	237
223	273
223	278
223	337
223	389
223	434
223	453
223	472
223	567
223	579
223	655
223	849
223	866
224	228
224	298
224	382
224	576
224	673
224	697
224	706
224	769
224	944
224	951
225	230
225	232
225	235
225	259
225	279
225	283
225	373
225	413
225	521
225	537
225	695
225	727
225	811
225	851
225	971
225	973
226	227
226	259
226	275
226	320
226	333
226	354
226	422
226	435
226	557
226	566
226	581
226	642
226	721
226	885
226	889
226	937
227	229
227	276
227	292
227	401
227	486
227	499
227	526
227	678
227	679
227	698
227	704
227	717
227	828
227	960
228	280
228	281
228	342
228	369
228	384
228	387
228	415
228	435
228	461
228	502
228	519
228	538
228	563
228	591
228	618
228	688
228	781
228	802
228	813
228	856
228	931
229	231
229	239
229	258
229	262
229	292
229	329
229	402
229	416
229	514
229	535
229	771
229	791
229	835
229	857
229	949
229	969
230	234
230	235
230	241
230	339
230	542
230	555
230	622
230	640
230	675
230	719
230	744
230	770
230	816
230	843
230	948
230	967
231	255
231	308
231	419
231	475
231	630
231	717
231	809
231	826
231	884
231	924
231	926
231	936
232	241
232	261
232	275
232	277
232	286
232	288
232	355
232	518
232	574
232	640
232	714
232	749
232	843
232	898
232	914
232	949
232	959
232	967
232	985
233	246
233	268
233	335
233	402
233	419
233	480
233	806
233	818
233	837
233	846
233	938
233	953
233	957
234	236
234	265
234	273
234	290
234	392
234	400
234	411
234	505
234	535
234	644
234	702
234	703
234	731
234	776
234	946
234	967
235	244
235	269
235	276
235	277
235	344
235	350
235	450
235	502
235	515
235	527
235	565
235	660
235	671
235	782
235	877
235	918
235	943
236	255
236	264
236	277
236	380
236	399
236	466
236	469
236	477
236	481
236	558
236	597
236	625
236	662
236	668
236	716
236	793
236	824
236	843
236	859
236	889
237	237
237	258
237	264
237	274
237	278
237	299
237	423
237	472
237	520
237	527
237	538
237	585
237	588
237	620
237	627
237	660
237	699
237	703
237	706
237	762
237	839
237	848
237	939
238	240
238	254
238	260
238	282
238	396
238	435
238	540
238	617
238	642
238	678
238	694
238	713
238	764
238	773
238	784
238	889
238	898
238	949
239	279
239	415
239	496
239	531
239	566
239	585
239	607
239	673
239	680
239	692
239	758
239	947
239	990
240	269
240	295
240	298
240	309
240	317
240	379
240	402
240	450
240	461
240	721
240	792
240	832
240	920
240	958
240	992
241	258
241	271
241	272
241	368
241	397
241	402
241	464
241	517
241	574
241	635
241	743
242	256
242	282
242	426
242	467
242	482
242	508
242	644
242	654
242	655
242	693
242	699
242	820
242	948
243	270
243	274
243	362
243	370
243	388
243	466
243	479
243	537
243	644
243	669
243	714
243	815
243	879
243	896
243	991
244	245
244	263
244	383
244	386
244	499
244	507
244	551
244	575
244	582
244	614
244	615
244	684
244	727
244	764
244	767
244	871
244	953
245	247
245	285
245	295
245	299
245	487
245	492
245	523
245	618
245	641
245	662
245	880
245	905
245	925
246	296
246	406
246	407
246	411
246	446
246	448
246	490
246	491
246	560
246	566
246	567
246	599
246	640
246	660
246	698
246	731
246	784
246	914
246	931
246	946
246	963
246	999
247	256
247	286
247	338
247	387
247	388
247	467
247	509
247	727
247	764
247	811
247	847
248	249
248	266
248	276
248	352
248	369
248	462
248	489
248	564
248	576
248	627
248	638
248	712
248	933
248	954
248	957
248	964
249	266
249	274
249	401
249	456
249	465
249	489
249	578
249	601
249	658
249	749
249	766
249	897
249	903
249	998
250	401
250	419
250	700
250	736
250	770
250	789
250	797
250	811
250	966
250	989
250	990
250	993
251	275
251	286
251	297
251	331
251	400
251	409
251	468
251	474
251	483
251	517
251	523
251	526
251	544
251	634
251	688
251	723
251	732
251	736
251	746
251	775
251	790
251	902
252	267
252	289
252	548
252	569
252	575
252	605
252	729
252	765
252	785
252	850
252	993
253	299
253	315
253	434
253	464
253	615
253	683
253	697
253	722
253	725
253	734
253	815
253	816
254	264
254	265
254	304
254	467
254	494
254	554
254	586
254	663
254	694
254	729
254	730
254	752
254	770
254	777
254	790
255	258
255	373
255	441
255	492
255	514
255	530
255	531
255	683
255	697
255	767
255	823
255	844
255	884
255	941
256	267
256	283
256	367
256	548
256	555
256	573
256	616
256	625
256	627
256	637
256	715
256	824
256	885
256	893
256	905
256	911
257	257
257	269
257	271
257	348
257	372
257	518
257	595
257	684
257	817
257	822
257	972
258	351
258	357
258	362
258	389
258	436
258	456
258	480
258	501
258	587
258	595
258	599
258	604
258	632
258	642
258	650
258	747
258	816
258	892
258	908
258	960
258	964
258	974
259	283
259	330
259	389
259	527
259	592
259	632
259	685
259	711
259	730
259	794
259	829
259	835
259	852
259	880
259	965
260	356
260	464
260	550
260	566
260	600
260	602
260	712
260	837
260	847
260	855
260	898
260	965
260	978
261	276
261	475
261	524
261	581
261	628
261	639
261	791
261	797
261	823
261	851
261	874
262	264
262	317
262	370
262	374
262	402
262	408
262	477
262	516
262	520
262	531
262	539
262	620
262	628
262	659
262	757
262	770
262	796
262	856
262	909
262	969
263	287
263	301
263	337
263	339
263	358
263	492
263	496
263	507
263	565
263	574
263	669
263	670
263	698
263	759
263	777
263	824
263	869
263	961
264	314
264	394
264	407
264	507
264	536
264	575
264	629
264	630
264	658
264	677
264	684
264	731
264	734
264	767
264	773
264	777
264	806
264	926
264	995
265	384
265	401
265	410
265	523
265	713
265	731
265	824
265	939
266	288
266	315
266	361
266	393
266	407
266	418
266	451
266	562
266	671
266	679
266	739
266	757
266	911
266	975
267	454
267	457
267	463
267	475
267	523
267	630
267	631
267	704
267	793
267	840
267	850
267	891
267	910
268	383
268	569
268	571
268	643
268	676
268	705
268	804
268	951
268	953
268	998
269	328
269	365
269	375
269	467
269	482
269	499
269	518
269	522
269	569
269	584
269	648
269	663
269	691
269	773
269	782
269	791
269	797
269	824
269	970
269	975
270	286
270	441
270	484
270	491
270	492
270	538
270	553
270	555
270	746
270	813
270	834
270	869
270	911
271	283
271	307
271	376
271	408
271	455
271	462
271	472
271	551
271	691
271	703
271	730
271	788
271	797
271	873
271	977
272	284
272	290
272	296
272	477
272	553
272	688
272	734
272	812
272	854
272	959
273	368
273	389
273	413
273	442
273	621
273	680
273	715
273	765
273	794
273	805
273	933
274	276
274	294
274	389
274	395
274	492
274	530
274	662
274	673
274	727
274	738
274	787
274	790
274	853
274	894
274	938
274	964
275	282
275	287
275	299
275	306
275	339
275	361
275	481
275	501
275	504
275	613
275	774
275	789
275	826
275	958
275	968
276	277
276	285
276	314
276	443
276	496
276	650
276	699
276	721
276	817
276	822
276	851
277	292
277	293
277	665
277	834
277	928
277	939
278	288
278	294
278	296
278	387
278	427
278	484
278	486
278	518
278	642
278	653
278	679
278	696
278	746
278	843
278	890
278	958
278	970
279	284
279	333
279	452
279	501
279	814
279	913
280	283
280	295
280	448
280	555
280	693
280	827
280	906
280	988
281	293
281	333
281	475
281	571
281	672
281	724
281	753
281	831
281	869
281	963
282	285
282	370
282	405
282	457
282	516
282	521
282	583
282	596
282	638
282	691
282	709
282	736
282	769
282	770
282	790
282	829
282	876
282	887
283	391
283	405
283	437
283	463
283	542
283	553
283	608
283	624
283	740
283	751
283	827
283	864
283	878
283	899
283	904
283	934
283	944
283	956
283	991
284	320
284	392
284	413
284	421
284	484
284	608
284	680
284	810
284	812
284	920
284	931
284	999
285	292
285	324
285	341
285	378
285	426
285	490
285	492
285	502
285	565
285	607
285	640
285	648
285	649
285	670
285	723
285	860
285	892
285	994
286	289
286	308
286	380
286	478
286	665
286	737
286	741
286	786
286	797
286	971
286	991
287	356
287	385
287	420
287	438
287	499
287	713
287	832
287	952
287	969
288	320
288	379
288	397
288	473
288	579
288	644
288	694
288	710
288	755
288	769
288	779
288	885
289	308
289	310
289	325
289	326
289	530
289	548
289	647
289	682
289	716
289	719
289	771
289	783
289	905
289	913
289	926
289	930
290	379
290	430
290	570
290	603
290	636
290	933
291	340
291	424
291	530
291	592
291	624
291	755
291	766
291	816
291	906
291	954
291	974
292	309
292	320
292	351
292	408
292	409
292	420
292	465
292	571
292	606
292	626
292	644
292	682
292	687
292	724
292	779
292	869
292	914
292	915
292	996
293	305
293	338
293	397
293	501
293	504
293	636
293	715
293	884
293	902
293	925
293	944
293	965
294	466
294	501
294	612
294	625
294	635
294	641
294	899
294	903
294	934
295	328
295	338
295	556
295	591
295	704
295	724
295	844
295	889
295	958
296	312
296	511
296	527
296	543
296	696
296	761
296	782
296	783
296	907
297	303
297	412
297	509
297	541
297	560
297	685
297	690
297	789
297	818
297	821
297	912
297	914
297	939
297	949
297	974
297	990
298	308
298	455
298	483
298	497
298	537
298	562
298	580
298	582
298	605
298	615
298	635
298	655
298	657
298	661
298	676
298	739
298	762
298	771
298	816
298	839
298	941
298	985
298	999
299	325
299	328
299	404
299	533
299	551
299	678
299	762
299	798
299	823
299	910
299	946
299	978
299	983
299	995
300	333
300	338
300	389
300	399
300	443
300	556
300	572
300	589
300	595
300	729
300	904
300	915
300	937
300	949
301	307
301	321
301	323
301	328
301	362
301	378
301	393
301	481
301	485
301	608
301	628
301	693
301	700
301	746
301	785
301	817
301	855
301	893
301	948
301	993
302	309
302	334
302	351
302	370
302	421
302	458
302	686
302	709
302	714
302	755
302	835
302	840
302	842
302	924
302	943
302	944
302	964
302	965
302	966
303	316
303	340
303	344
303	363
303	455
303	502
303	579
303	634
303	640
303	690
303	716
303	753
303	850
303	988
304	416
304	457
304	572
304	586
304	594
304	790
304	833
304	914
304	938
305	323
305	346
305	366
305	391
305	415
305	431
305	599
305	787
305	790
305	825
305	836
305	846
305	847
305	987
305	988
306	326
306	327
306	352
306	370
306	372
306	406
306	487
306	673
306	724
306	808
306	847
306	879
306	913
306	990
307	309
307	325
307	418
307	465
307	504
307	560
307	661
307	704
307	719
307	812
307	840
307	907
308	315
308	340
308	395
308	442
308	499
308	550
308	570
308	580
308	632
308	634
308	655
308	696
308	704
308	706
308	807
308	840
308	841
308	860
308	966
308	967
309	311
309	347
309	353
309	355
309	357
309	366
309	395
309	413
309	414
309	424
309	598
309	619
309	724
309	748
309	754
309	847
309	862
309	885
310	346
310	375
310	415
310	440
310	442
310	720
310	741
310	758
310	835
310	853
311	341
311	366
311	375
311	378
311	536
311	574
311	639
311	663
311	746
311	871
311	909
312	374
312	399
312	468
312	496
312	575
312	576
312	621
312	875
312	946
313	410
313	443
313	457
313	461
313	501
313	516
313	554
313	704
313	793
313	827
313	947
314	320
314	327
314	336
314	348
314	377
314	529
314	539
314	573
314	587
314	594
314	632
314	796
314	825
314	880
314	922
314	948
315	470
315	591
315	605
315	607
315	617
315	672
315	699
315	725
315	791
315	805
315	876
315	892
315	915
316	679
316	712
316	744
316	761
316	799
316	959
316	997
317	340
317	381
317	392
317	440
317	441
317	459
317	469
317	565
317	673
317	729
317	789
317	801
317	935
318	404
318	406
318	416
318	477
318	642
318	772
318	793
318	832
318	856
318	860
318	882
318	904
318	968
318	972
319	372
319	418
319	419
319	499
319	550
319	615
319	789
319	911
319	934
320	365
320	371
320	386
320	391
320	405
320	519
320	818
320	834
320	962
320	977
320	989
320	993
321	329
321	330
321	333
321	354
321	366
321	367
321	414
321	470
321	535
321	541
321	550
321	629
321	657
321	664
321	696
321	791
321	818
321	847
321	954
321	977
321	979
322	324
322	335
322	339
322	349
322	361
322	364
322	409
322	497
322	597
322	792
322	930
322	949
322	959
322	967
323	340
323	435
323	478
323	516
323	573
323	581
323	584
323	604
323	627
323	647
323	664
323	732
323	737
323	745
323	861
323	890
323	904
324	330
324	362
324	385
324	455
324	495
324	531
324	554
324	584
324	689
324	697
324	743
324	765
324	794
324	900
324	926
325	383
325	385
325	386
325	449
325	507
325	531
325	542
325	564
325	594
325	683
325	698
325	841
325	976
325	991
325	996
326	326
326	355
326	383
326	410
326	423
326	431
326	439
326	491
326	551
326	600
326	700
326	744
326	761
326	784
326	827
326	890
326	919
326	937
327	376
327	391
327	398
327	480
327	595
327	598
327	699
327	724
327	767
327	794
327	812
328	338
328	351
328	381
328	394
328	472
328	480
328	495
328	603
328	625
328	741
328	745
328	896
328	947
329	374
329	396
329	433
329	559
329	641
329	717
329	787
329	905
329	930
329	940
329	953
329	970
330	339
330	345
330	352
330	377
330	394
330	399
330	539
330	584
330	731
330	789
330	943
330	967
330	993
331	336
331	353
331	361
331	427
331	746
331	840
331	878
331	941
331	957
332	351
332	354
332	384
332	459
332	542
332	585
332	589
332	744
332	766
332	840
332	854
332	970
332	991
333	387
333	422
333	460
333	516
333	691
333	730
333	782
333	800
333	850
333	873
333	884
333	935
334	337
334	347
334	364
334	380
334	391
334	415
334	422
334	549
334	684
334	686
334	702
334	736
334	924
334	937
334	976
335	338
335	390
335	459
335	494
335	500
335	558
335	579
335	617
335	806
335	821
335	883
335	920
335	922
335	935
336	337
336	359
336	377
336	378
336	390
336	412
336	491
336	497
336	540
336	638
336	697
336	787
336	790
336	794
336	850
336	915
336	947
336	959
337	383
337	393
337	421
337	432
337	463
337	484
337	490
337	521
337	570
337	674
337	686
337	712
337	727
337	753
337	868
337	888
337	891
338	374
338	385
338	451
338	487
338	507
338	519
338	580
338	587
338	592
338	646
338	774
338	810
339	393
339	454
339	456
339	517
339	528
339	539
339	590
339	600
339	604
339	819
339	849
339	850
339	971
339	976
340	432
340	476
340	485
340	493
340	528
340	588
340	666
340	672
340	678
340	707
340	838
340	852
340	853
340	894
340	965
340	970
341	396
341	401
341	437
341	477
341	496
341	595
341	626
341	783
341	807
341	866
341	925
341	978
342	343
342	372
342	386
342	398
342	425
342	448
342	471
342	484
342	507
342	510
342	524
342	537
342	570
342	591
342	637
342	697
342	727
342	758
342	762
342	790
342	796
342	867
342	883
342	908
342	959
342	982
343	479
343	600
343	601
343	737
344	349
344	363
344	365
344	376
344	455
344	456
344	486
344	497
344	604
344	624
344	836
344	859
344	860
344	903
345	361
345	372
345	389
345	401
345	581
345	628
345	643
345	765
345	851
345	895
345	980
346	355
346	366
346	383
346	419
346	468
346	519
346	522
346	566
346	574
346	587
346	629
346	683
346	725
346	768
346	908
346	925
347	356
347	371
347	377
347	391
347	569
347	582
347	799
347	808
347	832
347	856
347	871
347	977
347	992
348	360
348	398
348	479
348	526
348	537
348	672
348	674
348	678
348	695
348	708
348	845
348	846
348	922
348	936
348	979
349	364
349	399
349	419
349	428
349	439
349	469
349	504
349	684
349	695
349	709
349	719
349	775
349	853
349	898
349	963
350	356
350	501
350	610
350	709
351	354
351	355
351	370
351	434
351	496
351	586
351	591
351	798
351	940
351	978
351	983
351	991
352	354
352	357
352	377
352	493
352	505
352	506
352	609
352	644
352	669
352	712
352	713
352	727
352	733
352	791
352	892
352	919
352	965
352	990
352	994
353	353
353	375
353	404
353	633
353	648
353	670
353	681
353	687
353	808
353	852
353	860
353	862
353	864
353	899
353	931
353	939
354	393
354	401
354	444
354	453
354	753
354	846
354	851
354	908
354	991
355	486
355	521
355	550
355	685
355	745
355	771
355	887
355	901
356	357
356	359
356	365
356	473
356	655
356	765
356	777
356	813
356	853
356	873
356	875
356	891
356	894
356	905
356	966
357	406
357	638
357	686
357	794
357	811
357	864
357	936
357	941
357	991
357	994
358	375
358	404
358	451
358	513
358	622
358	660
358	791
358	869
359	360
359	370
359	372
359	373
359	403
359	411
359	522
359	536
359	558
359	582
359	607
359	619
359	642
359	670
359	683
359	759
359	909
359	954
360	364
360	371
360	394
360	397
360	409
360	473
360	641
360	665
360	780
360	836
360	961
361	430
361	483
361	542
361	550
361	659
361	685
361	752
361	867
361	869
361	881
361	902
361	954
362	365
362	403
362	416
362	512
362	545
362	566
362	568
362	576
362	601
362	692
362	699
362	770
362	842
362	860
362	892
362	990
363	364
363	365
363	368
363	408
363	426
363	496
363	526
363	538
363	542
363	587
363	597
363	678
363	720
363	766
363	868
363	918
363	928
363	938
363	965
363	986
364	364
364	386
364	499
364	502
364	575
364	588
364	648
364	684
364	789
364	845
364	889
364	915
365	378
365	397
365	405
365	591
365	649
365	688
365	771
365	810
365	847
366	496
366	509
366	510
366	534
366	612
366	676
366	690
366	831
366	869
367	387
367	399
367	420
367	512
367	517
367	520
367	633
367	642
367	664
367	706
367	886
367	960
368	402
368	460
368	488
368	581
368	630
368	840
368	908
368	960
368	968
369	379
369	396
369	450
369	618
369	719
369	832
369	886
369	892
370	395
370	453
370	667
370	755
370	766
370	785
370	802
370	811
371	387
371	409
371	437
371	451
371	503
371	523
371	542
371	609
371	690
371	729
371	803
371	807
371	863
371	885
371	911
371	920
371	972
371	975
371	992
372	374
372	413
372	473
372	561
372	592
372	663
372	679
372	857
372	896
373	385
373	389
373	392
373	399
373	469
373	507
373	520
373	568
373	597
373	746
373	778
373	788
373	816
373	862
373	980
374	377
374	544
374	646
374	732
374	811
374	870
374	922
374	950
375	571
375	618
375	634
375	720
375	796
375	801
375	803
375	907
375	939
375	967
375	987
376	390
376	432
376	470
376	498
376	509
376	561
376	565
376	575
376	621
376	653
376	667
376	688
376	772
376	910
376	973
376	975
377	445
377	448
377	488
377	535
377	541
377	575
377	684
377	717
377	727
377	797
377	814
377	843
377	852
377	874
377	930
377	964
378	399
378	401
378	406
378	434
378	492
378	599
378	672
378	673
378	710
378	725
378	746
378	769
378	810
378	830
378	831
378	834
378	861
378	934
378	965
379	404
379	432
379	437
379	452
379	859
379	876
379	879
379	945
379	966
379	979
380	399
380	448
380	596
380	615
380	641
380	718
380	737
380	754
380	778
380	792
380	893
380	927
380	932
380	967
381	473
381	539
381	580
381	659
381	706
381	819
381	862
381	866
381	880
381	902
381	962
382	421
382	492
382	493
382	569
382	591
382	638
382	711
382	734
382	744
382	787
382	808
382	830
382	859
382	877
382	913
382	921
383	387
383	424
383	430
383	470
383	516
383	601
383	623
383	750
383	769
383	831
383	856
384	387
384	397
384	427
384	450
384	518
384	519
384	599
384	702
384	772
384	778
384	788
384	943
385	395
385	433
385	477
385	526
385	550
385	590
385	593
385	615
385	753
385	766
385	774
385	779
385	815
385	824
385	841
385	879
385	901
385	979
386	391
386	409
386	587
386	591
386	625
386	760
386	850
386	912
387	391
387	398
387	522
387	535
387	714
387	744
387	771
387	835
388	434
388	561
388	575
388	632
388	649
388	662
388	725
388	812
388	971
389	392
389	429
389	741
389	782
389	946
390	404
390	431
390	438
390	492
390	522
390	634
390	649
390	688
390	719
390	859
390	871
390	879
391	397
391	398
391	602
391	691
391	753
391	770
391	914
391	985
392	462
392	583
392	677
392	743
392	820
392	853
392	984
393	418
393	458
393	500
393	602
393	628
393	679
393	705
393	779
393	979
394	402
394	414
394	415
394	624
394	627
394	676
394	745
394	747
394	791
394	794
394	832
394	871
394	890
394	937
394	957
394	976
395	442
395	553
395	609
395	669
395	783
395	856
395	882
395	953
395	990
396	433
396	462
396	484
396	573
396	628
396	653
396	664
396	696
396	778
396	781
396	804
396	913
397	425
397	429
397	513
397	545
397	564
397	598
397	631
397	645
397	694
397	731
397	743
397	754
397	766
397	771
397	779
397	837
397	976
397	985
398	402
398	461
398	565
398	580
398	626
398	666
398	680
398	771
398	777
398	780
399	468
399	480
399	498
399	520
399	563
399	618
399	718
399	726
399	754
399	868
399	928
400	416
400	437
400	474
400	487
400	603
400	661
400	736
400	763
400	846
400	867
400	966
401	422
401	441
401	626
401	662
401	720
401	745
401	897
401	928
401	935
402	405
402	413
402	422
402	454
402	524
402	590
402	630
402	640
402	642
402	711
402	807
402	909
403	416
403	420
403	437
403	458
403	490
403	570
403	577
403	615
403	629
403	633
403	655
403	728
403	787
403	825
403	854
403	917
404	415
404	454
404	464
404	479
404	492
404	743
404	836
404	840
404	872
404	910
405	448
405	452
405	458
405	463
405	478
405	483
405	488
405	515
405	588
405	655
405	678
405	732
405	810
405	874
405	935
405	966
406	433
406	437
406	456
406	460
406	472
406	733
406	759
406	843
406	861
406	872
406	921
406	998
407	413
407	420
407	451
407	464
407	479
407	487
407	543
407	633
407	761
407	770
407	807
407	832
407	867
407	890
407	956
408	421
408	458
408	495
408	508
408	557
408	605
408	723
408	725
408	759
408	855
408	881
408	958
408	980
408	982
409	417
409	435
409	444
409	488
409	499
409	612
409	649
409	653
409	668
409	754
409	882
409	943
409	991
410	448
410	467
410	484
410	589
410	759
410	773
410	786
410	787
410	793
411	439
411	456
411	505
411	616
411	779
411	838
411	891
411	914
411	989
411	997
412	586
412	668
412	693
412	712
412	750
412	851
412	909
413	415
413	556
413	740
413	756
413	823
413	850
413	995
414	430
414	443
414	480
414	516
414	525
414	560
414	606
414	636
414	793
414	867
414	916
415	430
415	439
415	455
415	459
415	484
415	490
415	546
415	659
415	690
415	730
415	738
415	750
415	880
415	884
415	889
415	935
416	435
416	540
416	566
416	681
417	430
417	431
417	554
417	585
417	603
417	632
417	647
417	770
417	772
417	876
418	423
418	431
418	433
418	438
418	467
418	586
418	659
418	754
418	781
419	433
419	447
419	536
419	546
419	611
419	674
419	726
419	958
419	968
419	984
420	474
420	495
420	648
420	790
420	861
420	863
420	895
421	422
421	445
421	458
421	462
421	472
421	556
421	688
421	718
421	802
421	876
421	977
422	446
422	476
422	636
422	735
422	792
422	796
422	856
422	860
423	452
423	570
423	631
423	635
423	687
423	706
423	763
423	768
423	788
423	790
423	896
423	932
423	964
423	987
423	996
424	450
424	451
424	470
424	475
424	498
424	515
424	540
424	579
424	665
424	672
424	804
424	838
424	943
424	957
425	469
425	471
425	522
425	660
425	716
425	764
425	792
425	799
425	808
425	859
425	876
425	955
426	428
426	439
426	445
426	449
426	464
426	487
426	552
426	743
426	780
426	853
426	983
426	985
427	467
427	490
427	494
427	499
427	515
427	529
427	531
427	541
427	593
427	611
427	644
427	729
427	893
427	909
427	964
428	439
428	442
428	449
428	453
428	457
428	504
428	530
428	577
428	604
428	643
428	683
428	687
428	776
428	803
428	909
429	469
429	479
429	611
429	628
429	700
429	705
429	710
429	728
429	753
429	767
429	910
430	440
430	467
430	490
430	652
430	654
430	655
430	763
430	809
430	865
430	904
431	442
431	453
431	466
431	491
431	515
431	545
431	656
431	669
431	681
431	690
431	748
431	791
431	862
431	886
431	985
432	444
432	586
432	683
432	725
432	801
432	822
432	833
432	852
432	870
432	906
432	935
433	450
433	460
433	511
433	528
433	598
433	668
433	674
433	687
433	772
434	434
434	442
434	493
434	531
434	862
435	445
435	466
435	493
435	623
435	663
435	725
435	838
436	467
436	495
436	676
436	728
436	766
436	784
436	814
436	851
436	858
436	896
436	944
436	951
437	445
437	801
437	805
437	922
438	440
438	485
438	549
438	768
438	822
438	842
439	468
439	472
439	494
439	658
439	678
439	819
439	860
439	997
440	519
440	566
440	572
440	648
440	672
440	697
440	772
440	908
440	930
440	974
440	994
441	445
441	446
441	593
441	596
441	640
441	663
441	748
441	762
441	775
441	781
441	817
441	870
441	905
441	920
442	448
442	453
442	468
442	475
442	493
442	498
442	533
442	665
442	667
442	689
442	786
443	466
443	470
443	543
443	553
443	567
443	595
443	604
443	616
443	729
443	734
443	769
443	781
443	782
443	812
443	817
443	844
443	907
443	915
443	958
443	963
443	987
444	564
444	645
444	669
444	675
444	683
444	810
444	844
444	849
444	874
444	893
444	918
444	981
445	494
445	588
445	602
445	635
445	652
445	663
445	673
445	715
445	787
445	790
445	873
445	885
445	935
445	947
446	497
446	558
446	696
446	702
446	719
446	786
446	845
446	866
446	897
447	460
447	494
447	504
447	518
447	646
447	684
447	694
447	712
448	466
448	616
448	634
448	635
448	732
448	896
448	989
449	461
449	468
449	469
449	513
449	550
449	723
449	724
449	849
449	853
449	891
449	922
449	947
450	463
450	464
450	477
450	487
450	565
450	579
450	588
450	596
450	629
450	637
450	641
450	647
450	761
450	807
450	874
450	894
450	956
450	963
450	983
451	465
451	466
451	478
451	483
451	520
451	558
451	561
451	624
451	667
451	679
451	704
451	827
451	859
451	870
451	890
451	937
452	471
452	487
452	525
452	639
452	665
452	726
452	728
452	735
452	810
452	817
452	818
452	871
452	933
452	946
452	962
453	455
453	547
453	556
453	602
453	644
453	839
453	912
453	927
453	999
454	489
454	565
454	614
454	621
454	758
454	830
454	852
454	878
454	901
454	997
455	461
455	882
455	888
455	954
456	490
456	509
456	547
456	617
456	633
456	657
456	670
456	680
456	705
456	759
456	783
456	805
456	875
456	897
456	900
457	475
457	492
457	517
457	575
457	645
457	652
457	673
457	684
457	772
457	902
457	995
458	459
458	477
458	493
458	589
458	749
458	849
458	855
458	891
458	994
459	471
459	485
459	497
459	519
459	520
459	585
459	588
459	607
459	689
459	696
459	712
459	782
459	817
459	832
459	887
459	906
459	986
459	988
460	484
460	543
460	690
460	741
460	770
460	794
460	874
460	903
460	912
461	470
461	482
461	549
461	619
461	635
461	735
462	471
462	496
462	539
462	588
462	593
462	640
462	658
462	770
462	893
462	954
463	468
463	685
463	722
463	742
463	820
463	849
463	893
463	974
464	471
464	481
464	488
464	498
464	518
464	650
464	660
465	476
465	543
465	735
465	769
465	787
465	866
465	930
466	467
466	500
466	518
466	546
466	673
466	795
466	950
466	964
466	989
467	502
467	521
467	589
467	691
467	819
467	973
468	487
468	502
468	520
468	537
468	559
468	616
468	676
468	708
468	733
468	829
468	917
468	921
468	938
468	942
468	992
469	575
469	579
469	598
469	617
469	681
469	760
469	871
469	875
469	900
469	921
470	475
470	520
470	604
470	743
470	760
470	765
470	769
470	784
470	825
470	883
470	946
470	955
470	988
471	562
471	798
472	668
472	690
472	694
472	696
472	755
472	825
472	915
473	534
473	729
473	836
473	987
474	475
474	487
474	493
474	639
474	701
474	744
474	791
474	831
474	903
475	501
475	506
475	605
475	643
475	719
475	847
475	862
475	927
475	937
475	986
476	562
476	583
476	605
476	618
476	625
476	688
476	750
476	797
476	809
476	811
476	864
477	487
477	571
477	586
477	604
477	818
477	840
477	915
478	479
478	541
478	543
478	603
478	726
478	796
478	897
478	939
478	946
479	484
479	522
479	667
479	700
479	817
479	890
479	928
480	496
480	499
480	581
480	600
480	673
480	803
480	837
480	880
480	883
480	909
481	598
481	612
481	637
481	678
481	716
481	718
481	723
481	808
481	977
482	570
482	598
482	635
482	693
482	800
482	824
482	876
483	588
483	633
483	699
483	778
483	854
483	890
483	907
484	529
484	679
484	760
484	771
484	818
484	848
484	884
484	948
485	503
485	580
485	671
485	839
485	905
485	944
485	948
485	997
486	619
486	631
486	708
486	713
486	718
486	752
486	970
486	985
486	993
487	521
487	543
487	627
487	633
487	648
487	660
487	698
487	719
487	724
487	850
487	855
487	993
488	573
488	594
488	643
488	715
488	757
488	787
488	853
488	904
488	941
488	977
488	998
489	518
489	633
489	646
489	649
489	654
489	701
489	803
489	879
490	547
490	630
490	710
490	745
490	751
490	766
490	778
490	892
490	910
490	920
491	515
491	595
491	750
491	778
491	784
491	940
492	493
492	494
492	544
492	745
492	794
492	888
492	936
492	953
493	527
493	583
493	742
493	842
493	926
493	929
493	948
494	514
494	574
494	583
494	639
494	761
494	862
494	895
494	983
495	551
495	587
495	603
495	667
495	672
495	797
495	803
495	815
495	818
495	924
495	952
495	957
495	963
495	990
496	558
496	605
496	637
496	669
496	691
496	722
496	750
496	789
496	835
496	962
497	504
497	540
497	639
497	770
497	774
497	798
497	804
497	849
497	857
497	894
497	900
497	917
498	526
498	532
498	533
498	684
498	691
498	738
499	564
499	574
499	585
499	650
499	847
500	595
500	675
500	692
500	822
501	550
501	842
502	517
502	521
502	539
502	561
502	791
502	822
502	867
503	517
503	553
503	557
503	637
503	643
503	669
503	786
503	822
503	837
503	929
503	931
503	962
504	521
504	550
504	561
504	569
504	597
504	599
504	638
504	667
504	676
504	765
504	829
504	866
504	872
504	991
505	547
505	577
505	581
505	599
505	627
505	684
505	745
505	794
505	873
505	877
506	533
506	636
506	643
506	667
506	674
506	763
506	792
506	795
506	802
506	827
506	869
506	913
506	923
506	949
506	980
507	570
507	590
507	642
507	652
507	721
507	749
507	938
508	527
508	658
508	692
508	768
508	775
508	782
508	861
508	915
508	933
508	947
509	521
509	562
509	612
509	705
509	710
509	751
509	821
509	892
509	899
510	522
510	523
510	556
510	667
510	770
510	806
510	895
510	937
510	964
511	522
511	555
511	574
511	575
511	701
511	770
511	800
511	877
511	942
511	946
511	959
511	962
512	568
512	716
512	727
512	733
512	739
512	800
512	821
512	883
512	918
513	519
513	528
513	537
513	551
513	590
513	594
513	623
513	659
513	761
513	792
513	794
513	882
514	663
514	755
514	955
515	518
515	524
515	529
515	549
515	560
515	597
515	652
515	691
515	725
515	743
515	751
515	804
515	881
516	554
516	559
516	597
516	600
516	696
516	936
517	519
517	521
517	549
517	553
517	579
517	609
517	641
517	711
517	768
517	858
517	879
517	988
518	543
518	562
518	591
518	592
518	610
518	648
518	692
518	741
518	854
518	933
518	950
518	962
519	543
519	556
519	565
519	586
519	665
519	666
519	673
519	685
519	687
519	733
519	795
519	845
519	882
519	988
519	996
520	567
520	762
520	788
520	832
520	898
521	536
521	667
521	768
521	853
521	854
521	950
521	967
521	971
522	546
522	551
522	558
522	595
522	610
522	873
523	523
523	614
523	656
523	863
523	884
523	906
524	566
524	574
524	629
524	635
524	726
524	748
524	813
524	884
524	944
524	945
524	949
524	957
524	968
525	645
525	726
525	854
525	865
525	925
526	541
526	543
526	558
526	584
526	671
526	745
526	748
526	760
526	790
526	845
526	863
526	933
526	940
527	553
527	637
527	720
527	729
527	822
527	852
528	533
528	563
528	573
528	576
528	584
528	638
528	703
528	744
528	771
528	870
528	913
528	937
529	537
529	547
529	580
529	628
529	722
530	543
530	555
530	585
530	697
530	710
530	711
530	848
530	858
530	922
531	557
531	569
531	606
531	626
531	650
531	770
531	945
532	535
532	543
532	547
532	591
532	599
532	611
532	761
532	763
532	787
532	832
532	901
533	593
533	636
533	646
533	692
533	799
533	828
533	840
533	887
533	994
534	557
534	587
534	614
534	812
534	982
535	593
535	671
535	672
535	703
535	708
535	784
536	540
536	581
536	649
536	749
536	896
536	903
536	938
536	976
536	988
536	991
536	995
536	999
537	571
537	573
537	581
537	672
537	692
537	721
537	749
537	801
537	812
537	944
537	974
538	575
538	595
538	625
538	628
538	715
538	763
538	917
538	926
538	944
538	955
539	555
539	574
539	896
539	952
540	555
540	560
540	595
540	716
540	783
540	803
540	843
540	881
540	884
540	991
541	565
541	568
541	613
541	615
541	649
541	797
541	903
541	922
541	949
542	572
542	580
542	622
542	653
542	735
542	928
542	992
543	563
543	565
543	598
543	671
543	794
543	856
543	975
543	982
543	996
544	577
544	580
544	596
544	607
544	665
544	703
544	771
544	772
544	837
544	886
544	973
545	555
545	565
545	573
545	583
545	652
545	677
545	700
545	724
545	845
545	893
545	991
546	585
546	588
546	607
546	621
546	730
546	818
546	946
546	969
547	556
547	707
547	708
547	739
547	796
547	818
547	886
547	974
547	987
548	573
548	582
548	757
548	813
548	838
548	883
548	905
549	554
549	592
549	639
549	679
549	697
549	706
549	745
549	768
549	809
549	837
549	846
549	968
550	855
550	902
550	939
550	957
550	963
550	982
551	571
551	597
551	639
551	640
551	662
551	719
551	743
551	826
551	873
552	574
552	617
552	619
552	642
552	667
552	726
552	778
552	786
552	792
552	901
552	941
553	568
553	627
553	646
553	738
553	745
553	806
553	816
553	820
553	837
553	926
553	987
554	560
554	563
554	588
554	687
554	698
554	750
554	860
554	865
554	874
554	905
554	978
555	590
555	653
555	756
555	904
555	966
555	978
555	980
556	698
556	706
556	779
556	791
556	798
556	810
556	882
556	932
556	999
557	611
557	620
557	649
557	662
557	684
557	755
557	818
557	961
557	965
558	579
558	759
558	790
559	583
559	700
559	778
559	790
559	875
560	585
560	676
560	729
560	750
560	779
561	564
561	567
561	592
561	610
561	637
561	640
561	687
561	797
561	804
561	869
561	893
561	906
561	920
562	603
562	644
562	655
562	689
562	712
562	714
562	811
562	908
562	965
563	659
563	679
563	785
563	789
563	817
563	904
563	938
564	637
564	707
564	737
564	772
564	790
564	965
565	565
565	634
565	636
565	640
565	818
565	821
565	846
565	885
565	887
565	891
565	946
565	950
566	589
566	608
566	656
566	698
566	752
566	766
566	873
566	998
567	576
567	620
567	711
567	728
567	730
567	738
567	777
567	780
567	849
567	887
567	911
567	999
568	600
568	607
568	685
568	688
568	703
568	759
568	831
568	862
568	893
568	961
568	977
569	584
569	606
569	720
569	774
570	581
570	616
570	682
570	737
570	757
570	759
570	770
570	787
570	821
570	935
571	577
571	586
571	675
571	702
571	784
571	879
572	595
572	633
572	657
572	779
572	794
572	827
572	910
572	929
572	940
573	598
573	620
573	736
573	739
573	805
573	806
573	866
573	871
573	992
573	996
574	609
574	648
574	716
574	723
574	774
574	861
574	911
574	926
574	971
575	590
575	622
575	793
575	813
575	814
575	882
575	901
575	907
576	578
576	614
576	735
576	789
576	892
576	938
576	941
577	664
577	680
577	726
577	742
577	765
577	771
577	775
577	787
577	812
577	853
577	946
578	583
578	587
578	631
578	678
578	685
578	710
578	806
578	897
578	900
579	612
579	617
579	618
579	651
579	666
579	756
579	767
579	974
580	628
580	669
580	879
580	970
581	635
581	848
581	850
581	917
581	943
582	583
582	593
582	610
582	725
582	772
582	803
582	821
582	849
582	873
582	950
582	984
583	791
583	804
583	842
583	869
583	978
584	723
584	772
584	919
584	963
584	986
585	588
585	645
585	782
585	813
585	924
585	934
585	941
586	598
586	626
586	676
586	770
586	862
587	588
587	665
587	700
587	761
587	769
587	856
587	874
587	918
587	941
587	957
587	980
588	599
588	674
588	762
588	776
588	836
588	859
588	930
589	632
589	709
589	743
589	769
589	777
589	784
589	836
589	922
589	968
590	646
590	673
590	683
590	750
590	813
590	940
590	959
590	981
591	668
591	679
591	682
591	687
591	718
591	788
591	891
591	897
592	613
592	667
592	782
592	914
592	954
593	626
593	669
593	718
593	916
593	919
593	925
593	938
593	971
594	652
594	654
594	717
594	797
594	906
594	946
595	616
595	694
595	755
595	945
595	990
596	599
596	613
596	632
596	846
596	926
596	930
597	608
597	611
597	880
597	907
598	649
598	709
598	748
598	789
598	952
598	963
598	986
599	619
599	621
599	626
599	695
599	726
599	853
599	888
599	970
600	632
600	637
600	661
600	663
600	671
600	717
600	744
600	750
600	783
600	784
600	903
600	997
601	637
601	640
601	659
601	688
601	697
601	756
601	774
601	793
601	859
601	899
601	977
602	643
602	655
602	663
602	676
602	678
602	693
602	704
602	730
602	794
602	850
602	861
602	881
602	890
602	921
602	956
603	610
603	632
603	657
603	667
603	679
603	683
603	685
603	692
603	697
603	793
603	818
603	850
603	935
604	628
604	646
604	652
604	658
604	659
604	857
604	958
604	979
604	994
605	673
605	691
605	900
605	909
605	925
605	943
605	992
606	652
606	662
606	697
606	715
606	718
606	751
606	822
606	840
606	881
606	967
606	980
607	668
607	704
607	731
607	746
607	877
607	882
607	888
607	914
608	694
608	696
608	720
608	745
608	806
609	637
609	671
609	683
609	687
609	699
609	747
609	760
609	807
609	904
609	936
609	940
610	612
610	616
610	795
610	819
610	915
611	615
611	630
611	641
611	659
611	667
611	677
611	685
611	698
611	699
611	720
611	748
611	915
612	617
612	621
612	627
612	670
612	683
612	698
612	704
612	730
612	755
612	785
612	885
612	934
613	619
613	651
613	654
613	668
613	730
613	852
613	865
614	622
614	649
614	691
614	760
614	872
614	992
615	618
615	619
615	622
615	639
615	670
615	684
615	805
615	947
615	983
616	642
616	670
616	691
616	864
616	897
616	935
616	983
617	618
617	733
617	771
617	870
617	929
617	952
617	955
617	959
618	642
618	651
618	791
618	898
619	667
619	670
619	689
619	741
619	764
619	769
619	815
619	855
619	996
620	634
620	679
620	702
620	808
620	829
620	896
620	954
621	664
621	687
621	708
621	824
621	830
622	623
622	662
622	731
622	762
622	833
622	844
622	889
623	715
623	809
623	832
623	845
623	852
623	901
623	993
624	663
624	682
624	686
624	784
624	801
624	805
624	820
624	911
624	915
624	916
625	631
625	660
625	699
625	924
625	931
625	950
625	954
625	963
626	645
626	681
626	682
626	694
626	695
626	772
626	818
626	854
626	871
626	878
626	953
627	678
627	694
627	838
627	882
627	920
627	963
628	678
628	680
628	710
628	792
628	822
628	835
628	947
629	633
629	648
629	822
629	839
629	890
629	905
629	949
629	985
630	647
630	675
630	698
630	789
630	819
630	837
630	905
631	737
631	795
632	639
632	641
632	653
632	661
632	669
632	857
632	892
632	895
632	908
632	928
632	933
632	942
632	943
633	634
633	666
633	678
633	683
633	785
633	787
633	862
634	639
634	645
634	658
634	662
634	689
634	702
634	775
634	797
634	843
634	985
635	639
635	658
635	699
635	706
635	725
635	787
635	816
635	871
636	652
636	867
636	886
637	641
637	673
637	842
637	882
637	897
637	981
637	988
638	661
638	708
638	740
638	810
638	983
638	986
639	659
639	671
639	767
639	803
639	883
639	914
640	681
640	809
640	998
641	730
641	788
641	790
641	827
641	861
641	885
641	907
641	926
641	934
642	653
642	691
642	766
642	789
642	899
642	901
642	925
642	937
642	982
642	994
643	668
643	686
643	758
643	855
643	880
643	901
643	906
643	977
644	666
644	677
644	696
644	736
644	745
644	777
644	794
644	831
644	881
644	890
644	923
644	932
645	731
645	745
645	747
645	901
646	713
646	717
646	735
646	822
646	984
646	989
647	773
647	880
647	882
647	904
648	655
648	664
648	684
648	944
648	957
649	671
649	673
649	676
649	679
649	685
649	773
649	801
649	808
649	816
649	851
649	889
649	891
649	911
649	936
649	949
650	683
650	696
650	729
650	733
650	847
650	924
650	971
651	652
651	653
651	696
651	782
651	839
651	894
652	689
652	691
652	764
652	769
652	827
652	858
652	970
652	996
653	665
653	678
653	690
653	694
653	746
653	800
653	902
653	967
654	674
654	703
654	857
654	917
655	677
655	686
655	689
655	701
655	762
655	770
655	779
655	899
655	926
655	936
655	999
656	677
656	702
656	715
656	818
656	859
656	877
656	919
657	691
657	695
657	745
657	824
657	872
657	894
657	998
658	660
658	666
658	674
658	750
658	752
658	935
658	974
659	826
659	865
659	930
660	677
660	764
660	785
660	831
660	833
660	909
660	924
660	952
660	962
661	671
661	693
661	713
661	854
662	762
662	780
662	795
662	800
662	878
662	916
662	967
663	675
663	883
663	944
663	971
664	719
664	737
664	804
664	838
664	958
665	856
665	891
665	976
666	687
666	689
666	694
666	717
666	819
666	880
666	925
667	673
667	684
667	735
667	767
667	825
667	855
667	873
667	880
667	940
668	674
668	679
668	691
668	908
668	994
669	690
669	763
669	954
669	964
670	791
670	861
670	947
670	952
670	965
670	982
670	999
671	714
671	716
671	782
671	788
671	790
671	851
671	896
671	958
671	962
671	963
672	709
672	750
672	859
672	868
672	876
672	937
673	779
673	786
673	830
673	835
673	880
674	679
674	695
674	764
674	779
674	809
674	868
674	897
674	978
674	998
675	799
675	810
675	817
675	838
675	844
675	909
675	922
676	683
676	708
676	718
676	874
676	976
676	998
677	732
677	738
677	757
677	760
677	937
678	695
678	713
678	773
678	788
678	819
678	825
678	829
678	853
678	939
679	679
679	768
679	771
679	861
679	872
679	977
680	753
680	771
680	834
680	848
680	940
680	979
680	984
681	687
681	693
681	845
681	865
681	888
681	996
682	690
682	749
682	802
682	826
682	854
682	947
683	770
683	806
683	840
683	852
683	864
683	912
683	932
684	687
684	695
684	723
684	901
684	929
685	705
685	733
685	795
685	855
685	919
685	991
685	993
686	779
686	790
686	806
687	702
687	820
687	874
687	887
687	977
688	699
688	717
688	758
688	769
688	790
688	829
688	868
688	913
688	919
689	693
689	726
689	813
689	825
689	837
689	932
689	985
690	789
690	790
690	803
690	836
690	840
690	913
691	730
691	731
691	906
692	699
692	745
692	864
692	866
692	907
692	937
692	976
693	727
693	799
693	813
693	950
694	878
694	926
694	954
695	761
695	819
695	850
695	857
695	859
695	914
695	928
696	697
696	779
696	835
696	868
696	891
696	952
696	973
697	772
697	815
697	875
697	938
697	948
698	712
698	737
698	765
698	810
698	898
699	804
699	849
699	851
699	854
699	988
699	997
700	733
700	786
700	797
700	860
700	931
700	943
700	983
700	999
701	708
701	714
701	727
701	731
701	732
701	767
701	769
701	795
701	819
701	855
701	865
701	885
701	916
701	979
702	723
702	730
702	784
702	860
702	882
703	707
703	724
703	756
703	797
703	823
703	887
703	911
703	965
704	706
704	769
704	783
704	800
704	848
704	860
704	880
705	719
705	722
705	733
705	736
705	747
705	748
705	783
705	826
705	846
705	857
705	861
705	964
706	715
706	768
706	771
706	794
706	812
706	832
706	900
707	714
707	735
707	748
707	762
707	815
707	846
707	849
707	933
707	949
708	710
708	740
708	775
708	852
708	867
708	976
709	713
709	878
709	895
709	902
710	767
710	771
710	781
710	845
710	940
710	993
711	723
711	735
711	747
711	795
711	800
711	911
711	921
712	740
712	749
712	772
712	775
712	791
712	796
712	874
712	949
712	950
712	954
712	963
712	999
713	727
713	729
713	737
713	747
713	776
713	791
713	871
713	896
713	914
713	928
713	940
714	717
714	746
714	757
714	767
714	834
714	982
715	743
715	909
715	995
716	739
716	749
716	871
717	724
717	736
717	747
717	780
717	836
717	925
717	926
717	973
718	756
718	846
718	853
718	892
718	941
718	995
719	749
719	781
719	786
719	791
719	846
720	738
720	827
720	857
720	912
721	737
721	785
722	782
722	783
722	808
722	871
722	875
723	743
723	776
723	777
723	786
723	824
723	849
723	918
723	946
723	998
724	738
724	757
724	768
724	826
724	828
724	831
724	835
724	901
724	928
724	959
725	757
725	764
725	768
725	779
725	817
725	922
726	767
726	824
726	845
726	969
727	741
727	793
727	801
727	841
727	938
727	956
727	986
728	732
728	826
728	836
728	861
728	944
729	732
729	799
729	809
729	814
729	904
729	923
729	992
730	752
730	781
730	783
730	786
730	843
730	872
731	827
731	830
731	846
731	861
731	868
731	894
731	922
731	929
732	733
732	797
732	823
732	864
732	897
732	999
733	757
733	788
733	812
733	837
733	849
734	750
734	771
734	806
735	755
735	934
735	942
735	982
736	739
736	747
736	755
736	838
736	847
736	851
736	908
737	769
737	774
737	775
737	791
737	803
737	869
737	881
737	886
737	893
737	943
738	761
738	807
738	823
738	838
738	903
738	918
738	970
739	746
739	767
739	795
739	919
739	947
740	751
740	754
740	779
740	849
740	956
741	762
741	764
741	774
741	776
741	777
741	779
741	830
741	838
741	948
741	972
742	769
742	794
742	795
742	811
742	843
742	914
742	918
742	984
743	767
743	771
743	781
743	805
743	812
743	870
743	873
743	883
743	884
744	762
744	845
744	865
745	775
745	881
746	765
746	793
746	844
746	958
747	749
747	775
747	835
747	912
748	785
748	804
748	824
748	846
748	858
748	868
748	959
749	761
749	764
749	771
749	778
749	790
750	776
750	890
751	935
751	957
752	785
752	808
752	816
752	931
752	932
753	775
753	836
753	900
753	902
753	931
753	998
754	760
754	790
754	820
754	833
754	863
754	890
754	976
755	783
755	794
755	798
755	850
755	860
755	980
756	756
756	763
756	766
756	773
756	789
756	849
756	915
757	787
757	922
757	932
757	943
757	977
758	802
758	884
758	957
758	965
758	996
759	778
759	799
759	831
759	837
759	886
759	914
759	943
759	949
760	776
760	778
760	827
760	871
760	936
760	969
761	860
761	950
761	973
761	996
762	769
762	854
762	877
762	908
763	763
763	787
763	820
763	904
763	962
764	859
764	958
764	959
764	960
764	975
764	986
765	812
765	865
765	883
765	895
765	930
766	822
766	825
766	937
766	975
767	770
767	834
767	910
767	937
767	941
768	771
768	795
768	819
768	914
768	996
769	798
769	838
769	887
769	962
769	989
769	992
770	782
770	783
770	786
770	910
770	960
770	961
771	823
771	955
772	794
772	797
772	799
772	822
773	881
773	933
773	970
774	797
774	808
774	841
774	904
774	975
775	797
775	798
775	916
775	933
775	957
776	777
776	780
776	790
776	822
776	837
776	887
777	795
777	834
777	877
777	878
777	956
778	779
778	851
778	893
778	898
778	945
778	955
778	978
779	839
779	882
779	884
779	935
779	936
779	943
779	987
779	988
780	870
780	874
780	927
781	796
781	823
781	894
781	993
782	789
782	942
783	859
783	887
783	934
783	976
784	788
784	822
784	841
784	910
784	929
784	979
785	797
785	860
785	875
785	876
785	931
785	999
786	959
786	961
786	998
787	797
787	895
787	991
787	998
788	805
788	989
789	861
789	872
789	873
789	906
790	810
790	864
790	875
790	909
790	944
790	963
790	995
791	908
791	913
792	825
792	863
792	908
793	797
793	869
794	804
794	885
794	895
794	922
795	880
795	914
795	968
796	828
796	861
796	895
796	905
796	978
796	992
797	817
797	824
797	944
797	961
797	979
798	832
798	845
798	867
798	967
799	807
799	832
799	907
800	852
800	868
800	884
800	971
800	989
800	990
801	819
801	831
801	848
801	851
801	917
801	997
802	802
802	813
802	831
802	836
802	861
802	864
802	891
802	898
802	940
802	999
803	841
803	850
803	882
803	918
804	817
804	830
804	864
804	871
804	898
804	903
804	981
804	992
805	821
805	909
805	923
805	951
805	999
806	808
806	824
806	843
806	870
806	872
806	891
806	937
807	838
807	842
807	939
808	816
808	819
808	822
808	863
808	867
808	970
809	859
809	869
809	959
810	846
810	857
810	872
810	892
810	931
810	937
810	998
811	819
811	831
811	883
811	899
812	852
812	919
812	948
812	977
812	996
813	836
813	862
813	902
814	821
814	834
814	854
814	865
814	879
814	920
814	932
814	937
814	999
815	833
815	858
815	860
815	879
815	881
815	973
815	989
816	826
816	833
816	850
816	853
816	974
817	824
817	832
817	860
817	880
817	925
818	836
818	865
819	843
819	844
819	851
819	855
819	866
819	889
819	892
819	988
820	826
820	830
820	942
820	995
821	831
821	848
821	859
821	867
821	893
821	922
821	936
821	943
821	977
822	827
822	843
822	864
822	878
822	975
823	882
824	849
824	882
824	901
824	991
825	852
825	863
825	885
825	959
825	996
826	844
826	856
826	859
826	875
826	898
826	920
826	927
826	958
826	977
827	872
827	928
828	850
828	898
828	932
828	936
829	838
829	857
830	855
830	891
830	975
831	862
831	870
831	874
831	921
831	959
831	974
832	837
832	838
832	893
832	930
833	842
833	885
833	922
834	881
834	897
834	927
834	966
834	985
835	844
835	867
835	873
835	881
835	883
835	952
836	868
836	993
837	844
837	955
838	860
839	861
839	899
839	904
839	920
839	943
840	865
840	893
840	981
840	987
841	893
841	899
841	927
842	896
842	914
842	927
843	852
843	857
843	864
843	903
844	907
844	946
844	970
844	975
845	876
845	913
845	917
846	896
846	982
846	997
847	985
848	912
848	930
848	957
848	977
849	868
849	965
849	972
849	983
849	995
850	892
851	862
851	886
851	895
852	887
852	891
852	893
852	919
852	995
853	866
853	870
853	895
853	929
854	854
854	857
854	873
854	889
854	908
854	919
854	935
854	952
854	997
855	860
855	870
855	955
856	894
857	874
858	888
858	906
858	941
859	863
859	873
859	878
859	883
859	944
859	968
859	991
860	897
861	891
861	895
861	900
861	910
861	949
861	958
861	982
862	992
863	887
863	932
863	970
864	883
864	888
864	994
865	876
865	895
865	897
865	971
866	988
867	876
867	881
867	988
867	995
868	873
868	969
869	884
869	912
869	926
870	905
870	970
871	897
871	898
872	889
872	940
873	890
873	970
875	896
875	959
876	924
876	987
877	896
878	885
878	924
879	883
879	929
879	940
881	895
881	908
881	967
881	995
882	906
882	950
883	992
884	928
884	941
884	951
885	893
885	954
885	965
886	891
887	928
887	998
888	898
889	951
889	974
890	946
891	897
891	922
891	961
892	960
893	893
893	939
893	964
894	905
894	977
895	919
896	935
896	966
896	994
897	965
898	936
898	958
898	984
900	901
900	949
900	970
900	986
900	993
901	906
901	986
902	927
902	983
903	929
903	960
903	968
903	991
904	905
904	913
904	915
904	928
904	943
904	990
905	909
905	924
905	967
905	980
905	985
906	978
907	907
907	916
907	959
907	964
909	927
909	955
909	973
909	994
910	933
910	945
910	963
910	970
910	993
911	957
911	976
911	980
912	917
912	957
912	983
912	987
912	988
912	995
913	942
913	965
913	976
914	951
914	963
914	968
914	978
915	982
916	916
916	950
916	963
917	954
917	961
917	973
919	978
920	931
920	934
920	955
921	937
921	994
922	923
922	946
923	947
923	957
923	980
924	937
924	950
924	965
924	979
924	985
924	994
925	933
925	976
926	934
926	952
926	959
926	983
926	989
927	931
927	932
927	957
927	982
928	941
928	964
928	989
929	965
930	941
930	966
930	972
930	974
930	980
931	935
931	951
931	958
931	961
931	975
932	939
932	944
933	961
933	964
933	996
934	970
934	980
934	984
935	947
935	963
935	988
936	978
936	992
937	966
938	942
938	954
938	985
938	987
938	989
938	990
938	994
939	943
939	977
939	997
940	953
941	954
943	962
944	968
944	985
944	998
945	954
946	966
947	956
947	967
947	972
948	994
948	996
949	976
950	951
950	966
950	979
952	960
952	988
953	968
953	970
953	976
953	977
953	981
954	955
955	959
955	964
955	998
956	992
958	963
959	967
959	991
960	966
960	967
960	973
961	967
961	971
961	978
962	984
963	971
964	973
964	980
965	981
966	997
967	986
967	988
967	990
968	984
968	996
972	973
972	975
972	977
973	976
973	983
973	997
974	977
974	979
975	999
978	999
980	995
981	991
985	987
986	992
986	999
988	990
989	994
