0	16
0	19
0	28
0	37
0	77
0	168
0	212
0	755
0	804
1	7
1	10
1	13
1	20
1	41
1	48
1	51
1	60
1	62
1	73
1	75
1	87
1	157
1	204
1	323
1	350
2	2
2	8
2	9
2	13
2	15
2	30
2	32
2	33
2	37
2	40
2	59
2	63
2	64
2	70
2	130
2	158
2	208
2	259
2	261
2	939
3	6
3	7
3	9
3	17
3	24
3	28
3	48
3	56
3	61
3	65
3	78
3	83
3	185
3	525
3	566
3	790
3	841
4	4
4	9
4	12
4	13
4	21
4	25
4	29
4	30
4	34
4	43
4	52
4	70
4	71
4	74
4	78
4	80
4	90
4	98
4	122
4	142
4	278
4	785
5	20
5	27
5	32
5	37
5	40
5	41
5	42
5	44
5	80
5	329
5	536
5	616
5	783
5	814
5	878
5	897
6	11
6	12
6	29
6	30
6	54
6	55
6	57
6	76
6	90
6	494
6	525
7	7
7	10
7	14
7	15
7	19
7	36
7	45
7	48
7	55
7	58
7	61
7	82
7	88
7	92
7	181
7	373
7	401
7	403
7	528
7	684
7	750
7	775
7	808
7	823
8	15
8	18
8	23
8	33
8	34
8	37
8	41
8	45
8	68
8	69
8	70
8	76
8	95
8	112
8	149
8	290
8	433
8	636
8	665
8	800
8	805
9	11
9	44
9	49
9	55
9	56
9	57
9	67
9	90
9	101
9	212
9	250
9	634
9	681
9	695
9	816
9	837
10	15
10	18
10	21
10	22
10	26
10	36
10	38
10	39
10	49
10	51
10	52
10	55
10	59
10	70
10	76
10	81
10	86
10	92
10	98
10	843
10	851
10	893
11	15
11	16
11	24
11	26
11	51
11	70
11	90
11	93
11	115
11	158
11	229
11	443
11	626
11	655
11	843
11	866
12	13
12	21
12	24
12	32
12	34
12	41
12	51
12	58
12	65
12	68
12	84
12	491
12	554
12	575
12	722
13	22
13	29
13	44
13	53
13	54
13	55
13	58
13	70
13	84
13	98
13	204
13	447
13	548
13	799
13	989
14	17
14	31
14	34
14	49
14	67
14	73
14	76
14	94
14	99
14	326
14	623
15	15
15	33
15	34
15	38
15	40
15	41
15	42
15	45
15	61
15	62
15	83
15	90
15	108
15	656
15	663
15	870
16	31
16	35
16	36
16	41
16	45
16	53
16	59
16	62
16	72
16	84
16	90
16	442
16	550
16	589
16	729
16	742
17	40
17	47
17	68
17	75
17	80
17	88
17	89
17	92
17	94
17	184
17	201
17	272
17	433
17	551
17	766
17	950
18	24
18	29
18	43
18	56
18	65
18	67
18	96
19	21
19	22
19	32
19	35
19	36
19	41
19	53
19	60
19	70
19	77
19	98
19	331
19	374
19	390
19	400
19	433
19	468
19	588
20	23
20	29
20	36
20	37
20	43
20	44
20	47
20	50
20	52
20	57
20	61
20	62
20	64
20	65
20	68
20	71
20	76
20	85
20	141
20	166
20	323
20	839
20	882
21	22
21	30
21	36
21	42
21	44
21	50
21	53
21	56
21	59
21	62
21	63
21	65
21	90
21	91
21	93
21	453
21	805
22	28
22	29
22	38
22	40
22	46
22	49
22	56
22	67
22	81
22	92
22	246
22	541
22	609
22	670
22	838
23	27
23	63
23	87
23	318
23	407
23	641
23	727
23	809
23	960
23	973
23	995
24	28
24	36
24	43
24	45
24	48
24	63
24	64
24	66
24	67
24	73
24	74
24	87
24	88
24	98
24	180
24	181
24	331
24	762
24	780
24	820
24	871
24	880
25	29
25	49
25	59
25	63
25	65
25	80
25	84
25	85
25	96
25	98
25	132
25	443
25	755
26	33
26	34
26	38
26	40
26	44
26	48
26	50
26	63
26	74
26	75
26	77
26	89
26	359
26	378
26	560
26	566
27	27
27	37
27	57
27	60
27	65
27	72
27	81
27	85
27	90
27	94
27	96
27	113
27	281
27	435
27	563
27	651
27	726
27	885
28	35
28	36
28	41
28	47
28	50
28	69
28	73
28	79
28	81
28	82
28	99
28	308
28	360
28	383
28	390
28	412
28	565
28	972
29	37
29	39
29	47
29	66
29	76
29	82
29	87
29	91
29	131
29	261
29	279
29	357
29	455
29	514
29	619
30	31
30	33
30	36
30	39
30	43
30	51
30	61
30	78
30	83
30	92
30	232
30	345
30	551
30	556
30	743
30	776
31	35
31	41
31	48
31	62
31	68
31	72
31	73
31	75
31	76
31	78
31	81
31	93
31	98
31	484
31	578
31	603
31	635
31	923
31	935
32	34
32	40
32	53
32	58
32	91
32	92
32	249
32	652
32	734
33	52
33	59
33	60
33	62
33	68
33	75
33	82
33	94
33	97
33	133
33	323
33	372
33	510
33	768
33	943
34	38
34	41
34	55
34	56
34	64
34	70
34	75
34	80
34	87
34	89
34	92
34	378
34	472
34	601
34	938
35	47
35	53
35	54
35	60
35	75
35	78
35	261
35	379
35	419
35	499
35	738
36	43
36	48
36	53
36	54
36	62
36	72
36	84
36	435
36	572
36	781
36	865
36	986
37	44
37	61
37	68
37	76
37	80
37	81
37	96
37	111
37	192
37	584
37	619
37	649
37	691
37	942
38	66
38	74
38	83
38	85
38	87
38	88
38	245
38	271
38	314
38	371
38	837
38	954
39	57
39	60
39	63
39	73
39	78
39	80
39	88
39	95
39	263
39	485
39	506
39	613
39	839
39	918
40	49
40	51
40	59
40	65
40	66
40	70
40	81
40	94
40	95
40	183
41	46
41	47
41	56
41	57
41	58
41	62
41	70
41	79
41	96
41	207
41	265
41	370
41	514
41	637
41	680
41	848
41	855
41	948
42	46
42	49
42	50
42	63
42	76
42	80
42	93
42	94
42	118
42	171
42	675
42	918
43	51
43	57
43	68
43	73
43	86
43	87
43	94
43	98
43	99
43	132
43	248
43	325
43	360
43	450
43	720
43	730
43	792
43	824
43	835
43	852
43	888
44	48
44	51
44	53
44	63
44	65
44	70
44	79
44	88
44	91
44	173
44	208
44	262
44	498
44	704
44	937
44	974
45	52
45	53
45	56
45	63
45	65
45	68
45	73
45	85
45	88
45	329
45	538
46	56
46	58
46	61
46	69
46	77
46	86
46	93
46	131
46	293
46	439
46	693
46	844
47	50
47	52
47	55
47	56
47	65
47	72
47	74
47	76
47	81
47	89
47	96
47	478
47	545
47	571
47	590
47	611
47	739
47	903
47	976
48	53
48	55
48	63
48	75
48	79
48	83
48	84
48	85
48	87
48	92
48	178
48	197
48	269
48	306
48	333
48	338
48	441
48	621
49	54
49	55
49	66
49	74
49	86
49	95
49	435
49	596
50	52
50	57
50	62
50	65
50	68
50	77
50	78
50	83
50	95
50	239
50	242
50	508
50	646
50	867
50	963
51	54
51	59
51	66
51	89
51	91
51	94
51	97
51	145
51	433
51	443
51	527
51	559
51	713
51	898
51	992
52	63
52	65
52	68
52	70
52	74
52	79
52	82
52	88
52	93
52	739
53	54
53	56
53	63
53	68
53	85
53	87
53	395
53	623
54	59
54	60
54	64
54	68
54	79
54	81
54	92
54	93
54	95
54	196
54	287
54	501
54	506
54	515
54	858
54	882
55	58
55	66
55	70
55	71
55	80
55	96
55	97
55	98
55	128
55	337
55	345
55	521
55	530
55	599
55	770
55	821
56	66
56	67
56	68
56	81
56	85
56	92
56	95
56	291
56	381
56	470
56	560
56	602
56	605
57	69
57	89
57	96
57	97
57	565
57	673
57	734
57	810
57	849
58	61
58	83
58	90
58	168
58	410
59	62
59	90
59	91
59	96
59	141
60	77
60	81
60	87
60	88
60	89
60	92
60	192
60	258
60	358
60	444
60	692
60	840
60	955
61	66
61	73
61	75
61	83
61	91
61	98
61	260
61	302
61	408
61	430
61	560
61	697
61	817
62	72
62	75
62	83
62	87
62	94
62	95
62	244
62	310
62	380
62	420
62	566
62	753
62	935
62	951
63	64
63	83
63	89
63	99
63	130
63	212
63	263
63	449
63	633
64	69
64	76
64	81
64	84
64	93
64	94
64	112
64	130
64	183
64	184
64	243
64	288
64	681
64	703
64	984
65	72
65	85
65	89
65	90
65	140
65	336
65	592
65	662
65	835
65	866
66	66
66	67
66	71
66	72
66	84
66	409
66	451
66	511
66	783
67	74
67	77
67	78
67	85
67	87
67	90
67	99
67	114
67	279
67	453
67	533
67	534
67	536
67	804
68	69
68	78
68	98
68	192
68	296
68	484
68	582
68	867
69	71
69	75
69	77
69	85
69	87
69	508
69	996
70	70
70	72
70	78
70	79
70	85
70	94
70	293
70	392
70	670
70	824
71	96
71	514
71	567
71	626
71	725
71	878
72	86
72	87
72	89
72	91
72	95
72	97
72	98
72	126
72	267
72	286
72	345
72	595
72	720
72	801
72	824
72	886
73	82
73	84
73	88
73	95
73	99
74	75
74	79
74	80
74	89
74	96
74	163
74	381
74	470
74	837
74	989
75	78
75	81
75	83
75	89
75	93
75	475
75	536
75	567
75	616
75	930
76	78
76	125
76	195
77	83
77	92
77	270
77	401
77	755
78	86
78	90
78	429
78	574
78	712
78	843
79	87
79	90
79	91
79	96
79	98
79	248
79	484
79	610
79	702
79	773
79	776
79	850
79	898
79	964
80	84
80	88
80	183
80	268
80	479
80	671
80	897
81	87
81	90
81	91
81	93
81	573
81	607
81	736
81	761
82	92
82	94
82	107
82	801
82	912
83	363
83	441
83	657
83	748
83	971
84	95
84	218
84	329
84	463
84	638
84	872
85	90
85	424
85	629
85	825
85	892
86	90
86	92
86	177
86	460
86	636
86	978
86	984
87	92
87	96
87	113
87	328
87	537
87	555
87	591
87	652
87	661
87	745
87	824
88	89
88	116
88	193
88	774
88	882
88	984
89	234
89	550
89	667
89	955
89	958
89	987
90	90
90	95
90	300
90	629
91	94
91	96
91	281
91	319
91	546
91	621
91	626
91	880
92	97
92	99
92	167
92	431
92	525
92	584
92	840
92	847
93	107
93	151
93	260
93	368
93	460
94	94
94	95
94	97
94	101
94	145
94	181
94	376
94	667
94	730
94	866
95	96
95	106
95	267
95	311
95	473
95	485
95	861
95	927
95	940
96	101
96	206
96	235
96	278
96	359
96	480
96	701
96	730
96	846
97	329
97	412
97	673
97	733
98	328
98	460
98	558
99	464
99	521
99	773
100	109
100	111
100	116
100	122
100	124
100	134
100	135
100	137
100	140
100	156
100	159
100	161
100	168
100	170
100	186
100	953
101	105
101	107
101	113
101	116
101	120
101	128
101	130
101	134
101	155
101	163
101	168
101	184
101	190
101	191
101	309
101	638
101	787
102	119
102	143
102	147
102	155
102	163
102	164
102	165
102	166
102	176
102	185
102	805
102	815
102	854
102	984
103	104
103	106
103	115
103	120
103	148
103	152
103	157
103	158
103	159
103	161
103	165
103	173
103	177
103	184
103	188
103	191
103	197
103	198
103	233
103	247
103	454
103	502
103	986
104	106
104	109
104	113
104	117
104	119
104	122
104	124
104	125
104	126
104	132
104	138
104	141
104	142
104	144
104	164
104	167
104	170
104	173
104	181
104	182
104	187
104	195
104	197
104	200
104	315
104	753
104	806
104	986
105	106
105	121
105	123
105	132
105	137
105	139
105	143
105	148
105	151
105	153
105	159
105	164
105	166
105	178
105	185
105	190
105	198
105	199
105	322
105	364
105	437
105	566
105	864
105	867
105	888
105	916
106	107
106	108
106	111
106	112
106	116
106	122
106	123
106	154
106	155
106	159
106	166
106	168
106	169
106	176
106	177
106	182
106	188
106	195
106	339
106	592
106	767
106	996
107	112
107	130
107	139
107	159
107	166
107	168
107	182
107	190
107	197
107	951
108	110
108	115
108	119
108	130
108	131
108	158
108	160
108	169
108	170
108	173
108	174
108	185
108	191
108	204
108	308
108	584
108	586
108	669
108	686
108	707
108	770
108	967
109	113
109	131
109	132
109	143
109	153
109	163
109	179
109	188
109	193
109	194
109	196
109	497
109	696
110	112
110	117
110	119
110	121
110	123
110	145
110	152
110	169
110	175
110	176
110	179
110	184
110	187
110	199
110	408
110	470
110	600
110	764
110	804
110	990
111	111
111	112
111	115
111	120
111	129
111	164
111	168
111	169
111	179
111	190
111	193
111	248
111	303
111	341
111	585
111	857
111	892
112	121
112	133
112	136
112	139
112	146
112	147
112	148
112	149
112	154
112	160
112	172
112	173
112	187
112	190
112	193
112	194
112	327
112	328
112	358
112	570
112	642
112	739
112	754
112	779
112	906
113	117
113	120
113	124
113	127
113	134
113	139
113	141
113	156
113	157
113	168
113	188
113	191
113	397
113	407
113	910
113	916
114	121
114	123
114	134
114	161
114	166
114	168
114	176
114	177
114	400
114	418
114	593
114	681
114	756
114	883
115	118
115	121
115	163
115	167
115	170
115	173
115	180
115	181
115	193
115	199
115	227
115	236
115	333
115	805
115	965
115	995
116	117
116	122
116	123
116	129
116	131
116	162
116	163
116	169
116	172
116	173
116	186
116	187
116	190
116	191
116	193
116	194
116	198
116	236
116	291
116	995
117	123
117	124
117	128
117	136
117	138
117	139
117	155
117	168
117	174
117	179
117	185
117	186
117	189
117	193
117	197
117	354
117	455
117	726
117	830
117	948
118	138
118	161
118	179
118	194
118	406
118	574
119	124
119	128
119	130
119	144
119	154
119	161
119	162
119	165
119	171
119	175
119	179
119	183
119	191
119	415
119	613
119	627
119	739
119	749
119	942
119	947
120	122
120	124
120	145
120	149
120	153
120	169
120	184
120	193
121	125
121	130
121	131
121	137
121	150
121	184
121	185
121	186
121	254
121	333
121	416
121	502
121	530
121	559
121	831
121	910
122	122
122	125
122	140
122	142
122	149
122	158
122	166
122	175
122	181
122	185
122	187
122	263
122	548
123	126
123	153
123	156
123	165
123	168
123	173
123	179
123	182
123	188
123	193
123	195
123	338
123	344
123	486
123	705
123	821
123	824
124	130
124	142
124	144
124	148
124	161
124	162
124	164
124	166
124	170
124	188
124	197
124	203
124	313
124	570
124	802
125	129
125	134
125	140
125	147
125	166
125	169
125	171
125	172
125	176
125	184
125	194
125	291
125	456
125	461
125	465
125	646
125	715
125	861
126	135
126	136
126	139
126	148
126	161
126	165
126	173
126	177
126	184
126	186
126	427
126	478
126	563
126	721
126	766
126	969
127	127
127	147
127	149
127	151
127	156
127	160
127	162
127	181
127	191
127	198
127	222
127	351
127	433
127	844
127	849
127	871
127	872
127	889
127	964
128	169
128	174
128	194
128	196
128	208
128	227
128	621
128	714
128	733
128	909
129	134
129	138
129	143
129	145
129	146
129	167
129	171
129	189
129	191
129	194
129	195
129	196
129	272
129	298
129	316
129	328
129	369
129	387
129	497
129	751
129	917
130	145
130	147
130	148
130	149
130	176
130	183
130	186
130	199
130	545
130	568
130	641
130	644
130	732
130	761
130	785
130	864
130	871
130	878
130	881
131	136
131	146
131	147
131	149
131	162
131	163
131	189
131	193
131	195
131	197
131	412
131	534
131	611
132	142
132	145
132	150
132	155
132	162
132	164
132	175
132	178
132	324
132	377
132	438
132	468
132	511
132	519
132	546
132	698
132	847
133	135
133	136
133	139
133	143
133	146
133	147
133	160
133	169
133	170
133	181
133	186
133	197
133	199
133	252
133	262
133	284
133	445
133	654
134	145
134	169
134	170
134	172
134	185
134	193
134	195
134	222
134	236
134	384
134	390
134	615
134	880
134	971
135	138
135	156
135	171
135	178
135	201
135	296
135	462
135	603
135	642
136	140
136	147
136	150
136	156
136	172
136	173
136	176
136	180
136	185
136	189
136	190
136	194
136	973
136	986
137	139
137	141
137	150
137	155
137	162
137	167
137	169
137	177
137	191
137	195
137	327
137	406
137	409
137	475
137	630
137	644
137	656
137	750
138	141
138	142
138	151
138	156
138	163
138	176
138	180
138	193
138	197
138	259
138	466
138	532
139	153
139	161
139	169
139	175
139	183
139	193
139	195
139	199
139	519
139	746
139	748
139	792
139	862
140	141
140	155
140	159
140	166
140	167
140	185
140	186
140	388
140	446
140	595
140	611
140	701
140	881
140	996
141	141
141	150
141	155
141	170
141	176
141	180
141	182
141	183
141	197
141	773
141	899
142	158
142	159
142	164
142	195
142	416
142	644
142	701
142	767
143	143
143	146
143	147
143	159
143	173
143	177
143	179
143	181
143	188
143	460
143	551
143	668
143	703
143	725
143	982
144	147
144	148
144	159
144	162
144	164
144	166
144	179
144	183
144	189
144	198
144	199
144	343
144	367
144	565
144	621
144	740
145	146
145	171
145	178
145	187
145	189
145	191
145	198
145	550
145	634
145	868
146	154
146	159
146	165
146	185
146	186
146	187
146	193
146	492
146	569
146	588
146	609
146	820
147	149
147	165
147	176
147	185
147	189
147	193
147	228
147	334
147	550
147	746
148	151
148	156
148	184
148	185
148	193
148	242
148	366
148	825
149	150
149	152
149	153
149	157
149	183
149	186
149	187
149	195
149	299
149	399
149	461
149	761
149	802
149	904
149	950
149	983
150	157
150	160
150	177
150	190
150	222
150	444
150	496
150	815
150	843
150	893
150	919
151	155
151	157
151	166
151	170
151	176
151	177
151	178
151	180
151	184
151	187
151	189
151	190
151	273
151	653
151	922
152	153
152	162
152	173
152	176
152	183
152	191
152	192
152	214
152	353
152	643
152	854
153	154
153	156
153	166
153	173
153	175
153	176
153	188
153	287
153	369
153	462
153	589
153	647
154	162
154	163
154	165
154	189
154	190
154	191
154	195
154	199
154	228
154	475
154	700
154	753
154	788
154	965
155	165
155	171
155	180
155	184
155	185
155	186
155	189
156	163
156	166
156	168
156	174
156	179
156	187
156	214
156	279
156	386
156	417
156	489
156	899
156	906
156	987
157	164
157	173
157	182
157	476
157	481
157	561
157	564
157	598
158	169
158	220
158	326
158	424
158	486
158	520
158	526
158	627
158	740
159	159
159	164
159	174
159	184
159	185
159	191
159	283
159	429
159	493
159	572
159	734
159	949
159	989
160	184
160	194
160	195
160	519
160	672
161	162
161	165
161	167
161	168
161	171
161	177
161	272
161	286
161	547
161	583
161	693
161	881
162	163
162	180
162	183
162	188
162	192
162	196
162	204
162	205
162	249
162	623
162	755
162	822
162	971
163	165
163	169
163	171
163	175
163	176
163	183
163	186
163	191
163	198
163	439
163	478
163	555
163	731
163	912
164	177
164	190
164	275
164	310
164	312
164	599
164	718
164	786
165	170
165	171
165	397
165	604
165	666
165	933
166	184
166	190
166	195
166	196
166	198
166	278
166	297
166	691
166	905
167	178
167	179
167	185
167	191
167	195
167	197
167	379
167	604
167	627
167	869
168	170
168	181
168	193
168	206
168	418
168	453
168	492
168	669
168	819
169	170
169	172
169	190
169	199
169	306
169	495
169	823
169	970
170	173
170	175
170	184
170	188
170	670
170	699
170	863
170	942
171	172
171	174
171	180
171	185
171	190
171	194
171	694
171	712
171	721
171	953
172	173
172	174
172	187
172	192
172	331
172	387
173	173
173	174
173	178
173	183
173	185
173	364
173	421
173	484
173	978
174	178
174	180
174	181
174	184
174	185
174	186
174	192
174	193
174	195
174	407
174	502
174	870
175	181
175	185
175	528
175	751
175	826
176	179
176	181
176	183
176	191
176	197
176	199
176	539
176	573
176	577
176	619
176	851
177	180
177	183
177	196
177	198
177	199
177	312
177	786
178	185
178	309
179	194
179	238
179	453
179	789
179	962
180	195
180	356
180	606
180	665
180	695
180	880
180	909
181	194
181	196
181	381
181	390
181	456
181	482
181	659
181	772
181	815
181	859
181	919
181	937
182	184
182	190
182	195
182	746
182	775
182	786
183	190
183	196
183	198
183	204
183	353
183	392
183	426
183	520
183	608
183	618
183	824
183	980
184	186
184	198
184	262
184	440
184	458
184	475
184	891
185	199
185	442
185	680
185	744
185	800
185	804
185	817
185	949
186	266
186	273
186	293
186	692
186	723
186	758
186	784
186	867
186	952
187	188
187	190
187	196
187	197
187	264
187	811
187	892
188	195
188	205
188	306
188	390
188	878
188	976
189	195
189	215
189	502
189	508
190	190
190	194
190	241
190	333
190	337
190	341
191	195
191	294
191	530
192	197
192	199
192	398
192	540
192	694
192	773
193	194
193	196
193	425
193	596
193	969
194	554
194	625
194	850
194	979
195	199
195	610
195	669
195	678
195	928
196	199
196	270
196	322
196	728
196	952
197	199
197	288
197	315
197	441
197	735
197	756
197	776
198	267
198	909
198	978
199	345
199	405
199	500
199	510
199	708
199	880
200	207
200	213
200	215
200	216
200	229
200	264
200	268
200	284
200	296
200	397
200	653
200	853
201	203
201	204
201	214
201	217
201	222
201	224
201	233
201	245
201	249
201	250
201	256
201	265
201	280
201	281
201	285
201	288
201	291
201	293
201	296
201	387
201	755
201	909
201	942
202	210
202	229
202	231
202	232
202	233
202	234
202	246
202	249
202	252
202	254
202	256
202	271
202	298
203	210
203	212
203	216
203	217
203	219
203	229
203	232
203	233
203	234
203	235
203	243
203	245
203	248
203	251
203	256
203	263
203	265
203	269
203	281
203	286
203	306
203	310
203	399
203	557
203	948
203	964
204	206
204	209
204	216
204	218
204	220
204	227
204	231
204	233
204	247
204	264
204	267
204	271
204	273
204	283
204	290
204	291
204	297
204	386
204	588
204	607
204	742
205	211
205	228
205	233
205	238
205	252
205	253
205	255
205	260
205	264
205	265
205	268
205	283
205	298
205	299
205	459
205	846
206	207
206	213
206	214
206	221
206	224
206	235
206	239
206	249
206	263
206	268
206	269
206	296
206	611
206	640
206	696
206	796
206	982
207	212
207	219
207	232
207	237
207	244
207	247
207	257
207	260
207	275
207	276
207	277
207	284
207	285
207	286
207	297
207	298
207	311
207	632
207	642
207	711
207	870
208	211
208	212
208	215
208	219
208	223
208	232
208	235
208	241
208	249
208	253
208	263
208	266
208	267
208	272
208	275
208	289
208	410
208	563
208	642
208	643
208	674
208	687
208	760
208	764
208	828
209	215
209	225
209	226
209	237
209	252
209	270
209	271
209	282
209	298
209	357
209	480
209	607
210	218
210	221
210	225
210	227
210	233
210	246
210	249
210	252
210	268
210	269
210	276
210	277
210	278
210	279
210	287
210	289
210	295
210	308
210	371
210	550
210	670
211	213
211	223
211	225
211	226
211	227
211	230
211	236
211	239
211	241
211	250
211	256
211	259
211	264
211	265
211	283
211	284
211	340
211	478
211	521
211	582
211	664
211	798
211	866
212	219
212	233
212	236
212	238
212	240
212	245
212	250
212	254
212	264
212	265
212	273
212	275
212	279
212	293
212	295
212	329
212	472
212	597
212	609
212	827
213	216
213	217
213	240
213	241
213	246
213	258
213	261
213	265
213	270
213	284
213	286
213	299
213	522
213	586
213	739
214	216
214	218
214	222
214	223
214	234
214	237
214	244
214	250
214	259
214	260
214	274
214	276
214	284
214	285
214	377
214	381
214	412
214	763
214	929
214	992
215	220
215	238
215	254
215	266
215	276
215	279
215	297
215	446
215	531
215	706
215	767
215	772
215	824
215	899
216	217
216	221
216	225
216	227
216	229
216	236
216	237
216	238
216	243
216	254
216	255
216	264
216	270
216	271
216	273
216	285
216	290
216	728
216	794
217	231
217	243
217	246
217	255
217	261
217	271
217	273
217	279
217	283
218	224
218	226
218	242
218	248
218	251
218	253
218	254
218	259
218	261
218	263
218	265
218	276
218	287
218	353
218	358
218	519
218	707
218	842
218	895
219	220
219	223
219	243
219	259
219	287
219	608
219	677
220	246
220	271
220	292
220	351
220	650
220	695
220	829
221	246
221	260
221	262
221	265
221	268
221	273
221	276
221	288
221	295
221	296
221	380
221	488
221	788
221	992
222	223
222	227
222	228
222	231
222	246
222	248
222	257
222	259
222	265
222	275
222	278
222	726
222	769
223	226
223	247
223	251
223	258
223	261
223	268
223	269
223	271
223	276
223	329
223	593
223	704
223	942
224	226
224	229
224	266
224	276
224	292
224	440
224	514
224	540
224	601
224	638
224	733
225	225
225	230
225	232
225	237
225	251
225	252
225	268
225	269
225	272
225	273
225	307
225	335
225	432
225	511
225	708
225	856
226	229
226	241
226	244
226	246
226	262
226	266
226	271
226	287
226	288
226	289
226	293
226	298
226	343
226	486
226	590
226	727
227	231
227	234
227	255
227	258
227	260
227	261
227	264
227	274
227	283
227	289
227	291
227	298
227	299
227	503
227	651
227	919
228	232
228	240
228	250
228	262
228	265
228	292
228	737
228	882
228	883
228	972
229	243
229	249
229	253
229	256
229	263
229	267
229	274
229	277
229	288
229	297
229	469
229	539
229	662
229	694
230	231
230	241
230	244
230	252
230	257
230	260
230	261
230	265
230	269
230	275
230	276
230	287
230	295
230	345
230	689
230	696
230	745
230	819
230	880
230	889
231	232
231	241
231	245
231	246
231	262
231	270
231	271
231	276
231	279
231	284
231	295
231	299
231	503
231	712
232	232
232	255
232	259
232	269
232	270
232	277
232	283
232	288
232	313
232	636
233	233
233	255
233	256
233	263
233	265
233	268
233	272
233	288
233	293
233	299
233	575
233	630
233	803
233	964
234	239
234	247
234	248
234	257
234	262
234	277
234	296
234	409
234	523
234	547
234	765
235	243
235	249
235	251
235	254
235	255
235	266
235	282
235	287
235	449
235	649
235	745
236	244
236	256
236	258
236	274
236	280
236	284
236	288
236	290
236	293
236	547
236	575
236	599
236	663
236	684
236	797
237	243
237	255
237	263
237	264
237	274
237	277
237	279
237	286
237	290
237	292
237	294
237	295
237	408
237	453
237	616
237	790
237	902
237	972
238	240
238	242
238	249
238	255
238	265
238	274
238	290
238	291
238	293
238	555
238	715
238	752
238	908
239	240
239	244
239	251
239	273
239	274
239	284
239	285
239	290
239	402
239	497
239	550
239	774
240	250
240	258
240	265
240	266
240	275
240	277
240	289
240	294
240	454
240	489
240	848
241	245
241	266
241	274
241	279
241	280
241	285
241	288
241	296
241	671
241	856
242	246
242	248
242	249
242	263
242	277
242	283
242	293
242	565
242	613
242	629
243	251
243	260
243	266
243	267
243	272
243	275
243	277
243	467
243	583
244	250
244	253
244	262
244	263
244	267
244	289
244	290
244	293
244	295
244	604
244	893
245	248
245	249
245	263
245	272
245	277
245	281
245	288
245	289
245	615
245	713
245	758
245	954
245	968
246	266
246	288
246	291
246	559
246	600
246	674
247	251
247	264
247	265
247	268
247	289
247	295
247	636
247	792
248	249
248	261
248	274
248	280
248	281
248	297
248	307
248	630
248	645
248	693
248	765
249	256
249	263
249	267
249	276
249	284
249	285
249	499
249	945
250	254
250	260
250	276
250	278
250	280
250	287
250	313
250	324
250	436
250	577
250	634
250	669
251	255
251	256
251	262
251	273
251	288
251	296
251	297
251	331
251	677
251	821
251	835
251	952
252	253
252	265
252	279
252	298
252	500
252	549
252	601
252	979
253	275
253	278
253	285
253	290
253	291
253	295
253	345
253	533
253	787
253	853
254	260
254	262
254	270
254	274
254	277
254	292
254	293
254	829
255	258
255	264
255	270
255	273
255	284
255	286
255	288
255	635
255	832
256	256
256	257
256	266
256	276
256	279
256	281
256	439
256	634
256	776
256	791
257	262
257	267
257	284
257	286
257	288
257	294
257	299
257	395
257	707
257	728
257	878
258	259
258	260
258	267
258	270
258	273
258	276
258	279
258	283
258	299
258	417
258	497
258	617
258	843
259	263
259	281
259	320
259	531
259	562
259	672
260	271
260	276
260	283
260	291
260	293
260	581
260	891
260	961
261	265
261	270
261	278
261	288
261	292
261	293
261	393
261	407
261	452
261	532
261	600
261	798
261	960
262	267
262	281
262	285
262	286
262	301
262	548
262	649
262	719
262	777
262	869
263	264
263	272
263	276
263	279
263	281
263	284
263	287
263	288
263	289
263	296
263	352
263	424
263	436
263	546
263	580
263	627
263	636
263	654
263	931
263	933
264	266
264	268
264	275
264	282
264	285
264	297
264	298
264	522
265	283
265	286
265	287
265	289
265	294
265	709
266	275
266	282
266	287
266	293
266	294
266	299
266	644
266	779
266	806
266	832
266	920
267	268
267	269
267	294
267	295
267	299
267	388
267	769
267	810
268	268
268	269
268	277
268	285
268	287
268	364
268	523
268	649
268	904
269	273
269	275
269	279
269	285
269	288
269	292
269	296
269	358
269	401
269	493
269	501
269	649
269	734
269	737
269	888
269	972
270	272
270	273
270	277
270	278
270	281
270	291
270	294
270	378
270	641
271	276
271	279
271	280
271	284
271	288
271	289
271	371
271	386
271	402
271	433
271	488
271	581
271	689
271	807
271	875
271	896
271	953
272	285
272	288
272	426
272	545
272	597
272	601
272	681
272	953
273	276
273	278
273	293
273	333
273	342
273	715
274	276
274	288
274	293
274	295
274	431
274	645
274	667
274	670
274	692
274	694
274	769
275	277
275	282
275	294
275	443
275	801
275	824
276	344
276	398
276	513
276	712
276	921
277	282
277	288
277	298
277	450
277	522
277	734
277	819
277	835
277	846
278	281
278	283
278	286
278	289
278	292
278	296
278	497
278	986
279	287
279	288
279	488
279	534
279	733
279	765
279	770
279	845
279	868
280	280
280	283
280	292
280	295
280	449
280	508
280	941
280	947
281	285
281	295
281	299
281	400
281	612
281	733
281	843
281	844
281	916
282	282
282	286
282	288
282	292
282	297
282	302
282	546
282	742
282	806
282	824
282	920
283	290
283	294
283	306
283	764
283	819
284	292
284	410
284	499
284	643
285	293
285	298
285	546
286	288
286	481
286	660
286	798
286	815
286	870
287	299
287	626
287	798
287	873
287	895
288	348
288	472
288	741
288	787
288	918
289	296
289	471
289	575
289	609
289	661
289	827
290	292
290	297
290	299
290	489
290	841
290	873
291	291
291	295
291	296
291	462
291	810
292	359
292	361
292	419
292	451
292	470
292	525
292	538
292	796
293	436
293	554
293	815
293	982
294	295
294	676
294	791
294	900
295	298
295	457
295	483
295	714
295	808
295	978
296	299
296	378
296	499
296	796
296	875
296	921
297	323
297	340
297	363
297	393
297	425
297	626
297	813
297	947
297	994
298	577
299	328
299	539
299	616
299	641
299	726
300	312
300	313
300	317
300	322
300	327
300	345
300	352
300	356
300	373
300	378
300	390
300	394
300	559
300	904
300	984
301	323
301	324
301	345
301	354
301	358
301	363
301	364
301	368
301	377
301	390
301	399
301	459
301	552
301	723
302	309
302	317
302	318
302	330
302	332
302	344
302	345
302	351
302	357
302	367
302	371
302	378
302	381
302	382
302	388
302	394
302	398
302	596
302	710
302	756
302	825
302	951
303	306
303	315
303	316
303	318
303	319
303	321
303	323
303	329
303	332
303	341
303	356
303	357
303	359
303	360
303	364
303	365
303	370
303	372
303	374
303	379
303	392
303	394
303	397
303	544
303	754
304	321
304	331
304	333
304	334
304	342
304	355
304	362
304	363
304	367
304	369
304	383
304	386
304	387
304	388
304	476
304	503
304	751
304	964
305	313
305	324
305	325
305	331
305	334
305	344
305	345
305	347
305	361
305	362
305	363
305	366
305	370
305	373
305	388
305	399
305	435
305	696
305	730
306	308
306	311
306	314
306	346
306	348
306	363
306	384
306	568
306	783
306	842
307	326
307	347
307	350
307	355
307	356
307	358
307	360
307	365
307	380
307	382
307	389
307	391
307	393
307	728
307	769
308	310
308	320
308	321
308	332
308	343
308	344
308	360
308	362
308	365
308	371
308	376
308	393
308	396
308	573
308	825
309	310
309	312
309	335
309	337
309	339
309	340
309	342
309	345
309	356
309	360
309	362
309	364
309	365
309	383
309	386
309	393
309	396
310	319
310	320
310	339
310	345
310	354
310	358
310	375
310	393
310	394
310	399
310	462
310	749
310	860
310	917
311	319
311	344
311	348
311	358
311	359
311	373
311	377
311	382
311	384
311	390
311	391
311	445
311	512
311	639
311	812
311	845
312	314
312	316
312	326
312	332
312	337
312	342
312	343
312	352
312	353
312	354
312	372
312	373
312	389
312	392
312	399
312	486
312	967
313	314
313	318
313	328
313	340
313	352
313	356
313	363
313	368
313	372
313	381
313	385
313	386
313	390
313	399
313	990
314	329
314	330
314	344
314	349
314	355
314	378
314	393
314	815
315	320
315	321
315	345
315	357
315	365
315	736
315	755
315	813
315	940
316	325
316	328
316	331
316	334
316	339
316	349
316	358
316	369
316	375
316	378
316	379
316	380
316	387
316	398
316	412
316	418
316	910
316	930
317	329
317	336
317	345
317	349
317	358
317	363
317	366
317	370
317	382
317	388
317	390
317	391
317	393
317	403
317	474
317	477
317	574
317	966
318	332
318	338
318	339
318	343
318	346
318	353
318	365
318	369
318	378
318	382
318	385
318	395
318	755
318	797
318	845
318	869
318	999
319	325
319	326
319	333
319	338
319	369
319	373
319	374
319	380
319	385
319	387
319	390
319	393
319	548
319	655
319	752
320	328
320	338
320	339
320	347
320	355
320	356
320	358
320	377
320	379
320	381
320	393
320	395
320	403
320	468
320	679
320	769
321	323
321	337
321	341
321	343
321	352
321	356
321	359
321	370
321	376
321	377
321	638
321	663
321	735
321	921
321	926
322	324
322	326
322	332
322	336
322	337
322	341
322	347
322	361
322	365
322	369
322	375
322	378
322	380
322	381
322	392
322	398
322	869
322	883
323	347
323	349
323	358
323	384
323	390
323	392
323	636
323	648
323	732
323	985
324	327
324	330
324	337
324	344
324	346
324	358
324	368
324	380
324	382
324	383
324	388
324	392
324	500
324	731
324	758
324	783
325	339
325	354
325	358
325	360
325	364
325	379
325	406
325	573
325	832
325	865
326	335
326	336
326	344
326	353
326	355
326	361
326	370
326	374
326	378
326	385
326	388
326	395
326	399
326	512
326	887
327	330
327	337
327	339
327	340
327	351
327	352
327	354
327	356
327	358
327	360
327	363
327	365
327	366
327	378
327	385
327	399
327	411
327	416
327	487
327	745
327	816
327	907
328	334
328	340
328	344
328	346
328	354
328	360
328	361
328	367
328	368
328	370
328	384
328	385
328	668
329	330
329	356
329	360
329	361
329	375
329	379
329	380
329	381
329	382
329	398
329	630
329	632
329	829
330	336
330	337
330	342
330	344
330	365
330	374
330	375
330	390
330	397
330	398
330	519
330	586
330	646
330	686
330	985
331	342
331	344
331	355
331	372
331	375
331	377
331	381
331	462
331	483
331	495
332	334
332	347
332	355
332	360
332	370
332	378
332	381
332	382
332	388
332	398
332	399
332	449
332	492
332	668
332	910
333	365
333	374
333	380
333	394
333	563
333	746
333	850
334	335
334	337
334	338
334	339
334	350
334	353
334	359
334	366
334	367
334	370
334	395
334	620
334	955
335	340
335	347
335	348
335	352
335	353
335	361
335	362
335	364
335	371
335	373
335	385
335	391
335	398
335	487
335	646
335	921
335	938
336	346
336	347
336	356
336	362
336	380
336	381
336	397
336	398
336	474
336	549
336	625
336	630
336	786
336	893
336	917
337	344
337	360
337	388
337	396
337	684
337	689
337	962
338	345
338	350
338	351
338	356
338	370
338	380
338	381
338	382
338	388
338	396
338	506
338	956
339	341
339	344
339	354
339	375
339	378
339	382
339	386
339	707
339	893
340	347
340	348
340	353
340	358
340	370
340	378
340	382
340	384
340	395
340	398
340	591
340	597
341	353
341	362
341	366
341	373
341	378
341	389
341	393
341	398
341	460
341	738
341	763
341	976
342	357
342	377
342	383
342	385
342	386
342	537
342	660
342	911
343	349
343	360
343	369
343	375
343	392
343	394
343	397
343	660
343	691
343	724
344	380
344	381
344	383
344	388
344	389
344	679
344	956
345	346
345	361
345	372
345	377
345	393
345	395
345	719
345	732
345	782
345	813
346	354
346	357
346	361
346	365
346	369
346	379
346	397
346	398
346	613
346	939
347	351
347	373
347	382
347	383
347	385
347	392
347	396
347	421
347	465
347	755
348	357
348	370
348	378
348	392
348	396
348	397
348	405
348	564
348	595
348	795
349	352
349	356
349	363
349	368
349	377
349	378
349	390
349	391
349	397
349	485
349	507
349	799
349	860
349	956
350	354
350	357
350	359
350	360
350	361
350	368
350	369
350	382
350	398
350	428
350	509
350	674
350	908
350	919
350	960
351	370
351	376
351	379
351	387
351	395
351	423
351	522
352	355
352	359
352	362
352	366
352	370
352	374
352	376
352	388
352	395
352	434
352	487
352	521
352	599
352	663
352	741
352	951
353	354
353	360
353	364
353	369
353	377
353	387
353	502
353	858
353	953
354	365
354	367
354	381
354	386
354	397
354	398
354	571
355	362
355	366
355	367
355	372
355	381
355	459
355	720
355	943
356	358
356	364
356	374
356	380
356	382
356	438
356	570
356	762
356	834
356	976
357	359
357	360
357	364
357	367
357	376
357	378
357	421
357	523
358	362
358	363
358	368
358	376
358	379
358	385
358	390
358	641
358	677
358	693
358	914
358	942
359	371
359	380
359	383
359	394
359	398
359	479
359	514
359	630
359	778
359	781
359	907
360	379
360	383
360	385
360	404
360	417
360	426
360	819
361	361
361	367
361	369
361	393
361	394
361	737
361	844
361	887
362	363
362	369
362	371
362	372
362	386
362	389
362	394
362	395
362	783
363	363
363	367
363	372
363	374
363	499
363	538
363	799
363	800
363	991
364	369
364	371
364	379
364	384
364	521
365	378
365	380
365	392
365	427
365	456
365	498
365	731
365	763
365	871
365	886
366	368
366	369
366	381
366	391
366	393
366	396
366	397
366	398
366	399
366	610
366	757
366	880
367	370
367	371
367	373
367	374
367	375
367	376
367	382
367	388
367	953
368	375
368	380
368	382
368	391
368	414
368	986
369	378
369	389
369	391
369	419
369	444
369	650
369	849
369	989
370	374
370	378
370	380
370	387
370	395
370	540
370	637
370	658
370	715
371	374
371	375
371	377
371	391
371	395
371	409
371	630
371	943
372	375
372	383
372	384
372	471
372	564
372	684
373	376
373	381
373	394
373	411
373	443
373	570
373	613
373	859
374	379
374	380
374	390
374	399
374	625
374	687
374	731
374	791
375	386
375	390
375	392
375	397
375	411
375	871
376	390
376	399
376	699
377	383
377	393
377	564
377	594
377	632
377	811
377	870
378	381
378	383
378	390
378	391
378	393
378	572
378	610
378	949
378	973
379	382
379	386
379	387
379	396
379	397
379	532
379	577
379	593
379	911
379	966
380	381
380	388
380	396
381	384
381	391
381	395
381	603
381	852
381	858
381	909
381	939
382	387
382	404
382	877
383	385
383	386
383	389
383	391
383	397
383	399
383	423
383	607
383	629
384	387
384	393
384	601
384	620
384	626
384	723
384	726
384	828
384	993
385	387
385	393
385	397
385	399
385	451
385	546
385	578
385	689
385	830
385	860
385	907
385	996
386	393
386	395
386	960
387	388
387	398
387	525
387	597
388	394
388	544
388	826
388	921
388	927
388	962
389	395
389	396
389	662
389	680
390	393
390	395
390	398
390	502
390	536
390	593
391	398
391	885
391	934
392	395
392	399
392	454
392	547
392	973
393	396
393	398
393	530
393	558
393	833
393	985
394	396
394	904
395	434
395	438
395	562
395	623
395	663
395	939
396	399
396	866
397	397
397	432
397	474
397	777
397	985
398	668
399	467
399	741
400	422
400	434
400	441
400	443
400	445
400	447
400	455
400	459
400	460
400	463
400	470
400	478
400	479
400	487
400	490
400	633
400	685
401	406
401	408
401	414
401	432
401	446
401	465
401	475
401	476
401	493
401	499
401	585
402	409
402	410
402	415
402	420
402	421
402	427
402	437
402	439
402	443
402	447
402	450
402	458
402	467
402	663
402	828
402	940
403	421
403	446
403	450
403	451
403	454
403	456
403	469
403	473
403	475
403	483
403	487
403	524
403	534
403	643
403	692
404	404
404	408
404	413
404	417
404	422
404	428
404	429
404	431
404	440
404	442
404	446
404	456
404	459
404	464
404	475
404	490
404	495
404	498
404	512
404	720
404	805
405	408
405	414
405	429
405	436
405	468
405	478
405	493
405	938
406	414
406	428
406	432
406	450
406	455
406	456
406	458
406	468
406	476
406	489
406	490
406	494
407	424
407	440
407	449
407	451
407	458
407	459
407	473
407	475
407	488
407	493
407	495
407	656
407	901
407	963
408	422
408	430
408	434
408	443
408	447
408	448
408	453
408	471
408	472
408	485
408	487
408	489
408	491
408	806
408	887
408	946
409	415
409	418
409	431
409	446
409	453
409	463
409	475
409	499
409	708
409	744
409	864
410	410
410	412
410	422
410	423
410	437
410	443
410	447
410	456
410	471
410	472
410	473
410	487
410	497
410	567
411	413
411	416
411	417
411	425
411	428
411	446
411	459
411	467
411	472
411	479
411	481
411	483
411	487
411	489
411	490
411	550
411	570
411	658
411	687
411	911
411	916
412	434
412	440
412	444
412	445
412	452
412	457
412	462
412	474
412	482
412	596
412	874
413	422
413	429
413	446
413	458
413	463
413	469
413	476
413	488
413	499
413	697
414	435
414	438
414	449
414	459
414	492
414	496
414	631
414	751
414	752
414	897
414	937
415	418
415	424
415	425
415	427
415	444
415	447
415	451
415	455
415	458
415	480
415	481
415	487
415	492
415	495
415	818
415	852
416	417
416	420
416	423
416	426
416	433
416	442
416	448
416	463
416	464
416	477
416	483
416	489
416	498
416	657
416	728
417	422
417	432
417	433
417	437
417	443
417	447
417	453
417	467
417	468
417	474
417	485
417	528
417	824
418	428
418	435
418	442
418	449
418	474
418	477
418	478
418	488
418	490
418	495
418	570
419	442
419	451
419	485
419	493
419	497
419	694
419	950
420	422
420	429
420	437
420	439
420	443
420	445
420	452
420	456
420	462
420	465
420	474
420	481
420	485
420	491
420	494
420	498
420	510
421	448
421	454
421	456
421	457
421	460
421	461
421	462
421	469
421	496
422	431
422	433
422	439
422	443
422	447
422	459
422	463
422	473
422	485
422	490
422	491
422	494
422	497
422	635
422	940
423	439
423	440
423	445
423	449
423	453
423	454
423	457
423	460
423	469
423	471
423	475
423	479
423	491
423	727
423	850
424	464
424	467
424	484
424	490
424	496
424	515
424	524
424	694
424	793
425	428
425	434
425	443
425	450
425	456
425	468
425	471
425	481
425	483
425	488
425	528
425	552
425	763
425	923
426	427
426	437
426	447
426	451
426	452
426	454
426	470
426	719
426	751
427	435
427	441
427	449
427	458
427	468
427	472
427	487
427	488
427	492
427	494
427	496
427	499
427	935
428	433
428	440
428	441
428	464
428	466
428	469
428	490
428	493
428	667
428	780
428	809
428	898
429	432
429	441
429	442
429	447
429	457
429	475
429	477
429	488
429	490
429	492
429	498
429	684
429	999
430	431
430	447
430	458
430	472
430	481
430	483
430	560
430	683
431	432
431	436
431	454
431	457
431	467
431	482
431	490
431	586
431	743
431	752
431	755
431	787
431	878
431	886
432	436
432	439
432	450
432	454
432	468
432	472
432	478
432	482
432	492
432	493
432	496
432	525
433	434
433	438
433	448
433	452
433	457
433	458
433	460
433	485
433	491
433	499
433	774
433	929
433	934
434	441
434	445
434	468
434	470
434	472
434	476
434	485
434	493
434	713
434	746
434	773
434	909
434	911
434	914
435	443
435	449
435	453
435	454
435	465
435	473
435	481
435	489
435	492
435	496
435	499
435	668
436	442
436	444
436	446
436	450
436	456
436	465
436	473
436	482
436	489
436	492
437	446
437	458
437	465
437	467
437	473
437	477
437	480
437	483
437	489
437	494
437	497
437	498
437	577
437	759
437	842
438	444
438	452
438	469
438	481
438	539
438	788
438	973
439	456
439	462
439	463
439	474
439	478
439	491
439	495
439	590
439	792
440	445
440	446
440	454
440	455
440	478
440	480
440	485
440	491
440	492
440	494
440	496
440	497
440	499
440	782
440	847
440	953
441	442
441	454
441	457
441	460
441	464
441	473
441	485
441	631
441	895
441	902
442	448
442	451
442	458
442	470
442	471
442	478
442	479
442	497
442	499
442	687
442	967
443	445
443	449
443	458
443	466
443	471
443	472
443	473
443	489
443	493
443	572
443	714
443	800
443	809
443	889
444	447
444	449
444	461
444	466
444	478
444	481
444	482
444	485
444	488
444	499
444	600
444	660
444	732
444	825
444	900
445	448
445	456
445	457
445	464
445	478
445	483
445	491
445	601
445	610
445	704
445	772
446	453
446	468
446	480
446	488
446	615
447	449
447	452
447	466
447	475
447	497
447	600
447	610
447	962
448	453
448	458
448	464
448	465
448	480
448	484
448	488
448	492
448	663
448	868
448	939
449	459
449	465
449	479
449	482
449	490
449	491
449	492
449	496
450	451
450	460
450	466
450	467
450	475
450	546
451	457
451	475
451	480
451	481
451	483
451	496
451	498
451	862
452	456
452	459
452	482
452	486
452	490
452	494
452	585
452	699
452	759
453	454
453	457
453	490
453	492
453	530
453	811
453	902
454	457
454	469
454	470
454	477
454	489
454	490
454	493
454	494
454	502
454	810
454	854
455	455
455	460
455	465
455	469
455	475
455	484
455	492
455	792
455	936
456	459
456	464
456	467
456	488
456	546
456	598
456	681
456	715
456	735
456	922
457	466
457	468
457	473
457	474
457	475
457	481
457	482
457	490
457	496
457	593
457	597
458	458
458	460
458	494
458	499
458	628
459	467
459	471
459	474
459	475
459	483
459	487
459	495
459	742
459	816
460	481
460	485
460	486
460	489
460	496
460	732
460	811
461	469
461	483
461	494
461	595
461	657
461	680
462	476
462	498
462	508
462	564
462	827
462	921
463	467
463	471
463	474
463	476
463	478
463	479
463	482
463	488
463	489
463	493
463	669
463	891
464	483
464	489
464	492
464	623
464	659
464	673
464	674
464	699
464	863
465	470
465	484
465	492
465	494
465	497
465	509
465	513
465	949
465	982
466	468
466	473
466	474
466	486
466	496
466	498
466	706
466	791
466	885
466	911
467	471
467	480
467	494
467	785
467	830
467	911
468	468
468	471
468	482
468	497
468	668
468	678
468	702
468	915
468	943
469	480
469	490
469	498
469	559
469	628
469	733
469	748
469	938
470	473
470	477
470	483
470	493
471	472
471	478
471	481
471	489
471	494
471	632
471	661
471	769
472	473
472	477
472	483
472	484
472	496
472	651
472	711
473	480
473	481
473	483
473	485
473	489
473	490
473	492
473	653
473	756
473	926
473	941
474	475
474	488
474	490
474	564
474	597
474	821
474	991
475	494
475	700
475	862
475	876
476	478
476	488
476	496
476	498
476	499
476	597
476	856
477	480
477	491
477	499
477	714
477	773
477	793
477	794
477	874
477	897
477	993
478	481
478	488
478	628
478	774
478	952
479	483
479	484
479	486
479	733
479	965
480	494
480	497
480	823
480	888
480	897
481	497
481	518
481	621
481	710
481	786
481	989
482	562
482	935
483	499
483	518
483	719
483	744
483	761
483	791
483	950
484	541
484	589
484	621
484	639
484	842
484	843
484	921
484	953
485	487
485	489
485	492
485	557
485	672
485	808
485	853
485	886
485	943
485	967
486	895
487	492
487	539
487	550
487	873
487	912
488	597
488	606
488	608
488	899
488	948
489	523
489	667
489	680
489	743
489	796
489	802
489	876
489	977
490	497
491	495
491	729
491	943
492	495
492	499
492	773
492	799
492	893
492	952
493	495
493	499
493	621
493	687
493	738
493	749
493	857
494	495
494	496
494	499
494	587
494	844
495	548
495	632
495	858
496	497
496	806
496	953
498	500
498	984
499	625
499	819
499	899
499	977
499	990
500	502
500	503
500	542
500	545
500	549
500	552
500	554
500	558
500	590
500	740
500	875
500	976
501	506
501	508
501	517
501	521
501	532
501	545
501	549
501	556
501	560
501	563
501	576
501	586
501	592
501	968
502	509
502	513
502	515
502	524
502	531
502	536
502	545
502	547
502	551
502	562
502	574
502	578
502	583
502	587
502	590
502	716
503	507
503	512
503	515
503	536
503	543
503	549
503	555
503	559
503	572
503	573
503	575
503	578
503	592
503	595
503	596
503	602
503	628
503	702
503	729
504	508
504	512
504	515
504	518
504	519
504	533
504	538
504	551
504	562
504	567
504	569
504	574
504	658
504	851
505	524
505	525
505	541
505	543
505	547
505	548
505	561
505	564
505	565
505	570
505	578
505	582
505	585
505	595
505	728
505	975
506	506
506	527
506	540
506	564
506	565
506	575
506	577
506	593
506	597
506	972
507	519
507	532
507	537
507	539
507	541
507	546
507	552
507	553
507	555
507	571
507	572
507	576
507	586
507	628
507	676
507	769
508	517
508	528
508	533
508	540
508	541
508	554
508	562
508	565
508	576
508	581
508	586
508	614
508	638
508	869
509	510
509	523
509	525
509	532
509	533
509	537
509	538
509	542
509	544
509	568
509	571
509	582
509	588
509	591
509	599
509	695
509	759
509	857
509	861
509	892
510	526
510	535
510	537
510	546
510	549
510	552
510	599
510	698
510	940
510	949
511	521
511	524
511	527
511	540
511	542
511	543
511	545
511	550
511	557
511	564
511	565
511	574
511	592
511	594
511	755
511	892
512	527
512	541
512	547
512	560
512	567
512	572
512	576
512	580
512	589
512	594
512	598
512	810
512	822
513	514
513	525
513	531
513	538
513	586
513	947
513	970
514	522
514	524
514	526
514	550
514	552
514	570
514	585
514	688
514	758
514	808
514	933
514	998
515	549
515	554
515	564
515	568
515	575
515	579
515	594
515	599
515	787
515	919
516	518
516	519
516	524
516	525
516	530
516	534
516	540
516	545
516	556
516	575
516	578
516	586
516	592
516	598
516	646
516	687
517	541
517	549
517	554
517	568
517	582
517	587
517	599
517	686
518	522
518	535
518	540
518	541
518	542
518	548
518	550
518	552
518	554
518	568
518	584
518	586
518	588
519	550
519	558
519	559
519	561
519	565
519	576
519	583
519	584
519	586
519	593
519	595
519	597
519	683
519	750
519	855
520	521
520	531
520	534
520	550
520	553
520	557
520	563
520	586
520	591
520	592
520	728
520	783
520	851
520	903
521	522
521	528
521	529
521	549
521	557
521	561
521	581
521	585
521	588
521	593
521	597
521	774
521	851
522	530
522	542
522	547
522	569
522	573
522	585
522	599
522	722
523	531
523	532
523	541
523	550
523	559
523	575
523	579
523	581
523	582
523	585
523	590
523	594
523	648
523	916
524	541
524	562
524	570
524	595
524	656
524	881
525	541
525	553
525	554
525	566
525	577
525	580
525	588
525	589
525	590
525	768
525	794
525	929
526	554
526	558
526	564
526	568
526	574
526	576
526	581
526	583
526	592
526	607
526	637
527	534
527	535
527	557
527	561
527	564
527	580
527	584
527	587
527	595
527	616
527	632
527	895
528	531
528	536
528	538
528	539
528	543
528	548
528	551
528	556
528	569
528	581
528	587
528	589
528	594
528	713
528	746
529	530
529	539
529	542
529	545
529	564
529	568
529	569
529	581
529	588
529	694
529	774
529	792
530	533
530	534
530	535
530	537
530	553
530	576
530	584
530	588
530	592
530	593
530	626
530	722
531	537
531	540
531	543
531	550
531	552
531	555
531	562
531	588
531	597
531	844
532	539
532	545
532	552
532	562
532	571
532	584
532	789
532	919
533	541
533	548
533	552
533	573
533	580
533	821
534	536
534	540
534	557
534	578
534	580
534	581
534	599
535	567
535	571
535	572
535	574
535	579
535	587
535	590
535	591
535	595
535	668
535	672
535	874
536	545
536	556
536	558
536	571
536	572
536	574
536	575
536	583
536	591
536	595
536	611
536	614
536	690
536	892
537	538
537	541
537	553
537	564
537	568
537	571
537	577
537	580
537	581
537	599
537	633
537	975
538	539
538	550
538	553
538	556
538	566
538	573
538	580
538	598
538	618
538	945
539	555
539	563
539	567
539	570
539	590
539	591
539	592
539	595
539	596
539	597
539	628
539	647
539	682
539	745
540	541
540	551
540	552
540	562
540	581
540	597
540	786
540	863
540	875
541	547
541	549
541	551
541	558
541	559
541	583
541	589
541	594
541	762
541	806
542	543
542	544
542	552
542	553
542	568
542	586
542	588
542	893
543	543
543	549
543	558
543	559
543	567
543	568
543	570
543	580
543	583
543	596
543	599
543	703
543	719
544	551
544	553
544	557
544	575
544	583
544	599
544	683
544	767
544	975
545	550
545	557
545	560
545	563
545	576
545	583
545	591
545	598
545	719
545	730
545	961
546	546
546	550
546	561
546	566
546	567
546	572
546	588
546	906
547	555
547	562
547	568
547	569
547	571
547	572
547	584
547	629
547	890
548	557
548	569
548	571
548	573
548	576
548	579
548	588
548	592
548	594
548	743
548	846
548	941
548	983
549	560
549	568
549	569
549	571
549	578
549	579
549	582
549	584
549	591
549	595
549	597
549	689
550	551
550	559
550	569
550	570
550	588
551	560
551	564
551	598
551	753
551	769
551	981
552	553
552	564
552	571
552	573
552	575
552	579
552	599
552	782
553	554
553	557
553	582
553	595
553	677
553	776
553	900
553	935
553	963
554	558
554	561
554	570
554	575
554	577
554	579
554	586
554	594
554	595
554	599
555	563
555	564
555	576
555	583
555	598
555	599
555	759
555	772
555	858
555	876
555	965
556	565
556	567
556	571
556	574
556	582
556	585
556	586
556	596
556	597
556	643
556	646
556	931
556	974
557	560
557	562
557	568
557	571
557	582
557	586
557	587
557	597
557	598
557	631
557	701
557	755
557	848
557	855
558	561
558	562
558	565
558	569
558	583
558	591
558	593
558	594
558	595
558	649
558	954
559	568
559	576
559	577
559	585
559	595
559	597
559	719
559	854
560	563
560	566
560	568
560	587
560	588
560	633
561	568
561	582
561	597
561	599
561	605
561	662
561	719
561	769
561	807
561	853
561	896
561	951
562	566
562	585
562	589
562	596
562	597
562	615
562	726
563	563
563	571
563	572
563	581
563	597
563	682
564	566
564	567
564	580
564	587
564	591
564	966
565	570
565	577
565	583
565	590
565	639
565	696
565	726
566	569
566	586
566	592
566	594
566	695
566	795
567	573
567	582
567	584
567	585
567	587
568	573
568	575
568	577
568	586
568	590
568	596
568	780
569	592
569	605
569	691
569	777
569	959
570	570
570	572
570	576
570	585
570	586
570	591
570	891
571	577
571	578
571	587
571	591
571	594
571	597
571	599
571	657
572	576
572	585
572	586
572	591
572	594
572	597
572	602
572	744
573	577
573	585
573	587
573	595
573	614
573	703
573	736
573	852
573	867
573	871
573	952
574	594
574	755
574	823
574	930
575	577
575	579
575	583
575	716
575	755
576	588
576	594
576	596
576	599
577	579
577	580
577	585
577	598
577	630
577	719
577	748
578	582
578	588
578	590
578	594
578	598
578	764
578	793
579	582
579	598
579	622
579	743
580	582
580	594
580	599
580	744
580	800
580	885
580	941
581	591
581	594
581	599
581	932
582	583
582	588
582	589
582	590
582	597
582	853
582	910
583	586
583	591
583	592
583	613
583	716
583	807
583	983
584	590
584	782
585	596
585	674
585	804
585	833
586	589
586	590
586	678
586	896
586	990
587	598
587	905
587	948
588	592
588	596
588	605
588	638
588	663
588	726
588	908
588	944
588	955
589	590
589	598
589	680
589	854
589	857
590	593
590	594
590	596
590	597
590	598
590	599
590	677
591	594
591	596
591	800
591	850
591	963
592	593
592	596
592	771
592	828
592	901
592	972
593	627
593	921
594	595
594	658
594	758
594	769
594	914
595	597
595	726
595	833
596	596
596	693
596	882
597	739
597	768
598	659
598	758
598	819
598	821
598	934
599	706
600	606
600	609
600	612
600	622
600	628
600	629
600	631
600	632
600	641
600	658
600	659
600	668
600	671
600	683
600	967
601	603
601	604
601	625
601	637
601	640
601	646
601	652
601	656
601	658
601	661
601	662
601	667
601	680
601	682
601	684
601	688
601	764
601	825
601	828
602	608
602	616
602	631
602	632
602	642
602	660
602	665
602	670
602	673
602	675
602	688
602	689
602	692
602	966
602	998
603	609
603	613
603	622
603	635
603	652
603	663
603	665
603	667
603	672
603	676
603	744
603	924
604	609
604	615
604	616
604	634
604	637
604	644
604	651
604	658
604	660
604	666
604	672
604	673
604	685
604	686
604	688
604	693
604	694
604	698
605	627
605	630
605	635
605	636
605	646
605	648
605	649
605	650
605	657
605	663
605	681
605	683
605	684
605	693
605	808
605	933
606	610
606	611
606	615
606	618
606	622
606	623
606	632
606	640
606	646
606	651
606	653
606	654
606	663
606	677
606	685
606	699
606	952
607	612
607	616
607	621
607	637
607	648
607	649
607	650
607	655
607	656
607	668
607	672
607	675
607	706
607	783
608	615
608	623
608	625
608	629
608	655
608	663
608	667
608	673
608	678
608	682
608	688
608	689
608	695
608	835
608	845
608	934
609	618
609	634
609	647
609	651
609	664
609	666
609	671
609	673
609	674
609	681
609	683
609	691
609	875
610	620
610	643
610	650
610	651
610	666
611	612
611	619
611	647
611	648
611	655
611	663
611	670
611	673
611	676
611	679
611	680
611	681
611	684
611	691
611	692
611	734
611	900
612	614
612	620
612	643
612	644
612	646
612	663
612	669
612	671
612	676
612	683
612	687
612	783
612	809
613	614
613	616
613	623
613	625
613	631
613	641
613	648
613	649
613	650
613	652
613	658
613	660
613	663
613	665
613	666
613	680
613	681
613	689
613	690
613	693
613	807
613	843
613	942
614	619
614	637
614	652
614	656
614	657
614	664
614	665
614	668
614	669
614	678
614	690
614	698
615	615
615	618
615	621
615	622
615	623
615	627
615	671
615	673
615	675
615	679
615	691
615	699
616	620
616	629
616	638
616	639
616	648
616	656
616	675
616	683
616	695
616	757
616	782
617	618
617	619
617	621
617	631
617	639
617	646
617	652
617	663
617	676
617	692
617	696
617	699
617	766
617	813
617	846
617	985
618	628
618	629
618	636
618	646
618	662
618	669
618	672
618	678
618	681
618	690
618	701
619	621
619	629
619	630
619	638
619	642
619	643
619	658
619	660
619	662
619	664
619	675
619	695
619	696
619	831
619	888
619	915
620	623
620	624
620	643
620	647
620	648
620	659
620	661
620	662
620	670
620	672
620	680
620	690
620	971
621	623
621	626
621	643
621	655
621	661
621	667
621	682
621	688
621	694
621	699
621	719
621	920
622	624
622	626
622	649
622	654
622	662
622	684
622	899
623	627
623	632
623	636
623	639
623	671
623	673
623	682
623	695
623	698
623	774
623	959
624	636
624	642
624	649
624	679
624	680
624	681
624	686
624	962
625	631
625	642
625	645
625	647
625	651
625	666
625	668
625	669
625	690
625	699
625	801
626	627
626	631
626	636
626	653
626	657
626	658
626	679
626	693
626	698
626	935
627	637
627	639
627	645
627	659
627	669
627	676
627	681
627	685
627	687
628	636
628	641
628	651
628	660
628	662
628	663
628	664
628	665
628	667
628	678
628	687
628	697
628	740
628	934
628	982
629	639
629	647
629	657
629	662
629	668
629	694
629	696
630	639
630	643
630	646
630	649
630	651
630	658
630	664
630	680
630	694
630	698
630	760
631	631
631	635
631	637
631	640
631	643
631	644
631	648
631	652
631	655
631	659
631	664
631	672
631	759
631	807
632	634
632	647
632	649
632	656
632	658
632	661
632	665
632	669
632	686
632	688
632	765
632	885
632	977
633	635
633	637
633	642
633	646
633	648
633	649
633	656
633	658
633	668
633	681
633	683
633	692
633	698
634	636
634	642
634	661
634	669
634	684
634	687
634	921
634	929
634	931
634	943
635	654
635	667
635	668
635	670
635	673
635	681
635	692
635	696
635	697
635	843
636	638
636	648
636	653
636	667
636	678
636	679
636	680
636	686
636	690
636	691
636	692
637	640
637	650
637	658
637	660
637	662
637	666
638	639
638	642
638	644
638	663
638	668
638	669
638	680
638	688
638	695
638	771
638	956
639	640
639	642
639	643
639	690
639	692
639	697
639	776
639	863
639	962
640	642
640	645
640	646
640	650
640	652
640	653
640	676
640	679
641	643
641	648
641	655
641	658
641	662
641	670
641	674
641	923
642	648
642	649
642	653
642	655
642	657
642	661
642	663
642	665
642	684
642	689
642	700
642	705
642	872
643	648
643	653
643	659
643	662
643	668
643	683
643	684
643	687
643	688
643	690
643	694
643	779
643	830
644	647
644	654
644	675
644	684
644	760
644	858
644	918
644	956
645	659
645	662
645	668
645	679
645	681
645	698
645	905
646	652
646	656
646	666
646	668
646	677
646	685
646	841
647	651
647	660
647	661
647	673
647	674
647	675
647	680
647	687
647	688
647	689
647	690
647	707
647	802
648	663
648	666
648	695
648	785
648	947
649	656
649	661
649	663
649	674
649	679
649	687
649	696
649	807
649	930
650	670
650	683
650	832
651	690
651	691
651	779
651	852
651	855
652	652
652	656
652	657
652	664
652	666
652	679
652	694
652	909
653	656
653	663
653	665
653	666
653	670
653	683
653	686
653	696
653	899
653	958
654	659
654	664
654	676
654	679
654	692
655	656
655	658
655	660
655	670
655	678
655	681
655	689
655	807
655	870
656	659
656	663
656	678
656	689
656	690
656	941
657	675
657	693
657	694
657	696
657	845
658	672
658	674
658	688
658	694
658	696
658	873
658	976
659	659
659	663
659	670
659	677
659	686
659	689
659	690
659	695
659	794
659	796
659	947
660	664
660	668
660	672
660	675
660	679
660	694
660	698
660	962
660	988
661	663
661	664
661	678
661	694
662	665
662	667
662	672
662	674
662	683
662	689
662	691
662	699
663	667
663	678
663	686
663	687
663	689
663	695
663	939
664	673
664	685
664	695
664	972
665	670
665	697
665	847
666	668
666	672
666	677
666	685
666	693
666	850
666	925
666	981
667	672
667	680
667	693
668	673
668	677
668	679
668	680
668	693
668	694
668	697
668	891
668	894
668	980
669	674
669	679
669	686
669	881
669	905
669	973
670	689
670	697
670	912
671	672
671	676
671	679
671	915
671	946
671	953
671	982
672	685
672	688
672	689
672	694
672	879
673	678
673	686
673	707
673	762
673	995
674	676
674	696
674	699
674	884
675	677
675	690
675	691
675	942
676	678
676	686
676	691
676	821
676	973
677	689
677	696
677	784
677	913
678	682
678	690
678	691
678	879
678	942
679	683
679	684
679	697
679	698
679	996
680	682
680	687
680	840
680	858
681	681
681	683
681	695
681	760
681	883
682	710
682	928
682	980
683	685
684	688
684	695
684	973
685	689
685	698
685	737
686	689
686	704
686	954
687	822
687	867
688	689
688	757
688	777
688	972
688	978
689	975
690	698
690	952
690	979
691	699
691	772
691	881
692	699
693	955
694	698
694	859
694	939
695	695
695	696
696	699
696	716
696	816
696	968
696	986
697	701
698	790
699	699
699	972
700	702
700	707
700	708
700	729
700	738
700	750
700	755
700	765
700	791
700	865
701	704
701	709
701	712
701	727
701	757
701	780
701	789
701	794
701	798
701	940
702	705
702	726
702	727
702	730
702	740
702	749
702	755
702	774
702	777
702	780
702	784
702	795
702	893
703	716
703	718
703	722
703	729
703	735
703	742
703	749
703	758
703	764
703	765
703	768
703	775
703	789
703	791
703	797
703	898
704	707
704	713
704	727
704	743
704	757
704	767
704	769
704	771
704	773
704	776
704	783
704	786
704	789
704	790
704	797
704	881
705	712
705	722
705	736
705	739
705	741
705	753
705	762
705	765
705	766
705	769
705	772
705	782
705	799
705	813
705	922
705	991
706	708
706	715
706	719
706	724
706	725
706	731
706	755
706	759
706	763
706	769
706	782
706	788
706	789
707	711
707	719
707	723
707	734
707	737
707	749
707	756
707	758
707	760
707	779
707	780
707	789
707	964
708	727
708	733
708	743
708	753
708	754
708	762
708	768
708	779
708	788
708	798
709	717
709	737
709	745
709	746
709	763
709	765
709	766
709	768
709	779
709	783
709	784
709	798
709	903
710	713
710	736
710	738
710	743
710	771
710	776
710	780
710	784
710	788
710	789
710	795
711	713
711	715
711	733
711	736
711	771
711	789
711	797
712	716
712	717
712	733
712	739
712	742
712	748
712	752
712	758
712	771
712	775
712	788
712	793
712	795
712	796
713	715
713	718
713	728
713	729
713	734
713	744
713	745
713	750
713	756
713	763
713	766
713	772
713	782
713	788
713	790
713	792
713	839
713	958
713	984
714	718
714	727
714	742
714	750
714	766
714	771
714	772
714	776
714	777
714	788
714	791
715	722
715	725
715	727
715	737
715	744
715	746
715	756
715	764
715	783
715	797
716	735
716	739
716	747
716	753
716	783
716	789
716	934
717	724
717	726
717	741
717	744
717	746
717	752
717	763
717	772
717	779
717	784
717	785
718	730
718	732
718	735
718	743
718	753
718	778
718	780
718	782
718	788
718	843
718	860
718	946
719	747
719	748
719	765
719	773
719	778
719	785
719	791
720	724
720	729
720	730
720	746
720	749
720	757
720	774
720	786
721	736
721	739
721	742
721	743
721	747
721	762
721	788
722	728
722	736
722	737
722	743
722	749
722	765
722	774
722	780
722	795
722	874
723	726
723	727
723	730
723	742
723	752
723	759
723	761
723	767
723	784
723	794
723	838
723	994
724	729
724	731
724	732
724	740
724	742
724	743
724	750
724	752
724	758
724	769
724	779
724	788
724	791
724	795
724	967
725	731
725	736
725	749
725	762
725	768
725	776
725	827
725	868
726	732
726	736
726	747
726	763
726	770
726	786
726	791
726	793
726	797
726	976
727	729
727	743
727	744
727	748
727	761
727	767
727	768
727	784
727	785
727	787
727	797
728	743
728	755
728	759
728	766
728	767
728	773
728	779
728	905
728	917
729	731
729	735
729	745
729	746
729	753
729	773
729	780
729	789
729	790
729	934
730	732
730	734
730	736
730	747
730	748
730	753
730	755
730	756
730	761
730	776
730	780
730	792
730	795
730	796
730	798
731	733
731	745
731	748
731	752
731	754
731	764
731	766
731	770
731	794
731	915
731	942
732	736
732	745
732	746
732	753
732	767
732	771
732	773
732	783
732	792
732	798
732	833
733	737
733	744
733	755
733	765
733	766
733	779
733	786
733	792
733	793
734	741
734	744
734	747
734	748
734	750
734	752
734	754
734	755
734	760
734	761
734	771
734	784
734	796
734	891
735	735
735	738
735	740
735	747
735	749
735	753
735	754
735	767
735	783
735	785
735	786
735	788
735	792
735	837
735	922
736	741
736	743
736	755
736	758
736	759
736	762
736	773
736	785
736	791
736	802
736	846
736	943
737	752
737	769
737	779
737	790
737	796
737	880
737	991
738	746
738	752
738	755
738	759
738	762
738	764
738	779
738	782
738	797
738	938
739	739
739	746
739	754
739	755
739	766
739	772
739	787
739	791
739	794
740	750
740	751
740	752
740	753
740	761
740	765
740	769
740	770
740	774
740	781
740	786
740	797
740	798
740	799
740	877
740	927
741	744
741	754
741	756
741	762
741	763
741	764
741	768
741	771
741	772
741	774
741	781
741	784
741	792
741	857
741	930
741	968
742	748
742	757
742	763
742	775
742	776
742	792
742	794
742	799
742	918
742	950
743	753
743	755
743	759
743	767
743	768
743	769
743	783
743	792
744	747
744	762
744	790
744	796
745	751
745	755
745	767
745	769
745	777
745	779
745	782
745	785
745	794
745	848
745	874
745	898
746	763
746	766
746	769
746	772
746	780
746	782
746	788
746	790
746	794
746	799
746	983
747	747
747	784
747	788
747	789
747	790
747	793
747	799
747	829
748	762
748	770
748	775
748	777
748	785
748	791
748	826
748	869
748	932
749	751
749	758
749	763
749	768
749	771
749	778
749	783
749	799
750	754
750	755
750	758
750	763
750	771
750	784
750	785
751	754
751	766
751	779
751	780
751	790
751	912
752	772
752	774
752	775
752	785
752	914
752	915
753	761
753	792
754	759
754	771
754	773
754	779
754	785
754	786
754	789
754	793
754	796
754	842
754	966
755	765
755	790
755	794
755	903
755	934
755	939
755	991
756	768
756	775
756	776
756	787
756	788
756	794
756	796
756	797
756	799
756	892
757	761
757	768
757	773
757	774
757	779
757	780
757	782
757	796
758	763
758	776
758	788
758	795
758	798
759	768
759	780
759	796
759	799
759	807
759	859
759	961
760	774
760	779
760	783
760	788
760	791
760	794
760	974
761	764
761	768
761	772
761	776
761	778
761	784
761	788
762	858
762	898
763	765
763	781
763	784
763	791
763	799
764	764
764	790
764	793
765	766
765	767
765	770
765	772
765	778
765	779
765	955
766	768
766	773
766	774
766	789
766	798
767	772
767	780
767	787
767	790
767	791
767	792
767	816
767	838
767	913
768	769
768	771
768	791
768	792
768	903
769	769
769	780
769	795
769	833
770	785
770	983
771	772
771	784
771	785
771	787
771	792
771	797
771	872
771	896
772	775
772	786
772	792
772	795
772	966
773	780
773	781
773	792
773	793
773	794
773	797
773	941
774	783
774	787
774	820
774	985
775	783
775	795
775	923
776	781
776	782
776	799
776	927
777	782
778	779
778	780
778	785
778	790
778	796
778	797
779	783
779	794
779	799
779	994
780	784
780	794
780	826
780	967
781	785
781	791
782	788
782	797
782	799
782	949
783	789
783	798
783	954
784	786
784	792
784	795
784	797
784	832
784	880
785	788
785	792
785	935
785	940
786	796
787	787
787	789
787	790
788	796
788	866
788	966
789	798
789	960
789	983
790	790
790	946
791	791
791	940
792	797
793	809
794	890
794	907
795	951
795	991
797	896
798	879
798	885
798	997
799	825
799	884
799	911
800	805
800	815
800	818
800	822
800	825
800	833
800	834
800	840
800	846
800	847
800	865
800	877
800	882
800	884
800	886
800	889
800	925
801	808
801	812
801	813
801	818
801	839
801	842
801	847
801	852
801	858
801	864
801	865
801	866
801	869
801	872
801	887
801	889
801	890
801	897
802	813
802	821
802	822
802	843
802	845
802	850
802	856
802	863
802	873
802	877
802	890
803	805
803	837
803	838
803	839
803	841
803	851
803	852
803	854
803	868
803	870
803	877
803	885
803	889
803	890
803	894
803	898
803	914
804	807
804	816
804	820
804	824
804	825
804	828
804	831
804	833
804	834
804	838
804	847
804	849
804	854
804	877
804	879
804	880
804	881
804	887
804	898
805	812
805	863
805	865
805	880
805	881
805	898
806	808
806	809
806	810
806	812
806	822
806	824
806	825
806	826
806	830
806	832
806	835
806	855
806	897
806	949
807	812
807	815
807	817
807	825
807	830
807	831
807	839
807	846
807	849
807	864
807	873
807	880
807	882
807	888
807	893
807	897
807	898
807	936
807	946
808	808
808	811
808	814
808	815
808	820
808	823
808	829
808	832
808	838
808	847
808	853
808	870
808	891
808	892
808	896
809	831
809	836
809	842
809	857
809	869
809	885
809	888
809	895
810	823
810	825
810	839
810	842
810	843
810	849
810	850
810	852
810	854
810	865
810	874
810	875
810	879
810	897
810	943
810	946
811	825
811	831
811	832
811	835
811	839
811	840
811	844
811	846
811	848
811	860
811	861
811	872
811	875
811	877
811	880
811	884
811	893
811	938
811	990
812	823
812	824
812	831
812	836
812	850
812	857
812	860
812	863
812	869
812	877
812	891
812	894
812	899
813	814
813	819
813	823
813	844
813	847
813	862
813	869
813	888
813	892
813	897
813	984
814	815
814	816
814	829
814	830
814	837
814	844
814	852
814	862
814	874
814	883
814	886
814	897
815	817
815	822
815	856
815	857
815	863
815	874
815	884
815	888
816	830
816	840
816	856
816	877
816	888
816	889
816	939
817	818
817	821
817	825
817	835
817	837
817	850
817	866
817	871
817	873
817	897
818	820
818	821
818	846
818	861
818	863
818	865
818	876
818	887
818	890
818	893
818	897
818	985
819	834
819	847
819	849
819	853
819	854
819	859
819	863
819	867
819	868
819	869
819	889
819	895
819	898
819	951
819	963
820	822
820	841
820	844
820	846
820	849
820	853
820	862
820	871
820	875
820	882
820	885
820	888
820	890
820	892
820	950
820	964
821	829
821	836
821	840
821	849
821	864
822	825
822	829
822	837
822	839
822	841
822	847
822	863
822	874
822	885
822	888
822	891
822	964
823	834
823	838
823	847
823	849
823	855
823	859
823	860
823	863
823	870
823	873
823	883
823	890
823	891
823	897
823	903
823	914
823	977
823	992
824	824
824	840
824	844
824	849
824	853
824	858
824	862
824	870
824	879
824	882
824	886
824	895
824	897
825	842
825	848
825	859
825	864
825	870
825	890
825	899
825	965
826	828
826	831
826	844
826	847
826	851
826	855
826	870
826	882
826	890
826	891
826	892
827	840
827	841
827	866
827	886
827	890
827	899
828	833
828	834
828	843
828	850
828	853
828	864
828	888
828	893
829	831
829	834
829	838
829	847
829	849
829	851
829	852
829	855
829	857
829	862
829	863
829	864
829	867
829	873
829	882
829	892
829	894
829	930
829	966
830	830
830	834
830	843
830	844
830	852
830	855
830	864
830	870
830	873
830	886
830	898
830	910
831	836
831	840
831	849
831	854
831	856
831	857
831	880
831	892
831	894
831	896
831	897
831	898
831	959
832	852
832	855
832	861
832	864
832	865
832	867
832	888
832	894
832	898
832	985
833	834
833	838
833	858
833	866
833	872
833	880
833	894
833	899
833	963
834	837
834	843
834	846
834	857
834	858
834	861
834	877
834	885
834	889
834	893
834	896
834	899
835	845
835	856
835	861
835	865
835	873
835	879
835	886
835	935
835	994
836	840
836	854
836	869
836	879
836	896
836	970
837	851
837	857
837	864
837	871
837	874
837	880
837	886
837	895
837	907
838	840
838	849
838	850
838	866
838	876
838	881
838	958
839	843
839	847
839	851
839	855
839	860
839	878
839	993
840	849
840	850
840	854
840	861
840	863
840	869
841	851
841	855
841	875
841	876
841	889
841	891
841	894
841	897
842	843
842	850
842	853
842	856
842	872
842	873
842	875
842	876
842	879
842	887
842	940
843	847
843	848
843	851
843	855
843	872
843	876
843	878
843	892
843	896
844	848
844	857
844	864
844	867
844	882
844	896
844	968
845	848
845	850
845	876
845	885
845	886
845	898
845	945
846	852
846	861
846	868
846	878
846	879
846	889
846	894
846	895
846	898
846	982
847	851
847	859
847	865
847	870
847	872
847	880
847	945
848	848
848	849
848	850
848	853
848	857
848	866
848	868
848	869
848	871
848	872
848	874
848	883
848	887
849	852
849	853
849	872
849	877
849	881
849	924
850	853
850	861
850	870
850	878
850	888
850	890
851	858
851	862
851	877
851	889
851	893
852	864
852	866
852	875
852	877
852	898
852	951
852	989
853	865
853	869
853	880
853	881
853	882
853	884
854	855
854	858
854	868
854	875
854	888
855	867
855	871
855	872
855	880
855	884
855	890
855	945
856	856
856	872
856	889
856	894
856	898
856	905
856	954
856	991
857	860
857	864
857	873
857	898
857	913
858	859
858	861
858	872
858	873
858	883
858	888
858	894
858	896
858	908
858	947
859	867
859	883
859	887
859	888
860	874
860	877
860	883
860	889
860	894
860	896
860	898
861	866
861	878
861	886
861	904
862	862
862	887
862	894
862	956
863	878
863	880
863	892
863	894
863	909
863	931
864	872
864	874
864	881
864	884
864	888
864	896
865	870
865	875
865	877
865	886
865	887
865	895
865	999
866	869
866	873
866	882
866	890
866	893
866	981
867	880
867	883
867	888
867	937
868	879
868	881
868	886
868	892
868	893
868	897
868	907
868	950
869	870
869	880
869	892
869	899
869	952
869	981
870	870
870	873
870	874
870	896
870	974
871	884
871	893
871	897
872	876
872	879
872	883
872	896
872	931
872	939
872	958
873	885
873	893
873	895
873	899
873	921
874	883
874	895
874	933
875	879
875	885
875	888
875	899
876	881
876	892
876	895
876	922
877	879
877	881
877	883
878	897
878	934
878	943
878	972
879	899
879	945
879	979
880	884
880	886
880	892
880	894
881	899
881	910
882	888
882	900
882	941
882	948
883	896
884	886
884	888
884	891
885	894
886	887
886	894
888	933
889	890
889	891
889	910
890	986
891	952
892	938
893	906
893	907
893	947
894	896
894	899
895	897
895	899
896	996
897	897
899	993
900	920
900	926
900	931
900	941
900	955
900	972
900	973
900	975
900	976
900	980
900	982
900	984
901	901
901	904
901	905
901	907
901	910
901	931
901	942
901	956
901	969
901	970
901	972
901	976
901	979
901	981
901	997
902	902
902	923
902	927
902	935
902	936
902	943
902	946
902	947
902	967
902	968
902	991
902	992
902	995
903	908
903	937
903	939
903	940
903	944
903	948
903	958
903	969
903	979
903	980
903	982
903	985
903	986
903	988
903	996
904	907
904	916
904	921
904	927
904	929
904	933
904	953
904	956
904	962
904	963
904	966
904	967
904	973
904	974
904	975
904	978
904	983
904	988
904	994
905	924
905	935
905	947
905	959
905	962
905	965
905	967
905	970
905	980
905	987
905	991
905	997
905	998
906	912
906	919
906	926
906	936
906	941
906	942
906	951
906	963
906	971
906	976
906	980
906	984
907	928
907	930
907	934
907	935
907	939
907	947
907	952
907	955
907	958
907	963
907	965
907	968
907	972
907	975
907	983
907	998
908	917
908	928
908	930
908	943
908	947
908	948
908	952
908	957
908	961
908	991
909	909
909	914
909	915
909	928
909	936
909	937
909	947
909	950
909	952
909	954
909	963
909	972
909	973
909	996
910	930
910	935
910	957
910	959
910	965
910	975
910	987
911	923
911	928
911	929
911	930
911	933
911	936
911	956
911	980
911	982
911	985
912	918
912	931
912	954
912	976
912	985
913	914
913	920
913	932
913	948
913	957
913	960
913	966
913	967
913	988
913	990
914	918
914	933
914	939
914	940
914	942
914	948
914	953
914	954
914	971
914	984
914	988
915	919
915	920
915	950
915	956
915	961
915	962
915	973
915	985
915	999
916	931
916	932
916	946
916	949
916	955
916	963
916	965
916	971
916	980
916	983
916	994
917	923
917	931
917	937
917	938
917	946
917	951
917	952
917	953
917	967
917	981
917	984
917	987
917	988
918	932
918	936
918	948
918	952
918	955
918	960
918	986
918	990
918	999
919	920
919	923
919	925
919	932
919	934
919	950
919	953
919	955
919	964
919	966
919	967
919	968
919	983
919	994
920	934
920	956
920	973
920	985
920	997
920	998
921	923
921	924
921	947
921	950
921	952
921	954
921	957
921	958
921	965
921	975
921	991
921	996
921	999
922	924
922	934
922	947
922	950
922	957
922	966
922	967
922	969
922	986
922	987
922	988
922	993
923	925
923	928
923	935
923	938
923	939
923	949
923	955
923	962
923	980
923	983
923	988
923	991
923	993
923	994
923	999
924	928
924	939
924	949
924	955
924	964
924	973
924	974
924	980
924	982
924	984
924	987
924	994
925	944
925	948
925	952
925	961
925	968
925	970
925	972
925	982
925	992
925	996
926	930
926	934
926	944
926	946
926	955
926	966
926	977
926	984
927	930
927	931
927	943
927	944
927	949
927	954
927	964
927	965
927	976
927	988
927	989
927	997
928	930
928	949
928	961
928	963
928	967
928	972
928	979
928	984
928	986
928	994
929	937
929	955
929	962
929	963
929	966
929	976
929	983
929	991
929	994
929	995
929	998
930	930
930	932
930	938
930	948
930	951
930	960
930	962
930	967
930	982
930	994
930	998
930	999
931	937
931	944
931	945
931	946
931	952
931	968
931	973
931	984
932	940
932	950
932	951
932	953
932	975
932	989
932	999
933	938
933	940
933	947
933	960
933	964
933	991
934	941
934	953
934	971
934	972
934	990
935	936
935	942
935	952
935	958
935	960
935	961
935	978
935	980
935	982
935	986
935	989
935	997
936	947
936	949
936	969
936	974
936	984
936	998
937	938
937	943
937	944
937	946
937	953
937	956
937	958
937	965
937	973
937	980
937	982
937	983
937	991
937	994
938	945
938	968
938	974
938	976
938	987
938	991
939	940
939	945
939	953
939	955
939	975
939	982
939	997
940	940
940	941
940	945
940	955
940	959
940	961
940	969
940	971
940	973
940	977
940	987
940	995
941	947
941	956
941	963
941	983
941	994
942	945
942	950
942	952
942	959
942	961
942	969
942	970
942	976
942	979
942	981
942	987
942	989
942	997
943	959
943	961
943	968
943	974
943	981
943	986
943	987
943	997
944	959
944	962
944	963
944	975
944	990
944	993
944	996
945	946
945	960
945	968
945	976
946	951
946	964
946	973
946	974
946	976
946	978
946	985
946	992
946	999
947	948
947	950
947	962
947	971
947	974
947	991
947	993
947	997
948	962
948	963
948	966
948	968
948	973
948	986
948	987
948	989
948	995
948	999
949	953
949	958
949	959
949	974
949	975
949	978
949	998
950	966
950	967
950	969
950	979
950	987
950	989
950	997
951	953
951	960
951	967
951	972
951	973
951	979
952	966
952	971
952	979
952	981
952	991
952	996
953	960
953	979
953	980
953	987
953	990
953	996
954	958
954	959
954	969
954	972
954	976
954	992
954	995
955	962
955	966
955	971
955	974
955	975
955	977
955	990
956	963
956	964
956	975
956	978
956	986
956	994
957	960
957	970
957	989
957	999
958	961
958	964
958	976
958	979
958	994
959	962
959	974
959	977
959	979
959	989
960	971
960	973
960	979
960	980
960	985
960	996
961	972
961	980
961	990
961	995
962	969
962	990
963	969
963	996
963	997
964	968
964	975
964	977
964	982
965	970
965	980
965	986
965	990
965	994
965	995
965	996
965	997
965	999
966	971
967	968
967	992
967	994
967	997
968	969
968	971
968	993
968	997
969	973
969	976
969	986
969	998
970	980
970	982
970	989
970	991
970	997
971	975
971	978
971	983
971	993
971	995
972	988
974	979
974	981
974	985
975	977
975	986
975	988
975	994
975	996
975	998
975	999
976	980
976	985
976	992
977	978
977	995
978	995
978	997
979	980
979	984
979	996
980	980
980	983
980	984
980	990
980	992
981	981
981	987
981	991
981	999
982	990
982	995
982	998
983	998
983	999
984	987
984	995
984	997
985	986
985	988
985	996
986	996
987	991
987	998
988	991
989	992
989	999
991	999
992	996
992	998
993	996
