0	16
0	18
0	116
0	141
0	165
0	273
0	384
0	416
0	484
0	597
0	641
0	699
0	705
0	711
0	748
0	826
1	3
1	19
1	32
1	33
1	48
1	61
1	62
1	65
1	66
1	70
1	78
1	99
1	132
1	178
1	287
1	412
1	686
1	795
1	812
1	827
1	902
1	937
1	981
2	52
2	57
2	63
2	65
2	142
2	168
2	186
2	224
2	275
2	295
2	306
2	336
2	382
2	386
2	409
2	539
2	618
2	692
2	715
2	763
2	787
2	802
2	827
2	838
2	916
3	5
3	62
3	75
3	89
3	184
3	189
3	373
3	396
3	407
3	435
3	498
3	613
3	669
3	709
3	744
3	750
3	772
3	792
3	800
3	946
4	19
4	113
4	143
4	167
4	181
4	289
4	336
4	377
4	531
4	574
4	601
4	622
4	787
4	912
4	929
5	22
5	57
5	69
5	75
5	90
5	144
5	222
5	254
5	336
5	342
5	369
5	380
5	409
5	547
5	629
5	648
5	658
5	739
5	901
6	19
6	56
6	151
6	168
6	315
6	326
6	327
6	356
6	397
6	501
6	579
6	614
6	642
6	645
6	659
6	709
6	767
6	785
6	826
6	917
6	993
6	999
7	10
7	13
7	24
7	35
7	58
7	78
7	87
7	147
7	213
7	259
7	298
7	355
7	394
7	531
7	549
7	622
7	739
7	778
7	810
7	836
7	850
7	898
7	924
7	967
8	56
8	60
8	93
8	166
8	286
8	299
8	305
8	318
8	476
8	518
8	571
8	606
8	730
8	750
8	843
8	890
8	948
9	11
9	13
9	19
9	103
9	269
9	364
9	378
9	523
9	540
9	864
9	951
9	981
10	12
10	27
10	35
10	123
10	180
10	210
10	267
10	316
10	407
10	480
10	508
10	573
10	642
10	760
10	813
10	842
10	935
10	936
10	966
10	967
11	36
11	68
11	85
11	91
11	189
11	200
11	204
11	283
11	290
11	299
11	329
11	339
11	404
11	469
11	512
11	616
11	789
12	50
12	56
12	131
12	174
12	198
12	228
12	284
12	442
12	532
12	536
12	569
12	694
12	789
12	800
12	990
13	14
13	31
13	41
13	92
13	98
13	99
13	116
13	170
13	197
13	220
13	252
13	401
13	619
13	711
13	719
13	787
13	794
13	849
13	921
14	58
14	62
14	75
14	91
14	99
14	132
14	186
14	226
14	232
14	264
14	295
14	380
14	405
14	415
14	494
14	535
14	579
14	652
14	684
14	744
14	824
14	856
14	972
15	27
15	86
15	93
15	212
15	220
15	227
15	259
15	401
15	565
15	576
15	609
15	658
15	680
15	767
15	803
15	806
15	844
15	947
16	18
16	34
16	43
16	56
16	79
16	88
16	245
16	276
16	289
16	300
16	336
16	380
16	404
16	541
16	564
16	631
16	644
16	678
16	691
16	757
16	799
16	811
16	890
16	970
17	17
17	39
17	63
17	76
17	90
17	108
17	170
17	339
17	363
17	382
17	515
17	519
17	590
17	646
17	898
17	935
18	49
18	53
18	111
18	140
18	143
18	145
18	156
18	193
18	228
18	272
18	409
18	443
18	472
18	478
18	616
18	636
18	717
18	728
18	802
18	813
19	21
19	35
19	58
19	95
19	221
19	228
19	400
19	422
19	601
19	669
19	700
19	743
19	831
19	930
20	52
20	71
20	78
20	89
20	96
20	185
20	197
20	392
20	436
20	454
20	458
20	461
20	506
20	569
20	621
20	766
20	843
20	870
20	872
20	933
21	67
21	74
21	85
21	91
21	96
21	149
21	176
21	180
21	184
21	349
21	369
21	445
21	514
21	538
21	600
21	679
21	704
21	764
21	834
21	905
22	36
22	88
22	241
22	494
22	553
22	580
22	591
22	657
22	762
22	790
22	937
22	965
23	28
23	46
23	69
23	73
23	318
23	324
23	352
23	390
23	473
23	541
23	544
23	657
23	685
23	914
24	51
24	72
24	106
24	161
24	164
24	166
24	194
24	306
24	316
24	502
24	528
24	632
24	634
24	810
24	815
24	833
24	859
24	875
24	890
24	924
24	972
25	27
25	37
25	87
25	147
25	150
25	335
25	521
25	536
25	715
25	761
25	829
25	842
25	866
25	869
25	895
25	901
26	59
26	68
26	99
26	173
26	191
26	209
26	261
26	272
26	305
26	312
26	332
26	358
26	411
26	506
26	564
26	612
26	643
26	714
26	723
26	725
26	788
26	833
26	847
26	873
27	69
27	114
27	216
27	236
27	339
27	401
27	415
27	661
27	711
27	764
27	948
28	47
28	93
28	111
28	118
28	154
28	235
28	287
28	391
28	476
28	509
28	528
28	638
28	772
28	802
28	825
28	850
28	955
28	992
29	35
29	58
29	80
29	100
29	114
29	178
29	186
29	305
29	347
29	432
29	434
29	446
29	644
29	764
29	816
29	855
29	912
29	915
29	963
30	37
30	41
30	59
30	97
30	107
30	139
30	146
30	210
30	216
30	344
30	395
30	550
30	578
30	644
30	645
30	687
30	688
30	763
31	52
31	69
31	105
31	142
31	241
31	295
31	312
31	377
31	551
31	560
31	607
31	674
31	684
31	700
31	767
31	795
31	855
31	890
32	60
32	79
32	87
32	97
32	123
32	233
32	267
32	272
32	287
32	289
32	336
32	373
32	387
32	508
32	533
32	571
32	636
32	661
32	703
32	705
32	722
32	732
32	772
32	797
32	829
32	863
32	971
32	973
33	96
33	241
33	421
33	447
33	461
33	504
33	693
33	713
33	762
33	770
33	836
33	917
33	932
33	960
34	131
34	192
34	332
34	436
34	582
34	615
34	769
34	773
34	795
34	810
34	898
34	928
35	55
35	97
35	100
35	222
35	380
35	383
35	435
35	441
35	448
35	450
35	513
35	575
35	667
35	775
35	900
35	944
36	39
36	51
36	60
36	196
36	213
36	226
36	324
36	373
36	380
36	528
36	550
36	591
36	641
36	699
36	708
36	823
36	838
36	889
36	890
37	189
37	323
37	415
37	466
37	484
37	517
37	522
37	523
37	596
37	670
37	677
37	773
37	810
37	839
37	940
37	958
38	40
38	59
38	101
38	104
38	146
38	199
38	248
38	481
38	497
38	510
38	523
38	550
38	559
38	684
38	768
38	850
38	873
38	876
38	890
38	919
38	942
38	963
38	995
39	49
39	54
39	56
39	83
39	112
39	147
39	151
39	175
39	210
39	244
39	281
39	292
39	425
39	472
39	548
39	549
39	567
39	616
39	676
39	742
39	754
39	810
39	816
39	931
39	941
39	980
40	52
40	89
40	91
40	131
40	139
40	211
40	258
40	271
40	380
40	492
40	502
40	660
40	716
40	777
40	871
40	973
40	980
41	47
41	72
41	78
41	119
41	215
41	222
41	394
41	414
41	457
41	470
41	580
41	645
41	650
41	663
41	669
41	717
41	718
41	721
41	800
41	851
41	893
41	894
41	928
41	982
42	60
42	95
42	101
42	192
42	368
42	421
42	424
42	425
42	453
42	517
42	545
42	600
42	639
42	644
42	740
42	748
42	749
42	785
42	787
42	852
42	867
42	897
42	920
42	933
42	994
43	48
43	64
43	71
43	117
43	120
43	256
43	431
43	445
43	454
43	475
43	494
43	512
43	565
43	688
43	698
43	825
43	879
43	883
43	927
44	52
44	84
44	106
44	141
44	320
44	336
44	405
44	608
44	611
44	641
44	654
44	663
44	859
44	864
44	946
44	984
44	986
45	92
45	142
45	229
45	240
45	271
45	293
45	308
45	400
45	514
45	623
45	687
45	759
45	813
45	819
45	874
45	922
45	967
45	974
46	64
46	70
46	78
46	81
46	92
46	102
46	111
46	229
46	237
46	313
46	332
46	385
46	428
46	488
46	567
46	713
46	746
46	867
46	875
46	916
47	50
47	54
47	84
47	110
47	181
47	305
47	366
47	415
47	500
47	523
47	540
47	543
47	585
47	589
47	616
47	638
47	643
47	728
47	745
47	760
47	838
47	989
47	992
47	993
48	92
48	109
48	133
48	223
48	231
48	257
48	350
48	499
48	590
48	685
48	688
48	717
48	719
48	732
48	839
48	847
48	880
48	908
48	976
48	988
48	989
49	122
49	188
49	251
49	534
49	612
49	633
49	653
49	694
49	860
49	871
49	891
49	968
50	51
50	57
50	78
50	164
50	233
50	292
50	330
50	338
50	346
50	464
50	588
50	696
50	734
50	777
50	839
50	989
51	64
51	73
51	88
51	184
51	228
51	257
51	370
51	399
51	573
51	597
51	646
51	647
51	780
51	842
51	905
51	944
52	83
52	99
52	109
52	260
52	266
52	558
52	594
52	729
52	814
52	842
53	54
53	67
53	92
53	134
53	228
53	236
53	326
53	392
53	407
53	439
53	470
53	501
53	506
53	556
53	596
53	601
53	627
53	660
53	682
53	715
53	780
53	788
53	856
53	868
53	871
53	927
53	968
54	55
54	57
54	67
54	87
54	273
54	320
54	361
54	407
54	438
54	533
54	564
54	719
54	742
54	759
54	811
54	864
54	926
55	68
55	85
55	89
55	148
55	181
55	192
55	207
55	384
55	430
55	451
55	472
55	515
55	520
55	547
55	654
55	673
55	680
55	702
55	912
55	931
55	983
56	89
56	153
56	198
56	242
56	355
56	358
56	360
56	463
56	493
56	526
56	566
56	589
56	610
56	621
56	651
56	710
56	828
56	929
56	946
56	956
57	119
57	191
57	214
57	336
57	525
57	534
57	592
57	626
57	658
57	758
57	794
57	818
57	822
57	950
58	60
58	76
58	81
58	102
58	114
58	138
58	159
58	160
58	174
58	175
58	177
58	243
58	258
58	405
58	406
58	610
58	623
58	835
58	842
58	941
58	945
59	74
59	135
59	170
59	177
59	185
59	198
59	207
59	230
59	231
59	273
59	325
59	484
59	488
59	521
59	528
59	537
59	568
59	604
59	710
59	743
59	748
59	784
59	999
60	64
60	94
60	95
60	108
60	110
60	145
60	211
60	288
60	310
60	510
60	562
60	586
60	593
60	665
60	687
60	721
60	773
60	778
60	782
60	875
60	962
61	74
61	83
61	121
61	143
61	166
61	174
61	196
61	208
61	239
61	251
61	267
61	363
61	416
61	521
61	851
62	62
62	133
62	149
62	239
62	273
62	291
62	325
62	343
62	381
62	424
62	553
62	560
62	612
62	646
62	667
62	691
62	718
62	807
62	813
62	848
62	851
62	884
62	911
63	85
63	178
63	203
63	205
63	268
63	283
63	322
63	343
63	344
63	402
63	407
63	421
63	515
63	536
63	620
63	765
63	774
63	835
63	849
64	92
64	118
64	151
64	194
64	265
64	329
64	434
64	450
64	633
64	646
64	801
64	802
64	814
64	865
64	972
65	67
65	114
65	119
65	160
65	336
65	395
65	528
65	600
65	619
65	721
65	749
65	841
65	958
66	67
66	120
66	132
66	178
66	204
66	242
66	279
66	302
66	314
66	323
66	367
66	368
66	549
66	585
66	829
66	840
66	854
66	989
66	994
67	78
67	117
67	124
67	160
67	241
67	274
67	276
67	335
67	357
67	430
67	468
67	477
67	497
67	502
67	526
67	536
67	567
67	584
67	612
67	696
67	706
67	721
67	751
67	753
67	830
67	986
68	90
68	124
68	172
68	174
68	233
68	237
68	244
68	274
68	298
68	403
68	488
68	505
68	512
68	515
68	594
68	683
68	714
68	761
68	974
69	150
69	169
69	187
69	231
69	299
69	388
69	423
69	443
69	535
69	609
69	643
69	656
69	726
69	732
69	747
69	972
70	81
70	97
70	98
70	166
70	171
70	193
70	297
70	384
70	509
70	520
70	635
70	667
70	790
70	845
70	854
70	921
71	78
71	104
71	148
71	182
71	207
71	352
71	406
71	529
71	543
71	650
71	761
71	826
71	863
72	84
72	107
72	129
72	132
72	135
72	352
72	522
72	565
72	618
72	627
72	849
72	883
72	886
73	75
73	92
73	101
73	144
73	178
73	352
73	501
73	508
73	639
73	842
73	913
74	90
74	91
74	116
74	152
74	153
74	251
74	309
74	454
74	474
74	500
74	717
74	719
74	790
74	792
74	812
74	825
74	839
74	908
74	958
74	995
75	236
75	314
75	349
75	350
75	367
75	459
75	624
75	651
75	718
75	720
75	726
75	754
75	871
75	891
75	896
75	910
75	921
76	82
76	94
76	158
76	192
76	229
76	249
76	371
76	380
76	431
76	576
76	697
76	742
76	761
76	859
76	926
76	974
76	983
77	256
77	267
77	282
77	297
77	336
77	338
77	402
77	415
77	460
77	520
77	522
77	640
77	654
77	663
77	666
77	785
78	127
78	213
78	295
78	305
78	400
78	418
78	516
78	539
78	686
78	788
78	789
78	795
78	865
78	921
79	80
79	88
79	129
79	248
79	449
79	590
79	644
79	743
79	848
79	872
79	873
79	901
79	941
79	957
80	299
80	428
80	437
80	469
80	485
80	856
80	880
80	890
80	899
81	225
81	296
81	332
81	543
81	601
81	620
81	712
81	758
81	762
81	858
82	89
82	160
82	330
82	335
82	360
82	410
82	428
82	566
82	628
82	692
82	693
82	711
82	712
82	724
82	748
82	781
82	807
82	849
82	949
83	96
83	157
83	244
83	348
83	351
83	353
83	482
83	548
83	588
83	654
83	750
83	761
83	779
83	790
83	845
83	930
83	935
84	182
84	243
84	246
84	282
84	284
84	392
84	407
84	473
84	486
84	510
84	629
84	631
84	644
84	733
84	746
84	824
84	927
85	122
85	178
85	192
85	214
85	380
85	446
85	447
85	468
85	485
85	493
85	505
85	573
85	609
85	651
85	767
85	788
85	863
85	864
85	882
85	904
85	938
85	956
86	93
86	347
86	381
86	397
86	476
86	618
86	778
86	860
86	921
86	967
86	978
87	118
87	264
87	266
87	279
87	338
87	346
87	404
87	424
87	530
87	665
87	787
87	815
87	908
87	977
87	985
88	98
88	103
88	127
88	148
88	164
88	189
88	242
88	271
88	331
88	338
88	422
88	436
88	460
88	588
88	685
88	745
88	870
88	909
88	945
89	173
89	257
89	305
89	338
89	343
89	449
89	498
89	539
89	549
89	553
89	647
89	673
89	754
89	759
89	791
89	840
89	843
89	908
89	961
89	975
89	985
90	119
90	134
90	147
90	157
90	159
90	170
90	181
90	231
90	238
90	265
90	300
90	351
90	413
90	445
90	498
90	550
90	559
90	591
90	642
90	747
90	769
90	822
90	835
90	849
90	854
90	860
91	162
91	255
91	310
91	419
91	420
91	446
91	504
91	545
91	601
91	614
91	627
91	631
91	817
91	878
91	881
91	978
91	984
92	99
92	157
92	208
92	291
92	292
92	294
92	319
92	410
92	434
92	456
92	544
92	583
92	667
92	715
92	764
92	789
92	852
92	870
92	933
92	970
92	980
92	998
92	999
93	150
93	175
93	180
93	255
93	274
93	334
93	344
93	419
93	426
93	477
93	597
93	620
93	705
93	712
93	798
93	805
93	877
93	942
93	957
93	975
93	977
94	95
94	113
94	166
94	180
94	329
94	470
94	516
94	552
94	587
94	653
94	847
94	908
94	932
94	965
95	330
95	331
95	546
95	597
95	706
95	734
95	759
95	855
95	859
96	132
96	151
96	241
96	358
96	436
96	466
96	467
96	531
96	654
96	698
96	752
96	828
96	900
96	914
96	915
96	934
96	971
96	993
97	176
97	364
97	434
97	472
97	526
97	532
97	561
97	621
97	666
97	675
97	728
97	735
97	740
97	764
97	790
97	914
97	918
98	191
98	254
98	289
98	304
98	328
98	411
98	464
98	486
98	502
98	571
98	726
98	943
98	964
99	241
99	278
99	412
99	509
99	584
99	610
99	690
99	874
99	933
99	966
99	987
100	104
100	132
100	155
100	178
100	190
100	300
100	320
100	418
100	456
100	463
100	469
100	603
100	733
100	771
100	774
100	779
100	869
100	871
100	875
100	889
100	894
101	176
101	187
101	244
101	446
101	488
101	516
101	598
101	661
101	769
101	827
101	862
101	931
101	941
101	955
101	971
102	109
102	195
102	201
102	202
102	268
102	273
102	307
102	322
102	343
102	367
102	393
102	422
102	489
102	493
102	539
102	544
102	568
102	585
102	599
102	627
102	628
102	691
102	702
102	747
102	796
102	894
102	898
102	940
102	963
102	986
103	122
103	190
103	314
103	347
103	374
103	381
103	395
103	414
103	447
103	456
103	469
103	571
103	773
103	798
103	817
103	837
103	869
103	924
104	115
104	126
104	138
104	141
104	174
104	180
104	204
104	244
104	359
104	498
104	505
104	577
104	617
104	618
104	763
104	792
104	800
104	975
105	132
105	152
105	161
105	182
105	366
105	461
105	483
105	558
105	566
105	629
105	730
105	741
105	796
105	805
105	828
105	846
105	934
106	109
106	184
106	209
106	244
106	303
106	448
106	467
106	469
106	489
106	519
106	539
106	594
106	604
106	697
106	708
106	715
106	842
106	856
106	890
106	906
106	916
106	941
107	111
107	117
107	260
107	310
107	316
107	323
107	337
107	339
107	401
107	410
107	760
107	836
107	973
108	113
108	136
108	154
108	231
108	237
108	464
108	559
108	668
108	795
108	810
108	989
109	120
109	121
109	125
109	151
109	159
109	187
109	239
109	245
109	291
109	303
109	338
109	399
109	406
109	473
109	563
109	621
109	640
109	659
109	786
109	808
109	815
109	835
109	863
109	886
109	908
109	951
110	198
110	201
110	212
110	458
110	481
110	530
110	642
110	686
110	704
110	800
110	832
110	906
110	989
111	126
111	381
111	715
111	727
111	797
111	809
111	910
111	940
112	119
112	124
112	132
112	148
112	151
112	193
112	223
112	352
112	420
112	456
112	502
112	549
112	589
112	610
112	703
112	714
112	758
112	767
112	892
112	913
112	970
112	979
113	134
113	161
113	202
113	240
113	257
113	290
113	422
113	429
113	453
113	600
113	641
113	643
113	812
113	935
113	967
114	134
114	160
114	197
114	206
114	247
114	251
114	354
114	452
114	470
114	553
114	588
114	619
114	652
114	672
114	810
114	816
114	898
114	959
114	989
114	997
114	999
115	122
115	145
115	151
115	236
115	314
115	400
115	454
115	488
115	508
115	517
115	537
115	542
115	658
115	728
115	744
115	825
115	828
115	875
116	143
116	173
116	179
116	185
116	237
116	276
116	404
116	421
116	430
116	559
116	642
116	654
117	123
117	138
117	197
117	354
117	359
117	475
117	476
117	604
117	656
117	821
117	868
117	917
117	976
117	984
118	125
118	150
118	189
118	193
118	200
118	222
118	262
118	310
118	382
118	427
118	444
118	481
118	491
118	539
118	657
118	853
118	860
118	895
118	943
118	958
119	136
119	160
119	213
119	227
119	256
119	326
119	339
119	394
119	499
119	505
119	554
119	564
119	580
119	599
119	607
119	698
119	783
119	835
119	885
120	170
120	186
120	247
120	268
120	347
120	355
120	369
120	516
120	578
120	586
120	677
120	700
120	705
120	708
120	726
120	842
121	144
121	226
121	297
121	353
121	375
121	448
121	489
121	525
121	642
121	667
121	732
121	742
121	860
121	882
121	952
121	963
121	973
122	123
122	124
122	165
122	174
122	181
122	193
122	246
122	344
122	376
122	409
122	706
122	779
122	830
123	171
123	177
123	249
123	311
123	374
123	419
123	477
123	542
123	609
123	893
123	896
123	903
124	156
124	233
124	428
124	491
124	641
124	657
124	757
124	770
124	848
124	856
124	875
124	919
125	165
125	173
125	327
125	409
125	438
125	466
125	530
125	554
125	714
125	740
125	745
125	768
125	779
125	876
125	933
125	974
125	979
126	143
126	176
126	189
126	426
126	620
126	676
126	680
126	690
126	701
126	868
126	885
126	913
126	916
127	128
127	134
127	143
127	172
127	191
127	216
127	235
127	258
127	340
127	362
127	457
127	458
127	468
127	478
127	528
127	574
127	623
127	707
127	715
127	748
127	924
127	934
128	132
128	146
128	151
128	176
128	178
128	226
128	262
128	281
128	303
128	337
128	362
128	458
128	477
128	508
128	533
128	553
128	593
128	625
128	663
128	676
128	728
128	750
128	897
128	901
128	903
128	908
128	939
128	972
128	994
129	154
129	160
129	171
129	194
129	266
129	268
129	326
129	359
129	390
129	446
129	460
129	482
129	510
129	531
129	551
129	567
129	767
129	774
129	778
129	844
129	851
129	877
130	165
130	177
130	198
130	226
130	227
130	353
130	374
130	412
130	427
130	525
130	590
130	619
130	748
130	756
130	869
130	906
130	918
130	962
131	146
131	175
131	265
131	278
131	282
131	285
131	401
131	446
131	464
131	481
131	503
131	584
131	620
131	682
131	718
131	890
131	999
132	215
132	216
132	380
132	389
132	399
132	456
132	480
132	540
132	649
132	692
132	698
132	750
132	764
132	830
132	840
132	872
132	879
132	943
132	966
133	163
133	171
133	178
133	283
133	356
133	362
133	404
133	448
133	591
133	611
133	624
133	634
133	696
133	846
133	861
133	905
133	927
134	159
134	166
134	355
134	423
134	444
134	545
134	558
134	570
134	713
134	732
134	739
134	849
134	945
134	952
135	138
135	145
135	343
135	405
135	512
135	632
135	676
135	695
135	766
135	787
135	798
135	910
135	921
135	939
135	953
136	140
136	153
136	213
136	227
136	321
136	376
136	394
136	414
136	432
136	433
136	446
136	582
136	585
136	601
136	744
136	826
136	838
136	907
136	915
137	147
137	179
137	390
137	482
137	650
137	767
137	830
137	921
138	165
138	222
138	262
138	368
138	375
138	506
138	532
138	564
138	623
138	654
138	657
138	664
138	688
138	783
138	788
138	838
138	854
138	862
138	880
138	955
138	987
139	159
139	253
139	294
139	309
139	311
139	345
139	355
139	360
139	368
139	385
139	461
139	699
139	743
139	791
139	794
139	867
139	950
139	953
139	960
140	162
140	183
140	209
140	270
140	291
140	309
140	317
140	346
140	386
140	409
140	483
140	542
140	566
140	672
140	728
140	800
140	812
140	844
140	904
140	913
140	983
141	160
141	347
141	396
141	510
141	525
141	626
141	723
141	768
141	806
141	910
141	911
141	917
141	933
141	941
142	164
142	182
142	188
142	229
142	261
142	278
142	389
142	483
142	487
142	546
142	605
142	705
142	723
142	799
142	818
143	179
143	336
143	443
143	503
143	557
143	594
143	654
143	660
143	847
143	890
143	901
143	976
144	156
144	203
144	251
144	304
144	343
144	383
144	486
144	529
144	576
144	631
144	633
144	647
144	760
144	831
144	836
144	862
144	872
144	960
145	190
145	199
145	216
145	271
145	327
145	331
145	569
145	670
145	673
145	698
145	792
145	803
145	840
145	860
145	979
146	158
146	185
146	214
146	371
146	373
146	475
146	529
146	554
146	569
146	709
146	724
146	726
146	739
146	755
146	770
146	857
146	860
146	931
147	153
147	159
147	161
147	191
147	288
147	322
147	340
147	371
147	374
147	409
147	412
147	541
147	627
147	632
147	713
147	742
147	773
147	780
147	786
147	921
147	940
147	979
148	173
148	178
148	181
148	242
148	290
148	402
148	416
148	459
148	505
148	618
148	635
148	750
148	873
148	934
148	996
149	157
149	237
149	255
149	367
149	404
149	421
149	513
149	616
149	631
149	673
149	689
149	718
149	875
149	957
150	191
150	264
150	318
150	350
150	353
150	460
150	542
150	601
150	634
150	638
150	737
150	750
150	754
150	789
150	868
150	872
151	229
151	330
151	352
151	432
151	438
151	508
151	570
151	615
151	635
151	689
151	734
151	736
151	818
151	874
151	923
151	931
151	952
152	181
152	184
152	203
152	207
152	223
152	254
152	273
152	333
152	335
152	378
152	455
152	501
152	567
152	581
152	628
152	680
152	707
152	807
152	833
152	845
152	920
152	972
152	975
153	188
153	212
153	325
153	331
153	347
153	405
153	406
153	425
153	481
153	547
153	600
153	681
153	704
153	719
153	782
153	863
153	901
153	945
154	179
154	196
154	225
154	228
154	388
154	394
154	423
154	430
154	438
154	521
154	524
154	537
154	598
154	605
154	769
154	776
154	785
154	812
154	822
154	832
154	869
154	883
155	253
155	305
155	335
155	343
155	356
155	468
155	524
155	528
155	607
155	632
155	736
155	757
155	791
155	836
155	852
155	890
156	170
156	174
156	183
156	187
156	189
156	320
156	355
156	447
156	487
156	638
156	660
156	727
156	731
156	732
156	744
156	752
156	832
157	173
157	180
157	404
157	443
157	556
157	625
157	636
157	680
157	693
157	738
157	811
157	814
157	885
157	915
157	922
157	925
157	926
158	181
158	183
158	184
158	251
158	304
158	311
158	346
158	347
158	380
158	389
158	414
158	488
158	553
158	558
158	573
158	685
158	702
158	724
158	744
158	825
158	985
159	178
159	190
159	231
159	294
159	360
159	363
159	425
159	442
159	545
159	569
159	578
159	584
159	650
159	692
159	744
159	772
159	822
159	836
159	902
159	943
160	191
160	290
160	377
160	454
160	459
160	530
160	533
160	652
160	689
160	789
160	875
160	886
161	174
161	237
161	314
161	613
161	646
161	697
161	721
161	725
161	868
161	871
161	957
162	185
162	252
162	262
162	284
162	350
162	351
162	370
162	498
162	511
162	546
162	719
162	731
162	744
162	812
162	984
163	172
163	197
163	264
163	277
163	484
163	488
163	500
163	535
163	606
163	651
163	711
163	712
163	734
163	783
163	844
163	889
163	924
163	957
163	996
164	170
164	222
164	250
164	254
164	329
164	376
164	427
164	443
164	497
164	706
164	727
164	740
164	775
164	817
164	829
164	868
164	900
164	988
165	213
165	296
165	371
165	385
165	483
165	621
165	643
165	662
165	732
165	926
165	960
165	983
166	179
166	194
166	218
166	506
166	606
166	630
166	704
166	783
166	827
166	850
166	892
166	899
167	169
167	180
167	261
167	290
167	296
167	353
167	456
167	478
167	481
167	512
167	538
167	567
167	607
167	617
167	619
167	644
167	645
167	697
167	740
167	801
167	873
167	876
167	885
167	926
167	939
167	950
167	983
168	173
168	175
168	182
168	236
168	241
168	244
168	312
168	328
168	441
168	456
168	484
168	512
168	638
168	652
168	682
168	729
168	840
168	894
169	178
169	183
169	203
169	209
169	229
169	261
169	296
169	350
169	371
169	399
169	423
169	526
169	621
169	727
169	747
169	809
169	817
169	950
169	996
170	183
170	348
170	492
170	554
170	641
170	646
170	721
170	768
170	837
170	851
170	922
170	927
171	227
171	321
171	430
171	513
171	579
171	643
171	799
171	821
171	824
171	929
171	952
172	208
172	286
172	329
172	421
172	501
172	562
172	594
172	625
172	642
172	821
172	896
172	939
172	968
173	180
173	181
173	223
173	276
173	278
173	428
173	439
173	527
173	551
173	617
173	634
173	686
173	701
173	718
173	742
173	819
173	844
173	879
173	893
173	920
173	938
173	958
174	216
174	218
174	227
174	229
174	274
174	351
174	381
174	630
174	661
174	668
174	681
174	713
174	732
174	735
174	740
174	807
174	839
174	841
174	858
174	891
174	910
174	944
174	963
174	996
174	998
175	258
175	414
175	476
175	552
175	558
175	586
175	597
175	631
175	658
175	660
175	710
175	850
175	894
175	964
176	245
176	276
176	324
176	453
176	531
176	713
176	763
176	980
177	198
177	200
177	231
177	242
177	295
177	308
177	340
177	361
177	389
177	399
177	426
177	434
177	441
177	446
177	453
177	581
177	596
177	601
177	611
177	693
177	759
177	803
177	827
177	991
178	188
178	331
178	399
178	463
178	468
178	547
178	586
178	641
178	706
178	896
178	924
178	962
179	384
179	398
179	505
179	533
179	595
179	626
179	647
179	696
179	750
179	786
179	880
179	905
179	915
179	929
179	960
180	292
180	294
180	327
180	349
180	436
180	447
180	532
180	648
180	653
180	695
180	748
180	860
180	867
180	868
180	889
180	910
180	973
180	986
181	193
181	195
181	220
181	311
181	345
181	381
181	421
181	467
181	481
181	531
181	694
181	831
181	889
182	264
182	318
182	380
182	401
182	424
182	506
182	517
182	531
182	581
182	654
182	685
182	687
182	869
182	995
183	189
183	227
183	268
183	311
183	329
183	345
183	346
183	384
183	420
183	427
183	434
183	507
183	522
183	598
183	634
183	713
183	753
183	793
183	922
183	946
183	965
184	189
184	191
184	198
184	361
184	363
184	423
184	441
184	635
184	652
184	760
184	764
184	789
184	808
184	922
184	973
185	198
185	214
185	224
185	267
185	278
185	282
185	283
185	317
185	330
185	331
185	629
185	687
185	734
185	778
185	821
185	842
185	850
185	902
185	949
186	199
186	486
186	505
186	541
186	558
186	744
186	750
186	794
186	867
187	393
187	506
187	530
187	581
187	583
187	595
187	597
187	624
187	693
187	877
187	888
187	997
188	194
188	231
188	233
188	358
188	378
188	440
188	442
188	502
188	530
188	537
188	556
188	570
188	581
188	720
188	730
188	754
188	840
188	852
188	871
189	305
189	501
189	566
189	678
189	679
189	754
189	805
189	857
189	880
189	900
189	920
189	965
190	369
190	437
190	460
190	719
190	858
190	873
190	900
190	945
191	204
191	303
191	347
191	434
191	448
191	477
191	519
191	552
191	611
191	631
191	775
191	924
191	969
192	307
192	358
192	434
192	451
192	476
192	495
192	517
192	526
192	662
192	670
192	678
192	748
192	757
192	773
192	861
192	896
192	960
193	201
193	216
193	415
193	524
193	525
193	554
193	564
193	615
193	650
193	690
193	808
193	827
193	853
193	892
194	196
194	297
194	316
194	390
194	510
194	556
194	665
194	715
194	800
194	929
194	964
194	985
194	987
195	260
195	290
195	293
195	373
195	461
195	467
195	482
195	512
195	517
195	536
195	618
195	626
195	628
195	646
195	648
195	689
195	719
195	754
195	767
195	783
195	799
195	801
195	809
195	852
195	853
195	879
195	929
196	258
196	260
196	355
196	594
196	619
196	814
196	858
196	867
196	880
196	943
197	204
197	212
197	217
197	242
197	296
197	306
197	389
197	451
197	480
197	486
197	517
197	519
197	530
197	587
197	600
197	609
197	651
197	783
197	808
197	824
197	954
197	957
197	990
198	242
198	243
198	248
198	301
198	368
198	568
198	596
198	638
198	674
198	761
198	766
198	834
198	843
198	868
198	941
198	967
198	972
198	976
199	222
199	245
199	250
199	346
199	403
199	428
199	456
199	498
199	607
199	641
199	690
199	755
199	770
199	928
200	246
200	262
200	305
200	370
200	554
200	565
200	582
200	602
200	641
200	699
200	853
200	883
200	925
200	961
200	996
201	206
201	270
201	319
201	410
201	433
201	581
201	798
201	811
201	881
201	913
202	232
202	249
202	283
202	339
202	340
202	354
202	393
202	719
202	776
202	868
202	972
202	988
203	236
203	244
203	256
203	257
203	297
203	375
203	387
203	463
203	479
203	485
203	499
203	555
203	658
203	696
203	739
203	759
203	782
203	797
203	847
203	875
203	876
203	886
203	987
204	246
204	274
204	282
204	454
204	455
204	467
204	581
204	585
204	750
204	766
204	771
204	806
204	807
204	847
204	873
204	957
204	970
205	264
205	279
205	304
205	358
205	384
205	433
205	442
205	509
205	535
205	569
205	616
205	643
205	761
205	814
205	934
206	218
206	223
206	239
206	240
206	253
206	256
206	291
206	319
206	323
206	337
206	400
206	565
206	610
206	694
206	713
206	727
206	782
206	886
206	887
207	208
207	224
207	251
207	260
207	272
207	276
207	297
207	644
207	667
207	749
207	757
207	813
207	846
207	937
208	225
208	247
208	345
208	372
208	499
208	525
208	631
208	640
208	734
208	737
208	799
208	804
208	896
208	904
209	210
209	225
209	233
209	253
209	312
209	365
209	426
209	442
209	570
209	701
209	829
209	833
209	975
210	245
210	321
210	326
210	389
210	416
210	479
210	553
210	555
210	575
210	577
210	677
210	687
210	692
210	716
210	790
210	799
210	807
210	835
210	891
210	997
211	246
211	481
211	530
211	576
211	630
211	711
211	719
211	845
211	864
211	887
211	927
211	970
212	213
212	229
212	238
212	254
212	267
212	301
212	356
212	523
212	524
212	562
212	576
212	633
212	667
212	695
212	702
212	783
212	931
213	221
213	225
213	243
213	272
213	285
213	287
213	378
213	435
213	454
213	566
213	574
213	619
213	631
213	665
213	709
213	748
213	756
213	877
213	901
213	965
213	996
213	997
214	222
214	229
214	240
214	259
214	268
214	292
214	295
214	327
214	461
214	523
214	530
214	549
214	587
214	622
214	656
214	666
214	706
214	986
214	996
215	246
215	268
215	271
215	272
215	290
215	300
215	330
215	405
215	410
215	449
215	559
215	710
215	861
215	888
215	910
215	918
216	221
216	243
216	255
216	256
216	283
216	289
216	311
216	321
216	443
216	472
216	529
216	555
216	599
216	661
216	697
216	758
216	817
216	836
216	915
216	951
216	972
216	977
217	231
217	239
217	257
217	311
217	319
217	357
217	410
217	411
217	447
217	482
217	533
217	608
217	764
217	811
217	823
217	887
218	228
218	231
218	313
218	316
218	317
218	469
218	470
218	481
218	527
218	537
218	670
218	702
218	750
218	761
218	806
218	844
218	887
218	987
219	240
219	243
219	272
219	292
219	305
219	324
219	358
219	363
219	465
219	466
219	478
219	486
219	539
219	551
219	570
219	588
219	623
219	762
219	799
219	852
219	900
219	965
220	241
220	268
220	292
220	313
220	323
220	324
220	363
220	371
220	486
220	528
220	576
220	691
220	712
220	754
220	865
220	884
220	926
221	234
221	236
221	238
221	239
221	249
221	255
221	268
221	368
221	405
221	437
221	544
221	614
221	654
221	708
221	715
221	780
221	843
221	905
221	934
222	231
222	248
222	268
222	276
222	282
222	286
222	378
222	381
222	493
222	593
222	649
222	658
222	668
222	726
222	744
222	747
222	870
222	932
222	971
223	277
223	392
223	503
223	510
223	536
223	663
223	667
223	719
223	720
223	812
223	825
223	830
223	837
223	855
223	874
223	902
223	960
224	227
224	240
224	269
224	281
224	307
224	397
224	569
224	730
224	869
224	902
224	996
225	226
225	237
225	282
225	346
225	369
225	437
225	486
225	510
225	581
225	671
225	686
225	710
225	728
225	789
225	803
225	858
225	880
225	881
225	885
225	896
225	988
226	253
226	323
226	390
226	420
226	448
226	543
226	651
226	664
226	713
226	773
226	791
226	879
226	947
227	323
227	460
227	479
227	556
227	580
227	644
227	675
227	712
227	722
227	737
227	795
227	877
227	930
227	963
228	242
228	291
228	295
228	304
228	313
228	318
228	366
228	384
228	402
228	432
228	555
228	650
228	664
228	715
228	749
228	755
228	818
228	909
228	948
229	250
229	270
229	298
229	430
229	474
229	506
229	531
229	617
229	623
229	626
229	671
229	681
229	695
229	869
230	245
230	279
230	294
230	302
230	313
230	378
230	474
230	544
230	771
230	880
230	894
231	236
231	254
231	256
231	292
231	402
231	460
231	481
231	544
231	571
231	590
231	595
231	612
231	619
231	634
231	709
231	717
231	719
231	729
231	932
232	260
232	279
232	283
232	291
232	328
232	346
232	436
232	492
232	494
232	623
232	637
232	675
232	779
232	784
232	902
233	238
233	239
233	244
233	257
233	282
233	290
233	329
233	478
233	513
233	533
233	630
233	663
233	714
233	765
233	799
233	835
233	947
233	990
234	237
234	239
234	316
234	317
234	319
234	337
234	366
234	446
234	551
234	564
234	565
234	654
234	706
234	745
234	756
234	773
234	800
234	811
234	833
234	847
234	900
234	902
235	250
235	257
235	267
235	272
235	287
235	296
235	356
235	360
235	425
235	495
235	574
235	619
235	620
235	647
235	742
235	761
235	771
235	793
235	946
236	294
236	541
236	593
236	693
236	769
236	838
237	245
237	263
237	301
237	335
237	453
237	481
237	611
237	615
237	642
237	645
237	700
237	744
237	769
237	778
237	854
237	858
237	973
237	986
238	250
238	266
238	272
238	277
238	280
238	344
238	433
238	465
238	540
238	559
238	625
238	655
238	675
238	687
238	899
238	922
239	266
239	380
239	385
239	427
239	429
239	463
239	549
239	551
239	632
239	754
239	781
239	795
239	857
239	952
240	248
240	369
240	391
240	412
240	455
240	626
240	734
240	747
240	839
240	847
240	858
240	949
241	358
241	505
241	516
241	665
241	757
241	881
241	953
242	287
242	293
242	483
242	538
242	653
242	828
242	907
242	959
243	309
243	332
243	374
243	379
243	424
243	644
243	652
243	687
243	812
243	923
243	939
244	259
244	292
244	299
244	393
244	405
244	509
244	539
244	637
244	646
244	675
244	719
244	730
244	752
244	770
244	849
244	945
245	254
245	255
245	292
245	332
245	421
245	604
245	619
245	824
245	976
246	426
246	463
246	491
246	565
246	627
246	795
246	837
246	886
246	918
247	253
247	388
247	445
247	465
247	703
247	707
247	751
247	792
247	805
247	946
248	251
248	254
248	260
248	273
248	292
248	294
248	307
248	355
248	386
248	419
248	563
248	570
248	612
248	637
248	677
248	743
248	834
248	841
248	871
248	873
249	255
249	272
249	293
249	351
249	359
249	430
249	464
249	467
249	605
249	690
249	723
249	747
249	833
249	896
249	905
249	955
250	298
250	308
250	314
250	526
250	542
250	547
250	554
250	682
250	720
250	739
250	774
250	849
250	857
250	944
250	966
251	262
251	281
251	346
251	416
251	470
251	477
251	486
251	500
251	614
251	618
251	649
251	658
251	698
251	740
251	760
251	830
251	851
251	939
252	282
252	296
252	335
252	468
252	487
252	520
252	557
252	662
252	694
252	746
252	825
252	865
252	926
252	992
253	263
253	273
253	284
253	293
253	296
253	485
253	496
253	633
253	660
253	716
253	745
253	757
253	763
253	937
253	969
254	280
254	290
254	303
254	410
254	433
254	486
254	530
254	615
254	636
254	655
254	699
254	726
254	794
254	846
254	849
254	871
254	876
254	924
254	926
254	949
254	964
254	999
255	268
255	294
255	328
255	340
255	462
255	477
255	539
255	607
255	631
255	649
255	691
255	732
255	770
256	309
256	317
256	411
256	459
256	476
256	596
256	682
256	762
256	780
256	784
256	858
256	898
256	912
256	929
256	965
257	268
257	288
257	322
257	377
257	390
257	409
257	481
257	511
257	520
257	535
257	606
257	660
257	673
257	690
257	700
257	722
257	760
257	807
257	930
257	990
258	266
258	268
258	285
258	338
258	356
258	362
258	422
258	470
258	600
258	709
258	757
258	760
258	765
258	883
258	943
258	947
258	958
259	260
259	291
259	377
259	385
259	408
259	438
259	484
259	643
259	679
259	727
259	821
259	836
259	847
259	961
259	998
260	421
260	474
260	516
260	659
260	713
260	746
260	819
260	872
260	873
260	904
260	960
260	992
261	264
261	267
261	302
261	308
261	423
261	448
261	452
261	516
261	571
261	628
261	682
261	851
261	935
261	953
262	274
262	470
262	476
262	499
262	537
262	664
262	785
262	832
262	843
262	897
263	348
263	423
263	452
263	513
263	535
263	655
263	666
263	688
263	728
263	858
263	880
263	952
264	287
264	297
264	354
264	440
264	442
264	534
264	619
264	639
264	683
264	686
264	698
264	699
265	268
265	286
265	298
265	326
265	385
265	462
265	485
265	491
265	546
265	710
265	981
266	281
266	289
266	291
266	344
266	382
266	405
266	435
266	438
266	575
266	676
266	704
266	785
266	888
266	981
267	271
267	383
267	558
267	574
267	720
267	762
267	885
267	924
268	285
268	335
268	349
268	362
268	479
268	541
268	577
268	730
268	854
268	881
268	933
268	937
268	973
269	284
269	287
269	289
269	295
269	397
269	556
269	610
269	617
269	797
269	861
269	894
269	982
270	273
270	277
270	337
270	355
270	390
270	411
270	438
270	463
270	468
270	691
270	725
270	775
270	786
270	817
270	900
270	961
271	318
271	361
271	364
271	407
271	448
271	526
271	546
271	551
271	635
271	724
271	730
271	864
271	894
271	938
271	999
272	272
272	309
272	354
272	424
272	443
272	472
272	509
272	572
272	820
273	275
273	283
273	288
273	371
273	418
273	433
273	604
273	623
273	679
273	705
273	770
273	795
273	821
273	909
273	984
274	327
274	387
274	401
274	433
274	452
274	458
274	668
274	723
274	808
274	810
274	879
274	892
274	894
274	936
274	952
274	987
275	289
275	299
275	302
275	362
275	403
275	578
275	681
275	715
275	728
275	856
275	897
275	931
275	983
276	287
276	402
276	511
276	542
276	578
276	759
276	767
276	774
276	818
277	348
277	352
277	403
277	414
277	471
277	489
277	545
277	614
277	792
277	816
277	830
277	941
277	957
277	967
278	286
278	308
278	309
278	440
278	450
278	531
278	656
278	678
278	715
278	746
278	768
278	804
278	932
278	966
278	996
279	401
279	434
279	468
279	488
279	514
279	539
279	577
279	619
279	676
279	879
279	889
279	899
279	957
279	976
280	281
280	285
280	313
280	383
280	449
280	454
280	489
280	544
280	548
280	559
280	594
280	708
280	761
280	776
280	888
280	966
280	984
281	299
281	309
281	343
281	369
281	396
281	433
281	472
281	550
281	582
281	666
281	677
281	831
282	283
282	288
282	359
282	370
282	437
282	473
282	520
282	575
282	818
282	890
282	957
283	334
283	405
283	434
283	443
283	458
283	642
283	818
283	825
283	867
283	906
283	922
283	999
284	348
284	564
284	590
284	619
284	737
284	772
284	960
284	966
285	288
285	290
285	291
285	292
285	349
285	464
285	516
285	564
285	627
285	652
285	703
285	841
285	855
285	862
286	293
286	347
286	477
286	506
286	511
286	653
286	681
286	805
286	992
287	373
287	392
287	425
287	473
287	482
287	484
287	521
287	568
287	578
287	646
287	682
287	892
287	903
287	910
287	959
288	293
288	350
288	395
288	435
288	436
288	488
288	499
288	502
288	510
288	594
288	608
288	934
289	295
289	303
289	319
289	409
289	432
289	543
289	582
289	597
289	721
289	738
289	744
289	770
289	815
289	907
290	320
290	321
290	361
290	436
290	521
290	529
290	540
290	774
290	912
291	298
291	543
291	559
291	563
291	608
291	653
291	723
291	792
291	811
291	849
292	402
292	473
292	488
292	547
292	549
292	558
292	616
292	643
292	716
292	829
292	868
292	897
292	926
292	986
293	383
293	403
293	416
293	472
293	487
293	514
293	586
293	603
293	612
293	646
293	691
293	703
293	717
293	732
293	748
293	809
293	890
293	917
293	954
293	957
294	294
294	299
294	425
294	471
294	476
294	509
294	559
294	593
294	598
294	740
294	799
294	818
294	840
294	907
294	984
295	325
295	350
295	414
295	534
295	541
295	550
295	631
295	686
295	727
295	809
295	826
295	853
295	909
295	919
296	322
296	384
296	404
296	460
296	627
296	636
296	742
296	798
296	856
296	945
296	963
296	975
296	996
297	326
297	333
297	334
297	364
297	472
297	484
297	495
297	513
297	520
297	610
297	613
297	636
297	747
297	832
297	849
297	881
298	301
298	358
298	366
298	385
298	503
298	598
298	645
298	696
298	727
298	855
298	933
298	949
298	979
298	989
299	311
299	386
299	451
299	466
299	557
299	575
299	671
299	756
299	770
299	858
299	918
299	923
299	926
299	938
299	952
300	318
300	322
300	334
300	338
300	344
300	351
300	423
300	467
300	529
300	539
300	756
300	765
300	773
300	782
300	869
300	880
300	881
300	943
300	957
300	978
300	981
301	351
301	357
301	402
301	470
301	697
301	836
301	970
301	982
302	343
302	350
302	399
302	434
302	536
302	547
302	574
302	667
302	722
302	781
302	923
302	957
303	344
303	377
303	518
303	678
303	754
303	778
303	798
303	859
303	902
303	951
303	989
304	341
304	377
304	741
304	744
304	823
305	321
305	327
305	331
305	344
305	377
305	383
305	435
305	493
305	514
305	548
305	711
305	864
305	900
305	944
305	946
306	313
306	320
306	339
306	351
306	370
306	393
306	482
306	511
306	520
306	611
306	626
306	670
306	681
306	701
306	804
306	808
306	842
306	938
306	959
307	332
307	339
307	342
307	351
307	375
307	377
307	442
307	582
307	624
307	670
307	902
307	921
308	363
308	388
308	436
308	437
308	573
308	598
308	601
308	618
308	638
308	735
308	748
308	764
308	789
308	801
308	885
308	949
309	377
309	381
309	388
309	392
309	395
309	428
309	446
309	463
309	562
309	609
309	616
309	687
309	704
309	706
309	726
309	732
309	774
309	802
310	316
310	324
310	330
310	332
310	376
310	423
310	436
310	636
310	669
310	678
310	679
310	734
310	820
310	880
311	318
311	336
311	356
311	358
311	387
311	406
311	418
311	504
311	521
311	523
311	588
311	652
311	666
311	701
311	774
311	788
311	808
311	810
311	900
311	979
312	330
312	339
312	349
312	350
312	368
312	386
312	402
312	411
312	422
312	502
312	536
312	623
312	648
312	675
312	706
312	891
312	914
312	917
312	947
312	972
313	329
313	358
313	387
313	414
313	443
313	466
313	522
313	578
313	581
313	624
313	635
313	651
313	653
313	665
313	677
313	754
313	794
313	962
313	971
314	316
314	326
314	329
314	373
314	403
314	446
314	457
314	472
314	552
314	626
314	833
314	950
315	351
315	352
315	369
315	386
315	396
315	397
315	463
315	470
315	571
315	609
315	716
315	838
315	871
315	881
315	908
315	982
315	987
315	992
316	319
316	338
316	368
316	395
316	406
316	439
316	500
316	503
316	512
316	517
316	546
316	620
316	727
316	774
316	775
316	839
317	336
317	346
317	369
317	374
317	382
317	438
317	463
317	480
317	485
317	520
317	550
317	552
317	562
317	607
317	636
317	892
317	984
318	352
318	353
318	451
318	489
318	721
318	781
318	798
318	836
318	919
319	343
319	380
319	381
319	449
319	505
319	507
319	515
319	541
319	554
319	611
319	713
319	778
319	835
320	359
320	378
320	391
320	392
320	453
320	519
320	597
320	816
320	914
320	919
320	989
321	633
321	761
321	773
321	898
322	345
322	399
322	492
322	500
322	625
322	777
322	836
322	868
322	872
323	370
323	383
323	422
323	552
323	559
323	626
323	682
323	710
323	751
323	753
323	803
323	865
323	882
324	327
324	384
324	434
324	443
324	524
324	589
324	666
324	706
324	793
324	852
324	976
324	989
325	328
325	342
325	371
325	461
325	556
325	578
325	605
325	697
325	712
325	826
325	940
325	949
325	975
325	999
326	363
326	409
326	520
326	526
326	594
326	649
326	682
326	949
326	980
327	344
327	455
327	583
327	654
327	686
327	782
327	793
327	815
327	842
327	874
327	900
327	984
328	367
328	371
328	388
328	492
328	555
328	580
328	596
328	600
328	636
328	735
328	743
328	760
328	802
328	828
328	844
328	863
328	910
328	957
328	987
329	370
329	516
329	543
329	578
329	617
329	725
329	774
329	787
329	852
329	896
329	976
330	334
330	341
330	359
330	368
330	374
330	385
330	388
330	489
330	543
330	560
330	563
330	592
330	609
330	676
330	719
330	741
330	755
330	869
330	908
331	340
331	347
331	352
331	359
331	529
331	544
331	763
331	806
331	885
331	909
331	999
332	356
332	358
332	369
332	375
332	382
332	389
332	390
332	392
332	413
332	465
332	498
332	648
332	662
332	742
332	756
332	801
332	804
332	810
332	827
332	891
333	351
333	372
333	392
333	401
333	411
333	488
333	525
333	594
333	754
333	794
333	797
333	816
334	347
334	422
334	479
334	578
334	590
334	618
334	645
334	670
334	781
334	848
335	402
335	432
335	435
335	553
335	780
335	784
335	861
335	906
335	926
335	979
336	342
336	359
336	393
336	439
336	450
336	491
336	561
336	570
336	604
336	606
336	693
336	752
336	811
336	904
336	914
336	927
337	342
337	354
337	383
337	485
337	565
337	646
337	711
337	780
337	895
338	361
338	367
338	373
338	441
338	585
338	635
338	778
338	802
338	853
338	894
338	922
338	954
339	340
339	358
339	383
339	508
339	772
339	955
339	956
339	960
339	962
339	972
340	428
340	455
340	531
340	541
340	564
340	597
340	603
340	790
340	827
340	857
340	913
340	920
340	933
340	949
341	344
341	381
341	454
341	476
341	500
341	649
341	651
341	734
341	802
341	819
341	875
342	357
342	376
342	377
342	419
342	570
342	594
342	645
342	734
342	780
342	781
342	868
342	929
342	951
342	969
342	976
343	392
343	401
343	481
343	521
343	592
343	624
343	649
343	750
343	812
343	822
343	864
343	921
343	932
343	999
344	347
344	350
344	372
344	382
344	388
344	425
344	437
344	576
344	635
344	663
344	664
344	717
344	760
344	796
344	835
344	861
344	879
344	964
345	349
345	366
345	387
345	392
345	434
345	448
345	457
345	591
345	634
345	676
345	972
346	384
346	404
346	417
346	423
346	427
346	447
346	455
346	486
346	488
346	579
346	594
346	614
346	785
346	828
346	913
346	920
346	943
347	365
347	371
347	427
347	530
347	618
347	654
347	830
347	857
347	981
347	988
348	349
348	391
348	461
348	537
348	552
348	601
348	622
348	665
348	680
348	763
348	777
348	946
349	368
349	426
349	429
349	490
349	493
349	633
349	652
349	655
349	709
349	763
349	792
350	364
350	375
350	411
350	418
350	422
350	600
350	643
350	699
350	719
350	732
350	867
350	931
350	977
350	985
351	392
351	404
351	523
351	558
351	601
351	633
351	639
351	673
351	863
352	356
352	389
352	406
352	458
352	536
352	556
352	647
352	658
352	851
352	876
352	887
352	901
352	939
352	976
353	353
353	398
353	497
353	567
353	617
353	648
353	666
353	709
353	713
353	759
353	813
353	829
353	850
353	910
353	978
353	984
354	372
354	386
354	469
354	473
354	519
354	553
354	557
354	592
354	690
354	748
354	771
354	917
354	926
354	985
355	357
355	370
355	561
355	716
355	720
355	819
355	852
355	924
355	947
355	949
355	980
356	378
356	433
356	520
356	523
356	620
356	625
356	680
356	693
356	710
356	751
356	816
356	861
357	385
357	398
357	559
357	698
357	704
357	753
358	373
358	378
358	519
358	527
358	534
358	685
358	778
358	781
358	820
359	406
359	454
359	508
359	540
359	664
359	773
359	785
359	803
359	898
359	911
360	363
360	370
360	416
360	455
360	519
360	565
360	637
360	751
360	899
360	900
360	933
360	975
360	982
361	383
361	445
361	483
361	562
361	594
361	670
361	742
361	766
361	788
361	827
361	830
361	915
362	384
362	395
362	397
362	449
362	552
362	747
362	902
362	907
362	911
362	928
362	937
362	980
362	995
363	379
363	427
363	548
363	588
363	671
363	775
363	871
363	874
363	934
363	971
364	376
364	396
364	398
364	406
364	478
364	552
364	717
364	723
364	753
364	822
364	866
364	981
365	392
365	410
365	515
365	528
365	537
365	603
365	652
365	689
365	705
365	864
365	929
365	969
365	974
366	403
366	437
366	449
366	517
366	545
366	610
366	620
366	646
366	670
366	734
366	778
366	831
366	891
366	903
366	954
367	479
367	531
367	540
367	625
367	646
367	716
367	738
367	809
367	899
367	937
367	956
367	978
368	479
368	500
368	570
368	904
369	392
369	465
369	506
369	558
369	583
369	672
369	849
369	883
369	919
369	934
369	944
370	402
370	447
370	458
370	476
370	597
370	655
370	727
370	765
370	893
370	910
370	992
371	417
371	432
371	494
371	555
371	610
371	688
371	689
371	691
371	738
371	778
371	897
372	387
372	393
372	456
372	472
372	533
372	554
372	586
372	608
372	617
372	644
372	684
372	695
372	730
372	731
372	748
372	846
372	852
372	877
372	955
372	965
373	443
373	568
373	569
373	605
373	705
373	881
373	895
373	913
373	937
374	377
374	389
374	475
374	500
374	507
374	556
374	645
374	690
374	697
374	708
374	801
374	831
374	835
374	850
375	383
375	399
375	459
375	732
375	801
375	822
375	861
375	941
375	947
375	970
375	993
376	466
376	479
376	607
376	615
376	632
376	639
376	875
376	882
377	393
377	511
377	601
377	622
377	638
377	730
377	793
377	797
377	804
377	830
377	835
377	838
377	853
377	861
377	996
378	394
378	560
378	564
378	633
378	679
378	734
378	743
378	790
378	791
378	866
378	934
378	936
379	382
379	385
379	395
379	495
379	531
379	619
379	621
379	626
379	646
379	667
379	671
379	931
380	415
380	425
380	613
380	616
380	636
380	730
380	754
380	786
380	800
380	845
380	903
380	950
380	986
381	386
381	399
381	497
381	504
381	674
381	801
381	845
381	910
381	961
382	507
382	535
382	581
382	609
382	775
382	796
382	866
382	897
382	965
383	419
383	471
383	588
383	599
383	609
383	677
383	720
383	763
383	776
383	814
383	869
383	879
383	893
383	965
384	412
384	437
384	443
384	463
384	485
384	513
384	638
384	759
384	881
384	924
385	512
385	577
385	645
385	693
385	861
385	983
385	991
385	995
386	397
386	443
386	444
386	553
386	569
386	604
386	634
386	654
386	677
386	803
386	841
386	887
386	891
386	925
386	972
387	395
387	451
387	475
387	624
387	667
387	698
387	712
387	810
387	854
387	855
387	974
388	394
388	399
388	569
388	573
388	617
388	631
388	741
388	826
388	863
389	411
389	486
389	590
389	679
389	690
389	773
389	822
389	832
389	847
389	848
389	857
389	865
389	976
390	392
390	399
390	481
390	493
390	512
390	555
390	690
390	719
390	741
390	847
390	871
390	885
390	927
390	986
391	458
391	471
391	490
391	520
391	525
391	610
391	672
391	723
391	760
391	767
391	775
391	782
391	898
391	973
392	429
392	487
392	651
392	758
392	761
392	772
392	798
392	800
392	816
392	963
392	969
392	975
393	438
393	447
393	456
393	495
393	497
393	512
393	554
393	590
393	591
393	606
393	621
393	660
393	690
393	722
393	757
393	787
393	889
393	911
393	998
394	397
394	467
394	496
394	497
394	660
394	673
394	820
394	824
394	858
394	953
394	966
394	970
395	407
395	573
395	702
395	720
395	724
395	740
395	748
395	761
395	778
395	804
395	815
395	894
395	918
396	497
396	590
396	595
396	654
396	747
396	819
396	820
396	838
396	895
396	924
396	968
397	464
397	518
397	570
397	654
397	680
397	730
397	738
397	770
397	790
397	867
397	906
397	914
397	975
397	990
398	440
398	490
398	506
398	537
398	599
398	630
398	631
398	751
398	802
398	849
398	862
398	983
398	988
399	400
399	458
399	481
399	510
399	543
399	592
399	699
399	706
399	917
399	929
399	993
400	414
400	470
400	582
400	616
400	638
400	743
400	787
401	402
401	436
401	452
401	474
401	478
401	484
401	507
401	548
401	573
401	589
401	624
401	642
401	742
401	768
401	815
401	921
402	408
402	454
402	560
402	669
402	766
402	801
402	834
402	897
402	929
403	407
403	421
403	427
403	473
403	484
403	531
403	561
403	690
403	699
403	714
403	722
403	725
403	747
403	813
403	895
404	448
404	527
404	581
404	591
404	632
404	719
404	786
404	788
404	792
404	896
404	947
405	475
405	667
405	711
405	786
405	829
405	924
405	947
406	409
406	423
406	433
406	470
406	495
406	497
406	502
406	531
406	532
406	547
406	554
406	633
406	694
406	744
406	805
406	821
406	898
406	904
406	940
406	961
407	460
407	477
407	526
407	528
407	554
407	626
407	637
407	679
407	690
407	722
407	938
408	441
408	485
408	495
408	631
408	645
408	742
408	816
408	868
408	884
409	466
409	481
409	488
409	495
409	498
409	586
409	640
409	659
409	710
409	759
409	866
409	904
409	930
409	964
409	993
410	414
410	434
410	479
410	490
410	592
410	629
410	639
410	686
410	791
410	837
410	838
410	879
410	937
411	413
411	415
411	461
411	508
411	539
411	567
411	696
411	818
411	849
411	960
412	426
412	449
412	485
412	487
412	578
412	582
412	604
412	662
412	720
412	911
412	927
412	929
412	983
413	431
413	466
413	502
413	520
413	549
413	671
413	814
413	877
413	929
414	417
414	429
414	437
414	442
414	471
414	578
414	615
414	678
414	685
414	720
414	778
414	806
414	848
414	852
414	871
414	912
414	990
415	431
415	435
415	462
415	550
415	551
415	600
415	674
415	713
415	747
415	753
415	755
415	799
415	957
416	442
416	444
416	451
416	458
416	527
416	553
416	628
416	702
416	776
416	806
416	872
416	934
417	503
417	506
417	534
417	585
417	623
417	640
417	723
417	822
417	881
417	888
417	933
417	936
418	426
418	430
418	478
418	495
418	564
418	574
418	704
418	797
418	850
419	426
419	428
419	440
419	483
419	502
419	697
419	707
419	714
419	850
419	952
419	953
419	993
420	437
420	541
420	650
420	688
420	703
420	778
420	843
420	878
420	908
421	428
421	430
421	440
421	458
421	467
421	482
421	488
421	545
421	665
421	674
421	707
421	733
421	750
421	762
421	833
421	859
421	861
421	945
421	950
422	426
422	435
422	468
422	472
422	492
422	559
422	631
422	671
422	673
422	696
422	724
422	785
422	804
422	834
422	890
422	907
423	458
423	492
423	498
423	668
423	701
423	723
423	748
423	783
423	785
423	825
423	840
423	847
423	874
423	919
423	976
424	439
424	457
424	499
424	542
424	612
424	634
424	681
424	776
424	794
424	828
424	869
424	872
425	460
425	462
425	480
425	593
425	594
425	600
425	669
425	704
425	719
425	773
425	783
425	795
425	803
425	912
426	471
426	491
426	492
426	584
426	598
426	798
426	840
426	845
426	869
426	878
426	920
426	934
426	949
427	436
427	442
427	537
427	612
427	647
428	459
428	611
428	642
428	665
428	676
428	751
428	754
428	805
428	811
428	883
428	907
428	920
428	962
428	995
429	439
429	476
429	543
429	637
429	698
429	712
429	862
430	486
430	508
430	525
430	566
430	620
430	756
430	768
430	793
430	823
430	829
430	843
430	856
430	890
430	893
430	922
430	924
431	434
431	521
431	553
431	569
431	719
431	726
431	847
431	878
431	925
431	973
432	486
432	506
432	539
432	550
432	584
432	647
432	725
432	734
433	460
433	462
433	596
433	627
433	656
433	726
433	781
433	788
433	799
433	844
433	914
433	917
434	478
434	520
434	545
434	636
434	643
434	675
434	862
434	909
434	981
434	984
434	999
435	496
435	525
435	544
435	560
435	661
435	670
435	769
435	808
435	820
435	852
435	886
435	965
436	441
436	483
436	622
436	632
436	638
436	673
436	676
436	697
436	760
436	789
436	813
436	913
436	939
437	461
437	469
437	491
437	508
437	516
437	580
437	598
437	694
437	715
437	806
437	825
437	917
437	934
437	935
437	973
438	449
438	507
438	532
438	585
438	610
438	640
438	771
438	896
438	974
439	448
439	549
439	555
439	572
439	628
439	642
439	673
439	674
439	726
439	749
439	836
439	854
439	904
439	923
439	937
439	964
439	985
440	464
440	539
440	573
440	896
440	910
440	939
441	442
441	457
441	459
441	502
441	552
441	588
441	861
442	494
442	495
442	647
442	653
442	917
442	932
443	449
443	459
443	563
443	674
443	711
443	794
443	818
443	945
444	447
444	452
444	469
444	473
444	479
444	511
444	621
444	753
444	776
444	871
445	516
445	772
445	844
445	965
446	455
446	480
446	508
446	625
446	706
446	772
446	894
446	995
447	447
447	455
447	476
447	567
447	578
447	620
447	688
447	709
447	773
447	786
447	804
447	912
447	915
447	916
447	961
447	967
447	999
448	465
448	477
448	483
448	491
448	584
448	635
448	639
448	856
448	888
449	461
449	467
449	471
449	480
449	517
449	530
449	542
449	544
449	626
449	654
449	681
449	711
449	794
449	876
449	955
450	463
450	611
450	666
450	817
450	818
450	870
450	963
450	982
450	997
451	452
451	460
451	573
451	661
451	692
451	713
451	735
451	899
451	916
451	948
452	490
452	495
452	550
452	581
452	588
452	701
452	754
452	815
452	838
452	855
453	572
453	619
453	623
453	642
453	689
453	747
453	800
453	871
453	950
453	974
454	476
454	483
454	512
454	513
454	606
454	680
454	750
454	752
454	770
454	787
454	843
454	851
454	858
454	878
454	998
455	460
455	488
455	536
455	586
455	597
455	605
455	763
455	764
455	794
455	813
455	889
455	940
455	997
456	461
456	462
456	497
456	498
456	546
456	602
456	613
456	769
456	978
457	480
457	491
457	562
457	673
457	683
457	790
457	837
457	918
457	925
457	973
458	480
458	497
458	516
458	578
458	625
458	629
458	692
458	701
458	749
458	812
458	851
458	880
458	886
458	994
459	463
459	472
459	485
459	635
459	661
459	721
459	724
459	821
459	880
460	479
460	561
460	574
460	671
460	685
460	822
460	831
460	842
460	853
460	883
461	469
461	584
461	612
461	652
461	892
461	925
461	968
462	467
462	468
462	474
462	537
462	594
462	695
462	752
462	845
462	854
462	958
462	975
463	536
463	567
463	601
463	616
463	719
463	737
463	767
463	820
463	842
463	952
464	487
464	489
464	601
464	695
464	770
464	936
464	946
464	949
465	491
465	619
465	627
465	831
466	491
466	500
466	510
466	579
466	663
466	671
466	714
466	731
466	768
466	770
466	839
466	909
466	964
466	968
466	989
467	485
467	578
467	627
467	704
467	713
467	728
467	756
467	786
467	941
467	974
467	983
468	501
468	527
468	582
468	687
468	747
468	754
468	794
468	863
468	984
468	989
469	482
469	487
469	491
469	583
469	661
469	687
469	709
469	729
469	796
469	808
469	828
469	850
469	857
469	917
469	984
469	991
469	999
470	614
470	659
470	766
470	786
470	849
470	860
470	896
470	917
470	950
471	487
471	533
471	693
471	730
471	782
471	799
471	826
471	892
471	975
472	492
472	511
472	581
472	615
472	707
472	837
472	887
472	962
473	530
473	640
473	703
473	715
473	724
473	777
473	803
473	837
473	882
473	955
473	997
474	511
474	587
474	661
474	698
474	720
474	747
474	761
474	848
474	857
474	917
474	949
475	477
475	485
475	494
475	514
475	565
475	571
475	612
475	688
475	801
475	868
475	933
475	940
475	980
476	484
476	767
476	863
477	485
477	499
477	562
477	584
477	662
477	765
477	796
477	918
477	935
477	991
478	603
478	689
478	702
478	711
478	716
478	830
478	891
478	941
479	483
479	515
479	551
479	570
479	723
479	765
479	800
479	843
479	909
480	483
480	610
480	622
480	623
480	757
480	765
480	776
480	780
480	952
481	607
481	632
481	642
481	699
481	857
482	557
482	588
482	620
482	669
482	743
482	745
482	816
482	826
482	858
482	876
483	493
483	549
483	573
483	617
483	634
483	636
483	860
483	879
483	892
483	909
483	970
484	484
484	534
484	584
484	667
484	668
484	718
484	733
484	743
484	778
484	816
484	999
485	515
485	642
485	697
485	743
485	899
485	923
485	979
486	492
486	495
486	612
486	791
486	890
486	959
486	965
487	606
487	657
487	890
487	893
487	931
487	957
488	691
488	788
488	894
488	957
488	985
488	994
489	491
489	520
489	643
489	697
489	739
489	764
490	593
490	641
490	693
490	878
490	887
490	964
491	592
491	598
491	638
491	641
491	677
491	721
491	745
491	761
491	765
491	881
491	906
491	907
491	954
491	958
491	988
492	494
492	498
492	597
492	680
492	682
492	802
492	854
492	862
492	979
493	494
493	728
493	785
493	836
493	857
493	858
493	905
493	907
493	961
493	973
494	498
494	598
494	681
494	694
494	709
494	810
494	834
494	894
495	870
495	896
495	932
495	991
496	520
496	547
496	569
496	646
496	703
496	743
496	858
496	910
497	507
497	564
497	677
497	679
497	701
497	708
497	825
497	886
497	940
498	511
498	590
498	650
498	740
498	748
498	884
499	514
499	602
499	612
499	620
499	621
499	648
499	761
499	788
499	818
499	819
499	828
499	933
499	945
499	958
499	985
500	543
500	560
500	573
500	648
500	713
500	736
500	792
500	793
500	881
500	945
500	979
501	514
501	518
501	554
501	559
501	595
501	705
501	707
501	761
501	787
501	817
501	852
501	897
501	949
501	999
502	504
502	524
502	539
502	587
502	588
502	599
502	676
502	727
502	794
502	800
502	870
502	939
502	965
503	696
503	787
503	841
503	886
503	945
503	951
503	953
503	989
504	525
504	560
504	739
504	757
504	822
504	886
504	951
504	959
505	511
505	552
505	565
505	594
505	780
505	817
505	840
506	537
506	584
506	594
506	738
507	515
507	592
507	627
507	659
507	735
507	813
507	828
507	881
507	900
507	966
507	978
508	541
508	560
508	576
508	617
508	661
508	672
508	765
508	798
508	830
508	833
508	848
508	900
508	965
509	512
509	572
509	594
509	648
509	698
509	728
509	797
509	877
509	985
509	992
509	993
510	652
510	716
510	762
510	983
511	586
511	587
511	696
511	934
511	955
511	992
512	530
512	537
512	577
512	669
512	695
512	735
512	757
512	767
512	783
512	834
512	872
513	514
513	522
513	523
513	526
513	597
513	633
513	639
513	642
513	649
513	676
513	755
513	818
513	837
513	882
513	911
514	532
514	556
514	582
514	583
514	587
514	692
514	699
514	857
514	928
514	975
514	997
514	999
515	585
515	756
515	779
515	817
515	833
515	978
516	535
516	537
516	572
516	599
516	634
516	694
516	757
516	902
516	975
517	561
517	639
517	647
517	721
517	782
517	895
517	911
517	919
517	939
518	521
518	524
518	529
518	547
518	549
518	561
518	834
518	868
518	870
518	892
518	972
519	539
519	540
519	567
519	576
519	577
519	617
519	644
519	675
519	697
519	758
519	761
520	526
520	545
520	560
520	587
520	726
520	768
520	825
520	846
520	871
520	937
521	594
521	694
521	703
521	704
521	713
521	802
521	808
521	888
521	939
521	984
522	548
522	599
522	655
522	701
522	735
522	883
522	934
523	546
523	555
523	709
523	766
523	812
523	860
523	866
523	925
523	968
524	535
524	566
524	696
524	702
524	765
524	834
524	963
525	548
525	556
525	648
525	676
525	744
525	810
526	529
526	532
526	561
526	562
526	566
526	615
526	742
526	782
526	844
526	914
526	989
527	580
527	645
527	653
527	809
527	828
527	896
527	917
527	919
527	937
527	986
528	564
528	590
528	657
528	725
528	740
528	780
528	947
529	555
529	560
529	588
529	637
529	777
529	823
529	846
529	883
529	983
530	565
530	597
530	634
530	649
530	739
530	783
530	807
530	816
530	904
530	946
530	962
530	970
530	985
531	561
531	571
531	583
531	642
531	684
531	751
532	567
532	576
532	578
532	581
532	741
532	816
532	825
532	827
532	852
532	914
533	538
533	555
533	576
533	583
533	603
533	705
533	753
533	783
533	832
533	870
533	872
533	943
533	949
534	550
534	733
534	765
534	789
534	997
535	554
535	589
535	601
535	621
535	624
535	664
535	770
535	838
535	851
535	928
535	948
535	972
535	995
535	997
536	549
536	597
536	622
536	679
536	706
536	709
536	733
536	827
536	835
536	888
537	564
537	572
537	622
537	731
537	769
537	851
537	935
537	936
538	539
538	571
538	579
538	595
538	820
538	977
538	985
539	562
539	697
539	843
539	895
539	899
539	915
539	929
539	942
539	967
540	572
540	602
540	826
540	905
540	921
540	951
540	969
541	554
541	569
541	581
541	672
541	760
541	764
541	866
541	870
542	617
542	666
542	724
543	544
543	553
543	568
543	759
543	998
544	552
544	616
544	748
544	750
544	769
544	814
544	837
544	896
544	936
544	972
545	558
545	578
545	584
545	593
545	692
545	818
545	879
546	593
546	658
546	991
547	551
547	579
547	589
547	651
547	847
547	944
548	567
548	782
548	831
548	930
549	565
549	577
549	591
549	635
549	676
549	692
549	726
549	734
549	737
549	773
549	785
549	958
550	665
550	716
550	822
550	833
550	835
550	899
550	929
550	958
550	984
551	578
551	594
551	735
551	757
551	792
551	827
551	839
551	841
551	853
551	863
551	901
551	960
552	570
552	746
552	784
552	817
552	879
552	880
552	882
552	933
553	563
553	575
553	630
553	635
553	638
553	641
553	662
553	670
553	686
553	700
553	707
553	722
553	738
553	755
553	769
553	937
554	585
554	589
554	626
554	644
554	698
554	750
554	829
554	905
554	916
554	934
554	956
554	997
555	568
555	599
555	609
555	643
555	763
555	814
555	925
555	942
556	693
556	694
556	732
556	744
556	755
556	825
556	854
556	856
556	869
556	914
557	557
557	574
557	588
557	658
557	665
557	667
557	669
557	729
557	737
557	746
557	749
557	759
557	823
557	862
557	934
557	953
557	987
558	579
558	586
558	595
558	607
558	638
558	710
558	742
558	744
558	770
558	842
558	864
559	565
559	585
559	595
559	613
559	667
559	781
559	787
559	922
559	946
559	954
559	991
560	594
560	633
560	672
560	773
560	781
560	788
560	862
560	909
561	566
561	570
561	588
561	612
561	614
561	674
561	728
561	745
561	828
561	843
561	856
561	886
561	890
561	932
561	945
562	598
562	631
562	676
562	689
562	706
562	748
562	812
562	813
562	926
563	585
563	593
563	648
563	660
563	741
563	842
563	857
563	860
563	916
563	918
564	573
564	605
564	771
564	784
564	797
564	801
564	916
564	948
564	951
564	995
565	640
565	649
565	660
566	580
566	583
566	587
566	591
566	607
566	736
566	823
566	854
566	868
566	941
566	974
566	990
567	567
567	773
567	880
567	885
567	918
567	951
568	573
568	599
568	618
568	840
568	918
569	582
569	585
569	726
569	768
570	628
570	668
570	687
570	833
570	879
570	898
570	905
570	946
570	950
570	963
570	990
571	594
571	636
571	658
571	674
571	828
571	875
571	914
571	995
572	579
572	686
572	720
572	739
572	789
572	899
573	596
573	853
573	855
573	904
574	843
574	852
575	587
575	605
575	656
575	700
575	731
575	735
575	747
575	838
575	882
575	897
575	962
575	980
575	995
576	598
576	606
576	626
576	689
576	718
576	840
576	862
576	896
576	935
576	972
576	982
577	581
577	605
577	610
577	622
577	643
577	794
577	824
577	861
577	959
577	962
577	970
578	767
578	768
578	777
578	860
578	866
578	952
578	991
579	603
579	634
579	947
580	587
580	658
580	755
580	885
580	975
580	978
580	986
581	618
581	624
581	842
581	853
581	877
581	936
581	990
582	583
582	609
582	647
582	965
583	631
583	695
583	725
583	831
583	975
583	979
584	677
584	712
584	732
584	738
584	754
584	768
584	785
584	848
584	852
584	964
585	644
586	589
586	592
586	642
586	782
586	883
586	924
586	925
586	940
586	959
586	985
587	620
587	642
587	705
587	728
587	732
587	734
587	760
587	764
587	782
587	835
587	910
587	958
588	619
588	638
588	740
588	772
588	823
588	968
588	969
589	629
589	641
589	714
589	727
589	756
589	867
589	873
589	993
590	635
590	664
590	785
590	813
590	842
590	865
590	898
590	946
590	951
590	997
591	834
591	837
591	871
591	880
591	894
591	905
591	931
591	960
592	598
592	603
592	773
592	946
593	647
593	666
593	695
593	713
593	875
593	987
594	599
594	602
594	713
594	738
595	608
595	789
595	872
595	886
595	894
596	648
596	688
596	736
596	759
596	810
596	870
596	882
596	917
597	601
597	736
597	745
597	749
597	756
597	845
597	872
597	890
597	906
597	939
598	618
598	626
598	652
598	859
598	943
598	992
599	599
599	625
599	629
599	664
599	827
599	833
599	841
599	855
599	858
599	962
600	623
600	630
600	647
600	649
600	690
600	717
600	737
600	802
600	811
600	820
600	928
600	939
600	979
600	993
601	603
601	609
601	631
601	695
601	720
601	802
601	873
601	892
601	915
601	976
602	608
602	628
602	633
602	646
602	647
602	648
602	815
602	942
603	637
603	647
603	661
603	700
603	716
603	743
603	757
603	810
603	839
603	919
603	968
604	613
604	641
604	818
604	841
604	912
604	914
604	930
605	609
605	659
605	667
605	681
605	688
605	803
605	842
605	868
605	873
605	893
605	907
605	991
606	611
606	662
606	794
606	798
606	803
606	806
606	823
606	886
606	966
606	973
606	979
606	992
606	996
607	632
607	677
607	681
607	683
607	688
607	702
607	741
607	824
607	872
607	944
608	690
608	696
608	718
608	731
608	735
608	793
608	804
608	864
608	931
609	624
609	643
609	644
609	674
609	716
609	736
609	767
609	794
609	860
609	895
609	916
609	980
610	625
610	642
610	752
610	779
610	833
610	851
610	863
610	951
611	616
611	636
611	786
611	809
611	911
611	975
612	659
612	690
612	721
612	753
612	765
612	771
612	784
612	786
612	840
612	864
612	952
612	959
613	619
613	635
613	685
613	693
613	701
613	738
613	788
613	828
613	847
613	868
613	898
613	922
613	938
613	964
613	969
613	974
613	998
614	615
614	656
614	676
614	696
614	766
614	845
614	868
614	938
614	958
615	618
615	621
615	633
615	687
615	716
615	750
615	758
615	876
615	889
615	897
615	902
615	907
615	926
615	935
616	629
616	640
616	659
616	677
616	681
616	784
616	836
616	912
616	917
616	920
616	999
617	632
617	652
617	702
617	743
617	852
617	859
617	865
617	954
617	991
618	627
618	629
618	638
618	679
618	719
618	738
618	761
618	773
618	776
618	820
618	881
618	897
618	907
618	961
619	624
619	645
619	651
619	654
619	655
619	715
619	729
619	820
619	834
619	923
619	940
619	962
620	632
620	642
620	669
620	694
620	707
620	722
620	733
620	769
620	875
620	890
620	930
620	951
621	626
621	765
621	766
621	778
621	814
621	819
621	862
621	913
622	677
622	678
622	694
622	814
622	819
622	836
623	624
623	630
623	769
623	816
623	826
623	894
624	630
624	647
624	664
624	667
624	704
624	821
624	843
624	903
624	950
625	636
625	645
625	772
625	791
625	793
625	893
625	904
625	952
625	997
626	640
626	667
626	811
626	821
626	863
626	915
626	957
627	651
627	673
627	725
627	772
627	914
627	935
627	948
627	950
628	639
628	666
628	684
628	742
628	840
628	968
629	630
629	631
629	664
629	773
629	791
629	821
629	850
629	871
629	876
629	895
629	973
629	984
629	988
629	989
630	631
630	641
630	666
630	715
630	781
630	782
630	785
630	873
630	877
630	942
631	698
631	719
631	962
632	659
632	669
632	671
632	698
632	745
632	807
632	911
632	953
632	958
633	634
633	645
633	652
633	655
633	682
633	710
633	858
634	652
634	657
634	665
634	676
634	708
634	731
634	749
634	761
634	884
634	920
634	939
634	964
634	992
635	678
635	686
635	726
635	855
635	912
635	959
636	657
636	669
636	689
636	704
636	796
636	922
636	965
636	971
636	994
636	995
637	689
637	691
637	864
637	910
637	940
638	647
638	664
638	674
638	702
638	710
638	725
638	757
638	823
638	834
638	851
638	876
638	920
639	647
639	659
639	686
639	688
639	692
639	783
639	955
640	657
640	685
640	799
640	807
640	829
640	845
640	878
640	951
641	641
641	668
641	703
641	720
641	922
641	939
642	644
642	675
642	682
642	683
642	752
642	843
642	881
642	889
642	903
643	652
643	695
643	720
643	742
643	771
643	779
643	831
643	862
643	894
643	941
644	652
644	653
644	665
644	687
644	689
644	695
644	825
644	850
644	882
644	886
644	909
644	912
644	981
644	999
645	652
645	685
645	699
645	715
645	786
645	846
645	885
645	921
645	976
645	979
646	663
646	677
646	723
646	840
646	850
646	930
647	665
647	690
647	697
647	757
647	780
647	807
647	889
647	916
647	968
648	658
648	663
648	667
648	675
648	699
648	742
648	748
648	857
648	865
649	654
649	678
649	688
649	693
649	858
650	693
650	707
650	734
650	801
650	863
650	963
651	692
651	909
651	932
652	667
652	691
652	736
652	746
652	855
652	894
653	659
653	680
653	695
653	796
653	836
653	860
654	663
654	765
654	766
654	946
654	986
654	990
655	691
655	694
655	698
655	892
655	913
656	674
656	698
656	700
656	775
656	780
656	872
656	983
657	686
657	712
657	768
657	884
657	932
657	934
658	800
658	839
658	843
658	889
658	900
658	952
659	660
659	662
659	669
659	716
659	783
659	871
659	935
660	667
660	807
660	828
660	882
660	895
660	936
660	939
660	947
660	985
660	992
661	687
661	725
661	784
661	788
661	868
662	672
662	691
662	696
662	783
662	833
662	844
662	981
663	683
663	688
663	716
663	766
663	844
663	902
664	687
664	756
664	965
665	671
665	736
665	836
665	868
665	937
666	692
666	742
666	770
666	811
666	893
666	980
667	670
667	677
667	686
667	714
667	858
667	894
667	897
667	898
668	675
668	792
668	816
668	840
668	871
668	881
669	701
669	718
669	808
669	963
670	744
670	992
671	743
671	779
671	785
671	809
671	840
671	872
671	874
671	915
671	922
671	924
671	945
671	949
672	734
672	741
672	780
672	805
672	906
672	908
673	689
673	693
673	697
673	785
673	841
673	892
673	907
673	913
673	933
673	950
674	774
674	814
674	870
674	872
674	874
674	923
674	950
675	746
675	807
675	840
675	936
675	946
675	994
676	703
676	838
677	681
677	762
677	774
677	810
677	850
677	851
677	903
677	939
677	964
677	975
678	730
678	740
678	755
678	875
678	942
678	960
679	720
679	722
679	913
679	978
679	986
680	694
680	715
680	757
680	789
680	912
680	957
680	959
681	747
681	857
681	990
682	690
682	748
682	865
682	885
682	923
683	768
683	789
683	798
683	801
684	750
684	751
684	956
684	958
684	986
684	992
685	685
685	699
685	812
685	837
685	890
685	901
685	929
685	959
685	988
686	691
686	692
686	863
686	954
686	998
687	688
687	692
687	779
687	822
687	882
688	769
688	799
688	826
688	878
689	752
689	769
689	792
689	837
689	848
689	884
689	899
689	944
689	980
689	995
690	732
690	795
690	924
690	953
690	960
691	725
691	976
692	695
692	709
692	713
692	971
692	978
693	771
693	809
693	824
693	935
693	946
694	798
694	884
694	925
694	944
694	987
695	740
695	823
695	824
695	864
695	883
697	877
697	884
697	889
698	731
698	792
698	890
698	895
698	918
698	950
698	981
698	993
699	701
699	732
699	744
699	768
699	791
699	929
700	755
700	808
700	862
700	922
700	928
701	720
701	739
701	754
701	790
701	809
701	841
701	954
701	973
702	726
702	735
702	755
702	808
703	721
703	728
703	750
703	767
703	904
703	925
704	714
704	732
704	746
704	922
704	924
705	727
705	795
705	798
705	830
705	904
705	947
706	721
706	726
706	789
706	794
706	874
706	925
706	965
707	709
707	718
707	722
707	753
707	758
707	791
707	813
707	819
707	855
707	914
707	939
708	724
708	773
708	794
709	741
709	789
709	823
709	855
709	927
709	981
710	727
710	749
710	869
710	923
711	724
711	731
711	760
711	768
711	782
711	874
711	920
711	977
711	991
711	993
712	718
712	745
712	758
712	781
712	790
712	856
713	762
713	786
713	787
713	802
713	876
713	972
714	733
714	737
714	771
714	820
714	891
714	964
714	999
715	752
715	759
715	779
715	790
715	796
715	833
715	952
715	958
715	966
716	754
716	761
716	762
716	833
716	883
717	737
717	796
717	809
717	824
717	858
718	738
718	790
718	799
718	847
718	891
718	952
719	722
719	724
719	761
719	827
719	848
719	963
720	728
720	762
720	925
721	726
721	733
721	751
721	841
721	906
722	754
722	762
722	780
722	804
722	824
722	825
722	838
722	848
722	867
722	973
723	735
723	773
723	786
723	798
723	841
723	879
723	928
723	947
723	951
724	730
724	742
724	761
724	862
725	729
725	796
725	809
725	833
725	911
725	990
725	995
727	737
727	746
727	763
727	781
727	786
727	787
727	789
727	833
727	932
728	741
728	775
728	806
728	843
728	937
728	962
729	775
729	893
729	905
729	920
729	972
729	977
729	996
730	744
730	772
730	797
730	837
730	866
730	893
731	761
731	767
731	797
732	744
732	759
732	769
732	777
732	778
732	794
732	795
732	993
733	740
733	744
733	772
733	773
733	838
733	865
733	915
733	921
734	784
734	797
734	833
734	869
734	875
734	979
735	781
735	791
735	835
735	846
735	848
735	873
735	889
735	930
735	944
735	965
735	980
736	783
736	929
736	941
736	950
737	752
737	763
737	772
737	937
737	946
737	977
737	983
738	749
738	754
738	868
738	912
738	938
738	939
739	739
739	766
739	817
739	832
739	841
739	953
739	973
739	995
740	745
740	760
740	799
740	838
740	891
740	986
741	754
741	797
741	948
741	952
741	984
742	757
742	860
742	871
742	895
742	919
742	948
742	990
743	748
743	772
743	785
743	787
743	876
743	925
743	940
744	851
744	913
745	751
745	805
745	853
745	984
746	900
747	803
747	840
747	846
747	873
747	885
747	900
747	967
748	766
748	955
748	992
749	751
749	833
749	837
749	847
749	858
749	875
749	889
749	899
749	934
749	989
750	786
750	950
751	764
751	796
751	839
751	928
751	957
751	992
752	936
753	827
753	830
753	925
753	941
754	757
754	785
754	806
755	770
755	869
755	934
756	852
756	869
756	886
756	987
757	758
757	779
757	802
757	851
757	899
757	995
758	767
758	789
758	828
758	870
758	915
758	928
758	929
758	936
758	957
758	963
759	788
759	792
759	838
759	879
759	905
759	917
759	939
759	946
760	769
760	770
760	775
760	797
760	933
760	939
760	941
760	947
760	957
760	982
760	991
761	776
761	782
761	783
761	787
761	807
761	814
761	917
761	948
762	772
762	786
762	787
762	852
762	919
762	999
763	834
763	846
763	880
763	924
764	780
764	793
764	957
765	797
765	901
765	958
766	781
766	808
766	910
766	928
767	793
767	841
767	844
767	858
768	785
768	831
768	863
768	915
768	924
768	981
769	793
769	868
769	880
769	913
770	792
770	866
770	939
771	781
771	788
771	801
771	854
771	884
771	912
771	924
772	783
772	789
772	842
772	913
772	947
772	967
772	968
773	896
774	808
775	780
775	861
775	900
775	944
775	952
775	970
775	986
776	796
776	803
776	825
776	928
777	792
777	851
777	882
778	779
778	798
778	894
778	952
778	976
779	781
779	831
780	873
780	886
780	970
781	787
781	789
781	841
781	895
782	791
782	931
783	875
783	917
783	986
784	814
784	847
784	929
785	861
785	864
785	873
785	885
785	886
785	900
785	932
786	789
786	799
786	813
786	849
786	891
786	936
786	980
786	991
787	793
787	820
787	840
787	946
788	802
788	816
788	895
788	904
788	930
788	962
788	969
789	796
789	797
789	799
789	802
789	892
789	916
789	964
790	794
790	814
790	852
790	861
791	839
791	844
791	908
792	795
792	843
792	966
793	834
793	908
794	918
794	932
795	813
795	867
795	963
796	817
796	829
796	831
797	821
797	827
797	889
797	901
797	909
797	922
797	929
798	827
798	934
798	935
798	974
799	845
799	859
799	992
800	802
800	812
800	851
800	892
800	937
801	846
801	881
801	889
801	896
801	927
801	967
802	814
802	821
802	857
802	905
802	914
802	956
803	820
803	846
803	854
803	864
803	892
803	896
803	972
804	816
804	836
804	867
804	889
804	893
804	966
805	939
805	952
806	835
806	839
806	858
806	859
806	863
806	904
806	905
806	962
806	972
806	996
807	830
807	834
807	844
807	850
807	879
807	889
807	919
807	938
808	816
808	835
808	869
809	815
809	828
809	829
809	835
809	855
809	879
809	885
809	895
810	816
810	820
810	829
810	843
810	872
810	893
811	820
811	824
811	854
811	868
811	931
811	935
812	818
812	826
812	844
812	848
812	856
812	860
812	937
813	820
813	875
813	893
813	925
813	942
813	960
814	814
814	817
814	842
814	863
814	879
814	895
814	919
814	948
814	955
815	820
815	831
815	841
816	862
816	867
816	891
816	947
817	819
817	829
817	832
817	853
817	857
817	876
817	897
818	841
818	870
818	898
818	996
819	838
819	922
819	927
820	866
820	876
820	890
820	938
820	971
820	979
821	843
821	846
821	998
822	827
822	861
822	938
822	963
823	835
823	882
823	896
823	906
824	847
824	853
824	880
824	947
824	953
824	959
824	966
824	991
825	843
825	845
825	860
825	895
825	931
825	991
826	846
826	874
826	875
826	905
826	980
827	847
827	858
827	889
827	915
827	936
827	947
827	955
827	959
828	865
828	870
828	989
829	841
829	866
829	879
829	884
829	937
830	830
830	831
830	936
830	958
831	864
831	932
831	982
831	984
831	990
831	994
832	842
832	846
832	849
832	858
832	918
833	839
833	846
833	854
833	916
833	987
834	877
834	884
834	926
834	947
834	958
835	886
835	954
835	998
836	911
836	921
836	963
836	977
837	873
837	888
837	941
837	949
837	987
837	992
838	840
838	842
838	843
838	858
838	868
838	948
838	953
838	964
838	973
839	870
839	930
839	988
839	994
840	841
840	847
840	859
840	881
840	936
840	947
840	977
840	992
841	844
841	903
841	961
841	968
842	858
842	861
842	883
842	965
842	972
843	854
843	888
843	902
843	947
843	973
843	991
844	863
844	877
844	889
844	970
844	991
845	852
845	893
845	894
845	904
845	918
845	958
845	969
845	986
846	867
846	946
846	959
847	850
847	865
847	893
847	894
847	992
848	874
848	885
848	890
848	904
849	872
849	873
849	887
849	891
850	855
850	899
850	904
851	874
851	897
851	979
852	874
852	875
852	894
852	981
852	996
853	857
853	868
853	927
855	872
855	923
855	967
856	865
856	867
856	881
856	882
856	888
856	889
856	947
856	966
857	885
857	912
858	862
858	865
858	982
859	913
859	947
860	993
860	995
861	871
862	875
862	882
862	902
862	938
862	960
862	966
862	976
863	885
864	891
864	962
864	974
865	889
865	953
866	901
866	914
866	931
866	938
866	955
866	965
867	952
867	983
868	876
868	877
868	891
868	897
868	898
868	938
869	957
869	994
870	874
870	934
870	943
871	923
872	878
872	972
873	880
873	891
873	911
873	933
873	954
873	980
873	986
874	878
874	925
874	989
875	894
875	911
875	925
876	893
876	981
877	891
877	893
877	965
878	906
878	913
878	932
879	975
879	992
879	994
880	954
881	950
881	956
881	979
883	889
883	954
884	887
884	908
884	936
884	980
884	987
885	888
885	895
885	911
885	951
885	978
885	984
886	899
886	914
887	897
887	963
887	970
888	888
888	896
889	909
889	914
889	939
890	909
890	963
890	977
890	987
891	926
891	932
892	977
893	908
893	928
893	945
893	958
894	901
894	952
895	906
895	968
896	934
896	968
896	996
897	933
897	951
897	973
897	997
898	967
899	920
900	907
900	914
900	920
900	942
900	965
900	970
900	993
901	921
901	924
901	934
901	938
901	965
902	937
902	995
903	918
903	935
903	941
903	970
904	996
905	907
905	988
906	907
906	911
906	922
906	927
906	933
906	972
906	977
906	997
907	908
907	970
907	985
908	911
908	930
908	942
908	952
908	964
908	978
908	982
908	997
909	913
909	931
909	941
909	949
909	990
910	924
910	950
910	970
910	995
911	964
911	976
911	988
911	996
912	920
912	942
912	992
912	994
913	939
913	957
913	958
913	967
914	982
914	983
914	989
914	995
915	917
915	957
915	959
915	971
915	973
916	925
916	927
916	961
917	983
917	999
918	945
918	985
918	988
919	920
919	933
919	945
919	968
919	978
919	985
919	997
920	959
920	979
921	947
922	924
922	945
922	960
922	990
923	927
923	955
923	965
924	940
924	946
924	988
924	991
924	999
925	926
926	941
926	945
927	963
927	971
927	980
928	929
928	930
928	945
928	950
928	953
928	962
928	970
928	989
928	993
929	985
929	994
930	946
931	940
931	981
931	994
933	981
934	949
934	968
934	991
936	944
936	972
937	959
937	967
937	982
938	948
938	950
938	953
938	971
938	991
939	953
939	979
939	987
940	948
940	970
941	947
942	960
942	972
943	996
944	957
944	964
944	987
945	955
945	957
945	985
946	964
946	975
946	994
946	997
947	947
947	950
947	979
947	980
947	986
948	951
949	980
949	993
950	987
950	992
951	967
951	973
951	980
951	984
951	986
952	959
952	980
952	992
953	965
954	983
955	990
957	968
958	973
958	981
958	987
958	995
958	997
959	964
960	986
961	962
961	974
961	988
961	993
961	995
963	968
963	989
963	995
964	968
965	970
965	994
968	976
969	993
969	999
970	991
971	973
971	991
972	993
973	982
973	992
976	987
976	990
977	978
977	998
978	981
978	995
979	989
981	993
983	995
985	988
991	997
994	997
995	998
995	999
