0	4
0	19
0	22
0	31
0	35
0	37
0	44
0	56
0	82
0	165
0	191
0	225
0	331
0	409
0	578
0	753
0	957
0	964
1	7
1	8
1	9
1	10
1	31
1	50
1	58
1	60
1	81
1	97
1	263
1	370
1	397
1	473
1	575
1	742
1	768
2	30
2	61
2	87
2	89
2	226
2	266
2	272
2	702
2	769
2	806
3	16
3	20
3	43
3	65
3	74
3	77
3	81
3	82
3	96
3	99
3	197
3	305
3	310
3	367
3	432
3	520
3	600
3	716
3	760
4	13
4	18
4	20
4	21
4	34
4	52
4	53
4	67
4	80
4	82
4	83
4	96
4	98
4	277
4	560
4	623
4	736
4	741
4	810
4	832
4	876
4	915
4	943
5	14
5	21
5	22
5	26
5	28
5	48
5	57
5	60
5	68
5	80
5	82
5	95
5	214
5	423
5	477
5	484
5	553
5	606
5	632
5	785
5	803
5	862
5	918
5	952
6	6
6	7
6	26
6	35
6	44
6	60
6	79
6	82
6	83
6	86
6	123
6	148
6	424
6	425
6	516
6	537
6	637
6	937
7	14
7	19
7	30
7	31
7	41
7	52
7	55
7	60
7	64
7	67
7	74
7	156
7	243
7	372
7	574
7	940
8	26
8	28
8	31
8	49
8	69
8	70
8	74
8	79
8	82
8	96
8	469
8	593
8	614
8	638
8	663
8	735
8	962
9	11
9	16
9	18
9	20
9	25
9	32
9	34
9	38
9	40
9	42
9	47
9	67
9	87
9	97
9	98
9	141
9	196
9	229
9	416
9	601
9	747
9	771
9	968
9	971
10	25
10	30
10	34
10	35
10	44
10	70
10	90
10	93
10	94
10	98
10	376
10	383
10	641
10	647
10	784
11	17
11	28
11	31
11	47
11	54
11	60
11	61
11	66
11	74
11	86
11	94
11	113
11	187
11	294
11	393
11	687
11	706
12	16
12	21
12	30
12	39
12	53
12	55
12	60
12	64
12	68
12	82
12	88
12	101
12	165
12	166
12	225
12	230
12	304
12	311
12	317
12	332
12	669
12	763
12	806
12	844
12	917
12	956
13	23
13	26
13	56
13	67
13	71
13	89
13	94
13	99
13	164
13	273
13	436
13	847
13	849
13	922
14	19
14	23
14	26
14	37
14	45
14	65
14	66
14	99
14	365
14	599
14	629
14	677
14	682
14	761
14	833
14	858
14	907
14	926
15	23
15	28
15	34
15	40
15	41
15	52
15	76
15	98
15	148
15	158
15	190
15	204
15	280
15	443
15	570
15	591
16	17
16	26
16	31
16	34
16	44
16	47
16	55
16	63
16	68
16	73
16	80
16	81
16	166
16	178
16	227
16	253
16	291
16	558
16	632
16	708
16	755
16	887
16	921
17	19
17	24
17	26
17	33
17	45
17	50
17	54
17	59
17	64
17	68
17	73
17	164
17	274
17	456
17	546
17	877
18	22
18	23
18	29
18	51
18	69
18	78
18	85
18	91
18	144
18	148
18	347
18	451
18	472
18	840
18	923
19	28
19	56
19	59
19	61
19	81
19	86
19	88
19	89
19	90
19	93
19	96
19	120
19	229
19	247
19	338
19	458
19	509
19	602
19	618
19	899
19	906
19	918
20	38
20	52
20	65
20	75
20	80
20	91
20	149
20	303
20	384
20	414
20	493
20	684
20	757
21	26
21	41
21	42
21	45
21	55
21	61
21	64
21	68
21	70
21	74
21	85
21	95
21	188
21	234
21	318
21	480
21	523
21	557
21	577
21	621
21	908
21	926
22	27
22	36
22	46
22	51
22	62
22	68
22	72
22	86
22	380
22	431
22	515
22	567
22	656
22	715
22	868
22	953
23	71
23	89
23	92
23	170
23	296
23	407
23	868
23	943
23	976
23	985
24	31
24	33
24	48
24	53
24	60
24	79
24	82
24	99
24	303
24	403
24	409
24	446
24	454
24	606
24	625
24	633
24	686
24	699
24	789
24	813
24	898
24	957
25	58
25	59
25	81
25	89
25	230
25	354
25	413
25	598
25	755
25	765
25	907
25	953
26	43
26	63
26	75
26	79
26	85
26	92
26	310
26	359
26	423
26	436
26	510
26	574
26	639
26	755
26	860
26	930
26	974
27	42
27	51
27	63
27	98
27	218
27	232
27	396
27	436
27	476
27	576
27	684
27	781
28	37
28	46
28	49
28	76
28	83
28	86
28	92
28	94
28	106
28	164
28	417
28	449
28	479
28	514
28	536
28	617
28	681
28	794
28	853
28	894
28	999
29	40
29	45
29	46
29	75
29	77
29	88
29	89
29	135
29	212
29	237
29	291
29	424
29	745
29	816
30	32
30	34
30	35
30	54
30	63
30	77
30	81
30	93
30	94
30	95
30	106
30	217
30	408
30	463
30	483
30	613
30	784
30	914
31	34
31	35
31	38
31	41
31	47
31	50
31	51
31	67
31	71
31	83
31	90
31	97
31	135
31	197
31	216
31	254
31	331
31	336
31	487
31	784
31	790
32	35
32	54
32	59
32	61
32	67
32	68
32	223
32	250
32	377
32	442
32	463
32	626
32	961
33	42
33	43
33	48
33	57
33	61
33	65
33	69
33	77
33	85
33	92
33	293
33	502
33	848
33	943
34	37
34	41
34	44
34	55
34	61
34	71
34	81
34	167
34	212
34	218
34	236
34	243
34	315
34	395
34	535
34	650
34	656
34	700
34	737
35	38
35	41
35	44
35	47
35	74
35	79
35	87
35	89
35	104
35	267
35	293
35	399
35	737
35	895
35	917
35	989
36	61
36	74
36	75
36	78
36	87
36	121
36	251
36	270
36	363
36	523
36	549
36	573
36	621
36	921
36	978
36	998
37	40
37	44
37	57
37	58
37	59
37	64
37	76
37	96
37	145
37	162
37	238
37	264
37	275
37	486
37	636
37	665
37	711
37	754
37	768
37	850
37	929
38	38
38	57
38	58
38	60
38	64
38	65
38	79
38	81
38	84
38	87
38	95
38	96
38	99
38	146
38	327
38	378
38	384
38	500
38	582
38	603
38	680
38	738
38	743
38	856
38	979
38	991
39	47
39	56
39	58
39	63
39	64
39	67
39	68
39	90
39	92
39	96
39	119
39	242
39	358
39	478
39	502
39	547
39	666
39	680
39	870
39	907
39	962
39	977
40	50
40	60
40	76
40	77
40	81
40	86
40	87
40	96
40	160
40	248
40	265
40	342
40	557
40	968
41	42
41	68
41	84
41	92
41	147
41	287
41	323
41	444
41	596
41	686
41	730
42	54
42	87
42	93
42	157
42	385
42	514
42	746
42	869
42	909
42	917
42	998
43	47
43	67
43	84
43	88
43	98
43	130
43	274
43	283
43	286
43	306
43	397
43	469
43	503
43	541
43	836
43	838
43	860
43	874
43	893
43	966
43	978
44	51
44	53
44	61
44	71
44	73
44	75
44	77
44	97
44	131
44	272
44	280
44	356
44	368
44	417
44	448
44	513
44	664
44	687
44	736
44	789
44	820
45	45
45	49
45	50
45	58
45	59
45	65
45	74
45	80
45	148
45	167
45	297
45	520
45	537
45	632
45	705
46	53
46	55
46	59
46	84
46	89
46	91
46	114
46	123
46	188
46	436
46	466
46	505
46	820
46	823
46	963
47	53
47	64
47	82
47	405
47	441
47	523
47	595
47	897
47	920
48	51
48	67
48	76
48	78
48	231
48	302
48	461
48	483
48	501
48	587
48	762
48	807
48	967
49	57
49	68
49	138
49	311
49	375
49	461
49	472
49	625
49	759
49	913
49	926
50	62
50	67
50	73
50	85
50	173
50	176
50	185
50	309
50	340
50	397
50	480
50	541
50	704
50	731
50	743
50	751
50	870
50	930
51	53
51	56
51	66
51	81
51	88
51	99
51	155
51	209
51	291
51	383
51	392
51	436
51	437
51	502
51	578
51	592
51	601
51	614
51	615
51	722
52	57
52	61
52	71
52	81
52	141
52	635
52	651
52	686
52	771
52	859
52	889
52	900
53	62
53	71
53	80
53	89
53	96
53	98
53	99
53	415
53	745
53	807
53	833
53	864
53	932
54	76
54	85
54	116
54	255
54	293
54	295
54	458
54	521
54	530
54	546
54	569
54	788
54	844
54	944
55	67
55	68
55	70
55	95
55	161
55	368
55	451
55	481
55	511
55	582
55	772
55	897
55	944
56	57
56	99
56	126
56	417
56	729
56	916
57	73
57	78
57	83
57	85
57	120
57	155
57	168
57	228
57	271
57	275
57	864
57	899
58	74
58	75
58	76
58	79
58	86
58	88
58	91
58	97
58	98
58	101
58	340
58	379
58	474
58	551
58	570
58	777
58	865
59	82
59	110
59	116
59	297
59	450
59	546
59	590
59	624
59	789
59	821
59	850
59	886
60	63
60	91
60	98
60	129
60	168
60	224
60	241
60	324
60	655
60	854
60	895
60	897
60	921
60	968
61	64
61	68
61	74
61	77
61	82
61	119
61	126
61	151
61	340
61	360
61	539
61	667
61	708
61	783
61	785
61	884
61	914
61	984
62	67
62	78
62	84
62	87
62	95
62	185
62	249
62	316
62	564
62	659
62	675
62	745
62	810
62	850
62	854
62	978
63	66
63	72
63	73
63	77
63	96
63	151
63	209
63	351
63	357
63	461
63	586
63	714
63	824
63	832
63	842
63	925
63	929
63	986
63	991
64	86
64	88
64	98
64	201
64	690
64	729
64	983
65	87
65	96
65	180
65	260
65	379
65	519
65	570
65	617
65	642
65	908
65	918
65	962
66	67
66	80
66	84
66	99
66	118
66	148
66	253
66	413
66	423
66	747
66	815
66	913
66	922
66	977
67	88
67	94
67	95
67	238
67	263
67	463
67	545
67	550
67	562
67	616
67	738
67	826
68	80
68	81
68	97
68	150
68	186
68	197
68	252
68	254
68	644
68	647
68	665
68	777
68	826
69	71
69	73
69	76
69	86
69	87
69	91
69	295
69	336
69	387
69	440
69	577
69	579
69	892
70	73
70	86
70	90
70	92
70	222
70	225
70	673
70	866
70	955
71	75
71	79
71	80
71	138
71	179
71	229
71	353
71	450
71	489
71	515
71	547
71	548
71	631
71	708
71	778
71	841
71	974
72	73
72	78
72	87
72	99
72	131
72	282
72	357
72	459
72	493
72	595
72	720
72	750
72	839
73	79
73	93
73	130
73	150
73	231
73	313
73	362
73	447
73	478
73	653
73	791
73	837
73	883
73	951
74	106
74	162
74	439
74	520
74	595
74	733
74	768
74	829
74	953
74	956
74	999
75	84
75	91
75	340
75	671
75	682
76	96
76	98
76	126
76	229
76	240
76	273
76	280
76	286
76	549
76	719
76	723
76	816
76	851
76	855
76	892
76	955
77	80
77	93
77	305
77	374
77	402
77	420
77	500
77	529
77	607
77	754
77	830
78	91
78	264
78	382
78	446
78	447
78	449
78	462
78	825
78	988
79	80
79	83
79	89
79	90
79	93
79	103
79	314
79	355
79	584
79	606
79	757
80	96
80	112
80	152
80	184
80	298
80	443
80	449
80	604
80	624
80	768
81	84
81	89
81	399
81	545
81	627
81	686
81	727
81	762
81	891
82	83
82	174
82	207
82	210
82	504
82	510
82	632
82	788
82	893
83	95
83	118
83	154
83	265
83	274
83	310
83	483
83	607
83	795
83	798
84	89
84	93
84	211
84	269
84	550
84	747
84	780
84	975
84	981
85	101
85	357
85	435
85	577
85	690
85	825
85	847
86	93
86	145
86	281
86	373
86	375
86	449
86	468
86	774
86	931
86	996
87	173
87	325
87	409
87	533
87	837
87	881
87	934
87	943
88	184
88	214
88	222
88	233
88	235
88	237
88	294
88	402
88	758
88	765
88	791
89	96
89	131
89	251
89	319
89	388
89	588
89	731
89	835
89	877
89	976
90	96
90	97
90	439
90	487
90	596
90	761
90	883
91	91
91	99
91	174
91	223
91	267
91	372
91	568
91	930
92	96
92	103
92	501
92	598
92	641
92	718
92	725
92	917
93	197
93	232
93	247
93	346
93	529
93	659
93	732
93	886
93	900
93	910
93	975
94	253
94	563
94	606
94	809
94	923
94	928
94	955
94	995
95	96
95	340
95	341
95	379
95	417
95	439
95	722
96	96
96	116
96	176
96	214
96	268
96	382
96	405
96	457
96	508
96	982
96	990
97	98
97	118
97	260
97	435
97	499
97	500
97	567
98	109
98	133
98	249
98	315
98	466
98	676
98	796
98	967
99	136
99	181
99	196
99	197
99	346
99	512
99	558
99	567
99	644
99	702
99	850
100	128
100	129
100	169
100	171
100	175
100	183
100	186
100	279
100	295
100	349
100	389
100	416
100	442
100	528
100	537
100	582
100	804
100	894
101	114
101	126
101	127
101	147
101	163
101	168
101	175
101	180
101	185
101	197
101	276
101	380
101	438
101	596
101	614
101	710
101	866
101	914
101	943
102	103
102	113
102	130
102	134
102	138
102	140
102	178
102	189
102	197
102	280
102	409
102	565
102	585
102	597
102	610
102	740
102	766
102	853
102	901
102	977
103	112
103	121
103	144
103	147
103	148
103	167
103	177
103	184
103	187
103	194
103	197
103	382
103	399
103	412
103	698
103	742
103	811
103	949
104	130
104	137
104	152
104	153
104	160
104	172
104	180
104	182
104	198
104	303
104	480
104	575
104	925
104	971
104	978
105	114
105	127
105	143
105	148
105	160
105	162
105	168
105	184
105	268
105	457
105	521
105	586
105	652
105	819
105	900
106	109
106	151
106	181
106	188
106	191
106	193
106	366
106	380
106	395
106	433
106	495
106	547
106	584
106	633
106	675
107	133
107	149
107	150
107	152
107	165
107	166
107	182
107	185
107	206
107	457
107	502
107	802
107	963
108	112
108	116
108	129
108	132
108	181
108	182
108	185
108	267
108	291
108	301
108	364
108	376
108	408
108	470
108	487
108	620
108	781
108	937
109	115
109	141
109	147
109	150
109	162
109	168
109	174
109	183
109	191
109	195
109	216
109	329
109	399
109	470
109	484
109	731
109	748
109	756
109	841
109	848
109	928
110	120
110	124
110	127
110	131
110	159
110	162
110	164
110	172
110	182
110	332
110	473
110	532
110	583
110	858
110	865
111	114
111	134
111	135
111	137
111	139
111	144
111	148
111	150
111	156
111	159
111	178
111	181
111	233
111	288
111	370
111	387
111	434
111	544
111	546
111	582
111	680
111	937
111	943
112	123
112	148
112	150
112	155
112	159
112	174
112	177
112	186
112	191
112	213
112	353
112	357
112	363
112	399
112	462
112	718
112	757
112	991
113	119
113	127
113	129
113	132
113	133
113	137
113	158
113	166
113	169
113	192
113	195
113	242
113	252
113	549
113	561
113	658
113	739
113	905
113	914
113	994
114	125
114	126
114	135
114	144
114	159
114	181
114	182
114	188
114	407
114	420
114	522
114	555
114	656
114	753
114	760
114	907
115	134
115	142
115	147
115	160
115	167
115	257
115	264
115	387
115	396
115	792
115	811
115	862
115	863
115	913
115	928
116	132
116	141
116	165
116	199
116	299
116	418
116	464
116	493
116	517
116	666
116	758
116	954
117	147
117	163
117	166
117	167
117	187
117	195
117	230
117	247
117	343
117	417
117	581
117	789
117	841
118	119
118	122
118	150
118	159
118	184
118	193
118	404
118	432
118	445
118	510
118	543
118	648
118	743
118	753
119	138
119	148
119	160
119	180
119	185
119	295
119	322
119	361
119	697
119	879
119	911
120	128
120	142
120	145
120	162
120	169
120	172
120	183
120	188
120	200
120	205
120	240
120	460
120	596
120	767
120	822
120	840
120	912
120	962
120	968
120	970
121	122
121	124
121	144
121	159
121	175
121	178
121	195
121	215
121	226
121	301
121	389
121	409
121	415
121	438
121	785
121	947
121	958
121	997
122	152
122	160
122	175
122	176
122	183
122	186
122	191
122	193
122	196
122	198
122	431
122	586
122	649
122	695
122	952
122	963
123	128
123	141
123	151
123	156
123	174
123	175
123	177
123	186
123	195
123	247
123	388
123	570
123	731
123	773
123	865
124	128
124	131
124	153
124	176
124	354
124	469
124	479
124	537
124	624
124	677
124	754
124	862
124	968
125	133
125	150
125	158
125	167
125	169
125	175
125	180
125	184
125	189
125	195
125	248
125	298
125	400
125	435
125	685
125	691
125	792
125	863
125	940
125	963
126	166
126	174
126	183
126	248
126	353
126	372
126	508
126	534
126	580
126	616
126	671
126	761
126	839
126	887
126	993
127	156
127	157
127	161
127	179
127	180
127	193
127	194
127	198
127	210
127	343
127	409
127	495
127	529
127	714
127	738
128	147
128	150
128	151
128	159
128	168
128	174
128	180
128	181
128	182
128	186
128	189
128	191
128	439
128	477
128	488
128	495
128	726
128	737
128	800
128	929
129	130
129	133
129	135
129	139
129	150
129	152
129	156
129	180
129	184
129	194
129	198
129	206
129	222
129	260
129	714
129	727
129	728
129	789
130	141
130	157
130	159
130	160
130	166
130	182
130	189
130	303
130	343
130	514
130	866
131	155
131	176
131	181
131	186
131	188
131	193
131	302
131	326
131	343
131	460
131	469
131	544
131	617
131	731
131	796
131	977
132	136
132	137
132	138
132	139
132	152
132	162
132	167
132	175
132	179
132	190
132	194
132	196
132	198
132	211
132	303
132	478
132	515
132	629
132	818
132	864
132	884
133	148
133	165
133	177
133	184
133	188
133	192
133	197
133	743
133	791
133	901
134	136
134	156
134	168
134	169
134	180
134	186
134	326
134	445
134	555
134	715
134	739
134	807
134	837
134	861
134	931
134	961
135	139
135	143
135	148
135	175
135	181
135	188
135	190
135	342
135	378
135	388
135	491
135	789
135	863
135	953
135	974
136	160
136	165
136	185
136	221
136	267
136	740
136	741
136	750
136	817
136	925
137	140
137	150
137	167
137	171
137	174
137	192
137	248
137	269
137	281
137	376
137	398
137	430
137	622
137	644
137	881
138	143
138	153
138	157
138	175
138	220
138	487
138	538
139	146
139	148
139	162
139	171
139	181
139	196
139	287
139	334
139	398
139	431
139	473
139	480
139	742
139	776
139	794
139	874
140	145
140	147
140	154
140	167
140	170
140	171
140	174
140	604
140	633
140	774
140	894
140	990
141	153
141	155
141	162
141	165
141	183
141	256
141	489
141	498
141	573
141	724
141	740
141	760
142	143
142	144
142	157
142	167
142	189
142	191
142	193
142	194
142	306
142	344
142	424
142	449
142	491
142	579
142	738
142	764
142	771
142	823
142	849
143	143
143	153
143	161
143	162
143	165
143	199
143	212
143	431
143	521
143	754
143	781
143	830
143	844
143	900
143	912
143	978
144	149
144	165
144	173
144	178
144	182
144	196
144	292
144	366
144	499
144	533
144	597
144	647
144	675
144	807
144	882
145	146
145	149
145	156
145	157
145	164
145	175
145	381
145	520
145	648
145	828
145	896
145	975
146	148
146	169
146	180
146	181
146	183
146	424
146	538
146	594
146	611
146	671
146	842
146	860
146	919
147	147
147	150
147	151
147	164
147	184
147	196
147	233
147	382
147	387
147	503
147	534
147	708
147	711
147	752
147	828
147	863
147	899
147	905
148	150
148	164
148	170
148	188
148	208
148	209
148	330
148	345
148	379
148	416
148	458
148	559
148	588
148	596
148	797
148	958
149	161
149	164
149	170
149	187
149	219
149	229
149	277
149	441
149	580
149	606
149	700
149	744
149	796
149	947
149	956
150	186
150	190
150	194
150	413
150	561
150	585
150	824
150	920
151	161
151	163
151	166
151	169
151	178
151	194
151	370
151	436
151	625
151	646
151	809
151	821
151	922
152	163
152	165
152	170
152	187
152	191
152	192
152	232
152	394
152	631
152	733
152	779
152	822
152	832
152	954
153	168
153	182
153	192
153	195
153	404
153	514
153	583
153	853
153	886
154	161
154	235
154	298
154	307
154	386
154	647
154	651
154	726
154	785
154	852
154	856
154	896
155	174
155	190
155	401
155	547
155	583
155	649
155	658
155	704
155	741
155	819
155	842
155	874
155	943
156	168
156	179
156	185
156	187
156	194
156	269
156	294
156	318
156	377
156	411
156	459
156	463
156	484
156	536
156	575
156	734
156	883
156	977
157	158
157	181
157	192
157	195
157	499
157	903
158	159
158	163
158	168
158	179
158	190
158	192
158	317
158	507
158	535
158	547
158	635
158	714
158	836
158	901
159	162
159	171
159	178
159	191
159	196
159	199
159	237
159	340
159	491
159	636
159	669
159	724
159	783
160	169
160	181
160	189
160	202
160	370
160	389
160	439
160	555
160	610
160	615
160	617
160	646
160	800
160	821
161	183
161	186
161	217
161	344
161	400
161	428
161	886
161	975
162	168
162	172
162	173
162	178
162	179
162	193
162	219
162	446
162	566
162	827
162	851
162	869
162	887
163	177
163	179
163	188
163	301
163	415
163	599
163	723
163	763
163	985
164	167
164	170
164	179
164	188
164	193
164	398
164	403
164	450
164	573
164	640
164	917
165	175
165	184
165	212
165	523
165	764
165	833
165	870
165	878
165	911
165	930
165	944
166	177
166	182
166	186
166	190
166	198
166	215
166	347
166	389
166	557
166	724
166	863
167	185
167	188
167	192
167	288
167	372
167	396
167	533
167	577
167	758
167	824
167	846
167	863
167	967
167	987
168	187
168	197
168	306
168	546
168	580
168	723
168	728
168	783
168	843
168	878
168	904
168	953
169	356
169	450
169	452
169	583
169	618
169	625
169	671
169	804
169	809
169	849
169	888
169	993
170	181
170	182
170	191
170	199
170	200
170	260
170	450
170	714
170	721
170	763
171	180
171	185
171	186
171	188
171	208
171	219
171	547
171	565
171	736
171	903
171	919
172	173
172	219
172	429
172	499
172	559
172	682
172	852
172	912
173	179
173	185
173	186
173	194
173	329
173	434
173	443
173	461
173	583
173	737
174	189
174	195
174	197
174	201
174	510
174	685
174	698
174	822
174	831
174	840
174	924
174	985
175	181
175	245
175	479
175	504
175	532
175	747
175	821
175	942
176	426
176	504
176	519
176	572
176	578
176	624
176	939
176	956
177	179
177	187
177	191
177	203
177	213
177	220
177	334
177	432
177	464
177	484
177	511
177	695
178	181
178	203
178	277
178	342
178	435
178	451
178	619
178	831
179	191
179	192
179	274
179	304
179	305
179	362
179	443
179	473
179	512
179	757
179	812
179	832
179	960
180	182
180	194
180	198
180	199
180	231
180	237
180	433
180	553
180	609
180	666
180	750
180	808
181	192
181	193
181	198
181	245
181	297
181	382
181	534
181	638
182	291
182	305
182	365
182	373
182	501
182	513
182	525
182	670
182	856
183	187
183	238
183	901
184	190
184	192
184	201
184	236
184	653
184	815
184	957
185	198
185	302
185	359
185	778
186	192
186	238
186	425
186	461
186	488
186	528
186	562
186	713
186	789
186	809
186	851
186	878
187	192
187	199
187	327
187	410
187	803
188	478
188	495
188	620
188	754
188	835
189	190
189	194
189	198
189	216
189	228
189	237
189	286
189	327
189	394
189	634
189	843
190	191
190	419
190	454
190	485
190	602
190	773
190	805
190	817
190	897
190	920
190	972
190	975
191	199
191	237
191	251
191	266
191	277
191	280
191	365
191	478
191	881
191	953
192	381
192	477
192	495
192	549
192	602
192	604
192	651
192	953
193	195
193	255
193	295
193	337
193	428
193	477
193	648
193	701
193	850
193	856
193	888
194	195
194	350
194	564
194	572
194	599
194	911
195	359
195	363
195	385
195	495
195	539
195	563
195	941
195	972
195	978
196	269
196	338
196	482
196	568
196	583
196	613
196	989
197	285
197	286
197	289
197	577
197	609
197	640
197	725
197	808
197	828
198	368
198	531
198	546
198	745
198	777
198	940
199	281
199	394
199	596
199	628
199	672
199	775
199	857
199	981
200	203
200	213
200	223
200	258
200	277
200	280
200	285
200	296
200	503
200	512
200	685
200	705
200	738
200	800
201	236
201	242
201	244
201	255
201	260
201	274
201	277
201	281
201	289
201	334
201	382
201	424
202	205
202	206
202	226
202	242
202	253
202	269
202	270
202	272
202	283
202	295
202	305
202	403
202	435
202	478
202	500
202	527
202	810
202	887
203	203
203	213
203	218
203	225
203	230
203	235
203	238
203	241
203	255
203	263
203	283
203	290
203	436
203	467
203	469
203	555
203	656
203	700
203	857
204	227
204	232
204	236
204	239
204	240
204	247
204	252
204	256
204	271
204	286
204	297
204	533
204	593
204	622
204	798
204	825
204	955
205	205
205	211
205	212
205	222
205	226
205	248
205	255
205	260
205	279
205	281
205	297
205	448
205	495
205	556
205	645
205	695
205	701
205	705
205	765
205	776
205	807
205	952
206	238
206	245
206	246
206	265
206	271
206	273
206	276
206	289
206	469
206	582
206	623
206	643
206	796
206	812
206	847
207	214
207	232
207	244
207	252
207	254
207	285
207	293
207	297
207	394
207	691
207	878
207	989
208	218
208	240
208	245
208	259
208	261
208	267
208	276
208	279
208	287
208	380
208	465
208	543
208	636
208	718
208	738
208	764
208	815
208	840
209	213
209	215
209	228
209	229
209	235
209	244
209	263
209	267
209	279
209	298
209	329
209	383
209	400
209	522
209	531
209	533
209	540
209	697
209	804
209	898
209	957
210	224
210	230
210	233
210	235
210	250
210	253
210	261
210	267
210	271
210	276
210	281
210	283
210	296
210	328
210	447
210	660
210	704
210	728
210	752
210	846
211	220
211	252
211	257
211	261
211	275
211	278
211	298
211	402
211	440
211	570
211	672
211	676
211	716
211	897
211	911
211	943
212	215
212	231
212	272
212	277
212	284
212	290
212	487
212	715
212	882
213	216
213	230
213	232
213	234
213	239
213	250
213	265
213	297
213	336
213	581
213	602
213	749
213	800
213	984
214	222
214	229
214	231
214	232
214	236
214	248
214	252
214	267
214	273
214	277
214	283
214	285
214	340
214	358
214	441
214	730
214	748
214	864
214	935
215	222
215	267
215	274
215	289
215	297
215	389
215	481
215	631
215	791
215	827
215	901
216	278
216	338
216	359
216	411
216	429
216	518
216	710
216	890
216	893
216	966
217	241
217	249
217	273
217	278
217	287
217	292
217	293
217	296
217	416
217	729
217	797
217	892
217	905
217	923
217	932
217	947
218	222
218	224
218	228
218	258
218	266
218	285
218	570
218	726
218	920
218	930
218	932
219	223
219	226
219	233
219	239
219	266
219	279
219	284
219	288
219	291
219	324
219	350
219	367
219	547
219	823
219	874
220	226
220	247
220	249
220	262
220	281
220	282
220	289
220	298
220	459
220	512
220	664
220	740
220	879
221	223
221	232
221	240
221	243
221	269
221	286
221	318
221	355
221	359
221	368
221	662
221	902
221	920
221	933
222	228
222	232
222	239
222	245
222	253
222	267
222	272
222	338
222	397
222	406
222	438
222	490
222	548
222	826
222	903
223	246
223	247
223	248
223	250
223	252
223	254
223	261
223	266
223	272
223	279
223	291
223	474
223	526
223	559
223	613
223	618
223	632
223	673
223	725
223	792
223	956
223	969
224	228
224	240
224	249
224	255
224	268
224	271
224	274
224	287
224	289
224	298
224	316
224	331
224	513
224	672
224	736
224	755
224	811
224	859
224	940
225	246
225	251
225	257
225	278
225	282
225	284
225	285
225	612
225	629
225	745
225	804
225	854
225	958
226	239
226	241
226	259
226	263
226	265
226	272
226	277
226	288
226	292
226	293
226	308
226	411
226	540
226	638
226	875
226	944
227	235
227	268
227	279
227	280
227	293
227	310
227	507
227	627
227	640
227	774
227	893
227	949
228	229
228	232
228	262
228	264
228	265
228	280
228	286
228	353
228	426
228	453
228	549
228	575
228	604
228	623
228	699
228	737
228	881
228	999
229	230
229	232
229	234
229	261
229	274
229	285
229	291
229	378
229	403
229	428
229	558
229	631
229	650
229	707
229	719
229	739
229	769
229	885
229	894
229	944
230	252
230	262
230	263
230	271
230	274
230	276
230	277
230	295
230	307
230	512
230	601
230	658
230	798
230	848
231	232
231	233
231	247
231	254
231	262
231	263
231	266
231	295
231	297
231	299
231	379
231	538
231	542
231	577
231	610
231	743
231	840
231	985
232	254
232	259
232	284
232	299
232	379
232	524
232	556
232	582
232	765
232	835
232	858
232	956
233	239
233	244
233	279
233	280
233	281
233	287
233	327
233	394
233	437
233	540
233	555
233	608
233	689
234	237
234	240
234	248
234	251
234	253
234	268
234	280
234	363
234	396
234	506
234	534
234	547
234	692
234	713
234	892
234	961
234	984
235	239
235	242
235	292
235	299
235	317
235	387
235	579
235	760
235	788
235	868
235	909
235	952
236	238
236	247
236	252
236	267
236	273
236	283
236	287
236	292
236	299
236	447
236	552
236	716
236	763
236	780
237	237
237	284
237	290
237	295
237	312
237	332
237	359
237	483
237	621
237	650
237	781
237	786
238	240
238	245
238	250
238	255
238	257
238	264
238	265
238	279
238	282
238	284
238	296
238	653
238	875
238	975
238	998
239	241
239	243
239	254
239	290
239	294
239	296
239	299
239	307
239	324
239	503
239	519
239	533
239	624
239	967
240	248
240	259
240	261
240	263
240	267
240	268
240	275
240	282
240	283
240	299
240	414
240	437
240	442
240	542
240	603
240	648
240	711
240	773
240	939
241	246
241	252
241	276
241	278
241	283
241	291
241	312
241	470
241	537
241	584
241	742
241	820
241	841
241	866
241	893
242	252
242	258
242	264
242	271
242	282
242	289
242	369
242	613
242	756
242	912
243	246
243	250
243	254
243	259
243	297
243	312
243	317
243	633
243	877
243	893
244	250
244	260
244	264
244	266
244	268
244	289
244	291
244	325
244	411
244	516
244	610
244	672
244	815
244	888
244	912
245	250
245	266
245	269
245	276
245	277
245	285
245	286
245	302
245	361
245	757
245	764
245	842
245	953
246	248
246	250
246	254
246	258
246	264
246	285
246	291
246	292
246	293
246	294
246	295
246	332
246	482
246	485
246	991
247	258
247	273
247	276
247	288
247	310
247	331
247	367
247	572
247	612
247	686
247	834
247	890
248	278
248	343
248	400
248	799
248	916
248	982
249	255
249	261
249	269
249	285
249	497
249	530
249	641
249	780
249	892
249	921
250	267
250	269
250	272
250	299
250	464
250	479
250	603
250	685
250	733
251	279
251	286
251	293
251	297
251	391
251	517
251	588
252	254
252	263
252	276
252	293
252	294
252	404
252	640
252	723
252	762
253	253
253	257
253	268
253	272
253	276
253	324
253	573
253	615
253	823
253	860
253	898
254	261
254	281
254	286
254	288
254	290
254	292
254	456
254	465
254	567
254	660
255	262
255	391
255	470
255	536
255	613
255	741
255	792
255	936
256	259
256	261
256	273
256	279
256	285
256	288
256	291
256	340
256	361
256	432
256	572
256	599
256	650
256	682
256	768
256	772
256	806
256	861
256	909
256	955
257	276
257	291
257	360
257	363
257	498
257	799
258	276
258	286
258	294
258	297
258	509
258	631
258	733
258	947
259	284
259	292
259	295
259	299
259	314
259	411
259	476
259	598
259	695
259	855
259	865
260	261
260	272
260	279
260	286
260	346
260	365
260	406
260	458
260	674
260	947
260	964
261	281
261	293
261	296
261	302
261	488
261	544
261	641
261	890
262	274
262	281
262	380
262	461
262	734
262	813
262	822
262	911
263	273
263	279
263	284
263	296
263	535
263	601
263	604
263	689
263	958
264	268
264	287
264	292
264	314
264	375
264	405
264	545
264	614
264	710
264	955
264	966
264	973
265	299
265	300
265	374
265	417
265	442
265	506
265	760
265	865
265	982
265	995
266	274
266	275
266	431
266	535
266	556
266	592
266	634
266	677
266	703
266	809
266	978
266	995
267	286
267	297
267	382
267	468
267	650
267	671
267	749
267	759
267	822
267	865
267	909
267	959
268	289
268	295
268	298
268	307
268	388
268	394
268	561
268	634
268	753
268	785
268	865
268	888
269	287
269	321
269	389
269	411
269	526
269	553
269	652
269	937
270	275
270	276
270	284
270	285
270	294
270	354
270	419
270	430
270	648
270	674
270	761
270	853
270	983
270	997
271	297
271	670
271	754
271	834
271	871
272	279
272	281
272	304
272	457
272	598
272	650
272	710
272	816
272	886
272	942
273	297
273	591
273	655
273	683
273	723
273	759
273	838
274	276
274	282
274	299
274	491
274	554
274	825
274	835
274	852
274	913
274	917
274	932
275	286
275	296
275	307
275	367
275	730
275	734
275	738
275	961
276	285
276	288
276	296
276	490
276	543
276	555
276	661
276	796
276	805
276	887
276	909
276	973
277	295
277	371
277	620
277	748
277	755
278	283
278	294
278	295
278	395
278	412
278	440
278	467
278	476
278	689
279	290
279	293
279	427
279	530
279	758
279	955
280	283
280	288
280	291
280	337
280	589
280	671
280	678
280	711
280	923
280	941
280	964
280	983
281	287
281	551
281	635
281	796
281	853
281	971
281	984
282	438
282	552
282	605
282	673
282	810
282	815
282	826
282	860
282	861
283	291
283	640
283	643
283	885
283	934
284	310
284	587
284	825
284	892
284	896
284	904
284	983
285	301
285	447
285	779
285	791
286	293
286	311
286	366
286	408
286	419
286	467
286	696
286	858
286	983
287	295
287	461
287	490
287	650
287	655
287	659
287	663
287	826
287	946
288	346
288	517
288	657
288	668
288	760
288	797
288	850
289	297
289	415
289	554
289	616
289	807
289	874
289	953
290	314
290	340
290	466
290	486
290	541
290	591
290	675
290	708
290	860
290	923
290	965
291	292
291	336
291	472
291	474
291	485
291	733
291	829
291	850
292	388
292	402
292	486
292	827
292	864
293	298
293	299
293	519
293	585
293	626
293	734
293	798
293	840
293	889
294	299
294	428
294	448
294	490
294	557
294	773
295	296
295	365
295	451
295	456
295	560
295	686
295	887
295	897
295	995
296	392
296	507
296	591
296	699
296	717
296	873
296	909
297	299
297	407
297	552
297	578
297	605
297	667
297	714
297	730
297	815
298	338
298	354
298	427
298	486
298	668
298	808
298	977
298	983
299	316
299	559
299	666
299	719
299	834
299	879
299	953
300	305
300	314
300	333
300	342
300	347
300	353
300	378
300	380
300	396
300	424
300	450
300	525
300	643
300	753
300	854
300	990
301	307
301	310
301	312
301	340
301	344
301	345
301	346
301	367
301	386
301	392
301	396
301	464
301	538
301	539
301	835
301	986
302	322
302	324
302	326
302	327
302	358
302	375
302	386
302	489
302	562
302	589
302	700
302	990
303	319
303	320
303	344
303	348
303	354
303	368
303	370
303	396
303	397
303	414
303	430
303	467
303	546
303	583
303	708
303	924
304	316
304	317
304	327
304	333
304	335
304	357
304	362
304	372
304	385
304	392
304	396
304	486
304	605
304	811
304	882
304	961
305	306
305	317
305	326
305	333
305	348
305	369
305	373
305	374
305	390
305	394
305	715
305	751
305	929
305	960
306	309
306	316
306	317
306	318
306	321
306	331
306	350
306	363
306	380
306	384
306	409
306	500
306	593
306	710
306	744
306	898
306	928
306	961
306	985
307	310
307	314
307	320
307	328
307	330
307	342
307	349
307	353
307	360
307	365
307	368
307	398
307	461
307	525
307	601
307	665
307	691
307	783
307	868
308	309
308	310
308	322
308	327
308	336
308	341
308	344
308	356
308	370
308	380
308	394
308	569
308	617
308	952
309	324
309	352
309	358
309	367
309	371
309	372
309	388
309	397
309	482
309	591
309	670
309	744
309	769
309	805
309	830
309	862
309	926
309	952
310	314
310	315
310	327
310	364
310	370
310	393
310	398
310	494
310	541
310	635
310	662
310	720
310	748
310	887
310	957
311	317
311	318
311	328
311	329
311	332
311	355
311	369
311	387
311	393
311	433
311	730
311	819
312	323
312	329
312	331
312	332
312	345
312	361
312	362
312	363
312	364
312	365
312	382
312	387
312	394
312	853
312	874
313	315
313	335
313	342
313	350
313	361
313	365
313	370
313	376
313	385
313	396
313	472
313	515
313	790
313	886
313	891
313	898
314	319
314	325
314	333
314	336
314	358
314	360
314	372
314	385
314	395
314	478
314	627
314	736
314	763
314	778
314	784
314	843
315	321
315	322
315	326
315	328
315	339
315	340
315	342
315	344
315	346
315	357
315	366
315	380
315	397
315	403
315	448
315	451
315	493
315	549
315	589
315	632
315	634
315	644
315	756
315	788
315	892
316	326
316	328
316	330
316	331
316	334
316	343
316	355
316	358
316	368
316	369
316	380
316	613
316	835
316	847
316	995
317	327
317	339
317	355
317	362
317	363
317	384
317	393
317	399
317	422
317	504
317	628
317	686
317	732
317	834
317	894
317	917
318	327
318	332
318	334
318	351
318	358
318	369
318	390
318	393
318	406
318	417
318	434
318	506
318	678
318	769
318	781
318	811
318	820
318	911
318	923
319	323
319	329
319	332
319	357
319	368
319	373
319	374
319	382
319	383
319	389
319	390
319	537
319	592
319	910
319	984
320	334
320	347
320	367
320	380
320	381
320	383
320	389
320	393
320	429
320	632
320	686
320	711
320	756
321	324
321	330
321	337
321	341
321	345
321	354
321	361
321	365
321	366
321	371
321	386
321	393
321	442
321	619
321	862
321	872
322	338
322	361
322	369
322	374
322	380
322	382
322	385
322	396
322	399
322	403
322	508
322	841
322	912
323	326
323	329
323	333
323	336
323	346
323	349
323	362
323	399
323	529
323	555
323	720
323	743
323	812
323	929
323	981
324	334
324	340
324	342
324	343
324	349
324	352
324	364
324	369
324	371
324	380
324	382
324	396
324	424
324	525
324	651
324	778
324	989
325	328
325	342
325	349
325	359
325	370
325	372
325	373
325	384
325	385
325	392
325	529
325	672
325	759
325	816
325	821
325	896
326	332
326	377
326	391
326	395
326	409
326	587
326	593
326	619
326	710
326	759
326	990
327	337
327	349
327	350
327	357
327	374
327	386
327	387
327	397
327	425
327	443
327	527
327	660
327	687
327	975
328	331
328	332
328	346
328	373
328	376
328	388
328	451
328	496
328	619
328	674
328	763
328	823
328	869
328	880
329	334
329	336
329	347
329	355
329	360
329	367
329	373
329	433
329	532
329	745
329	910
330	363
330	368
330	371
330	373
330	389
330	444
330	518
330	651
330	815
330	842
331	342
331	351
331	367
331	368
331	369
331	383
331	388
331	398
331	482
331	544
331	658
331	736
331	751
331	853
331	946
332	342
332	345
332	351
332	359
332	362
332	370
332	371
332	374
332	384
332	395
332	444
332	536
332	588
332	611
332	686
332	926
332	934
333	346
333	349
333	360
333	364
333	373
333	375
333	381
333	392
333	425
333	451
333	604
333	639
333	760
333	807
333	818
333	893
333	938
334	336
334	340
334	345
334	348
334	386
334	476
334	726
334	949
334	956
335	339
335	340
335	343
335	351
335	359
335	373
335	427
335	531
335	542
335	663
335	728
335	786
335	865
335	975
335	994
336	341
336	359
336	368
336	389
336	393
336	574
336	770
336	832
336	877
337	344
337	346
337	349
337	360
337	378
337	573
337	665
337	760
337	828
337	871
337	902
337	972
338	341
338	354
338	363
338	367
338	381
338	384
338	385
338	386
338	398
338	480
338	881
338	926
338	930
339	367
339	371
339	391
339	394
339	556
339	587
339	601
339	629
339	898
340	340
340	346
340	347
340	382
340	392
340	413
340	597
340	675
340	974
341	358
341	383
341	393
341	399
341	602
341	658
341	743
341	842
342	345
342	349
342	353
342	370
342	398
342	468
342	503
342	505
342	731
342	849
342	859
342	860
343	355
343	372
343	386
343	399
343	405
343	643
343	755
343	805
343	925
344	348
344	357
344	364
344	389
344	396
344	398
344	399
344	407
344	413
344	469
344	694
344	699
344	762
344	920
345	392
345	490
345	492
345	567
345	665
345	788
345	872
345	962
345	967
345	986
346	355
346	361
346	393
346	434
346	553
346	762
346	851
346	898
346	911
346	976
347	358
347	362
347	374
347	418
347	430
347	828
347	966
348	348
348	361
348	518
348	581
348	770
348	841
348	909
349	349
349	361
349	370
349	382
349	553
349	686
349	751
349	758
349	914
350	353
350	362
350	365
350	371
350	394
350	511
350	706
350	771
350	816
350	859
350	899
351	352
351	361
351	369
351	377
351	388
351	392
351	395
351	399
351	464
351	678
351	730
351	960
352	362
352	379
352	390
352	394
352	451
352	452
352	477
352	518
352	541
352	581
352	658
352	826
352	834
353	369
353	376
353	434
353	450
353	481
353	517
353	621
353	765
353	849
354	366
354	391
354	395
354	465
354	468
354	525
355	368
355	389
355	435
355	445
355	448
355	622
355	633
355	642
355	644
355	651
355	657
355	672
356	356
356	359
356	366
356	369
356	392
356	394
356	401
356	466
356	501
356	527
356	529
356	713
356	816
356	824
356	947
356	985
357	368
357	374
357	471
357	518
357	543
357	558
357	567
357	598
357	626
357	669
357	814
357	820
357	898
358	363
358	365
358	372
358	373
358	378
358	380
358	384
358	396
358	398
358	497
358	552
358	785
358	805
358	856
359	366
359	373
359	378
359	387
359	396
359	426
359	431
359	688
359	752
359	785
359	809
359	864
359	995
360	367
360	372
360	379
360	387
360	391
360	499
360	607
360	626
360	748
360	750
360	877
360	956
361	367
361	377
361	383
361	391
361	444
361	473
361	674
361	707
361	964
362	375
362	381
362	393
362	397
362	463
362	512
362	656
362	667
362	734
362	850
362	852
362	894
362	912
362	920
362	933
362	952
363	372
363	381
363	396
363	451
363	546
363	559
363	597
363	686
363	760
364	380
364	414
364	462
364	464
364	481
364	509
364	626
364	729
364	833
365	375
365	376
365	378
365	385
365	389
365	390
365	396
365	445
365	510
365	576
365	621
365	760
365	810
365	813
365	883
365	905
365	977
366	388
366	393
366	557
366	564
366	809
366	853
367	391
367	501
367	546
367	667
367	680
367	731
367	855
367	898
368	368
368	375
368	387
368	390
368	411
368	428
368	754
368	936
369	379
369	388
369	391
369	396
369	514
369	526
369	538
369	613
369	813
369	985
370	378
370	389
370	390
370	396
370	475
370	477
370	823
370	929
370	997
371	391
371	393
371	438
371	488
371	562
371	912
371	983
372	386
372	390
372	505
372	672
372	843
372	844
372	901
373	377
373	379
373	390
373	411
373	537
373	681
373	760
374	375
374	386
374	389
374	558
374	646
374	655
374	758
375	375
375	388
375	476
375	584
375	626
375	637
375	685
375	768
375	880
375	900
375	956
376	383
376	398
376	450
376	477
376	516
376	672
376	681
376	906
377	513
377	539
377	594
377	647
377	753
377	766
377	830
378	384
378	429
378	490
378	502
378	534
378	537
378	560
378	655
378	722
379	384
379	395
379	500
379	574
379	621
379	708
379	722
379	998
380	530
380	650
380	673
380	902
380	916
380	920
381	384
381	389
381	543
381	562
381	618
381	667
381	694
381	803
381	896
381	937
381	950
381	977
382	632
382	700
382	770
382	788
382	874
382	896
382	947
382	964
382	989
383	390
383	397
383	636
383	717
383	800
383	828
383	868
383	869
384	385
384	395
384	397
384	423
384	445
384	776
384	860
384	886
385	390
385	392
385	393
385	395
385	397
385	399
385	455
385	461
385	620
385	713
385	729
385	756
385	876
385	904
385	997
386	389
386	402
386	423
386	433
386	692
386	850
386	912
386	913
387	393
387	399
387	427
387	590
387	640
387	648
387	821
388	398
388	742
388	800
388	835
389	393
389	424
389	521
389	618
389	639
389	712
389	750
389	938
390	390
390	395
390	548
390	722
390	845
390	895
391	429
391	482
391	536
391	831
391	853
391	903
391	932
392	435
392	554
392	703
392	707
392	922
393	396
393	482
393	638
393	743
393	966
394	397
394	398
394	400
394	408
394	599
394	711
394	753
394	833
394	921
394	925
394	928
394	984
395	399
395	457
395	499
395	562
395	592
395	715
395	878
395	895
395	917
396	448
396	492
396	519
396	565
396	643
396	682
396	804
396	830
396	939
397	404
397	636
397	764
397	804
397	987
398	531
398	564
398	641
398	744
398	919
399	503
399	635
399	699
399	714
399	726
399	833
399	902
400	410
400	411
400	413
400	433
400	440
400	465
400	477
400	495
400	859
400	919
401	424
401	430
401	442
401	452
401	463
401	488
401	489
401	571
401	778
401	830
402	405
402	408
402	422
402	427
402	443
402	463
402	468
402	476
402	489
402	497
402	559
402	696
402	697
402	709
402	821
402	838
402	897
402	937
403	409
403	453
403	466
403	477
403	490
403	497
403	687
403	858
403	891
403	921
403	944
403	959
403	960
404	410
404	416
404	422
404	424
404	427
404	430
404	433
404	434
404	439
404	446
404	447
404	458
404	463
404	466
404	486
404	509
404	525
404	567
404	756
404	766
404	772
404	862
404	883
404	901
404	941
404	993
405	422
405	435
405	436
405	437
405	438
405	443
405	450
405	454
405	457
405	462
405	486
405	687
405	826
405	926
406	423
406	426
406	429
406	445
406	457
406	482
406	486
406	487
406	491
406	492
406	496
406	822
406	851
406	970
407	409
407	422
407	440
407	450
407	455
407	471
407	481
407	486
407	591
407	699
407	749
407	834
407	840
407	885
408	437
408	448
408	456
408	460
408	472
408	482
408	484
408	485
408	499
408	649
408	731
408	753
408	908
408	974
409	409
409	426
409	436
409	443
409	455
409	466
409	476
409	517
409	997
410	415
410	422
410	431
410	437
410	442
410	445
410	446
410	464
410	475
410	482
410	486
410	495
410	554
410	627
410	732
410	786
410	787
410	792
410	813
410	920
411	412
411	432
411	444
411	450
411	455
411	456
411	457
411	484
411	492
411	521
411	731
411	747
411	797
411	822
411	922
411	964
412	416
412	434
412	436
412	437
412	452
412	455
412	460
412	469
412	870
412	940
412	996
413	415
413	424
413	442
413	443
413	444
413	448
413	450
413	454
413	456
413	481
413	488
413	489
413	490
413	492
413	494
413	513
413	526
413	542
413	578
413	649
413	690
413	872
414	436
414	441
414	442
414	449
414	450
414	453
414	481
414	492
414	493
414	629
414	650
414	654
414	851
414	932
415	428
415	437
415	439
415	444
415	459
415	462
415	471
415	485
415	487
415	498
415	684
415	816
415	872
415	913
416	428
416	429
416	434
416	442
416	446
416	447
416	449
416	454
416	465
416	474
416	484
416	652
416	672
416	775
416	895
417	424
417	425
417	442
417	485
417	489
417	493
417	594
417	838
417	843
417	939
417	940
418	435
418	441
418	459
418	460
418	461
418	632
418	716
419	420
419	429
419	436
419	444
419	448
419	472
419	473
419	477
419	485
419	491
419	500
419	591
419	650
419	687
419	736
419	745
419	806
419	816
419	912
419	933
420	421
420	425
420	429
420	431
420	446
420	453
420	466
420	487
420	488
420	499
420	671
420	858
420	862
420	875
420	962
421	427
421	433
421	435
421	446
421	472
421	487
421	581
421	701
421	800
421	806
421	901
421	913
422	424
422	428
422	431
422	436
422	451
422	481
422	486
422	499
422	545
422	574
422	600
422	612
422	787
422	862
422	897
422	998
423	424
423	426
423	431
423	443
423	444
423	448
423	460
423	461
423	471
423	484
423	485
423	497
423	522
423	570
423	702
423	735
423	892
423	940
424	427
424	435
424	467
424	474
424	476
424	481
424	485
424	493
424	495
424	497
424	588
424	604
424	712
424	772
425	460
425	462
425	470
425	471
425	477
425	494
425	526
425	573
425	787
425	835
425	842
425	865
426	494
426	496
426	499
426	596
426	635
426	681
426	739
426	766
427	432
427	445
427	449
427	475
427	478
427	632
427	752
427	914
428	432
428	438
428	449
428	452
428	473
428	708
429	433
429	470
429	471
429	473
429	488
429	628
429	683
429	741
429	919
429	972
429	976
430	447
430	451
430	454
430	470
430	475
430	478
430	483
430	490
430	491
430	496
430	632
430	859
430	870
430	878
430	990
430	993
431	435
431	437
431	444
431	468
431	479
431	481
431	491
431	549
431	611
431	736
431	975
432	441
432	449
432	465
432	478
432	997
433	443
433	444
433	448
433	455
433	457
433	463
433	482
433	494
433	513
433	614
433	759
434	443
434	451
434	465
434	472
434	487
434	608
434	766
434	814
434	874
434	994
435	443
435	445
435	451
435	460
435	462
435	466
435	469
435	471
435	481
435	486
435	491
435	542
435	685
435	780
435	896
436	452
436	476
436	562
436	568
436	599
436	643
436	709
436	787
436	791
436	923
436	981
437	443
437	448
437	452
437	475
437	512
437	577
437	610
437	660
437	784
437	868
437	966
437	967
438	443
438	450
438	452
438	462
438	481
438	489
438	490
438	496
438	498
438	499
438	554
438	652
438	776
438	824
438	918
438	921
438	924
439	451
439	473
439	481
439	488
439	491
439	708
439	714
439	845
439	877
439	896
439	925
440	442
440	446
440	449
440	453
440	474
440	477
440	480
440	596
440	615
440	830
440	909
441	441
441	450
441	455
441	474
441	479
441	488
441	490
441	494
441	629
441	729
441	839
442	446
442	450
442	453
442	463
442	483
442	491
442	492
442	496
442	575
442	601
442	658
442	670
442	865
443	469
443	471
443	476
443	494
443	595
443	741
443	915
443	958
444	451
444	452
444	458
444	463
444	470
444	472
444	474
444	484
444	682
444	810
444	866
444	971
445	448
445	473
445	476
445	484
445	488
445	494
445	544
445	641
445	672
445	769
445	809
445	811
445	816
445	870
445	927
445	971
446	454
446	471
446	484
446	487
446	494
446	499
446	547
446	557
446	755
446	818
447	461
447	469
447	484
447	489
447	587
447	608
447	818
447	862
447	915
448	449
448	454
448	464
448	485
448	505
448	638
448	685
448	717
449	454
449	499
449	510
449	588
449	620
449	658
449	864
449	899
449	954
450	453
450	495
450	518
450	635
450	671
450	740
451	452
451	453
451	462
451	464
451	473
451	480
451	513
451	815
451	842
451	850
451	921
452	478
452	485
452	493
452	494
452	495
452	839
452	874
452	910
452	978
453	463
453	469
453	470
453	477
453	482
453	490
453	491
453	494
453	783
453	993
454	454
454	467
454	468
454	480
454	490
454	551
454	795
455	457
455	463
455	480
455	484
455	488
455	494
455	617
455	662
455	756
455	775
455	817
455	825
455	856
455	918
456	463
456	473
456	488
456	489
456	494
456	495
456	615
456	627
456	815
456	893
457	459
457	464
457	726
457	937
457	950
458	465
458	467
458	469
458	470
458	606
458	619
458	628
458	647
458	698
458	833
459	459
459	479
459	485
459	498
459	535
459	561
459	660
459	762
459	796
459	897
459	919
459	935
459	964
460	460
460	468
460	473
460	478
460	482
460	484
460	800
461	470
461	476
461	493
461	603
461	627
461	703
461	755
461	983
462	470
462	484
462	495
462	498
462	574
462	605
462	631
462	698
462	936
462	991
463	464
463	466
463	468
463	474
463	479
463	491
463	500
463	503
463	517
463	681
463	741
464	473
464	476
464	482
464	483
464	504
464	569
464	660
464	910
464	927
464	994
465	467
465	492
465	837
465	847
465	853
465	888
466	480
466	489
466	494
466	713
466	768
466	863
466	885
466	919
467	467
467	469
467	471
467	482
467	483
467	505
467	535
467	595
467	771
467	772
467	922
468	472
468	480
468	484
468	486
468	490
468	496
468	548
468	587
468	849
468	964
469	476
469	489
469	492
469	651
469	809
469	997
470	481
470	491
470	494
470	598
470	724
470	746
470	850
470	939
471	568
471	781
471	884
472	488
472	489
472	490
472	499
472	514
472	570
472	603
472	646
472	777
472	798
472	962
473	475
473	490
473	492
473	596
473	603
473	685
473	778
473	789
474	480
474	483
474	506
474	660
474	867
474	892
474	930
475	477
475	479
475	493
475	551
475	599
475	602
475	634
475	678
475	695
475	861
476	484
476	495
476	515
476	886
476	962
477	656
477	810
477	947
478	480
478	489
478	495
478	590
478	591
478	836
478	838
479	496
479	574
479	589
479	671
479	719
479	740
479	860
479	904
480	482
480	487
480	579
480	615
480	632
480	796
480	931
480	939
480	943
481	490
481	640
481	706
481	752
481	791
481	842
481	974
482	494
482	691
482	721
482	753
482	859
483	493
483	496
483	587
483	636
483	684
483	716
483	747
483	977
484	484
484	495
484	589
484	591
484	714
484	821
484	953
484	955
485	491
485	494
485	496
485	515
485	554
485	578
485	840
486	498
486	562
486	577
486	637
486	927
486	985
487	489
487	517
487	837
488	490
488	569
488	580
488	667
489	490
489	535
489	567
489	617
489	636
490	539
490	670
490	782
490	825
491	498
491	563
491	634
491	673
491	721
491	760
491	796
491	843
491	870
492	495
492	969
492	981
493	495
493	497
493	711
493	732
493	735
493	811
493	876
493	909
494	494
494	544
494	605
494	656
494	713
494	748
494	814
494	841
495	748
495	908
496	561
496	622
496	638
496	747
496	787
496	803
496	913
497	520
497	577
497	651
497	675
497	692
497	814
497	974
498	671
498	802
498	911
498	978
498	995
499	716
499	858
499	876
500	504
500	527
500	532
500	549
500	550
500	554
500	560
500	565
500	571
500	576
500	578
500	588
500	592
500	703
500	755
500	829
500	907
500	911
500	919
500	985
500	987
500	996
500	997
501	507
501	510
501	512
501	515
501	519
501	532
501	536
501	565
501	584
501	676
501	704
501	809
501	843
502	513
502	519
502	524
502	573
502	578
502	580
502	811
502	863
502	950
503	531
503	540
503	544
503	551
503	559
503	566
503	582
503	587
503	598
503	606
503	716
504	530
504	562
504	563
504	574
504	589
504	591
504	597
504	688
504	720
504	755
504	764
504	957
505	519
505	521
505	537
505	543
505	552
505	560
505	561
505	568
505	570
505	571
505	572
505	576
505	578
505	895
505	954
505	982
506	510
506	520
506	533
506	535
506	544
506	557
506	567
506	585
506	589
506	659
506	665
506	736
506	922
506	952
507	512
507	523
507	535
507	544
507	548
507	556
507	558
507	559
507	562
507	563
507	592
507	599
507	650
507	677
507	687
507	783
507	802
507	846
507	852
507	988
508	511
508	515
508	528
508	534
508	556
508	557
508	573
508	577
508	586
508	676
508	782
508	790
508	829
508	996
509	510
509	512
509	540
509	549
509	558
509	561
509	568
509	569
509	581
509	583
509	594
509	599
509	628
509	631
509	719
509	775
509	859
509	864
509	909
509	922
509	951
509	982
510	520
510	528
510	537
510	539
510	567
510	569
510	571
510	594
510	596
510	649
510	779
511	548
511	554
511	578
511	590
511	710
511	799
511	956
511	982
512	514
512	525
512	526
512	542
512	551
512	554
512	571
512	574
512	587
512	595
512	814
512	851
512	861
512	939
513	515
513	519
513	522
513	536
513	544
513	558
513	567
513	571
513	589
513	595
513	777
513	786
513	797
513	935
514	526
514	527
514	537
514	544
514	545
514	552
514	558
514	565
514	578
514	582
514	591
514	597
514	670
514	692
514	834
514	863
515	515
515	519
515	530
515	538
515	540
515	549
515	554
515	563
515	585
515	591
515	724
515	747
515	783
515	826
516	545
516	546
516	559
516	560
516	562
516	583
516	584
516	592
516	695
516	792
516	802
516	942
517	518
517	544
517	551
517	552
517	574
517	576
517	577
517	579
517	583
517	770
517	900
518	534
518	536
518	546
518	553
518	570
518	585
518	802
518	860
519	522
519	524
519	526
519	539
519	553
519	564
519	577
519	792
519	833
519	849
520	532
520	574
520	577
520	578
520	643
520	730
520	780
521	544
521	549
521	553
521	570
521	573
521	602
521	730
521	754
521	933
522	545
522	553
522	568
522	580
522	584
522	767
522	872
522	987
523	529
523	537
523	540
523	574
523	586
523	597
523	633
523	645
523	726
523	928
524	531
524	536
524	539
524	570
524	598
524	659
524	753
524	879
524	890
525	541
525	543
525	559
525	575
525	578
525	586
525	592
525	598
525	682
525	689
525	719
525	891
526	545
526	558
526	572
526	574
526	588
526	608
526	627
526	631
526	653
526	811
526	927
526	992
527	527
527	537
527	547
527	549
527	557
527	563
527	571
527	595
527	596
527	623
527	706
527	742
527	843
527	891
527	924
527	968
528	529
528	540
528	545
528	548
528	551
528	559
528	582
528	583
528	586
528	587
528	594
528	603
528	636
528	742
528	745
528	774
528	819
528	911
528	933
529	541
529	543
529	553
529	560
529	568
529	576
529	583
529	588
529	596
529	667
529	781
529	829
530	533
530	536
530	540
530	543
530	545
530	569
530	578
530	587
530	594
530	596
530	597
530	658
530	686
530	811
530	868
531	532
531	542
531	547
531	548
531	554
531	565
531	580
531	585
531	589
531	596
531	598
531	711
531	882
532	533
532	548
532	559
532	567
532	576
532	582
532	584
532	591
532	655
532	697
532	788
532	907
532	911
532	919
533	571
533	574
533	588
534	534
534	539
534	540
534	542
534	546
534	554
534	568
534	582
534	583
535	563
535	574
535	578
535	583
535	598
535	754
535	887
535	930
535	947
535	951
536	539
536	547
536	550
536	573
536	577
536	579
536	580
536	584
536	591
536	598
536	617
536	761
536	825
536	919
537	554
537	558
537	569
537	576
537	582
537	584
537	587
537	716
537	734
537	844
537	849
537	865
537	871
538	538
538	546
538	550
538	551
538	564
538	566
538	569
538	573
538	580
538	586
538	592
538	597
538	630
538	834
539	541
539	542
539	546
539	559
539	563
539	564
539	574
539	580
539	581
539	590
539	591
539	596
539	600
539	656
539	845
539	857
539	868
539	878
539	897
540	545
540	552
540	565
540	578
540	591
540	596
540	695
540	864
540	889
541	559
541	571
541	595
541	680
541	785
541	807
541	891
541	918
542	552
542	566
542	567
542	575
542	577
542	586
542	591
542	598
542	669
542	702
542	818
542	841
543	551
543	555
543	569
543	570
543	571
543	581
543	584
543	588
543	599
543	624
543	782
543	798
544	562
544	588
544	590
544	742
544	744
544	753
544	825
544	905
544	993
545	552
545	554
545	561
545	583
545	586
545	588
545	635
545	847
545	902
546	549
546	562
546	567
546	569
546	580
546	594
546	595
546	633
546	730
546	746
546	961
546	999
547	549
547	567
547	571
547	583
547	589
547	593
547	594
547	843
548	559
548	581
548	584
548	586
548	766
549	550
549	554
549	560
549	576
549	579
549	581
549	586
549	590
549	595
549	598
549	634
549	898
550	565
550	572
550	580
550	593
550	596
550	598
550	703
550	723
550	760
550	766
550	792
550	872
550	991
551	571
551	585
551	589
551	597
551	598
551	599
551	725
551	898
551	910
551	919
551	962
552	561
552	567
552	568
552	587
552	646
552	912
552	971
553	557
553	580
553	594
553	635
553	717
553	950
553	977
553	995
554	596
554	598
554	630
554	697
554	736
554	740
554	741
554	925
554	949
555	560
555	586
555	701
555	743
555	812
556	577
556	580
556	584
556	596
556	618
556	705
556	723
556	733
556	793
556	993
557	561
557	573
557	580
557	582
557	584
557	587
557	613
557	879
558	573
558	577
558	588
558	666
558	891
558	892
558	961
558	998
559	572
559	574
559	588
559	589
559	591
559	594
559	634
559	652
559	699
559	802
559	805
559	840
560	578
560	586
560	598
560	696
560	782
560	873
561	561
561	562
561	568
561	592
561	593
561	781
562	584
562	597
562	599
562	625
562	924
562	951
562	974
563	564
563	569
563	576
563	597
563	614
563	687
563	707
563	724
563	915
563	938
564	576
564	587
564	594
564	808
564	828
564	914
565	570
565	575
565	578
565	579
565	594
565	606
565	886
565	906
566	568
566	574
566	581
566	593
566	699
566	724
566	754
566	857
566	938
567	589
567	591
567	592
567	617
567	816
568	569
568	580
568	581
568	595
568	596
568	598
568	606
568	757
568	859
568	904
568	921
569	589
569	594
569	597
569	599
569	614
569	665
569	708
569	833
570	572
570	576
570	590
570	592
570	597
570	660
570	677
570	739
570	788
570	909
570	982
571	576
571	585
571	590
571	611
571	740
571	747
571	781
571	823
572	575
572	578
572	580
572	588
572	591
572	659
572	792
572	924
572	981
573	592
573	596
573	710
573	818
573	853
574	578
574	669
574	687
574	695
574	704
574	711
574	726
574	834
575	582
575	587
575	589
575	615
575	664
575	675
575	709
575	740
575	867
575	896
575	967
576	587
576	591
576	597
576	623
576	629
576	824
576	840
576	875
576	881
576	930
577	581
577	591
577	891
578	599
578	654
578	712
578	822
578	860
579	581
579	591
579	673
579	730
579	936
579	954
580	587
580	620
580	628
580	682
580	741
580	932
580	987
581	583
581	586
581	746
581	911
582	588
582	591
582	634
582	736
582	749
582	850
582	917
583	587
583	588
583	617
583	641
583	652
583	824
583	952
583	955
584	657
584	807
584	874
584	971
585	596
585	695
585	750
585	752
585	789
585	908
585	921
586	590
586	597
586	763
586	906
587	591
587	594
587	642
587	656
587	659
587	741
587	773
587	832
587	954
588	803
589	594
589	596
589	599
589	616
589	664
589	787
589	919
590	655
590	811
590	999
591	596
591	682
591	818
592	599
592	631
592	785
592	851
592	943
593	596
593	632
594	602
594	733
594	791
594	967
594	985
595	654
595	743
595	868
596	677
596	921
596	998
597	713
597	799
597	840
598	669
598	917
598	922
599	621
599	851
600	608
600	610
600	615
600	623
600	636
600	638
600	642
600	663
600	667
600	674
600	679
600	680
600	692
600	699
600	789
601	601
601	631
601	643
601	646
601	656
601	665
601	667
601	684
601	685
601	732
601	823
601	830
601	959
602	604
602	605
602	612
602	615
602	620
602	633
602	636
602	637
602	667
602	668
602	688
602	759
602	790
602	866
602	947
602	970
603	664
603	670
603	674
603	742
603	744
603	843
603	904
603	962
604	608
604	612
604	615
604	617
604	618
604	627
604	628
604	634
604	639
604	644
604	645
604	649
604	662
604	668
604	673
604	684
604	687
604	696
604	703
604	710
604	751
604	842
604	872
604	942
605	612
605	638
605	643
605	661
605	666
605	681
605	682
605	685
605	691
605	692
605	693
605	697
605	751
605	867
605	869
606	609
606	616
606	673
606	690
606	699
607	607
607	609
607	626
607	630
607	632
607	642
607	648
607	655
607	671
607	677
607	687
607	735
607	962
608	610
608	619
608	621
608	623
608	631
608	645
608	661
608	663
608	664
608	668
608	674
608	677
608	678
608	682
608	694
608	697
608	820
608	823
608	847
608	857
609	609
609	610
609	612
609	629
609	665
609	674
609	680
609	681
609	689
609	691
609	693
609	694
609	712
609	920
609	996
610	616
610	617
610	629
610	634
610	635
610	670
610	675
610	686
610	691
610	696
610	697
610	747
610	791
610	871
611	622
611	627
611	632
611	652
611	658
611	659
611	665
611	673
611	681
611	682
611	685
611	688
611	696
611	697
611	709
611	772
611	787
611	826
611	924
611	991
612	628
612	657
612	659
612	668
612	670
612	686
612	825
612	834
612	931
612	956
613	616
613	629
613	641
613	649
613	663
613	675
613	687
613	759
613	860
613	933
613	935
614	623
614	649
614	655
614	665
614	670
614	677
614	691
614	693
614	714
614	778
614	905
614	912
614	944
615	620
615	626
615	646
615	656
615	661
615	662
615	672
615	710
615	764
615	869
615	919
615	994
616	636
616	682
616	696
616	718
616	796
616	859
616	911
617	617
617	624
617	628
617	641
617	652
617	673
617	676
617	679
617	683
617	685
617	839
617	932
617	945
617	991
618	624
618	634
618	639
618	641
618	648
618	681
618	687
618	688
618	692
618	764
618	905
618	940
618	951
619	628
619	647
619	658
619	659
619	675
619	680
619	681
619	683
619	685
619	785
619	876
619	957
620	627
620	655
620	675
620	693
620	695
620	703
620	706
620	757
620	767
621	641
621	642
621	653
621	656
621	665
621	688
621	693
621	817
621	856
621	977
622	623
622	628
622	639
622	644
622	672
622	688
623	640
623	642
623	668
623	684
623	720
623	742
623	744
623	812
623	842
623	845
624	639
624	667
624	682
624	773
624	788
624	795
624	876
624	954
625	667
625	669
625	674
625	682
625	685
625	692
625	696
625	698
625	813
625	935
625	975
626	631
626	646
626	654
626	657
626	666
626	675
626	679
626	686
626	689
626	910
626	922
627	643
627	645
627	666
627	668
627	675
627	689
627	711
627	788
627	813
628	631
628	633
628	639
628	650
628	652
628	739
628	931
629	631
629	639
629	642
629	644
629	664
629	687
629	690
629	698
629	720
629	749
629	831
629	919
630	648
630	664
630	666
630	669
630	683
630	692
631	634
631	645
631	651
631	667
631	673
631	691
631	692
631	696
631	728
631	792
631	952
632	636
632	642
632	644
632	647
632	674
632	692
632	757
632	777
632	847
632	873
632	914
632	992
633	646
633	648
633	660
633	663
633	679
633	683
633	690
633	698
633	699
633	706
633	997
634	639
634	651
634	662
634	669
634	670
634	687
634	697
634	711
634	784
634	792
634	809
634	817
634	840
635	649
635	670
635	677
635	678
635	693
635	710
635	793
635	895
636	637
636	638
636	645
636	649
636	651
636	655
636	656
636	681
636	683
636	698
636	759
636	826
636	850
636	851
636	957
637	639
637	641
637	647
637	660
637	681
637	695
637	871
637	976
638	648
638	649
638	653
638	656
638	660
638	681
638	695
638	850
638	862
639	665
639	666
639	671
639	675
639	694
639	695
639	699
639	728
639	804
639	980
639	989
640	671
640	689
640	694
640	699
640	902
640	919
640	940
640	964
641	646
641	651
641	694
641	696
641	697
641	698
641	743
641	818
641	916
641	995
642	644
642	650
642	665
642	674
642	676
642	680
642	681
642	690
642	694
642	797
643	644
643	648
643	649
643	655
643	661
643	675
643	690
643	697
643	703
643	727
643	792
644	662
644	667
644	674
644	680
644	725
644	961
645	659
645	671
645	672
645	675
645	681
645	699
645	790
645	906
645	921
646	656
646	659
646	674
646	678
646	727
646	740
646	832
646	847
646	969
647	653
647	660
647	687
647	691
647	697
647	703
647	817
647	874
648	655
648	656
648	663
648	669
648	692
648	693
648	694
648	756
648	767
648	826
648	963
649	673
649	681
649	695
649	755
649	845
649	908
649	981
649	999
650	668
650	675
650	815
650	969
650	986
651	661
651	663
651	717
651	755
651	799
652	652
652	657
652	659
652	676
652	681
652	686
652	735
652	746
652	784
652	910
653	664
653	673
653	688
653	691
653	695
653	699
653	702
653	722
653	786
654	657
654	675
654	681
654	696
654	699
654	737
654	748
654	998
655	857
656	668
656	671
656	676
656	685
656	686
656	689
656	703
656	704
656	751
656	785
656	893
656	895
657	675
657	681
657	688
657	696
657	989
658	675
658	679
658	680
658	681
658	764
658	877
658	912
658	935
659	685
659	687
659	692
659	694
659	812
659	860
659	906
660	663
660	676
660	690
660	911
660	913
660	951
660	997
661	672
661	772
661	882
661	890
661	955
662	676
662	679
662	681
662	685
662	782
662	821
662	980
663	677
663	698
663	739
663	750
663	876
663	909
663	919
664	665
664	674
664	678
664	685
664	687
664	768
664	783
664	851
664	949
664	951
664	985
665	672
665	673
665	908
665	946
666	671
666	672
667	677
667	679
667	692
668	677
668	680
668	694
668	698
668	715
668	931
668	942
669	673
669	683
669	699
669	746
669	808
669	818
669	906
669	928
669	952
670	672
670	679
670	681
670	684
670	691
670	771
670	784
670	883
670	892
670	926
671	674
671	677
671	681
671	687
671	823
671	835
671	855
671	892
672	699
672	711
672	855
672	877
673	812
673	918
674	689
674	692
674	693
674	758
674	814
674	860
674	889
674	908
674	994
675	681
675	687
675	700
675	851
675	954
675	959
676	686
676	729
676	734
676	831
676	844
676	940
676	994
677	690
677	696
677	802
677	902
677	908
677	912
677	989
678	679
679	697
679	735
679	880
679	902
679	939
680	682
680	684
680	686
681	689
681	732
681	968
682	685
682	686
682	691
682	698
682	756
682	778
682	791
682	807
682	902
682	931
682	959
683	692
683	804
683	821
683	834
683	904
684	698
684	727
684	954
685	686
685	690
685	766
686	693
686	711
686	806
686	812
686	840
687	688
687	697
687	699
687	714
687	925
688	688
688	692
688	695
688	793
688	926
688	980
688	997
689	690
689	739
690	728
690	743
690	758
690	838
690	984
691	812
691	837
691	893
691	967
692	693
692	851
692	963
693	697
693	744
693	757
693	819
693	820
693	823
693	956
693	959
694	698
694	821
694	846
695	926
696	805
696	869
696	923
697	832
697	987
698	699
699	831
700	705
700	711
700	714
700	726
700	733
700	737
700	738
700	741
700	746
700	748
700	765
700	769
700	771
700	776
700	778
700	792
700	951
701	707
701	709
701	732
701	747
701	757
701	758
701	766
701	776
701	779
701	793
701	794
701	798
701	799
701	940
701	978
702	705
702	711
702	714
702	720
702	721
702	723
702	726
702	738
702	750
702	767
702	776
702	781
702	920
702	921
703	711
703	738
703	745
703	756
703	780
703	781
703	783
703	793
703	794
704	712
704	723
704	725
704	728
704	732
704	740
704	751
704	761
704	770
704	782
704	788
704	799
705	706
705	710
705	727
705	729
705	765
705	774
706	722
706	742
706	747
706	771
706	773
706	785
706	787
706	792
706	798
707	708
707	722
707	733
707	737
707	741
707	742
707	762
707	765
707	786
707	862
707	909
707	977
708	714
708	720
708	731
708	733
708	737
708	753
708	754
708	755
708	758
708	764
708	780
708	791
708	798
709	711
709	723
709	733
709	736
709	756
709	762
709	766
709	768
709	771
709	787
709	794
709	857
709	971
709	997
710	725
710	754
710	762
710	767
710	771
710	797
710	799
710	931
710	984
711	720
711	774
711	781
711	793
711	871
711	942
712	726
712	734
712	740
712	745
712	748
712	751
712	755
712	775
712	795
712	796
712	813
712	973
713	728
713	729
713	737
713	738
713	744
713	783
713	798
713	987
714	721
714	722
714	728
714	736
714	738
714	740
714	758
714	772
714	774
714	777
714	780
714	783
714	793
714	796
714	844
715	734
715	745
715	750
715	763
715	767
715	961
715	971
715	976
716	755
716	756
716	758
716	761
716	762
716	766
716	773
716	779
716	790
716	838
716	891
716	896
717	718
717	732
717	738
717	745
717	783
717	796
717	879
718	719
718	737
718	738
718	743
718	747
718	748
718	753
718	774
718	784
718	786
718	789
718	790
718	799
718	845
718	892
718	894
718	929
718	930
718	964
718	979
719	721
719	760
719	763
719	779
719	790
719	796
719	898
719	900
719	908
719	978
720	735
720	736
720	738
720	740
720	746
720	752
720	772
720	809
721	724
721	726
721	728
721	729
721	739
721	744
721	764
721	771
721	782
721	790
721	854
721	876
722	732
722	738
722	791
722	887
722	986
723	729
723	730
723	737
723	741
723	744
723	759
723	762
723	780
723	789
723	792
723	794
723	796
723	805
723	883
724	727
724	730
724	731
724	735
724	749
724	750
724	764
724	786
724	789
724	792
724	796
724	845
725	744
725	751
725	774
725	780
725	790
725	797
725	799
725	861
725	883
726	727
726	729
726	730
726	736
726	737
726	740
726	746
726	781
726	795
726	871
726	881
726	981
727	741
727	743
727	746
727	748
727	749
727	757
727	777
727	789
727	793
728	733
728	735
728	736
728	754
728	760
728	762
728	840
728	955
729	736
729	765
729	771
729	774
729	780
729	785
729	787
729	790
729	797
729	798
729	928
730	732
730	736
730	739
730	742
730	757
730	775
730	786
730	840
730	862
731	733
731	753
731	757
731	767
731	771
731	782
731	797
731	863
731	899
731	944
732	734
732	742
732	757
732	758
732	761
732	763
732	769
732	774
732	779
732	897
733	741
733	751
733	752
733	753
733	754
733	755
733	756
733	783
733	789
733	797
733	889
734	740
734	744
734	751
734	766
734	782
735	737
735	745
735	759
735	761
735	763
735	774
735	775
735	777
735	779
735	783
735	792
736	764
736	780
736	791
736	869
736	930
737	745
737	748
737	752
737	778
737	781
737	788
738	740
738	748
738	752
738	756
738	761
738	762
739	752
739	757
739	764
739	773
739	784
739	792
739	794
739	797
740	746
740	747
740	766
740	780
740	876
740	938
740	960
741	743
741	744
741	745
741	752
741	781
741	786
741	789
741	820
741	871
741	883
741	888
741	987
742	768
742	773
742	783
742	797
742	911
743	746
743	758
743	760
743	764
743	785
743	790
743	798
743	799
743	845
743	860
743	888
743	928
743	949
743	988
743	989
744	763
744	778
744	784
744	787
744	793
744	794
744	917
744	958
744	970
745	750
745	758
745	787
745	799
745	811
745	943
746	748
746	754
746	763
746	769
746	789
746	852
746	922
746	980
747	749
747	762
747	769
747	772
747	793
747	847
747	895
747	956
747	966
748	750
748	751
748	763
748	765
748	768
748	771
748	773
748	888
748	916
749	756
749	777
749	779
749	782
749	788
749	879
749	911
749	988
750	753
750	758
750	767
750	772
750	776
750	777
750	782
750	795
750	797
751	753
751	766
751	781
751	792
751	924
752	764
752	772
752	774
752	778
752	793
752	803
752	825
752	837
752	957
753	772
753	777
753	778
753	781
753	786
753	793
753	794
753	795
753	805
753	816
753	919
754	768
754	769
754	773
754	787
754	882
754	989
755	755
755	761
755	762
755	768
755	772
755	781
755	787
755	793
755	797
755	831
755	833
755	885
755	934
756	779
756	791
756	792
757	771
757	774
757	783
757	784
757	789
757	797
758	759
758	763
758	776
758	778
758	780
758	788
758	818
758	902
758	933
758	987
759	765
759	782
759	793
759	962
760	785
760	788
760	889
760	953
761	769
761	780
761	790
761	794
761	917
762	774
762	783
762	785
762	797
762	933
762	961
762	999
763	772
763	779
763	782
763	788
763	792
763	806
764	771
764	773
764	778
764	794
764	796
764	839
764	853
764	935
765	768
765	782
765	783
765	801
766	770
766	787
767	773
767	776
767	779
767	793
767	839
768	786
768	794
768	796
769	785
769	790
769	792
769	830
769	872
770	778
770	899
770	953
771	779
771	824
771	835
771	854
771	865
771	937
772	780
772	794
772	927
772	940
772	989
773	778
773	786
773	832
773	846
773	888
774	792
774	913
775	781
775	782
775	788
775	789
775	798
775	849
775	957
775	982
775	984
776	783
776	822
776	901
777	792
777	911
778	799
778	836
778	933
779	788
779	789
779	793
779	798
779	799
779	835
779	948
780	790
780	791
780	792
780	794
780	795
780	797
781	810
781	833
781	882
781	939
781	982
782	782
782	792
782	919
783	790
783	797
783	799
783	877
783	888
784	790
784	799
784	940
785	854
786	789
786	799
786	837
786	923
788	790
788	801
788	829
788	897
788	945
788	971
789	794
790	794
790	798
790	803
790	812
790	831
791	878
791	930
791	948
791	960
793	797
793	840
793	862
793	875
794	799
794	826
794	867
795	799
795	895
795	901
797	864
797	943
798	803
798	901
800	826
800	829
800	838
800	854
800	855
800	858
800	860
800	861
800	868
800	879
800	898
800	901
800	940
800	991
801	819
801	827
801	839
801	843
801	845
801	852
801	857
801	878
801	896
801	912
801	941
802	802
802	803
802	821
802	822
802	833
802	836
802	838
802	846
802	853
802	875
802	880
802	892
802	896
803	808
803	809
803	814
803	826
803	833
803	842
803	843
803	853
803	859
803	875
803	880
803	889
803	895
803	898
803	971
804	810
804	854
804	859
804	863
804	868
804	870
804	879
804	889
804	966
805	824
805	828
805	831
805	835
805	836
805	851
805	858
805	873
805	899
805	930
806	810
806	828
806	832
806	836
806	853
806	854
806	855
806	856
806	859
806	871
806	881
806	886
807	817
807	831
807	839
807	848
807	864
807	883
807	885
807	891
807	998
808	812
808	835
808	857
808	869
808	882
808	898
808	961
808	982
809	810
809	837
809	842
809	846
809	850
809	854
809	858
809	864
809	867
809	874
809	880
809	895
809	898
809	920
809	950
810	813
810	819
810	820
810	827
810	832
810	836
810	839
810	841
810	843
810	847
810	852
810	858
810	870
810	873
810	876
810	882
811	823
811	837
811	842
811	844
811	847
811	866
811	870
811	885
811	890
811	896
811	897
811	916
811	951
812	815
812	826
812	843
812	850
812	853
812	855
812	858
812	868
812	891
812	926
813	817
813	822
813	824
813	845
813	853
813	880
813	886
813	887
813	888
814	837
814	851
814	879
815	816
815	823
815	827
815	835
815	895
816	819
816	824
816	832
816	847
816	859
816	869
816	870
816	888
817	827
817	832
817	836
817	837
817	846
817	853
817	857
817	866
817	873
817	891
817	909
817	929
818	837
818	851
818	873
818	876
818	878
818	881
818	882
818	901
818	959
819	820
819	831
819	839
819	843
819	847
819	850
819	872
819	879
819	896
820	821
820	823
820	843
820	845
820	895
820	898
820	915
821	838
821	849
821	859
821	869
821	880
822	839
822	842
822	868
822	874
822	898
822	983
823	825
823	826
823	831
823	836
823	846
823	872
823	877
823	888
823	893
824	830
824	849
824	857
824	874
824	877
825	834
825	839
825	857
825	864
825	871
825	872
825	881
825	896
825	904
825	964
826	832
826	836
826	845
826	854
826	857
826	859
826	872
826	874
826	876
826	895
826	968
827	845
827	846
827	852
827	871
827	876
827	893
827	903
827	922
828	831
828	846
828	850
828	853
828	856
828	869
828	888
828	889
829	832
829	838
829	842
829	858
829	867
829	872
829	881
829	883
829	884
829	890
829	891
829	896
830	835
830	851
830	872
830	894
830	972
831	835
831	865
831	881
831	888
831	893
831	898
832	834
832	858
832	861
832	864
832	875
832	888
833	835
833	836
833	841
833	845
833	863
833	864
833	867
833	869
834	835
834	858
834	867
834	876
834	883
834	889
834	897
835	837
835	864
835	871
835	879
835	885
835	890
835	892
835	894
835	895
835	898
835	919
835	959
835	968
836	865
836	875
836	884
836	893
836	895
837	839
837	851
837	869
837	875
837	883
837	997
838	839
838	841
838	858
838	861
838	863
838	867
838	871
838	878
838	881
838	883
838	891
838	926
838	943
839	852
839	864
839	866
839	870
839	871
839	874
839	875
840	850
840	864
840	870
840	881
840	884
840	891
840	894
840	970
841	855
841	858
841	861
841	876
841	886
841	894
841	897
842	843
842	846
842	849
842	851
842	857
842	860
842	862
842	874
842	878
842	896
842	949
843	846
843	859
843	865
843	882
843	889
843	927
844	849
844	876
844	881
844	938
844	958
844	961
845	864
845	887
845	893
845	894
845	910
846	853
846	858
846	869
846	873
847	853
847	867
847	875
847	877
847	939
848	858
849	865
849	867
849	877
849	886
849	890
850	856
850	863
850	866
850	880
850	881
850	885
850	889
851	873
851	874
851	886
851	891
851	982
852	857
852	858
852	861
852	882
853	853
853	854
853	859
853	892
853	898
853	957
853	993
854	863
854	864
854	870
854	880
854	886
854	889
854	894
855	855
855	858
855	866
855	880
855	883
855	886
855	917
855	943
855	994
856	860
856	867
856	870
856	871
856	873
856	889
857	860
857	883
857	884
857	887
857	894
857	896
858	859
858	861
858	862
858	867
858	888
859	861
859	867
859	873
859	875
859	878
859	889
859	891
860	861
860	864
860	870
860	976
861	870
861	871
861	876
862	864
862	883
862	888
862	892
862	934
863	881
863	963
864	876
864	877
864	880
864	965
865	868
865	883
865	889
865	891
865	895
866	872
866	875
866	878
866	896
866	970
867	872
867	879
867	899
867	908
867	991
868	870
868	873
868	886
868	896
868	905
869	887
869	889
869	895
869	958
870	885
870	894
870	895
870	928
871	877
871	899
872	883
872	892
872	896
873	874
873	880
873	892
874	878
874	895
874	935
874	944
875	877
875	894
875	907
875	950
875	990
876	884
877	879
877	886
877	889
877	893
878	888
878	893
879	885
879	889
879	891
879	897
880	885
880	891
880	899
880	982
881	883
881	891
881	893
881	962
882	896
882	899
882	903
882	938
884	889
884	893
884	973
885	890
885	892
885	903
885	924
886	896
886	898
886	979
887	888
887	903
888	903
888	907
888	983
889	893
889	895
889	938
889	990
890	894
891	895
893	946
894	895
894	896
894	897
895	896
895	898
896	897
896	950
896	964
896	986
897	913
897	914
900	901
900	906
900	908
900	917
900	921
900	929
900	933
900	945
900	950
900	956
900	963
900	967
900	968
900	977
900	984
900	985
900	989
900	998
901	901
901	902
901	910
901	923
901	957
901	958
901	961
901	979
902	925
902	926
902	932
902	954
902	956
902	957
902	966
902	994
903	905
903	920
903	926
903	930
903	935
903	941
903	943
903	950
903	973
903	975
903	983
903	986
904	910
904	917
904	923
904	924
904	932
904	943
904	945
904	950
904	956
904	988
905	911
905	918
905	928
905	955
905	965
905	989
905	991
906	930
906	935
906	951
906	953
906	967
906	991
906	993
907	909
907	921
907	928
907	932
907	933
907	967
907	991
908	916
908	925
908	955
908	957
908	986
908	990
909	920
909	925
909	939
909	945
909	952
909	960
909	961
909	965
909	976
909	995
909	997
910	928
910	931
910	945
910	954
910	955
910	961
910	980
910	985
910	992
910	996
911	912
911	933
911	958
911	965
911	970
911	986
911	991
911	999
912	915
912	918
912	932
912	934
912	961
912	974
912	985
912	990
912	999
913	921
913	932
913	949
913	955
913	976
913	978
913	987
913	988
914	915
914	937
914	949
914	956
914	965
914	972
914	973
914	975
914	977
915	918
915	919
915	920
915	921
915	937
915	958
915	962
915	963
915	984
915	989
916	917
916	924
916	937
916	939
916	978
916	991
917	918
917	924
917	948
917	967
917	971
917	972
917	975
917	976
917	979
917	986
917	990
917	994
918	921
918	965
918	980
918	986
918	989
918	996
919	921
919	934
919	942
919	947
919	952
919	957
919	965
919	967
919	972
919	985
919	997
920	927
920	928
920	931
920	936
920	937
920	939
920	961
920	980
920	988
920	990
921	935
921	945
921	948
921	956
921	963
921	965
921	982
921	994
921	997
922	937
922	946
922	947
922	961
922	964
922	966
922	975
922	977
923	926
923	982
923	993
923	997
924	927
924	932
924	935
924	968
924	978
924	979
924	981
924	990
924	992
924	994
924	995
925	948
925	951
925	961
925	965
925	968
925	969
925	990
925	991
925	996
925	997
926	929
926	931
926	944
926	985
926	990
926	992
926	993
926	996
927	930
927	935
927	943
927	945
927	946
927	947
927	957
927	959
927	978
927	983
927	991
927	995
927	996
927	997
928	964
928	971
928	977
928	992
928	993
929	942
929	968
929	971
929	973
929	991
929	994
929	999
930	938
930	944
930	961
930	967
930	973
930	992
930	999
931	935
931	957
931	975
931	976
931	995
932	947
932	948
932	956
932	957
932	958
932	969
932	981
933	944
933	955
933	964
933	985
933	987
933	988
933	990
934	943
934	949
934	954
934	961
934	965
934	988
934	990
934	998
935	946
935	953
935	969
935	971
935	972
935	975
935	976
935	977
935	985
935	998
936	960
936	981
936	995
937	942
937	945
937	951
937	976
938	959
938	960
938	965
938	977
938	978
938	998
939	943
939	947
939	968
939	978
939	982
939	993
939	995
939	999
940	944
940	949
940	950
940	962
940	972
940	973
940	987
940	990
940	993
940	998
941	947
941	949
941	957
941	975
941	980
941	981
941	984
941	986
941	989
941	990
941	994
942	942
942	969
942	972
942	974
942	988
942	989
942	991
942	992
943	960
943	961
943	969
943	970
943	971
943	994
943	995
943	998
943	999
944	976
944	991
944	997
945	946
945	948
945	957
945	961
945	978
945	990
945	992
945	993
945	997
946	949
946	952
946	965
946	977
946	982
946	998
947	955
947	964
947	965
947	968
947	973
948	963
948	970
948	988
948	993
949	952
949	972
949	977
949	989
949	999
950	952
950	955
950	970
950	972
950	975
950	989
951	953
951	983
951	987
951	992
951	998
952	960
952	992
952	995
953	967
953	968
953	969
953	972
953	988
953	989
953	992
953	997
955	959
955	965
955	972
955	977
955	988
956	968
956	982
956	987
956	988
956	999
957	961
958	964
958	979
958	984
958	992
959	960
959	965
959	974
959	984
960	964
960	976
961	986
961	995
961	998
962	962
962	963
962	965
962	979
962	980
963	969
963	975
963	983
964	987
964	997
965	992
965	995
966	975
966	989
966	995
967	977
967	978
967	997
968	970
968	999
969	987
970	978
971	973
971	979
972	981
972	982
972	988
972	996
973	979
973	991
973	996
974	978
974	999
975	975
975	979
975	987
975	991
975	997
976	977
976	984
976	986
976	988
976	992
977	980
977	988
977	997
978	981
978	982
978	998
979	983
979	985
979	988
979	989
979	990
979	991
981	986
981	987
981	996
983	986
984	984
984	999
985	991
985	997
987	988
989	998
990	999
991	996
992	994
992	999
997	997
