0	3
0	5
0	12
0	24
0	33
0	40
0	44
0	46
0	48
0	54
0	57
0	65
0	70
0	72
0	90
0	94
0	181
0	257
0	334
0	408
0	843
0	966
1	1
1	6
1	8
1	25
1	40
1	44
1	66
1	74
1	80
1	82
1	95
1	117
1	188
1	218
1	343
1	516
1	737
1	909
2	12
2	14
2	19
2	39
2	42
2	43
2	45
2	53
2	54
2	62
2	70
2	73
2	76
2	88
2	92
2	95
2	338
2	784
2	828
2	922
3	8
3	9
3	12
3	18
3	25
3	26
3	52
3	56
3	65
3	72
3	82
3	91
3	514
3	553
3	682
3	818
4	6
4	16
4	30
4	35
4	37
4	40
4	41
4	44
4	54
4	55
4	57
4	67
4	74
4	77
4	82
4	95
4	96
4	254
4	260
4	353
4	417
4	778
4	899
4	992
5	22
5	23
5	36
5	38
5	60
5	72
5	74
5	84
5	89
5	159
5	176
5	252
5	263
5	311
5	511
5	645
5	700
5	929
6	7
6	8
6	9
6	11
6	12
6	19
6	20
6	25
6	31
6	38
6	59
6	60
6	62
6	66
6	69
6	70
6	94
6	103
6	174
6	441
6	512
6	539
6	580
6	588
6	757
7	11
7	15
7	18
7	25
7	35
7	36
7	37
7	42
7	46
7	49
7	51
7	57
7	60
7	84
7	85
7	90
7	375
7	418
7	568
7	868
7	967
8	16
8	42
8	48
8	52
8	62
8	82
8	93
8	98
8	529
8	541
8	563
8	961
9	12
9	15
9	18
9	31
9	51
9	55
9	77
9	88
9	91
9	94
9	96
9	305
9	370
9	565
9	764
10	15
10	20
10	21
10	25
10	36
10	42
10	45
10	51
10	63
10	65
10	79
10	82
10	90
10	696
10	742
10	870
10	994
11	16
11	30
11	31
11	43
11	50
11	58
11	69
11	72
11	348
11	391
11	690
11	716
12	13
12	14
12	16
12	55
12	69
12	70
12	71
12	73
12	79
12	80
12	82
12	88
12	107
12	144
12	208
12	413
12	476
12	502
12	650
13	22
13	27
13	37
13	38
13	47
13	49
13	59
13	63
13	71
13	77
13	78
13	80
13	81
13	92
13	102
13	454
13	523
13	727
13	813
14	36
14	40
14	51
14	54
14	77
14	79
14	82
14	89
14	97
14	453
14	498
14	615
14	904
15	23
15	43
15	46
15	49
15	61
15	90
15	268
15	488
15	601
15	790
16	39
16	50
16	52
16	54
16	58
16	74
16	78
16	80
16	94
16	313
16	366
16	370
16	375
16	755
17	24
17	31
17	32
17	33
17	35
17	41
17	49
17	63
17	64
17	69
17	72
17	76
17	77
17	85
17	97
17	516
18	24
18	33
18	40
18	51
18	55
18	62
18	77
18	92
18	97
18	234
18	243
18	474
18	645
18	654
18	765
18	776
18	876
18	971
19	28
19	30
19	38
19	39
19	66
19	74
19	77
19	82
19	91
19	97
19	120
19	766
20	23
20	25
20	35
20	50
20	55
20	75
20	85
20	90
20	97
20	174
20	490
20	513
20	770
20	866
20	956
21	23
21	30
21	43
21	58
21	65
21	68
21	70
21	74
21	77
21	80
21	417
21	432
21	780
21	797
22	25
22	28
22	32
22	35
22	36
22	45
22	53
22	72
22	84
22	86
22	90
22	92
22	433
22	912
23	29
23	31
23	40
23	42
23	44
23	52
23	54
23	69
23	74
23	78
23	463
23	627
23	795
23	868
23	961
24	39
24	52
24	56
24	57
24	58
24	67
24	79
24	87
24	92
24	251
24	320
24	968
25	29
25	34
25	38
25	43
25	49
25	56
25	82
25	93
25	125
25	218
25	446
25	549
25	603
25	704
25	920
25	959
26	28
26	38
26	40
26	52
26	58
26	69
26	73
26	76
26	78
26	84
26	87
26	99
26	212
26	267
26	271
26	303
26	637
26	688
26	805
27	27
27	80
27	85
27	88
27	154
27	332
27	400
27	630
27	737
27	775
27	793
28	29
28	31
28	34
28	36
28	42
28	53
28	54
28	55
28	65
28	74
28	77
28	91
28	274
28	727
28	728
29	29
29	32
29	51
29	57
29	61
29	66
29	75
29	76
29	88
29	206
29	275
29	285
29	541
29	680
30	38
30	42
30	55
30	58
30	59
30	62
30	67
30	69
30	76
30	92
30	142
30	198
30	376
30	455
30	457
30	494
30	875
31	38
31	43
31	48
31	49
31	56
31	61
31	72
31	96
31	657
31	794
31	869
31	987
32	52
32	62
32	66
32	69
32	70
32	74
32	79
32	89
32	91
32	98
32	262
32	624
32	883
33	34
33	42
33	45
33	51
33	53
33	57
33	65
33	66
33	75
33	87
33	98
33	106
33	308
33	337
33	499
33	617
34	48
34	51
34	52
34	64
34	73
34	75
34	79
34	85
34	94
34	96
34	432
34	439
34	491
34	637
35	39
35	46
35	53
35	54
35	82
35	94
35	97
35	171
35	391
35	406
36	36
36	37
36	56
36	57
36	68
36	72
36	80
36	84
36	90
36	305
36	737
36	796
36	881
37	37
37	39
37	55
37	67
37	68
37	72
37	78
37	83
37	152
37	170
37	466
37	883
37	932
38	41
38	58
38	60
38	70
38	79
38	86
38	87
38	96
38	99
38	421
38	434
38	502
38	594
39	40
39	46
39	47
39	64
39	72
39	82
39	90
39	92
39	97
39	236
39	323
39	334
39	850
40	41
40	47
40	48
40	67
40	84
40	86
40	88
40	99
40	313
40	432
40	984
41	42
41	43
41	52
41	55
41	62
41	63
41	68
41	75
41	77
41	85
41	92
41	423
41	582
41	702
41	728
41	923
42	52
42	62
42	77
42	86
42	107
42	485
42	913
42	952
43	44
43	57
43	59
43	81
43	84
43	95
43	98
43	405
43	740
43	953
44	46
44	54
44	64
44	66
44	67
44	89
44	96
44	279
44	332
44	384
44	564
44	582
44	816
45	54
45	57
45	78
45	93
45	225
45	593
45	692
46	48
46	52
46	56
46	74
46	78
46	90
46	94
46	562
46	844
46	929
47	57
47	60
47	67
47	72
47	78
47	80
47	86
47	91
47	104
47	122
47	125
47	142
47	559
47	617
48	48
48	49
48	53
48	59
48	70
48	73
48	98
48	177
48	608
48	689
49	65
49	71
49	81
49	98
49	150
49	182
49	404
49	500
49	639
49	808
49	998
50	50
50	59
50	74
50	80
50	90
50	96
50	98
50	99
50	180
50	220
51	59
51	69
51	148
51	580
51	715
51	736
52	64
52	72
52	74
52	78
52	79
52	95
52	126
52	339
52	822
52	877
53	62
53	68
53	87
53	94
53	97
53	181
53	301
53	345
53	465
53	511
53	542
53	825
53	875
54	73
54	74
54	87
54	88
54	94
54	95
54	115
54	132
54	262
54	449
54	493
54	583
54	802
54	959
55	68
55	71
55	72
55	83
55	99
55	320
55	343
56	58
56	69
56	78
56	81
56	91
56	301
56	441
56	596
56	773
56	832
56	979
57	60
57	73
57	92
57	147
57	294
57	321
57	366
57	722
57	839
58	67
58	73
58	78
58	79
58	92
58	226
58	274
58	376
58	417
58	662
59	62
59	63
59	66
59	70
59	71
59	82
59	88
59	89
59	92
59	153
59	173
59	271
59	722
60	111
60	117
60	238
60	367
60	371
60	430
60	457
60	557
60	727
60	877
60	896
61	77
61	78
61	90
61	91
61	98
61	172
61	176
61	229
61	252
61	351
61	399
61	701
61	709
61	775
61	776
61	904
61	975
62	68
62	72
62	94
62	512
62	623
62	739
62	848
63	69
63	70
63	79
63	80
63	161
63	390
63	447
63	477
63	677
63	729
63	748
64	71
64	87
64	91
64	117
64	145
64	863
65	67
65	77
65	81
65	84
65	88
65	95
65	209
65	280
65	319
65	533
65	558
65	573
65	605
65	620
65	649
65	664
65	725
65	749
66	94
66	273
66	347
66	538
66	592
66	612
66	620
66	916
66	924
67	78
67	79
67	83
67	88
67	146
67	289
67	562
68	70
68	72
68	75
68	79
68	89
68	90
68	98
68	117
68	141
68	425
68	430
68	460
68	659
68	841
69	82
69	86
69	90
69	93
69	812
70	73
70	88
70	97
70	99
70	155
70	190
70	283
70	291
70	336
70	458
70	653
70	865
70	933
71	159
71	212
71	345
71	609
71	616
71	676
71	918
72	87
72	286
72	497
72	614
72	850
73	74
73	79
73	103
73	130
73	409
74	81
74	82
74	87
74	90
74	94
74	151
74	409
74	537
74	539
74	601
74	705
74	779
74	786
75	77
75	80
75	82
75	89
75	90
75	128
75	172
75	310
75	328
75	340
75	467
75	630
75	846
76	81
76	95
76	98
76	168
76	275
76	399
77	77
77	83
77	84
77	85
77	90
77	93
77	201
77	365
77	377
77	445
77	677
77	864
78	93
78	100
78	104
78	148
78	426
78	431
78	489
78	640
78	650
78	693
78	898
78	970
79	83
79	85
79	87
79	89
79	92
79	209
79	245
79	274
79	350
79	925
80	85
80	86
80	322
80	440
80	881
81	86
81	90
81	116
81	209
81	220
81	428
81	749
81	933
81	965
82	114
82	463
82	640
82	756
82	856
82	930
83	86
83	94
83	98
83	109
83	250
83	432
83	533
83	957
84	98
84	296
84	466
84	554
84	577
84	978
85	96
85	118
85	343
85	426
85	723
85	889
85	962
86	89
86	90
86	143
86	344
86	710
86	747
86	843
86	956
87	87
87	494
87	515
87	563
88	387
88	736
88	956
89	91
89	93
89	98
89	357
89	375
89	446
89	458
89	614
89	637
89	686
89	814
89	831
89	893
89	919
90	266
90	988
91	93
91	95
91	97
91	217
91	364
91	453
91	644
92	98
92	107
92	248
92	276
92	350
92	384
92	760
92	961
93	207
93	235
93	368
93	547
93	554
93	564
93	695
93	821
93	895
93	956
94	105
94	448
94	615
94	742
95	96
95	495
95	518
95	720
95	836
95	839
95	891
95	896
96	97
96	138
96	143
96	244
96	371
96	407
96	576
96	825
96	933
97	97
97	98
97	99
97	198
97	205
97	218
97	227
97	272
97	619
97	698
98	379
98	479
98	531
98	540
99	356
99	522
99	647
99	769
100	100
100	111
100	120
100	121
100	135
100	143
100	148
100	151
100	167
100	173
100	183
100	185
100	196
100	197
100	204
100	288
100	563
100	757
101	149
101	152
101	159
101	163
101	173
101	279
101	782
102	105
102	131
102	161
102	168
102	171
102	175
102	188
102	190
102	193
102	307
102	625
102	643
102	659
102	669
102	730
102	753
102	950
103	108
103	115
103	126
103	132
103	133
103	137
103	141
103	158
103	160
103	162
103	173
103	177
103	181
103	193
103	283
103	455
104	117
104	118
104	120
104	123
104	138
104	183
104	191
104	192
104	230
104	698
104	893
104	942
105	109
105	111
105	116
105	117
105	122
105	139
105	144
105	146
105	157
105	159
105	160
105	177
105	182
105	187
105	193
105	196
105	211
105	359
105	858
106	109
106	114
106	119
106	127
106	133
106	138
106	144
106	157
106	161
106	162
106	171
106	192
106	195
106	197
106	450
106	709
106	715
106	960
107	110
107	126
107	130
107	149
107	158
107	160
107	162
107	163
107	166
107	176
107	177
107	181
107	193
107	194
107	195
107	197
107	228
107	232
107	502
107	637
107	717
107	718
107	744
107	797
108	116
108	117
108	131
108	133
108	145
108	153
108	163
108	170
108	173
108	180
108	189
108	291
108	393
108	548
108	938
109	115
109	117
109	121
109	123
109	142
109	148
109	152
109	159
109	179
109	184
109	187
109	195
109	220
109	286
109	319
109	669
109	906
110	121
110	149
110	153
110	159
110	166
110	173
110	183
110	185
110	191
110	464
110	589
110	644
110	863
110	866
110	994
111	114
111	133
111	136
111	152
111	158
111	162
111	171
111	179
111	189
111	194
111	197
111	199
111	658
111	792
112	116
112	139
112	140
112	144
112	168
112	179
112	184
112	185
112	191
112	525
112	670
112	687
112	880
112	928
113	114
113	115
113	119
113	127
113	129
113	133
113	139
113	141
113	143
113	148
113	153
113	165
113	168
113	176
113	186
113	189
113	190
113	196
113	305
113	474
113	521
113	563
113	628
113	887
113	929
114	114
114	131
114	133
114	138
114	153
114	157
114	163
114	168
114	171
114	177
114	183
114	199
114	219
114	311
114	344
114	574
114	801
114	843
114	965
115	115
115	125
115	127
115	133
115	135
115	139
115	171
115	177
115	185
115	190
115	328
115	521
115	796
115	929
115	976
115	979
116	117
116	126
116	131
116	138
116	147
116	149
116	155
116	161
116	179
116	182
116	185
116	189
116	287
116	297
116	360
116	929
117	118
117	123
117	124
117	129
117	134
117	139
117	153
117	155
117	163
117	179
117	181
117	186
117	197
117	316
117	391
117	395
117	449
117	620
117	634
117	798
117	868
118	126
118	156
118	160
118	166
118	187
118	189
118	199
118	208
118	244
118	285
118	392
118	497
119	119
119	132
119	143
119	151
119	174
119	177
119	186
119	189
119	192
119	313
119	623
119	631
119	959
119	991
120	122
120	126
120	137
120	142
120	144
120	162
120	164
120	179
120	187
120	190
120	406
120	426
120	435
120	737
120	820
120	866
121	123
121	139
121	140
121	158
121	164
121	173
121	180
121	184
121	271
121	407
121	428
121	475
121	593
121	653
121	976
122	125
122	151
122	152
122	159
122	172
122	176
122	179
122	182
122	185
122	187
122	192
122	272
122	359
122	583
122	721
122	736
123	124
123	131
123	132
123	140
123	144
123	150
123	155
123	156
123	160
123	166
123	180
123	184
123	190
123	195
123	196
123	199
123	349
123	680
123	891
124	127
124	130
124	136
124	142
124	144
124	151
124	156
124	161
124	168
124	185
124	188
124	198
124	379
124	445
124	569
124	750
124	803
125	125
125	126
125	130
125	134
125	152
125	165
125	170
125	173
125	179
125	349
125	772
125	785
126	129
126	136
126	140
126	161
126	165
126	167
126	173
126	180
126	314
126	550
126	689
126	864
127	127
127	129
127	131
127	135
127	139
127	140
127	152
127	154
127	178
127	184
127	193
127	194
127	197
127	207
127	222
127	238
127	280
127	323
127	620
127	660
127	663
128	132
128	138
128	139
128	143
128	152
128	155
128	158
128	161
128	171
128	173
128	182
128	192
128	196
128	221
128	306
128	342
128	588
128	619
128	738
129	135
129	136
129	147
129	157
129	158
129	161
129	166
129	167
129	169
129	178
129	181
129	191
129	195
129	198
129	566
129	763
129	935
130	130
130	135
130	150
130	158
130	159
130	166
130	169
130	184
130	196
130	631
130	849
130	856
130	990
131	134
131	135
131	148
131	166
131	176
131	194
131	679
131	707
131	718
131	889
131	914
132	139
132	149
132	153
132	167
132	178
132	179
132	193
132	194
132	196
132	276
132	282
132	532
132	632
133	135
133	145
133	146
133	151
133	160
133	161
133	170
133	175
133	176
133	182
133	183
133	191
133	193
133	339
134	137
134	143
134	145
134	146
134	148
134	151
134	168
134	173
134	183
134	194
134	195
134	217
134	302
134	344
134	491
134	577
134	893
134	972
135	139
135	140
135	142
135	144
135	149
135	150
135	155
135	162
135	172
135	198
135	262
135	490
135	507
135	563
135	652
135	823
135	922
136	138
136	144
136	174
136	190
136	191
136	192
136	198
136	307
136	362
136	391
136	464
136	678
136	771
136	822
136	940
137	138
137	146
137	147
137	152
137	162
137	171
137	183
137	184
137	193
137	194
137	329
137	376
137	437
137	494
137	547
138	151
138	154
138	158
138	170
138	175
138	184
138	199
138	740
138	763
138	786
138	892
138	934
139	145
139	151
139	178
139	192
139	199
139	628
139	703
139	757
139	786
139	899
140	144
140	147
140	164
140	167
140	171
140	179
140	186
140	190
140	194
140	195
140	199
140	490
140	618
140	739
140	918
141	144
141	146
141	154
141	166
141	168
141	171
141	184
141	187
141	190
141	198
141	261
141	544
141	685
141	687
141	765
141	828
141	989
142	146
142	149
142	163
142	166
142	167
142	178
142	183
142	185
142	186
142	191
142	198
142	869
142	908
143	149
143	156
143	187
143	189
143	190
143	202
143	490
143	554
143	570
143	607
143	655
143	757
143	767
143	814
143	860
143	904
144	147
144	155
144	158
144	159
144	161
144	165
144	166
144	178
144	183
144	192
144	199
144	551
145	177
145	180
145	196
145	239
145	575
145	619
145	703
145	773
145	791
145	826
146	150
146	154
146	159
146	163
146	175
146	196
146	250
146	279
146	352
146	675
146	729
146	853
146	998
147	148
147	153
147	157
147	161
147	169
147	171
147	181
147	183
147	189
147	193
147	200
147	321
147	554
147	603
147	620
147	677
147	818
147	858
148	152
148	154
148	157
148	164
148	169
148	174
148	179
148	180
148	182
148	187
148	193
148	283
148	565
148	709
149	161
149	164
149	184
149	188
149	195
149	308
149	689
149	728
150	174
150	179
150	338
150	539
150	855
151	161
151	163
151	176
151	177
151	181
151	184
151	185
151	186
151	189
151	191
151	596
151	766
151	947
152	165
152	166
152	170
152	177
152	178
152	181
152	188
152	189
152	190
152	194
152	199
152	252
152	469
152	524
152	637
152	699
153	167
153	193
153	520
153	636
153	675
154	158
154	169
154	174
154	179
154	185
154	192
154	194
154	196
154	329
154	754
154	895
154	930
155	158
155	162
155	163
155	164
155	166
155	193
155	361
155	720
155	737
155	982
156	161
156	173
156	174
156	190
156	216
156	944
157	161
157	163
157	168
157	172
157	175
157	191
157	197
157	309
157	435
157	490
157	512
157	751
157	961
158	160
158	163
158	167
158	287
158	316
158	505
158	829
159	162
159	167
159	170
159	174
159	177
159	191
159	197
159	198
159	525
159	736
159	804
159	894
159	912
160	167
160	174
160	182
160	187
160	190
160	194
160	198
160	200
160	306
160	325
160	349
160	485
160	597
160	648
160	891
161	167
161	170
161	188
161	192
161	318
161	389
161	495
161	521
162	175
162	184
162	307
162	380
162	515
162	522
162	653
162	964
163	163
163	164
163	182
163	226
163	235
163	559
163	783
163	848
163	916
164	188
164	191
164	198
164	199
164	584
164	817
164	847
164	945
165	181
165	184
165	199
165	224
165	522
166	168
166	179
166	198
166	459
166	464
166	804
166	872
166	978
167	173
167	175
167	178
167	180
167	183
167	186
167	189
167	216
167	269
167	408
167	480
167	623
167	869
167	958
168	168
168	174
168	175
168	179
168	186
168	187
168	190
168	193
168	307
168	364
168	431
168	498
168	691
169	183
169	191
169	401
169	519
169	593
169	763
170	178
170	197
170	199
170	299
170	472
170	800
171	173
171	183
171	187
171	192
171	219
171	464
171	515
171	833
171	845
172	180
172	189
172	191
172	199
172	311
172	374
172	482
172	500
172	659
172	848
173	183
173	184
173	186
173	188
173	193
173	198
173	224
173	444
173	495
173	556
174	178
174	180
174	184
174	185
174	186
174	188
174	189
174	194
174	197
174	230
174	513
174	657
174	705
174	874
174	896
174	934
174	994
175	181
175	184
175	185
175	197
175	198
175	249
175	436
175	586
175	923
176	182
176	189
176	847
177	184
177	186
177	193
177	198
177	225
177	563
177	762
178	199
178	232
178	264
178	695
178	926
178	935
179	192
179	197
179	609
179	616
179	856
179	858
179	870
179	880
179	973
180	182
180	192
180	324
180	913
181	184
181	187
181	193
181	241
181	488
181	553
181	570
181	605
181	635
181	780
181	896
182	185
182	191
182	357
182	604
182	674
182	761
182	970
183	187
183	190
183	198
183	257
183	400
184	187
184	196
184	197
184	229
184	466
184	496
184	686
185	410
185	696
185	711
185	735
185	756
185	820
185	870
185	990
186	190
186	191
186	203
186	653
186	872
186	901
186	902
187	187
187	188
187	191
187	193
187	197
187	199
187	318
187	513
187	675
187	841
187	889
187	926
188	196
188	346
188	512
188	697
188	811
188	930
188	946
189	195
189	887
189	960
190	315
190	459
190	581
190	711
190	720
190	793
190	991
191	193
191	194
191	195
191	267
191	346
191	622
191	723
191	812
192	193
192	197
192	424
192	908
192	940
192	969
193	199
193	390
193	817
194	194
194	397
194	483
194	547
194	735
194	934
194	979
195	217
195	751
195	759
196	254
196	546
197	204
197	392
197	510
197	679
198	238
198	357
198	642
199	348
199	885
199	989
200	201
200	202
200	206
200	222
200	238
200	252
200	266
200	281
200	584
200	864
200	897
201	206
201	212
201	214
201	216
201	226
201	231
201	235
201	244
201	259
201	263
201	269
201	276
201	281
201	283
201	286
201	297
201	419
201	437
201	634
201	815
201	992
202	206
202	208
202	211
202	221
202	227
202	248
202	268
202	270
202	273
202	277
202	289
202	293
202	297
202	353
202	611
202	836
203	227
203	239
203	242
203	244
203	261
203	270
203	283
203	285
203	297
203	358
203	436
203	801
203	854
204	228
204	237
204	239
204	244
204	252
204	255
204	261
204	263
204	264
204	268
204	271
204	273
204	275
204	280
204	284
204	293
204	297
204	298
204	447
204	676
204	883
205	229
205	241
205	242
205	246
205	247
205	248
205	249
205	250
205	284
205	295
205	402
205	947
206	222
206	234
206	235
206	242
206	245
206	251
206	254
206	256
206	270
206	277
206	279
206	287
206	332
206	691
206	693
207	209
207	217
207	222
207	241
207	246
207	254
207	255
207	263
207	268
207	281
207	296
207	313
207	335
207	353
207	422
207	661
208	220
208	229
208	232
208	246
208	247
208	250
208	252
208	260
208	269
209	211
209	213
209	217
209	218
209	220
209	231
209	240
209	259
209	267
209	277
209	281
209	286
209	369
209	424
209	519
209	678
209	961
210	216
210	232
210	241
210	243
210	259
210	264
210	267
210	275
210	277
210	289
210	292
210	293
210	294
210	299
210	631
211	233
211	240
211	262
211	279
211	288
211	290
211	292
211	298
211	299
211	301
211	425
211	576
212	215
212	219
212	223
212	249
212	251
212	252
212	255
212	262
212	268
212	269
212	273
212	274
212	281
212	316
213	213
213	216
213	227
213	236
213	238
213	249
213	253
213	288
213	292
213	422
213	501
214	230
214	238
214	244
214	254
214	256
214	258
214	259
214	269
214	290
214	292
214	294
214	374
214	536
214	872
214	969
215	224
215	225
215	228
215	239
215	244
215	248
215	266
215	277
215	284
215	285
215	294
215	667
216	220
216	227
216	228
216	233
216	247
216	248
216	277
216	283
216	554
216	727
217	219
217	221
217	241
217	253
217	258
217	294
217	295
217	457
217	489
217	642
217	648
218	219
218	225
218	232
218	233
218	258
218	262
218	265
218	271
218	273
218	275
218	278
218	285
218	288
218	580
218	596
218	703
218	740
219	233
219	234
219	243
219	244
219	245
219	246
219	249
219	251
219	261
219	286
219	297
219	372
219	738
219	795
219	841
220	241
220	246
220	255
220	264
220	265
220	276
220	277
220	297
220	349
220	382
220	596
220	653
220	869
220	994
221	227
221	230
221	234
221	244
221	248
221	255
221	273
221	275
221	282
221	288
221	291
221	298
221	438
221	498
221	523
221	691
221	902
221	906
222	227
222	231
222	239
222	240
222	246
222	263
222	265
222	299
222	469
222	559
222	579
222	667
222	761
222	835
223	234
223	244
223	247
223	251
223	254
223	255
223	262
223	264
223	267
223	270
223	277
223	291
223	337
223	471
223	512
223	568
223	670
223	699
223	867
224	236
224	239
224	240
224	246
224	249
224	251
224	257
224	260
224	263
224	266
224	273
224	276
224	278
224	285
224	290
224	364
224	441
224	505
224	569
224	603
224	643
224	807
224	866
224	871
224	944
224	952
225	231
225	243
225	244
225	271
225	277
225	281
225	291
225	604
226	231
226	241
226	242
226	257
226	269
226	274
226	277
226	281
226	287
226	468
226	792
226	810
226	822
226	862
227	240
227	243
227	244
227	245
227	249
227	252
227	269
227	281
227	283
227	287
227	680
227	738
227	836
227	986
227	989
228	239
228	256
228	276
228	280
228	285
228	288
228	292
228	683
229	241
229	247
229	258
229	268
229	271
229	289
229	292
229	297
229	299
229	309
229	424
229	590
229	595
229	649
229	822
229	861
230	235
230	238
230	257
230	268
230	277
230	287
230	299
230	449
230	523
230	591
231	236
231	241
231	246
231	264
231	271
231	272
231	273
231	278
231	280
231	288
231	289
231	321
231	546
231	736
231	907
231	964
232	233
232	236
232	237
232	238
232	239
232	245
232	246
232	249
232	251
232	253
232	272
232	276
232	287
232	291
232	295
232	306
232	550
232	574
232	606
232	778
233	261
233	263
233	279
233	284
233	292
233	294
233	295
233	437
233	637
233	737
233	789
233	798
233	800
233	813
233	995
234	242
234	252
234	253
234	262
234	263
234	273
234	296
234	843
235	242
235	245
235	250
235	251
235	263
235	265
235	270
235	275
235	276
235	279
235	280
235	285
235	286
235	295
235	609
235	757
235	890
236	244
236	247
236	249
236	263
236	268
236	269
236	275
236	279
236	297
236	365
236	719
236	748
237	242
237	244
237	256
237	261
237	266
237	277
237	280
237	291
237	299
238	239
238	242
238	264
238	265
238	275
238	288
238	292
238	304
238	478
238	540
238	609
238	670
238	799
238	864
238	871
238	912
239	246
239	249
239	250
239	254
239	257
239	263
239	269
239	270
239	271
239	273
239	276
239	277
239	279
239	292
239	298
239	299
239	556
239	642
239	832
239	931
240	242
240	243
240	251
240	254
240	257
240	263
240	289
240	327
240	573
240	689
240	779
240	786
240	821
240	895
240	896
241	245
241	254
241	260
241	261
241	279
241	284
241	285
241	286
241	290
241	467
242	243
242	248
242	249
242	258
242	262
242	269
242	270
242	280
242	291
242	298
242	413
242	429
242	718
242	731
242	800
242	818
242	934
243	251
243	254
243	257
243	259
243	264
243	266
243	283
243	285
243	289
243	348
243	471
243	623
244	252
244	256
244	264
244	276
244	281
244	635
244	650
244	763
244	811
245	249
245	254
245	265
245	279
245	287
245	289
245	340
245	457
245	487
245	722
246	251
246	261
246	264
246	266
246	267
246	291
246	532
246	628
246	661
246	753
246	869
247	259
247	262
247	271
247	272
247	277
247	286
247	288
247	290
247	292
247	299
247	326
247	396
247	684
247	740
247	807
247	827
247	859
247	917
247	932
247	941
248	249
248	252
248	257
248	265
248	275
248	276
248	286
248	292
248	301
248	410
248	491
248	695
248	716
248	741
248	906
248	965
249	251
249	252
249	254
249	259
249	273
249	276
249	278
249	286
249	294
249	298
249	651
249	658
250	253
250	282
250	286
250	291
250	293
250	298
250	573
250	637
251	255
251	272
251	273
251	277
251	287
251	288
251	290
251	295
251	360
251	533
251	708
252	256
252	270
252	279
252	286
252	297
252	299
252	352
252	607
252	931
253	260
253	268
253	284
253	292
253	702
253	757
253	777
253	813
253	931
254	263
254	267
254	270
254	272
254	274
254	276
254	287
254	293
254	396
254	520
254	627
254	917
254	924
255	259
255	268
255	271
255	272
255	277
255	278
255	299
255	316
255	774
255	934
255	980
255	994
256	259
256	264
256	276
256	279
256	280
256	281
256	284
256	288
256	292
256	297
256	502
256	535
256	835
256	843
257	262
257	264
257	268
257	280
257	283
257	298
257	328
257	331
257	937
257	942
257	981
257	997
258	259
258	287
258	290
258	294
258	298
258	308
258	375
258	405
258	554
258	621
259	262
259	265
259	267
259	268
259	272
259	288
259	291
259	640
259	643
259	678
260	261
260	285
260	325
260	787
261	264
261	269
261	275
261	276
261	280
261	283
261	285
261	294
261	333
261	389
261	605
261	805
261	819
261	908
262	262
262	268
262	269
262	272
262	282
262	286
262	294
262	298
262	299
262	320
262	361
262	435
262	771
263	272
263	278
263	299
264	269
264	270
264	271
264	274
264	283
264	285
264	291
264	297
264	298
264	468
264	729
264	756
264	776
265	273
265	314
265	325
265	390
265	424
265	447
265	555
265	563
265	625
265	913
265	982
266	273
266	277
266	282
266	290
266	298
266	325
266	343
266	715
266	792
267	269
267	279
267	287
267	294
267	296
267	389
267	442
267	664
267	965
268	282
268	283
268	288
268	289
268	290
268	294
268	748
268	826
269	272
269	279
269	299
269	344
269	375
269	457
269	767
269	957
270	271
270	273
270	280
270	281
270	282
270	283
270	288
270	412
270	730
270	731
270	755
270	782
271	277
271	279
271	282
271	284
271	287
271	318
271	568
271	721
271	767
272	274
272	280
272	292
272	293
272	299
272	321
272	475
272	549
272	566
272	894
272	976
272	997
273	276
273	290
273	355
273	640
273	781
273	957
273	972
274	544
274	554
274	585
274	869
275	276
275	279
275	283
275	284
275	289
275	306
275	374
275	383
275	501
275	569
275	730
275	785
276	283
276	293
276	295
276	297
276	586
276	596
276	705
276	737
276	814
277	282
277	286
277	288
277	289
277	299
277	343
277	372
277	617
277	626
277	725
277	937
278	281
278	283
278	285
278	291
278	293
278	477
278	513
278	549
278	564
278	624
278	747
278	849
278	886
279	288
279	289
279	293
279	297
280	293
280	491
280	614
280	823
281	286
281	289
281	421
281	635
281	755
281	966
282	287
282	292
282	293
282	449
282	544
282	661
282	899
282	990
283	283
283	290
283	293
283	299
283	377
283	525
283	571
283	714
283	844
283	930
284	428
284	450
284	687
284	794
284	965
285	288
285	290
285	294
285	295
285	297
285	298
285	299
285	407
285	410
285	550
285	731
285	760
286	288
286	297
286	538
286	856
287	291
287	295
287	399
287	415
287	433
287	505
287	534
287	753
288	294
288	429
288	499
288	651
288	804
289	299
289	416
289	464
289	499
289	611
289	709
289	987
290	291
290	294
290	557
290	730
290	745
291	544
291	636
291	766
291	824
291	916
292	294
292	299
292	493
292	684
292	856
293	296
293	299
293	320
293	559
293	627
293	774
294	294
294	296
294	317
294	595
294	643
294	671
294	784
294	872
295	337
295	526
295	576
296	299
296	360
296	460
296	573
296	915
297	408
297	876
297	903
298	300
298	444
298	646
298	678
298	998
299	383
299	538
299	557
299	821
299	980
300	322
300	323
300	328
300	335
300	352
300	353
300	357
300	365
300	366
300	374
300	381
300	396
300	552
300	591
300	990
301	307
301	310
301	315
301	317
301	324
301	328
301	329
301	342
301	345
301	350
301	352
301	361
301	362
301	367
301	375
301	388
301	794
301	891
302	308
302	313
302	316
302	349
302	364
302	373
302	382
302	446
302	646
302	668
302	704
302	712
302	822
302	848
303	305
303	307
303	321
303	327
303	338
303	339
303	364
303	370
303	372
303	385
303	389
303	665
303	735
303	832
304	304
304	312
304	316
304	318
304	321
304	326
304	343
304	345
304	354
304	355
304	362
304	363
304	369
304	371
304	379
304	380
304	382
304	383
304	384
304	386
304	387
305	306
305	307
305	310
305	312
305	318
305	321
305	330
305	334
305	345
305	351
305	357
305	367
305	389
305	477
305	657
305	752
305	857
305	958
306	306
306	309
306	317
306	323
306	326
306	330
306	335
306	344
306	358
306	361
306	369
306	384
306	393
306	398
306	617
306	780
307	309
307	317
307	319
307	327
307	331
307	332
307	338
307	359
307	363
307	364
307	376
307	384
307	394
307	398
307	508
307	734
307	876
307	987
308	311
308	313
308	314
308	318
308	331
308	332
308	337
308	343
308	344
308	351
308	355
308	357
308	373
308	378
308	388
308	389
308	390
308	391
308	396
308	668
308	765
308	790
308	881
308	968
309	312
309	315
309	316
309	336
309	344
309	370
309	373
309	377
309	388
309	389
309	398
309	500
309	655
309	923
309	943
310	311
310	320
310	330
310	331
310	334
310	335
310	348
310	349
310	379
310	385
310	397
310	398
310	427
310	430
310	500
310	608
310	636
310	818
310	854
311	321
311	339
311	343
311	351
311	362
311	369
311	380
311	393
311	399
311	640
311	679
311	734
311	797
311	875
312	320
312	332
312	333
312	343
312	364
312	371
312	375
312	473
312	474
312	549
312	762
312	795
312	933
313	316
313	318
313	323
313	324
313	332
313	341
313	348
313	354
313	369
313	396
313	966
314	320
314	322
314	334
314	343
314	344
314	345
314	351
314	355
314	356
314	357
314	374
314	379
314	385
314	398
314	399
314	622
314	741
315	317
315	322
315	324
315	330
315	340
315	352
315	353
315	358
315	361
315	364
315	368
315	391
315	398
315	550
315	592
315	677
316	335
316	350
316	355
316	360
316	361
316	365
316	366
316	372
316	376
316	384
316	396
316	506
316	583
317	322
317	329
317	334
317	341
317	348
317	367
317	377
317	379
317	386
317	389
317	397
317	399
317	644
317	781
317	842
318	320
318	332
318	344
318	359
318	372
318	383
318	385
318	391
318	397
318	399
318	587
318	758
319	328
319	332
319	339
319	343
319	344
319	356
319	382
319	386
319	387
319	389
319	395
319	551
319	557
319	581
319	836
319	932
320	320
320	321
320	331
320	332
320	340
320	348
320	350
320	358
320	367
320	370
320	373
320	379
320	381
320	383
320	389
320	399
321	323
321	341
321	342
321	357
321	360
321	364
321	379
321	380
321	392
321	471
321	677
321	863
321	916
322	327
322	336
322	341
322	349
322	350
322	356
322	358
322	381
322	394
322	500
322	531
322	559
322	729
322	737
322	850
323	327
323	329
323	333
323	342
323	346
323	348
323	353
323	362
323	363
323	379
323	381
323	389
323	468
323	689
323	704
323	731
323	802
323	907
324	330
324	345
324	358
324	360
324	368
324	375
324	392
324	393
324	399
324	404
324	424
324	592
324	677
324	785
324	992
325	328
325	338
325	345
325	352
325	359
325	361
325	375
325	383
325	390
325	391
325	397
325	399
325	448
325	536
325	676
325	697
325	921
326	343
326	344
326	368
326	370
326	379
326	381
326	389
326	397
326	647
326	851
326	956
327	329
327	331
327	332
327	333
327	345
327	349
327	352
327	353
327	358
327	363
327	381
327	385
327	392
327	399
327	896
328	339
328	343
328	345
328	360
328	375
328	378
328	381
328	384
328	385
328	388
328	389
328	401
329	339
329	340
329	343
329	347
329	352
329	368
329	380
329	383
329	390
329	391
329	392
329	393
329	418
329	630
330	331
330	338
330	361
330	367
330	368
330	376
330	392
330	396
330	399
330	439
330	675
330	828
330	940
331	338
331	344
331	345
331	350
331	366
331	439
331	574
331	643
331	698
332	333
332	336
332	337
332	341
332	345
332	348
332	354
332	356
332	359
332	366
332	370
332	396
332	397
332	722
332	813
332	824
333	336
333	340
333	342
333	344
333	345
333	358
333	361
333	366
333	367
333	374
333	380
333	395
333	416
333	728
333	819
334	336
334	339
334	344
334	355
334	370
334	372
334	383
334	390
334	396
334	399
334	401
334	626
334	785
334	847
335	342
335	359
335	369
335	391
335	760
335	778
335	856
335	884
335	986
336	351
336	361
336	363
336	364
336	369
336	373
336	376
336	378
336	379
336	382
336	383
336	384
336	386
336	387
336	388
336	398
336	490
336	704
337	350
337	352
337	353
337	356
337	363
337	364
337	392
337	394
337	395
338	341
338	358
338	392
338	395
338	454
339	354
339	359
339	362
339	399
339	610
339	817
339	818
340	345
340	348
340	351
340	358
340	368
340	369
340	371
340	374
340	375
340	378
340	385
340	394
340	705
340	756
340	848
341	352
341	359
341	364
341	367
341	384
341	389
341	397
341	399
341	581
341	825
341	858
341	920
341	941
341	987
342	353
342	355
342	358
342	360
342	361
342	362
342	376
342	384
342	393
342	394
342	454
343	348
343	358
343	360
343	387
343	397
343	967
344	344
344	350
344	353
344	359
344	378
344	379
344	389
344	390
344	397
344	452
344	800
344	998
345	354
345	356
345	365
345	370
345	377
345	380
345	381
345	394
345	778
346	358
346	360
346	374
346	377
346	386
346	387
346	392
346	570
347	353
347	362
347	386
347	396
347	406
347	441
347	572
347	677
348	351
348	366
348	370
348	374
348	377
348	380
348	384
348	397
348	445
348	466
348	489
348	859
349	373
349	377
349	380
349	381
349	386
349	395
349	555
349	971
350	353
350	354
350	357
350	371
350	543
350	580
350	607
351	369
351	376
351	691
352	366
352	367
352	369
352	370
352	373
352	782
352	985
353	354
353	356
353	372
353	376
353	380
353	382
353	384
353	391
354	357
354	361
354	371
354	372
354	380
354	381
354	384
354	459
354	579
354	737
354	824
355	364
355	651
355	819
355	825
355	884
355	934
356	361
356	362
356	386
356	387
356	389
356	394
356	618
356	653
356	740
356	840
357	358
357	363
357	366
357	376
357	377
357	380
357	384
357	388
357	394
357	396
357	397
357	553
357	991
358	386
358	392
358	455
358	801
358	846
358	953
359	365
359	366
359	368
359	373
359	383
359	384
359	395
359	645
359	654
359	735
359	782
360	378
360	381
360	383
360	389
360	393
360	398
360	482
360	704
360	732
360	745
360	923
361	363
361	369
361	372
361	378
361	379
361	813
361	865
361	885
361	911
361	940
361	956
361	987
362	364
362	371
362	374
362	377
362	380
362	384
362	385
362	393
362	647
362	699
362	848
363	371
363	373
363	379
363	387
363	389
363	544
363	615
363	790
363	794
363	998
364	368
364	371
364	374
364	385
364	390
364	397
364	606
364	679
364	970
365	372
365	382
365	643
365	730
365	829
365	941
366	366
366	369
366	378
366	384
366	392
366	393
366	792
366	881
366	959
367	371
367	372
367	382
367	383
367	394
367	547
367	556
367	652
367	805
367	923
368	371
368	376
368	381
368	385
368	391
368	395
368	397
368	425
368	525
368	609
368	709
368	823
368	993
369	373
369	374
369	382
369	383
369	386
369	398
369	475
369	547
369	845
370	385
370	389
370	394
370	398
370	446
370	597
370	791
370	855
370	888
370	990
371	373
371	375
371	379
371	382
371	384
371	389
371	598
371	691
371	827
371	899
371	911
372	393
372	394
372	495
372	589
372	711
372	738
372	836
372	932
373	375
373	379
373	386
373	389
373	392
373	395
373	412
373	499
373	588
373	621
373	753
373	890
373	991
374	384
374	387
374	394
374	449
374	616
375	517
375	791
376	376
376	377
376	382
376	387
376	389
376	390
376	395
376	399
376	438
376	575
376	777
376	973
377	380
377	387
377	393
377	398
377	936
377	983
378	379
378	382
378	391
378	398
378	453
378	675
378	685
378	691
378	825
378	828
378	834
378	869
379	500
379	639
379	815
379	838
380	386
380	387
380	391
380	392
380	393
380	395
380	524
380	752
381	388
381	459
381	541
381	620
381	939
381	951
382	396
382	572
382	687
382	793
382	894
382	898
383	386
383	397
383	399
383	462
384	388
384	392
384	395
384	398
384	469
384	492
384	791
385	392
385	394
385	561
385	668
385	694
385	746
385	922
386	387
386	399
386	406
386	412
386	557
386	787
386	852
386	986
387	390
387	392
387	395
387	396
387	397
387	399
387	584
387	910
388	394
388	395
388	570
388	598
388	667
388	679
388	761
388	762
388	962
388	998
389	393
389	394
389	396
389	443
389	463
389	704
389	724
389	730
389	869
390	395
390	396
390	397
390	496
390	671
390	935
391	395
391	429
391	564
391	852
391	919
391	932
392	398
392	399
392	481
392	501
392	679
392	783
392	844
392	904
392	968
393	453
393	504
393	646
394	633
394	641
394	732
395	396
395	399
395	631
395	939
395	993
396	513
396	779
396	962
397	531
398	465
398	490
398	626
398	647
398	805
399	463
399	466
399	630
400	408
400	412
400	417
400	419
400	423
400	433
400	448
400	454
400	457
400	462
400	468
400	473
400	475
400	492
400	493
400	494
400	496
400	697
400	767
400	884
401	402
401	404
401	409
401	417
401	421
401	427
401	448
401	451
401	460
401	463
401	468
401	475
401	479
401	480
401	482
401	492
401	495
401	721
401	908
402	405
402	412
402	417
402	420
402	437
402	462
402	465
402	467
402	469
402	470
402	474
402	479
402	490
402	497
402	670
402	732
402	931
403	430
403	439
403	441
403	445
403	448
403	456
403	469
403	495
403	522
403	685
403	731
403	765
403	887
404	404
404	431
404	433
404	437
404	449
404	453
404	458
404	464
404	467
404	474
404	484
404	486
404	487
404	489
404	962
405	406
405	410
405	434
405	435
405	440
405	448
405	451
405	458
405	460
405	466
405	472
405	487
405	492
405	494
405	732
406	416
406	428
406	437
406	456
406	468
406	490
406	499
406	954
406	962
407	429
407	434
407	435
407	440
407	443
407	449
407	451
407	457
407	470
407	485
407	495
407	497
407	542
407	571
407	628
407	730
407	809
407	989
408	408
408	411
408	413
408	458
408	459
408	461
408	469
408	480
408	483
408	491
408	595
408	659
408	804
408	950
408	963
409	417
409	423
409	425
409	432
409	440
409	454
409	456
409	464
409	465
409	469
409	474
409	480
409	484
409	485
409	636
409	714
409	853
409	869
409	930
409	951
410	410
410	419
410	431
410	434
410	450
410	453
410	477
410	478
410	485
410	496
410	502
410	562
410	693
410	807
410	935
410	950
410	966
411	413
411	419
411	428
411	432
411	443
411	454
411	462
411	473
411	487
411	488
411	493
411	510
411	558
411	576
411	709
412	422
412	424
412	425
412	428
412	434
412	443
412	452
412	458
412	460
412	469
412	472
412	473
412	481
412	495
412	497
412	648
412	851
412	939
413	431
413	433
413	455
413	458
413	472
413	475
413	476
413	479
413	484
413	490
413	496
413	497
413	934
414	430
414	434
414	439
414	440
414	451
414	454
414	475
414	482
414	488
414	489
414	498
414	722
414	805
415	418
415	419
415	428
415	438
415	444
415	455
415	475
415	484
415	487
415	641
415	665
415	673
415	907
416	425
416	426
416	431
416	447
416	451
416	461
416	472
416	485
416	488
416	495
416	948
417	423
417	429
417	448
417	449
417	456
417	458
417	462
417	474
417	482
417	487
417	497
417	531
417	604
417	804
418	423
418	424
418	434
418	438
418	462
418	468
418	475
418	479
418	481
418	483
418	485
418	486
418	487
418	495
418	526
418	564
418	996
419	422
419	427
419	449
419	451
419	453
419	466
419	472
419	834
420	426
420	427
420	428
420	438
420	454
420	456
420	465
420	482
420	485
420	490
420	497
421	423
421	426
421	429
421	431
421	440
421	443
421	452
421	454
421	467
421	469
421	474
421	492
421	493
421	497
421	499
421	931
422	433
422	437
422	444
422	448
422	458
422	464
422	466
422	471
422	479
422	482
422	498
422	716
422	789
422	843
422	929
423	430
423	445
423	455
423	477
423	479
423	487
423	489
423	494
423	495
423	615
423	698
423	876
424	438
424	439
424	448
424	450
424	451
424	463
424	469
424	481
424	489
424	491
424	520
424	536
424	632
424	673
424	880
425	430
425	433
425	439
425	457
425	465
425	467
425	469
425	472
425	481
425	487
425	488
425	494
425	510
425	597
425	631
425	635
426	432
426	436
426	456
426	457
426	458
426	459
426	475
426	484
426	485
426	496
426	553
426	908
426	969
426	993
427	454
427	464
427	472
427	492
427	497
427	498
427	499
427	639
427	721
427	761
427	997
428	437
428	439
428	455
428	456
428	457
428	460
428	475
428	479
428	488
428	497
428	498
428	685
428	846
428	875
428	886
428	889
428	931
428	991
429	431
429	432
429	439
429	443
429	451
429	452
429	459
429	463
429	468
429	487
429	498
429	640
429	774
430	448
430	453
430	477
430	484
430	489
430	491
430	739
430	748
430	917
430	961
431	440
431	442
431	458
431	459
431	461
431	464
431	467
431	470
431	496
431	497
431	498
431	654
431	729
431	766
431	834
431	882
432	433
432	437
432	439
432	454
432	462
432	466
432	467
432	472
432	494
432	579
432	586
432	590
432	901
432	932
432	979
433	446
433	451
433	452
433	466
433	467
433	470
433	478
433	491
433	567
433	572
433	687
433	714
433	760
433	908
433	973
434	434
434	435
434	445
434	446
434	451
434	465
434	481
434	482
434	488
434	570
434	684
434	732
434	808
434	865
434	870
434	915
434	924
435	447
435	456
435	458
435	461
435	471
435	474
435	482
435	487
435	496
435	823
435	863
435	873
436	437
436	438
436	471
436	472
436	473
436	482
436	499
436	520
436	523
436	694
436	920
437	450
437	452
437	469
437	488
437	493
437	614
437	667
437	770
437	884
437	918
437	977
438	445
438	464
438	465
438	473
438	480
438	482
438	495
438	498
438	827
439	441
439	450
439	451
439	454
439	455
439	457
439	461
439	473
439	486
439	495
439	498
439	613
439	664
439	763
440	448
440	452
440	457
440	459
440	461
440	462
440	489
440	493
440	499
440	603
440	721
440	766
440	835
441	455
441	457
441	474
441	484
441	488
441	497
441	646
441	989
442	468
442	486
442	487
442	491
442	750
443	448
443	450
443	454
443	457
443	458
443	459
443	468
443	469
443	472
443	480
443	494
443	498
443	818
443	825
444	447
444	455
444	462
444	494
444	709
444	724
444	774
444	804
445	460
445	466
445	483
445	484
445	489
445	493
445	494
445	495
445	605
445	729
446	451
446	456
446	457
446	472
446	473
446	474
446	494
446	499
446	831
446	908
447	448
447	454
447	462
447	464
447	471
447	472
447	485
447	488
447	555
447	662
447	889
448	455
448	458
448	472
448	477
448	489
448	490
448	493
448	532
448	645
448	687
449	451
449	453
449	457
449	460
449	464
449	468
449	469
449	478
449	488
449	493
449	494
449	496
449	555
449	782
450	451
450	453
450	458
450	463
450	472
450	476
450	482
450	489
450	492
450	541
450	556
450	913
451	466
451	469
451	471
451	484
451	485
451	492
451	733
451	742
451	751
451	792
451	824
452	455
452	456
452	458
452	459
452	476
452	477
452	478
452	491
452	815
452	841
453	454
453	457
453	487
453	489
453	491
453	495
453	619
453	624
453	786
453	873
454	454
454	463
454	471
454	474
454	477
454	491
454	493
454	494
454	495
454	497
454	942
454	999
455	461
455	463
455	465
455	481
455	488
455	489
455	497
455	498
455	559
455	621
455	683
455	713
455	740
455	770
455	772
455	872
456	458
456	462
456	467
456	470
456	477
456	560
456	955
457	457
457	471
457	482
457	601
457	776
457	816
457	872
457	967
458	474
458	488
458	489
458	494
458	571
458	712
458	877
459	461
459	462
459	466
459	468
459	473
459	474
459	481
459	485
459	487
459	493
459	610
459	930
459	961
460	472
460	474
460	479
460	496
460	514
460	612
461	464
461	482
461	485
461	486
461	487
461	490
461	946
462	477
462	484
462	486
462	490
462	495
462	617
463	466
463	477
463	482
463	488
463	885
464	467
464	474
464	491
464	495
464	497
464	636
464	936
465	475
465	479
465	488
465	610
465	623
465	640
465	802
466	484
466	487
466	496
466	668
466	904
466	938
467	476
467	494
467	497
467	498
467	542
467	654
467	737
467	851
467	905
467	994
468	470
468	483
468	485
468	753
468	755
468	797
469	475
469	488
469	491
469	556
469	596
470	474
470	476
470	488
470	755
470	761
470	875
470	920
471	483
471	490
471	494
471	496
471	670
471	738
472	473
472	477
472	483
472	491
472	578
472	968
473	488
473	492
473	498
473	515
473	781
473	925
474	475
474	479
474	482
474	490
474	682
474	768
475	490
475	753
476	477
476	483
476	496
476	660
476	874
476	919
477	478
477	739
478	482
478	490
478	498
478	581
478	698
478	758
479	488
479	499
479	865
479	926
479	965
480	484
480	506
480	560
480	790
480	857
480	871
480	910
481	486
481	487
481	488
481	497
481	977
482	490
482	719
482	769
482	898
482	958
482	976
483	491
483	523
483	868
483	895
483	968
484	490
484	567
484	645
484	899
484	964
485	488
485	495
485	498
485	499
485	631
485	634
485	768
485	856
485	881
486	489
486	490
486	598
486	973
487	512
487	646
487	774
487	788
487	796
488	496
488	726
488	827
488	942
488	948
489	495
489	498
489	622
489	663
489	701
490	721
490	736
491	492
491	497
491	693
492	498
493	496
494	496
494	722
494	766
494	812
495	537
495	830
495	902
495	999
496	497
496	499
496	589
496	790
496	848
496	913
498	655
498	659
498	748
499	668
499	694
499	706
499	863
500	504
500	506
500	521
500	524
500	531
500	532
500	533
500	537
500	556
500	587
500	590
500	593
500	929
501	504
501	521
501	530
501	531
501	537
501	558
501	561
501	589
501	597
501	708
501	961
502	508
502	511
502	522
502	525
502	527
502	558
502	567
502	571
502	590
502	591
502	595
502	596
502	638
502	844
502	915
503	508
503	525
503	531
503	532
503	533
503	545
503	546
503	548
503	551
503	553
503	562
503	578
503	580
503	590
503	658
504	507
504	515
504	519
504	528
504	538
504	541
504	549
504	555
504	556
504	563
504	565
504	571
504	572
504	576
504	595
504	599
504	623
504	655
504	842
505	507
505	518
505	521
505	532
505	539
505	540
505	541
505	549
505	552
505	554
505	558
505	559
505	570
505	571
505	577
505	579
505	580
505	597
505	612
505	662
506	520
506	528
506	531
506	547
506	549
506	584
506	587
506	817
507	519
507	525
507	536
507	539
507	545
507	553
507	568
507	575
507	576
507	579
507	588
507	594
507	597
507	598
508	509
508	513
508	514
508	523
508	524
508	534
508	538
508	561
508	563
508	570
508	587
508	599
508	950
509	514
509	522
509	527
509	529
509	543
509	554
509	560
509	562
509	572
509	576
509	578
509	583
509	585
509	587
509	676
509	852
510	523
510	531
510	539
510	547
510	553
510	562
510	582
510	583
510	587
510	589
510	592
510	595
510	606
510	674
510	757
510	961
511	512
511	515
511	518
511	520
511	524
511	526
511	541
511	543
511	558
511	560
511	561
511	575
511	583
511	584
511	593
511	641
511	690
511	989
512	535
512	544
512	566
512	574
512	576
512	590
512	598
513	517
513	532
513	533
513	536
513	538
513	545
513	556
513	558
513	560
513	563
513	571
513	572
513	574
513	592
513	593
513	628
513	697
513	877
514	533
514	543
514	546
514	552
514	570
514	587
514	593
514	658
514	671
515	515
515	529
515	531
515	534
515	542
515	547
515	552
515	553
515	556
515	563
515	569
515	570
515	579
515	584
515	617
515	715
516	519
516	524
516	533
516	535
516	554
516	556
516	570
516	574
516	594
516	599
516	700
516	795
516	909
517	527
517	541
517	545
517	546
517	548
517	553
517	557
517	565
517	572
517	573
517	599
517	693
517	743
517	762
518	522
518	523
518	524
518	525
518	536
518	542
518	546
518	560
518	576
518	577
518	581
518	582
518	592
518	741
518	809
519	539
519	545
519	548
519	556
519	567
519	580
519	588
519	589
519	595
519	637
519	874
520	522
520	525
520	526
520	530
520	538
520	542
520	547
520	550
520	555
520	559
520	570
520	581
520	585
520	588
520	593
520	659
521	526
521	536
521	541
521	544
521	551
521	555
521	563
521	574
521	578
521	583
521	588
521	856
521	870
522	522
522	524
522	538
522	549
522	552
522	553
522	557
522	560
522	570
522	577
522	586
522	592
522	596
522	991
523	524
523	527
523	531
523	538
523	540
523	567
523	577
523	597
523	715
523	798
523	899
523	987
524	532
524	539
524	540
524	544
524	548
524	550
524	556
524	560
524	562
524	573
524	575
524	576
524	597
524	598
524	624
524	846
525	526
525	527
525	531
525	537
525	552
525	553
525	558
525	565
525	566
525	579
525	586
525	591
525	605
526	527
526	529
526	537
526	541
526	543
526	560
526	561
526	572
526	577
526	581
526	590
526	592
526	598
526	831
526	843
527	539
527	549
527	576
527	586
527	590
527	689
527	727
527	834
527	877
528	536
528	537
528	542
528	544
528	551
528	558
528	561
528	563
528	582
528	593
528	621
528	813
528	834
529	529
529	530
529	533
529	539
529	555
529	558
529	566
529	569
529	574
529	580
529	595
529	874
529	983
530	530
530	532
530	541
530	552
530	557
530	567
530	575
530	581
530	591
530	642
530	799
531	537
531	547
531	549
531	552
531	555
531	556
531	564
531	567
531	577
531	582
531	809
532	533
532	555
532	557
532	577
532	585
532	591
532	592
532	595
532	756
532	757
532	795
532	806
532	945
532	957
532	988
533	545
533	556
533	565
533	576
533	583
533	586
533	597
533	601
533	654
534	540
534	552
534	559
534	561
534	563
534	585
534	590
534	596
534	599
534	852
534	956
535	559
535	564
535	577
535	579
535	589
535	590
535	593
535	829
536	547
536	555
536	557
536	564
536	567
536	569
536	586
536	588
536	591
536	594
536	597
536	731
536	749
537	537
537	546
537	554
537	557
537	565
537	569
537	580
537	594
537	810
537	871
537	921
537	944
537	967
538	551
538	553
538	561
538	582
538	850
538	893
539	540
539	545
539	553
539	559
539	561
539	562
539	565
539	598
539	733
539	945
539	949
539	998
540	559
540	563
540	572
540	578
540	579
540	581
540	599
540	705
540	976
541	545
541	557
541	558
541	564
541	567
541	578
541	579
541	582
541	592
541	593
541	614
541	631
541	654
542	542
542	544
542	550
542	552
542	558
542	562
542	572
542	581
542	588
542	593
542	595
542	596
542	759
543	557
543	559
543	563
543	565
543	568
543	575
543	577
543	582
543	585
543	586
543	594
543	596
543	610
543	689
544	546
544	561
544	566
544	577
544	585
544	592
544	593
544	599
544	765
544	847
545	550
545	551
545	553
545	560
545	561
545	562
545	571
545	572
545	580
545	587
545	588
545	593
545	921
546	563
546	587
546	603
546	759
546	837
546	948
546	952
546	966
546	968
547	549
547	564
547	566
547	593
547	599
547	765
548	563
548	564
548	574
548	581
548	585
548	590
548	841
549	551
549	552
549	560
549	565
549	587
549	594
549	683
549	851
549	884
549	985
550	550
550	571
550	578
550	585
550	588
550	591
550	597
550	790
551	553
551	556
551	565
551	574
551	576
551	582
551	591
551	593
551	599
552	552
552	554
552	562
552	566
552	567
552	568
552	573
552	599
552	846
553	556
553	558
553	568
553	572
553	578
553	579
553	620
553	970
554	559
554	561
554	562
554	585
554	587
554	589
554	591
554	598
554	666
554	678
555	560
555	563
555	569
555	575
555	577
555	578
555	583
555	589
555	592
555	594
555	609
555	640
555	654
555	797
555	868
555	987
556	557
556	563
556	569
556	573
556	577
556	588
556	599
556	773
556	852
557	557
557	561
557	562
557	563
557	567
557	569
557	579
557	586
557	589
557	591
557	592
557	752
557	817
557	879
557	901
558	564
558	585
558	590
558	752
558	841
558	956
559	563
560	572
560	596
560	597
560	794
561	576
561	582
561	590
561	596
561	599
561	665
561	797
561	858
561	945
561	958
562	569
562	572
562	573
562	575
562	589
562	590
562	595
562	651
562	917
562	941
563	568
563	573
563	575
563	579
563	587
563	595
563	642
564	564
564	578
564	581
564	597
564	875
564	948
565	576
565	578
565	580
565	596
566	570
566	581
566	583
566	596
566	878
566	915
566	925
566	947
567	569
567	572
567	577
567	590
567	595
567	596
567	807
567	883
567	940
568	575
568	577
568	582
568	584
568	586
568	591
568	884
568	913
569	570
569	579
569	589
569	597
569	680
569	750
569	755
569	809
569	857
569	999
570	579
570	588
570	594
570	598
570	599
570	635
570	678
570	795
570	811
570	965
571	572
571	576
571	577
571	589
571	592
571	593
571	598
571	622
571	667
571	759
571	769
572	577
572	579
572	592
572	596
572	649
572	787
573	576
573	578
573	589
573	598
573	854
574	574
574	578
574	584
574	585
574	586
574	591
574	615
574	700
574	798
575	583
575	586
575	591
575	663
575	911
575	934
576	582
576	591
576	593
576	594
576	596
576	832
577	578
577	586
577	594
577	595
577	753
577	807
577	938
578	579
578	585
578	593
578	595
578	704
579	591
579	595
579	603
579	615
579	676
579	686
579	933
580	580
580	581
580	585
580	591
580	626
580	715
580	886
581	596
581	598
581	697
582	937
582	957
583	583
583	597
583	832
583	989
584	584
584	589
584	590
584	593
584	599
584	746
584	963
585	594
585	595
585	596
585	659
585	739
586	590
586	591
586	595
586	941
588	601
588	673
588	690
588	769
588	904
588	930
589	589
589	596
589	770
589	907
590	592
590	595
590	929
590	953
591	599
591	949
591	997
592	593
592	702
592	804
593	598
593	833
593	905
594	596
594	684
594	717
594	874
595	825
596	598
596	632
597	654
597	683
597	753
597	768
597	867
597	905
597	975
598	640
598	997
599	725
599	773
599	778
599	805
599	873
599	970
600	617
600	618
600	626
600	629
600	644
600	647
600	649
600	655
600	670
600	671
600	676
600	680
600	687
600	689
600	742
600	920
601	610
601	628
601	643
601	644
601	646
601	647
601	654
601	655
601	660
601	662
601	675
601	678
601	697
601	705
601	956
601	968
602	605
602	609
602	612
602	613
602	625
602	641
602	642
602	653
602	654
602	665
602	675
602	680
602	682
602	687
602	691
602	695
602	699
602	794
603	618
603	621
603	624
603	634
603	636
603	673
603	682
603	685
603	687
603	926
604	607
604	612
604	634
604	640
604	644
604	652
604	668
604	670
604	694
604	695
604	696
605	605
605	615
605	628
605	654
605	655
605	666
605	673
605	675
605	687
605	692
605	767
605	953
605	968
606	615
606	621
606	628
606	629
606	632
606	641
606	647
606	650
606	653
606	693
606	696
606	697
607	624
607	630
607	635
607	645
607	648
607	655
607	664
607	665
607	672
607	675
607	680
607	681
608	611
608	613
608	630
608	634
608	641
608	642
608	667
608	669
608	697
608	790
608	866
608	897
608	907
609	611
609	617
609	654
609	656
609	658
609	662
609	675
609	688
609	887
609	959
609	996
610	622
610	632
610	642
610	646
610	655
610	660
610	676
610	685
610	698
610	809
611	626
611	635
611	656
611	684
611	685
611	828
612	623
612	627
612	654
612	661
612	667
612	676
612	680
612	941
613	623
613	642
613	652
613	654
613	661
613	666
613	672
613	676
613	686
613	698
613	849
613	885
614	623
614	624
614	639
614	640
614	659
614	661
614	664
614	666
614	671
614	683
614	684
614	695
614	699
614	939
615	626
615	654
615	668
615	669
615	672
615	673
615	687
615	773
615	948
616	621
616	626
616	634
616	641
616	642
616	647
616	648
616	651
616	691
616	696
616	914
617	623
617	635
617	636
617	639
617	647
617	655
617	657
617	658
617	660
617	685
617	696
617	699
617	894
617	999
618	621
618	624
618	629
618	632
618	639
618	651
618	658
618	659
618	666
618	680
618	681
618	692
618	694
618	785
619	641
619	657
619	665
619	675
619	687
619	697
619	762
619	931
619	982
620	629
620	635
620	636
620	641
620	644
620	649
620	656
620	666
620	670
620	679
620	688
620	691
620	696
620	699
620	701
621	622
621	626
621	628
621	637
621	648
621	651
621	657
621	658
621	661
621	664
621	668
621	675
621	676
621	686
621	692
621	863
622	627
622	632
622	639
622	643
622	644
622	648
622	665
622	666
622	670
622	672
622	684
622	690
622	741
622	996
623	625
623	653
623	655
623	682
624	634
624	635
624	636
624	641
624	658
624	660
624	666
624	671
624	674
624	677
624	684
624	692
624	896
625	631
625	639
625	642
625	651
625	653
625	656
625	658
625	659
625	660
625	667
625	677
625	683
625	684
625	685
625	691
625	699
625	730
626	627
626	631
626	637
626	643
626	649
626	652
626	661
626	662
626	670
626	673
626	706
626	818
626	905
627	627
627	628
627	633
627	651
627	653
627	659
627	660
627	669
627	672
627	673
627	686
627	697
627	698
627	986
628	629
628	637
628	638
628	639
628	643
628	644
628	648
628	653
628	669
628	678
628	681
628	694
628	695
628	696
629	629
629	631
629	635
629	640
629	654
629	659
629	663
629	671
629	678
629	679
629	681
630	633
630	635
630	645
630	671
630	678
630	680
630	684
630	685
630	828
631	636
631	637
631	644
631	645
631	676
631	682
631	684
631	689
631	690
631	696
631	912
631	957
632	632
632	642
632	646
632	651
632	670
632	671
632	672
632	674
632	676
632	677
632	683
632	684
633	642
633	651
633	653
633	665
633	666
633	675
633	699
633	883
633	915
633	937
634	667
634	668
634	672
634	692
634	740
634	844
634	961
635	642
635	644
635	647
635	648
635	654
635	667
635	669
635	679
635	685
635	690
635	691
635	715
635	813
635	893
636	640
636	646
636	656
636	659
636	661
636	674
636	681
636	690
636	695
636	698
636	699
636	892
636	957
637	646
637	650
637	652
637	659
637	662
637	665
637	805
637	846
637	918
638	641
638	643
638	648
638	659
638	660
638	662
638	668
638	681
638	690
638	691
638	692
638	693
638	694
638	697
638	929
639	642
639	644
639	661
639	663
639	665
639	666
639	676
639	687
639	691
639	753
640	656
640	678
640	685
640	686
640	689
640	691
640	775
640	873
641	646
641	651
641	652
641	653
641	661
641	669
641	672
641	678
641	683
641	691
641	693
641	699
641	791
642	644
642	678
642	679
642	686
642	690
642	691
642	692
642	693
642	697
642	698
642	952
642	996
643	648
643	650
643	659
643	663
643	667
643	673
643	678
643	688
643	942
644	651
644	653
644	673
644	686
644	760
644	809
644	813
644	860
645	654
645	655
645	657
645	664
645	671
645	688
645	696
646	653
646	659
646	669
646	679
646	685
646	695
646	790
646	859
647	658
647	660
647	662
647	667
648	661
648	665
648	666
648	673
648	675
648	683
648	699
648	802
648	885
648	919
649	656
649	662
649	672
649	677
649	795
650	652
650	655
650	658
650	666
650	687
650	690
650	691
650	699
651	664
651	676
651	677
651	680
651	689
651	690
651	693
651	699
651	802
651	869
651	965
652	676
652	678
652	776
652	809
653	668
653	670
653	673
653	674
653	679
653	688
653	692
653	693
653	699
653	777
653	862
653	930
653	945
654	658
654	661
654	669
654	677
654	683
654	692
654	699
654	731
655	663
655	664
655	668
655	673
655	675
655	678
655	683
655	691
655	706
655	775
655	779
656	671
656	672
656	674
656	678
656	696
656	902
657	670
657	673
657	692
658	659
658	672
658	676
658	679
658	699
658	784
658	806
659	670
659	671
659	697
659	844
659	927
660	662
660	674
660	677
660	679
660	681
660	686
660	692
660	694
660	741
660	937
661	668
661	682
661	684
661	693
661	695
661	846
661	878
662	690
662	693
662	694
662	695
662	870
662	881
662	900
662	996
663	667
663	672
663	677
663	683
663	692
663	695
663	764
663	852
663	954
664	666
664	678
664	679
664	691
664	856
664	893
664	975
664	986
665	667
665	668
665	689
665	697
665	773
665	949
665	976
666	666
666	668
666	675
666	676
666	806
667	672
667	676
667	680
667	687
667	692
667	697
667	934
668	670
668	676
668	685
668	688
668	698
668	791
668	995
669	671
669	687
669	688
669	690
669	691
669	693
669	696
669	697
669	841
670	672
670	681
670	682
670	683
670	688
670	697
670	698
670	815
670	969
671	675
671	689
671	695
671	774
671	879
671	943
671	993
672	678
672	679
672	681
672	688
672	772
672	996
673	673
673	693
673	694
673	794
674	680
674	690
674	692
674	697
674	922
675	675
675	682
675	684
675	689
675	694
675	821
675	823
675	869
676	684
676	738
677	682
677	685
677	686
677	687
677	695
678	681
678	685
678	694
678	698
678	699
678	851
678	875
678	933
679	691
679	694
679	708
680	680
680	682
680	687
680	689
680	716
680	777
681	691
681	694
681	695
681	696
681	776
681	813
681	878
681	934
682	953
683	816
683	976
684	765
684	776
684	866
684	940
685	689
685	694
685	835
685	945
686	694
686	981
687	688
687	916
688	813
688	922
688	934
688	968
689	695
689	730
689	828
689	995
690	909
690	918
691	695
691	703
692	698
692	735
692	764
692	825
692	830
693	725
693	766
693	803
693	821
694	695
694	743
694	747
694	786
695	798
695	877
696	986
697	709
697	866
697	954
698	698
698	766
698	835
698	973
698	986
699	725
699	801
700	701
700	706
700	708
700	710
700	713
700	727
700	740
700	760
700	762
700	765
700	770
700	777
700	779
700	784
700	787
700	788
700	798
700	868
700	946
701	703
701	711
701	715
701	725
701	730
701	735
701	747
701	749
701	752
701	759
701	768
701	769
701	777
701	780
701	791
701	797
702	710
702	726
702	729
702	749
702	756
702	765
702	774
702	775
702	776
702	777
702	779
702	787
702	917
702	929
703	703
703	705
703	706
703	716
703	717
703	722
703	731
703	735
703	739
703	744
703	746
703	758
703	776
703	778
703	786
703	790
703	799
703	836
703	875
704	708
704	715
704	720
704	721
704	729
704	730
704	732
704	737
704	742
704	743
704	751
704	767
704	788
704	793
704	844
704	972
705	717
705	719
705	722
705	746
705	747
705	750
705	753
705	764
705	765
705	771
705	773
705	776
705	791
705	792
705	793
705	797
705	858
706	738
706	739
706	746
706	761
706	769
706	865
707	713
707	726
707	739
707	741
707	744
707	745
707	751
707	770
707	771
707	787
707	789
707	892
707	901
707	907
707	919
708	714
708	715
708	718
708	721
708	737
708	739
708	766
708	796
708	799
708	875
708	940
708	955
708	996
709	723
709	730
709	735
709	736
709	739
709	749
709	750
709	755
709	759
709	766
709	776
709	792
709	795
710	714
710	716
710	729
710	730
710	731
710	738
710	740
710	746
710	773
710	775
710	785
710	786
710	788
710	793
710	895
710	938
711	728
711	731
711	744
711	751
711	753
711	761
711	762
711	766
711	779
711	782
711	794
711	796
712	716
712	744
712	750
712	762
712	763
712	766
712	767
712	779
712	781
712	782
712	785
712	791
712	793
712	794
713	714
713	723
713	728
713	742
713	746
713	757
713	775
713	778
713	787
713	793
713	890
714	727
714	730
714	740
714	746
714	748
714	754
714	755
714	770
714	785
714	789
714	954
715	716
715	719
715	721
715	725
715	747
715	752
715	754
715	767
715	769
715	773
715	782
715	784
715	790
715	796
715	799
716	719
716	720
716	732
716	737
716	742
716	745
716	749
716	753
716	759
716	763
716	772
716	783
716	788
716	795
716	870
717	718
717	721
717	730
717	737
717	753
717	754
717	771
717	782
718	719
718	722
718	723
718	730
718	731
718	735
718	739
718	740
718	766
718	767
718	768
718	777
718	791
718	795
718	796
718	971
719	722
719	725
719	736
719	741
719	761
719	763
719	766
719	772
719	779
719	781
719	788
719	789
719	794
719	799
720	728
720	732
720	739
720	746
720	753
720	764
720	768
720	771
720	773
720	774
720	785
720	797
720	798
720	821
721	728
721	731
721	750
721	775
721	776
721	778
721	779
721	782
721	786
721	790
721	909
722	726
722	729
722	732
722	752
722	753
722	773
722	787
722	798
723	723
723	724
723	734
723	737
723	745
723	751
723	760
723	776
723	782
723	785
723	786
723	787
723	790
723	791
723	961
723	976
724	726
724	731
724	737
724	753
724	759
724	762
724	764
724	769
724	771
724	783
724	787
724	789
724	790
724	797
724	897
725	729
725	733
725	748
725	751
725	753
725	756
725	760
725	767
725	786
725	791
725	975
726	731
726	740
726	752
726	753
726	771
726	782
726	791
726	796
727	736
727	742
727	743
727	750
727	751
727	755
727	772
727	784
727	799
727	919
727	940
728	734
728	747
728	749
728	753
728	777
728	780
728	786
728	787
728	792
728	831
728	838
728	947
729	741
729	745
729	757
729	771
729	783
729	785
729	787
729	789
729	794
729	798
730	740
730	744
730	749
730	761
730	766
730	768
730	775
730	789
730	792
730	798
730	837
731	731
731	740
731	755
731	761
731	769
731	773
731	774
731	776
731	779
731	788
731	792
731	797
731	869
732	733
732	740
732	747
732	755
732	758
732	760
732	766
732	771
732	783
732	820
732	853
733	737
733	766
733	772
733	787
733	790
733	791
734	734
734	740
734	746
734	753
734	755
734	777
734	782
734	784
734	792
734	903
734	992
735	737
735	746
735	751
735	752
735	753
735	767
735	773
735	794
736	740
736	741
736	744
736	746
736	749
736	755
736	761
736	789
737	742
737	748
737	763
737	764
737	767
737	787
737	797
737	934
737	935
738	738
738	742
738	746
738	747
738	755
738	760
738	764
738	777
738	786
739	750
739	753
739	762
739	766
739	774
739	780
739	973
740	746
740	747
740	761
740	781
740	785
740	917
741	747
741	748
741	752
741	756
741	776
741	790
741	792
741	796
741	798
741	806
741	990
742	745
742	751
742	755
742	764
742	780
742	786
742	789
742	790
742	799
742	861
743	746
743	747
743	756
743	765
743	768
743	780
743	785
743	787
743	789
743	796
743	962
744	749
744	757
744	758
744	760
744	767
744	769
744	771
744	778
744	782
744	787
744	793
744	794
744	795
744	797
744	898
745	752
745	753
745	758
745	759
745	766
745	770
745	772
745	782
745	788
745	932
746	748
746	749
746	755
746	768
746	772
746	783
746	784
746	824
746	971
747	751
747	753
747	760
747	771
747	776
747	787
747	792
747	798
747	914
748	765
748	767
748	770
748	775
748	776
748	783
748	788
748	798
748	799
748	851
749	756
749	767
749	770
749	772
749	775
749	794
749	897
749	974
750	750
750	753
750	767
750	775
750	781
750	782
750	787
750	953
750	954
751	772
751	784
751	785
751	790
751	981
752	757
752	760
752	769
752	772
752	879
752	987
753	758
753	760
753	767
753	770
753	772
753	781
753	789
753	790
753	794
753	922
754	760
754	774
754	796
755	763
755	766
755	768
755	774
755	775
755	781
755	783
755	792
755	797
755	799
755	867
755	921
756	761
756	776
756	781
756	793
756	794
756	798
756	815
756	930
756	997
757	760
757	765
757	773
757	779
757	796
757	797
757	850
757	896
757	945
757	955
758	761
758	762
758	763
758	772
758	774
758	782
758	784
758	789
758	793
758	796
758	798
758	980
759	761
759	765
759	768
759	784
759	787
759	788
759	789
759	797
759	798
759	838
759	998
760	763
760	770
760	771
760	774
760	784
760	795
761	765
761	767
761	778
761	786
761	787
761	790
761	797
761	884
762	772
762	779
762	784
762	790
762	792
762	798
762	970
762	994
763	763
763	765
763	767
763	776
763	781
763	848
764	769
764	772
764	775
764	779
764	782
764	787
764	799
764	816
764	923
765	772
765	775
765	787
765	794
766	767
766	771
766	776
766	793
766	798
767	779
767	797
767	977
767	997
768	769
768	772
768	773
768	779
768	781
768	782
768	783
768	784
768	785
768	793
768	797
768	879
769	793
769	797
770	775
770	781
770	782
770	786
770	790
770	791
770	798
770	804
770	866
771	779
771	787
771	800
771	860
772	782
772	848
772	975
773	773
773	779
773	787
773	788
773	792
773	793
773	844
774	823
775	906
776	795
776	927
776	956
777	793
777	795
777	798
777	910
777	983
778	779
778	780
778	785
778	787
778	793
778	794
778	796
778	798
779	783
779	785
779	797
780	784
780	793
780	885
781	790
781	794
782	789
782	793
782	868
783	783
783	790
783	886
783	889
784	791
784	797
784	948
785	979
786	791
786	797
786	814
787	791
787	796
787	798
787	827
787	858
788	795
788	845
789	790
789	793
789	817
790	790
790	791
790	792
790	799
790	905
791	865
792	793
792	794
792	798
793	796
793	797
793	799
793	842
794	925
795	796
797	869
798	861
800	802
800	806
800	807
800	845
800	858
800	864
800	873
800	879
800	885
800	888
800	893
800	898
800	984
801	814
801	815
801	821
801	823
801	830
801	854
801	859
801	865
801	875
801	880
801	882
801	886
801	895
801	896
801	897
802	803
802	805
802	815
802	824
802	827
802	832
802	837
802	842
802	851
802	861
802	869
802	886
802	895
803	809
803	826
803	828
803	834
803	843
803	845
803	852
803	857
803	859
803	867
803	868
803	871
803	874
803	877
803	879
803	882
803	888
804	805
804	812
804	819
804	821
804	833
804	853
804	863
804	866
804	868
804	871
804	881
804	884
804	885
804	886
804	898
805	808
805	811
805	812
805	821
805	826
805	831
805	832
805	846
805	858
805	872
805	879
805	884
805	951
806	815
806	822
806	826
806	828
806	837
806	839
806	841
806	845
806	848
806	859
806	864
806	865
806	871
806	877
806	881
806	885
806	886
806	888
807	809
807	810
807	811
807	813
807	816
807	821
807	822
807	833
807	847
807	850
807	890
807	891
807	892
808	810
808	811
808	829
808	849
808	851
808	858
808	868
808	875
808	883
808	884
808	891
809	811
809	819
809	822
809	852
809	856
809	864
809	874
809	875
809	879
809	882
810	811
810	817
810	833
810	838
810	845
810	848
810	857
810	868
810	870
810	871
810	880
810	887
810	891
810	892
810	894
810	899
810	931
811	817
811	822
811	828
811	832
811	835
811	837
811	852
811	857
811	865
811	892
812	823
812	839
812	841
812	842
812	843
812	844
812	851
812	857
812	859
812	869
812	880
812	883
812	885
812	889
812	890
812	892
812	895
812	958
813	821
813	822
813	834
813	845
813	859
813	862
813	875
813	885
813	886
813	898
813	921
813	968
814	815
814	817
814	825
814	827
814	832
814	849
814	853
814	860
814	887
814	891
815	830
815	831
815	834
815	836
815	838
815	840
815	846
815	860
815	869
815	872
815	880
815	881
815	883
816	818
816	823
816	830
816	831
816	833
816	834
816	839
816	842
816	846
816	849
816	853
816	862
816	863
816	881
816	888
816	889
816	896
816	899
817	819
817	820
817	821
817	835
817	842
817	843
817	847
817	857
817	859
817	860
817	865
817	869
817	878
817	890
817	891
817	896
817	954
818	835
818	838
818	839
818	848
818	858
818	859
818	864
818	874
818	875
818	888
818	894
818	897
819	827
819	831
819	834
819	836
819	864
819	870
819	875
819	880
819	881
819	883
820	835
820	840
820	841
820	844
820	847
820	853
820	865
820	932
821	822
821	833
821	835
821	845
821	848
821	857
821	860
821	881
821	893
821	894
822	824
822	837
822	839
822	840
822	847
822	848
822	849
822	850
822	853
822	855
822	860
822	863
822	873
822	877
822	879
822	892
822	896
822	964
823	824
823	825
823	828
823	829
823	839
823	854
823	862
823	864
823	865
823	866
823	881
823	888
823	898
824	841
824	842
824	854
824	886
824	891
824	894
825	828
825	838
825	839
825	844
825	857
825	859
825	863
825	865
825	876
825	880
825	884
825	885
825	896
825	897
825	935
825	941
826	833
826	836
826	839
826	857
826	860
826	861
826	863
826	864
826	868
826	869
826	872
826	876
826	878
826	888
826	891
826	894
826	987
827	830
827	832
827	853
827	854
827	870
827	872
827	884
827	889
828	834
828	856
828	868
828	869
828	877
828	880
828	892
828	895
829	834
829	836
829	840
829	845
829	847
829	851
829	856
829	859
829	866
829	878
829	887
829	893
829	894
829	945
830	836
830	848
830	851
830	855
830	870
830	890
830	953
830	959
831	836
831	841
831	842
831	856
831	865
831	867
831	881
831	892
831	962
832	832
832	839
832	845
832	853
832	863
832	870
832	875
832	877
832	883
832	884
832	887
832	890
832	899
832	965
833	837
833	838
833	842
833	843
833	846
833	853
833	855
833	864
833	908
834	834
834	842
834	843
834	844
834	850
834	855
834	860
834	867
834	873
834	883
834	892
834	897
835	853
835	858
835	859
835	873
835	895
835	899
836	838
836	846
836	858
836	871
836	873
836	893
836	964
836	995
837	838
837	844
837	860
837	886
837	889
837	896
837	936
838	841
838	844
838	853
838	866
838	871
838	875
838	885
838	888
838	898
838	899
838	949
839	844
839	848
839	850
839	855
839	876
840	841
840	858
840	866
840	870
840	875
840	877
840	886
840	980
841	842
841	851
841	853
841	855
841	886
841	887
841	894
841	896
842	848
842	866
842	875
842	885
842	976
843	846
843	849
843	851
843	857
843	860
843	888
843	951
844	850
844	863
844	864
844	865
844	875
844	876
844	887
844	890
844	893
844	896
844	935
845	854
845	857
845	859
845	869
845	870
845	871
845	874
845	942
845	984
846	851
846	860
846	862
846	870
846	873
846	882
846	892
846	919
847	851
847	853
847	854
847	873
847	879
847	898
847	904
847	928
848	851
848	858
848	859
848	863
848	872
848	875
848	885
848	892
848	899
849	851
849	858
849	865
849	872
849	880
849	887
849	896
849	928
849	969
850	867
850	869
850	878
850	882
850	883
850	889
850	922
851	852
851	864
851	869
851	880
851	887
851	898
851	907
852	861
852	863
852	872
852	875
852	879
852	880
852	881
852	887
852	889
852	892
852	894
853	856
853	863
853	870
853	877
853	887
853	896
854	863
854	867
854	877
854	892
854	900
854	988
855	866
855	870
855	875
855	879
855	893
855	898
856	865
856	876
856	877
856	878
856	899
857	887
857	896
857	993
857	997
858	860
858	865
858	867
858	868
858	874
858	894
859	865
859	877
859	886
859	889
859	979
860	862
860	873
860	883
860	884
860	893
861	886
862	866
863	874
863	876
863	879
863	882
863	883
863	894
863	895
864	866
864	868
864	881
864	896
864	898
865	866
865	895
866	892
866	975
867	877
867	897
867	899
868	872
868	881
868	895
869	878
869	891
869	893
869	898
870	892
870	939
870	953
870	988
871	881
871	954
872	880
872	893
873	874
873	875
873	893
874	887
874	898
874	966
874	973
875	890
875	893
875	895
875	898
875	909
875	918
876	876
876	893
876	899
876	910
877	880
877	885
877	886
877	891
877	892
877	896
877	897
877	898
878	881
878	898
879	881
879	884
879	885
879	886
879	888
880	883
880	886
880	894
880	895
880	898
880	994
881	883
881	887
881	895
881	943
882	886
882	888
883	885
883	894
883	948
884	887
884	888
884	926
885	887
885	956
886	888
886	891
886	894
887	896
887	899
888	889
888	894
888	895
888	899
890	899
891	954
893	896
893	918
894	929
894	975
895	982
896	898
900	900
900	933
900	949
900	960
900	970
900	973
900	976
900	997
901	902
901	914
901	921
901	924
901	925
901	926
901	930
901	946
901	958
901	961
901	962
901	963
901	978
901	979
901	991
901	992
902	919
902	920
902	924
902	931
902	941
902	946
902	959
902	967
902	969
902	988
902	998
903	906
903	924
903	934
903	936
903	943
903	946
903	951
903	959
903	964
903	965
903	969
903	973
903	975
903	976
903	981
903	985
903	989
903	996
904	908
904	914
904	946
904	951
904	968
904	972
904	975
904	996
905	906
905	910
905	916
905	919
905	928
905	934
905	936
905	939
905	940
905	948
905	955
905	970
905	976
905	977
905	989
906	914
906	920
906	921
906	934
906	936
906	942
906	944
906	951
906	955
906	973
906	999
907	918
907	923
907	927
907	928
907	932
907	933
907	942
907	946
907	966
907	979
907	980
907	995
908	920
908	927
908	934
908	939
908	944
908	955
908	970
908	990
909	911
909	920
909	922
909	939
909	943
909	966
909	986
909	991
909	999
910	921
910	925
910	927
910	933
910	938
910	940
910	947
910	968
910	978
910	981
911	915
911	916
911	917
911	935
911	961
911	963
911	964
911	976
911	986
912	931
912	932
912	935
912	947
912	948
912	966
912	981
912	995
912	996
912	998
913	914
913	915
913	919
913	932
913	944
913	963
913	977
913	992
914	930
914	941
914	943
914	952
914	953
914	956
914	969
914	971
914	979
914	982
914	984
914	994
914	997
915	947
915	948
915	951
915	967
915	968
915	974
915	995
915	998
916	918
916	920
916	921
916	928
916	935
916	938
916	951
916	955
916	959
916	964
916	969
916	976
916	987
916	999
917	925
917	932
917	935
917	939
917	941
917	945
917	950
917	953
917	957
917	969
917	974
917	976
917	978
917	980
918	938
918	941
918	963
918	966
918	970
918	974
918	996
918	998
919	923
919	928
919	931
919	947
919	950
919	960
919	965
919	967
919	969
919	971
919	973
919	979
919	981
919	993
920	926
920	928
920	932
920	945
920	954
920	956
920	965
920	972
920	973
920	978
920	985
920	987
920	991
921	936
921	950
921	953
921	979
921	982
921	983
921	988
922	935
922	940
922	945
922	963
922	965
922	979
922	981
922	983
922	992
923	930
923	936
923	942
923	950
923	958
923	960
923	961
923	965
923	974
923	986
923	987
923	990
923	999
924	927
924	928
924	944
924	955
924	984
924	987
924	993
924	997
924	999
925	964
925	966
925	968
925	973
925	989
925	990
925	994
926	930
926	932
926	934
926	941
926	942
926	944
926	947
926	953
926	963
926	965
926	972
926	982
926	987
926	988
926	994
927	941
927	949
927	954
927	955
927	956
927	957
927	959
927	964
927	971
927	976
927	977
927	985
927	993
928	929
928	939
928	948
928	950
928	952
928	954
928	955
928	973
928	976
928	979
928	983
928	986
928	989
928	996
929	941
929	960
929	962
929	968
929	978
929	993
930	934
930	936
930	943
930	950
930	964
930	973
930	975
930	976
930	977
930	979
930	984
930	986
930	987
930	997
931	935
931	940
931	956
931	966
931	971
931	983
931	987
931	992
931	996
931	999
932	940
932	942
932	944
932	953
932	957
932	968
932	972
932	981
932	993
932	999
933	937
933	942
933	945
933	960
933	964
933	971
933	990
933	998
934	940
934	943
934	944
934	945
934	946
934	953
934	956
934	965
934	967
934	976
934	984
934	997
935	940
935	943
935	946
935	966
935	968
935	970
935	973
935	993
935	994
936	948
936	953
936	963
936	964
936	966
936	985
936	986
936	990
936	993
936	994
936	998
937	969
937	980
937	982
937	989
938	946
938	967
938	975
938	976
938	978
938	985
938	988
939	944
939	950
939	958
939	978
940	945
940	950
940	955
940	966
940	975
940	994
941	946
941	947
941	961
941	967
941	969
941	973
941	989
941	994
942	948
942	953
942	957
942	962
942	973
942	977
942	978
942	983
942	998
943	946
943	953
943	970
943	971
943	975
943	981
943	983
943	990
943	995
943	998
944	952
944	954
944	960
944	969
944	971
944	985
944	988
944	989
944	990
945	945
945	948
945	954
945	968
945	970
945	982
945	985
945	992
946	948
946	949
946	961
946	965
946	970
946	971
946	976
946	977
946	986
946	992
946	994
946	999
947	950
947	959
947	961
947	962
947	987
947	991
947	992
947	998
948	965
948	967
948	970
948	995
949	966
949	975
949	985
949	992
949	993
949	995
950	951
950	958
950	967
950	970
950	972
950	973
950	982
950	983
950	987
950	996
950	998
951	952
951	954
951	958
951	960
951	961
951	965
951	972
951	979
951	990
951	991
952	953
952	954
952	971
952	975
952	978
952	986
952	988
952	998
953	954
953	957
953	960
953	961
953	970
953	977
953	980
953	989
953	996
954	960
954	963
954	966
954	967
954	984
954	999
955	968
955	977
955	987
955	989
955	990
955	994
956	971
956	978
956	979
956	987
956	992
957	957
957	971
957	972
957	973
957	978
957	983
957	989
958	959
958	962
958	964
958	972
958	983
958	986
959	972
959	980
960	965
960	974
960	975
960	979
960	983
960	985
961	963
961	964
961	987
961	995
962	963
962	967
963	967
963	974
963	989
964	965
964	966
964	968
964	983
964	985
964	994
965	972
965	975
965	982
965	990
965	997
966	985
966	989
966	991
967	970
967	979
967	985
967	986
967	999
968	968
968	970
968	974
968	980
968	994
968	999
969	971
969	974
969	980
969	985
970	971
970	976
971	976
971	981
971	982
971	991
971	995
971	997
972	980
972	983
972	997
973	975
973	976
973	992
973	993
974	979
974	983
974	987
974	988
975	984
975	989
975	997
976	984
976	989
976	999
977	981
977	983
977	984
977	986
978	985
979	980
979	982
979	985
979	986
979	990
979	994
979	998
981	993
982	986
982	987
982	994
982	998
983	986
983	999
984	991
984	995
984	999
985	986
985	994
986	997
986	998
987	989
987	993
987	996
987	998
988	997
989	989
989	990
990	996
990	997
990	999
991	991
991	997
992	993
993	997
996	997
996	998
