0	5
0	13
0	25
0	27
0	33
0	34
0	35
0	50
0	51
0	65
0	66
0	79
0	96
0	98
0	518
0	901
1	21
1	22
1	26
1	37
1	43
1	44
1	47
1	50
1	52
1	53
1	57
1	58
1	65
1	67
1	71
1	81
1	88
1	227
1	290
2	16
2	21
2	23
2	30
2	37
2	49
2	53
2	54
2	71
2	76
2	83
2	88
2	92
2	699
2	733
2	877
3	8
3	9
3	21
3	29
3	34
3	38
3	39
3	41
3	43
3	45
3	48
3	53
3	56
3	57
3	63
3	64
3	72
3	73
3	82
3	83
3	85
3	89
3	93
3	96
3	176
3	177
3	277
3	601
4	9
4	11
4	18
4	31
4	36
4	37
4	40
4	44
4	46
4	49
4	50
4	62
4	74
4	76
4	97
4	99
4	344
5	7
5	23
5	34
5	37
5	47
5	53
5	56
5	59
5	60
5	62
5	76
5	77
5	90
5	93
5	97
5	631
5	829
6	8
6	9
6	10
6	18
6	19
6	20
6	22
6	38
6	43
6	46
6	48
6	52
6	57
6	60
6	67
6	70
6	76
6	80
6	88
6	382
6	412
6	576
6	886
7	7
7	8
7	9
7	18
7	19
7	21
7	22
7	25
7	31
7	36
7	38
7	53
7	55
7	60
7	71
7	76
7	79
7	82
7	88
7	89
7	96
7	525
8	11
8	13
8	15
8	28
8	32
8	36
8	56
8	58
8	59
8	62
8	68
8	74
8	75
8	76
8	77
8	263
8	336
8	805
9	10
9	16
9	17
9	20
9	25
9	30
9	32
9	33
9	34
9	49
9	58
9	66
9	70
9	72
9	75
9	77
9	89
9	90
9	92
10	18
10	40
10	41
10	46
10	48
10	51
10	57
10	71
10	76
10	85
10	90
10	91
10	95
10	97
10	520
10	616
10	789
11	21
11	28
11	44
11	46
11	65
11	73
11	76
11	84
11	87
11	88
11	98
11	242
11	726
12	20
12	28
12	30
12	33
12	34
12	39
12	48
12	56
12	74
12	76
12	96
12	670
13	32
13	41
13	45
13	47
13	48
13	53
13	55
13	56
13	65
13	66
13	67
13	72
13	75
13	76
13	78
13	89
13	92
13	95
13	98
13	102
13	620
13	969
14	19
14	22
14	39
14	41
14	45
14	48
14	57
14	64
14	78
14	79
14	98
14	100
14	290
14	607
15	20
15	35
15	39
15	41
15	43
15	56
15	59
15	62
15	65
15	82
15	92
15	95
15	96
15	97
16	17
16	19
16	22
16	30
16	44
16	46
16	50
16	54
16	59
16	70
16	82
16	266
16	992
17	19
17	20
17	33
17	41
17	50
17	53
17	58
17	64
17	73
17	80
17	81
17	93
17	99
18	20
18	21
18	22
18	23
18	24
18	30
18	42
18	47
18	58
18	61
18	62
18	65
18	70
18	76
18	77
18	84
18	89
18	90
18	97
19	23
19	33
19	34
19	44
19	46
19	47
19	48
19	54
19	58
19	59
19	95
19	98
19	197
20	25
20	26
20	28
20	32
20	34
20	35
20	37
20	39
20	40
20	55
20	59
20	63
20	66
20	67
20	76
20	80
20	81
20	86
20	87
20	91
20	92
20	93
20	99
20	937
21	29
21	31
21	40
21	42
21	43
21	44
21	48
21	50
21	55
21	68
21	71
21	83
21	85
21	95
21	582
21	880
22	33
22	37
22	46
22	57
22	58
22	59
22	62
22	63
22	64
22	66
22	68
22	69
22	77
22	82
22	89
22	90
22	92
22	96
22	489
23	33
23	51
23	65
23	69
23	83
23	87
23	95
23	97
23	299
23	388
23	679
23	804
23	827
24	28
24	32
24	35
24	41
24	43
24	46
24	57
24	63
24	76
24	79
24	91
24	97
24	438
25	25
25	30
25	32
25	37
25	48
25	78
25	83
25	87
25	91
25	94
25	322
25	329
25	390
25	829
26	31
26	36
26	37
26	41
26	42
26	47
26	52
26	53
26	55
26	64
26	69
26	70
26	71
26	73
26	89
26	694
26	760
27	32
27	56
27	63
27	73
27	80
27	86
27	88
27	89
27	96
27	339
27	535
27	567
28	31
28	35
28	38
28	39
28	40
28	41
28	43
28	53
28	55
28	58
28	63
28	74
28	80
28	83
28	98
28	591
28	929
29	53
29	54
29	68
29	70
29	76
29	77
29	79
29	86
29	96
29	679
29	798
30	34
30	39
30	46
30	53
30	68
30	73
30	80
30	86
30	93
30	101
30	427
30	915
31	37
31	56
31	75
31	78
31	88
31	89
31	91
31	94
31	97
31	273
31	459
31	633
31	983
32	40
32	43
32	55
32	81
32	87
32	96
32	700
33	37
33	45
33	48
33	59
33	64
33	69
33	71
33	79
33	93
33	962
34	38
34	40
34	51
34	58
34	62
34	65
34	66
34	71
34	77
34	78
34	87
34	94
34	98
35	53
35	57
35	60
35	61
35	64
35	66
35	70
35	71
35	73
35	74
35	93
35	98
35	99
35	213
35	330
35	522
36	37
36	39
36	41
36	42
36	44
36	46
36	47
36	50
36	53
36	72
36	73
36	83
36	98
36	477
36	603
36	696
37	38
37	43
37	60
37	65
37	75
37	87
37	88
37	662
38	38
38	41
38	42
38	43
38	45
38	47
38	49
38	55
38	56
38	64
38	73
38	88
38	90
38	314
38	967
39	48
39	50
39	59
39	65
39	71
39	72
39	81
39	83
39	86
39	99
39	421
40	40
40	43
40	50
40	51
40	63
40	77
40	80
40	91
40	98
40	99
40	536
40	701
41	49
41	58
41	61
41	81
41	85
41	93
41	154
41	574
42	45
42	51
42	59
42	60
42	62
42	75
42	79
42	80
42	84
42	86
42	89
42	450
43	47
43	52
43	53
43	54
43	63
43	64
43	66
43	67
43	69
43	74
43	85
44	46
44	64
44	67
44	73
44	77
44	87
44	89
44	154
44	294
44	355
44	957
45	49
45	50
45	52
45	53
45	55
45	61
45	75
45	81
45	86
45	87
45	191
45	371
45	495
46	56
46	66
46	70
46	71
46	74
46	77
46	95
46	96
46	936
47	48
47	57
47	66
47	70
47	81
47	83
47	331
47	425
47	489
48	54
48	56
48	58
48	65
48	68
48	71
48	86
48	89
48	95
48	96
48	99
49	51
49	53
49	54
49	56
49	64
49	65
49	74
49	76
49	77
49	78
49	79
49	81
49	95
49	911
50	52
50	53
50	55
50	57
50	62
50	73
50	88
50	98
50	311
50	444
50	610
51	52
51	63
51	78
51	79
51	91
51	93
51	130
52	55
52	56
52	60
52	66
52	68
52	71
52	77
52	81
52	99
52	133
52	294
52	501
52	900
53	55
53	62
53	63
53	72
53	80
53	82
53	91
53	95
53	96
53	189
53	397
53	708
53	730
53	923
54	58
54	64
54	65
54	69
54	71
54	83
54	90
54	896
55	61
55	62
55	67
55	79
55	81
55	82
55	86
55	88
55	585
55	812
55	977
56	57
56	70
56	75
56	84
56	86
56	98
56	155
56	174
56	882
57	62
57	71
57	81
57	90
57	337
57	783
58	84
58	86
58	116
58	515
59	69
59	90
59	98
59	127
59	217
59	257
60	64
60	65
60	67
60	75
60	81
60	87
60	92
60	93
60	95
60	98
60	631
61	86
61	88
61	97
61	647
62	70
62	94
63	64
63	73
63	77
63	96
63	143
63	193
63	277
63	710
63	982
64	65
64	81
64	87
64	92
64	809
64	911
65	67
65	69
65	70
65	81
65	83
65	87
65	91
65	93
65	94
65	250
65	291
66	74
66	78
66	87
66	88
66	90
66	96
67	67
67	71
67	75
67	82
67	93
67	95
67	359
67	442
67	783
68	72
68	76
68	78
68	90
68	674
68	967
69	76
69	81
69	83
69	90
70	81
70	92
71	77
71	78
71	99
71	285
71	624
71	927
72	85
72	96
72	846
72	903
73	75
73	78
73	79
73	80
73	86
73	89
73	92
73	97
73	552
73	640
73	707
74	80
74	94
74	651
74	745
75	92
75	95
75	130
75	708
76	79
76	81
76	84
76	95
76	166
76	594
77	77
77	88
77	89
77	93
77	745
78	79
78	83
78	86
78	88
78	89
78	96
78	579
79	82
79	86
79	90
79	97
79	855
80	84
80	85
80	93
80	409
80	740
80	936
81	87
81	97
81	383
81	767
82	85
82	92
82	94
82	97
83	84
83	92
83	98
83	99
83	319
83	681
84	85
84	92
84	96
84	585
84	799
85	88
85	93
85	94
85	990
86	91
86	97
86	280
86	427
87	92
87	768
88	90
88	94
89	90
89	151
90	91
90	97
90	375
91	92
91	98
91	139
93	96
93	289
94	97
94	98
95	331
95	449
96	97
96	99
96	516
96	814
97	98
98	748
99	327
100	102
100	105
100	132
100	134
100	141
100	144
100	153
100	160
100	177
100	184
100	185
100	190
100	196
100	632
101	103
101	104
101	109
101	116
101	126
101	130
101	132
101	134
101	137
101	150
101	156
101	159
101	166
101	169
101	170
101	177
101	189
102	109
102	118
102	121
102	124
102	126
102	132
102	139
102	140
102	146
102	151
102	153
102	159
102	162
102	169
102	178
102	185
102	196
102	199
102	901
102	912
103	115
103	138
103	140
103	144
103	145
103	147
103	148
103	165
103	166
103	168
103	170
103	173
103	188
103	190
103	194
103	198
103	278
103	279
103	317
103	545
103	621
103	934
104	107
104	110
104	114
104	117
104	126
104	131
104	137
104	138
104	143
104	151
104	157
104	171
104	172
104	179
104	192
104	314
104	333
104	680
104	907
104	964
105	107
105	116
105	126
105	127
105	142
105	147
105	153
105	159
105	161
105	163
105	176
105	180
105	181
105	188
105	198
105	199
105	360
105	735
106	106
106	109
106	118
106	121
106	125
106	127
106	137
106	140
106	144
106	155
106	156
106	159
106	164
106	168
106	230
107	107
107	111
107	117
107	118
107	120
107	123
107	129
107	133
107	134
107	136
107	137
107	138
107	141
107	155
107	156
107	160
107	180
107	183
107	204
107	339
108	123
108	129
108	134
108	137
108	152
108	155
108	156
108	163
108	164
108	170
108	178
108	182
108	185
108	187
108	194
108	198
108	594
108	801
108	828
108	958
109	110
109	114
109	126
109	131
109	139
109	140
109	146
109	147
109	150
109	152
109	153
109	164
109	165
109	167
109	190
109	280
109	570
109	660
110	126
110	133
110	137
110	153
110	163
110	168
110	176
110	181
110	182
110	184
110	190
110	198
111	115
111	122
111	128
111	130
111	134
111	138
111	147
111	149
111	153
111	157
111	168
111	176
111	191
111	194
111	198
111	288
111	365
112	132
112	162
112	175
112	179
112	180
112	195
112	197
112	387
112	475
112	542
112	693
112	719
112	890
113	127
113	142
113	146
113	149
113	153
113	160
113	162
113	170
113	179
113	180
113	187
113	188
113	193
113	194
113	196
113	199
113	384
113	720
113	783
114	121
114	135
114	139
114	140
114	141
114	142
114	154
114	156
114	158
114	161
114	166
114	177
114	178
114	194
114	199
114	546
115	123
115	132
115	134
115	137
115	141
115	151
115	152
115	174
115	180
115	194
115	873
116	123
116	139
116	144
116	159
116	185
116	186
116	188
116	191
116	195
116	315
116	707
117	118
117	129
117	133
117	134
117	137
117	139
117	145
117	149
117	158
117	162
117	169
117	170
117	172
117	176
117	197
117	580
118	132
118	136
118	143
118	148
118	159
118	172
118	184
118	185
118	188
118	189
118	197
118	199
118	980
119	124
119	133
119	148
119	150
119	156
119	161
119	178
119	189
119	193
119	504
119	668
120	121
120	126
120	128
120	133
120	138
120	155
120	158
120	170
120	171
120	172
120	175
120	185
120	370
121	123
121	124
121	131
121	135
121	138
121	153
121	156
121	157
121	168
121	190
121	191
121	488
122	126
122	128
122	131
122	136
122	142
122	157
122	164
122	169
122	178
122	181
122	186
122	190
122	195
122	196
122	198
122	199
122	462
122	548
123	123
123	131
123	135
123	142
123	146
123	148
123	152
123	162
123	164
123	182
123	189
123	192
123	199
123	394
124	124
124	127
124	131
124	137
124	138
124	141
124	145
124	169
124	177
124	179
124	185
124	190
124	193
124	195
124	199
124	787
124	931
125	127
125	130
125	135
125	139
125	148
125	159
125	165
125	167
125	197
125	198
125	442
125	576
126	139
126	141
126	144
126	147
126	151
126	157
126	160
126	172
126	175
126	182
126	189
126	193
126	194
126	201
126	231
127	129
127	130
127	131
127	132
127	134
127	138
127	139
127	141
127	150
127	153
127	155
127	162
127	163
127	164
127	165
127	170
127	171
127	176
127	177
127	180
127	181
127	186
127	193
127	328
127	564
128	130
128	136
128	149
128	155
128	158
128	174
128	194
128	197
128	568
129	131
129	134
129	137
129	154
129	163
129	169
129	173
129	175
129	178
129	179
129	183
129	192
129	769
130	133
130	135
130	144
130	148
130	150
130	157
130	177
130	179
131	132
131	144
131	145
131	147
131	152
131	153
131	156
131	159
131	165
131	175
131	185
131	186
131	198
132	133
132	144
132	149
132	152
132	154
132	156
132	161
132	163
132	169
132	171
132	172
132	173
132	176
132	189
132	191
132	425
132	850
132	910
133	136
133	140
133	146
133	148
133	153
133	158
133	167
133	169
133	170
133	171
133	173
133	190
133	192
133	196
133	236
133	601
133	973
134	135
134	136
134	141
134	144
134	147
134	155
134	159
134	165
134	167
134	171
134	176
134	188
134	191
134	194
134	307
134	316
135	139
135	146
135	152
135	178
135	185
135	187
135	189
135	194
135	282
135	953
136	145
136	150
136	151
136	159
136	160
136	161
136	163
136	170
136	177
136	183
136	191
136	192
136	817
136	840
136	901
137	138
137	144
137	146
137	188
137	196
137	385
137	569
138	154
138	158
138	161
138	175
138	178
138	179
138	184
138	195
139	139
139	151
139	170
139	171
139	174
139	193
139	197
139	417
139	612
139	687
140	145
140	161
140	180
140	192
140	275
140	460
140	545
140	987
141	142
141	149
141	154
141	155
141	157
141	170
141	172
141	183
141	187
141	188
141	189
141	191
141	192
141	196
141	198
141	786
142	145
142	149
142	157
142	168
142	169
142	181
142	184
142	191
142	193
142	322
142	348
142	355
142	562
142	959
143	144
143	148
143	156
143	163
143	166
143	168
143	174
143	175
143	179
143	180
143	186
143	189
143	306
143	672
144	146
144	156
144	162
144	169
144	173
144	175
144	177
144	185
144	190
144	196
144	533
144	571
144	629
145	148
145	150
145	151
145	153
145	156
145	158
145	161
145	185
145	186
145	189
145	193
145	195
145	515
145	574
145	776
146	148
146	150
146	151
146	156
146	166
146	180
146	181
146	183
146	189
146	192
146	194
146	614
146	732
147	148
147	149
147	151
147	153
147	154
147	172
147	192
147	193
147	197
148	149
148	150
148	165
148	168
148	179
148	189
148	195
148	219
148	468
149	152
149	154
149	155
149	156
149	168
149	173
149	176
149	178
149	179
149	182
149	183
149	184
149	185
149	189
149	190
149	602
150	156
150	163
150	165
150	168
150	170
150	174
150	175
150	184
150	194
150	893
151	155
151	156
151	157
151	169
151	179
151	180
151	189
151	192
151	194
151	532
151	764
152	182
152	190
152	593
152	792
152	852
153	171
153	173
153	174
153	175
153	176
153	177
153	184
153	188
153	189
153	190
153	370
153	752
154	166
154	174
154	188
154	805
155	157
155	162
155	182
155	185
155	186
155	188
155	190
155	191
155	197
155	358
155	383
155	802
156	158
156	159
156	173
156	177
156	181
156	182
156	242
157	167
157	179
157	195
158	163
158	166
158	170
158	185
158	192
158	199
158	762
159	169
159	176
159	177
159	194
159	195
159	509
159	948
160	161
160	167
160	169
160	178
160	179
160	185
160	192
160	196
161	161
161	162
161	163
161	164
161	166
161	168
161	169
162	170
162	181
162	187
162	190
162	193
162	198
162	212
163	165
163	169
163	171
163	174
163	185
163	195
163	199
163	213
164	164
164	167
164	174
164	572
165	166
165	167
165	170
165	180
165	197
166	168
166	174
166	177
166	178
166	179
166	180
166	193
166	199
166	210
166	233
167	171
167	173
167	175
167	180
167	183
167	188
167	191
167	198
167	340
167	557
168	179
168	182
168	199
168	632
169	172
169	179
169	180
169	197
169	199
169	250
170	174
170	178
170	180
170	187
170	255
170	263
170	983
171	192
171	195
171	196
171	473
172	174
172	179
172	182
172	186
172	190
172	193
172	197
173	180
173	181
173	183
174	180
174	195
174	196
174	197
174	199
174	444
175	181
175	182
175	184
175	194
175	196
175	496
176	176
176	182
176	188
176	192
176	198
176	930
177	185
177	187
177	194
177	199
178	195
178	371
178	664
178	759
179	185
179	195
179	199
179	327
180	180
180	183
180	187
180	340
181	197
181	199
181	200
181	993
182	184
182	250
182	553
183	187
183	188
183	194
183	195
183	833
184	184
184	198
185	185
185	194
185	199
186	187
186	190
186	197
186	288
186	662
186	970
187	196
187	198
187	199
187	385
187	716
188	193
188	197
189	196
190	193
190	194
191	198
191	199
191	934
192	193
192	706
193	194
193	197
193	606
194	578
195	227
195	704
195	932
196	360
196	484
197	199
198	731
198	804
199	302
200	216
200	230
200	238
200	246
200	251
200	259
200	275
200	276
200	277
200	278
200	281
200	283
200	290
200	299
200	382
200	552
200	689
201	203
201	210
201	218
201	221
201	223
201	225
201	243
201	245
201	249
201	250
201	251
201	257
201	260
201	276
201	285
201	295
201	782
202	210
202	212
202	213
202	220
202	233
202	241
202	248
202	251
202	255
202	256
202	273
202	283
202	292
202	585
203	206
203	211
203	213
203	225
203	227
203	230
203	234
203	236
203	238
203	252
203	261
203	268
203	271
203	272
203	276
203	277
203	296
204	207
204	215
204	217
204	218
204	219
204	224
204	226
204	228
204	239
204	241
204	244
204	256
204	260
204	270
204	272
204	283
204	285
204	291
204	294
204	299
204	686
204	841
205	210
205	225
205	238
205	264
205	267
205	268
205	288
205	298
205	716
206	206
206	232
206	233
206	244
206	246
206	249
206	255
206	258
206	260
206	262
206	267
206	287
206	290
206	293
206	298
206	935
207	211
207	212
207	221
207	222
207	226
207	227
207	236
207	242
207	252
207	260
207	267
207	272
207	274
207	277
207	287
207	290
207	379
207	456
208	209
208	223
208	224
208	231
208	232
208	235
208	242
208	247
208	250
208	251
208	262
208	264
208	269
208	282
208	297
208	866
209	211
209	212
209	219
209	221
209	225
209	234
209	241
209	249
209	253
209	255
209	263
209	268
209	269
209	270
209	275
209	286
209	291
209	295
209	296
210	213
210	227
210	231
210	237
210	256
210	262
210	287
210	289
210	293
210	294
210	295
211	226
211	240
211	241
211	265
211	278
211	282
211	287
212	216
212	217
212	229
212	235
212	254
212	261
212	266
212	268
212	269
212	270
212	272
212	280
212	285
212	488
212	652
212	654
212	780
212	914
213	221
213	223
213	226
213	228
213	229
213	236
213	240
213	245
213	254
213	257
213	261
213	264
213	278
213	289
213	297
213	473
214	223
214	225
214	226
214	232
214	246
214	268
214	272
214	283
214	285
214	295
214	855
215	232
215	240
215	242
215	252
215	255
215	259
215	268
215	269
215	279
215	281
215	287
215	299
215	517
215	522
216	218
216	238
216	239
216	240
216	248
216	253
216	256
216	262
216	263
216	265
216	281
216	293
216	297
216	414
216	505
216	578
217	224
217	226
217	235
217	240
217	243
217	244
217	253
217	256
217	257
217	262
217	267
217	275
217	276
217	279
217	283
217	286
217	287
218	222
218	225
218	234
218	239
218	243
218	244
218	249
218	260
218	262
218	265
218	266
218	281
218	282
218	283
218	285
218	296
218	402
219	227
219	243
219	246
219	248
219	252
219	261
219	263
219	270
219	271
219	274
219	280
219	296
219	299
219	358
219	374
219	993
220	223
220	229
220	231
220	234
220	245
220	253
220	259
220	264
220	269
220	270
220	278
220	284
220	290
220	294
220	872
221	227
221	229
221	238
221	239
221	240
221	243
221	249
221	257
221	271
221	277
221	278
221	283
221	292
221	293
221	299
221	340
222	238
222	240
222	241
222	250
222	252
222	254
222	258
222	282
222	290
222	295
222	362
222	573
223	227
223	233
223	240
223	241
223	242
223	244
223	249
223	250
223	251
223	255
223	258
223	264
223	277
223	283
223	296
223	929
224	235
224	237
224	241
224	243
224	248
224	253
224	262
224	282
224	287
224	288
224	292
225	232
225	234
225	237
225	249
225	252
225	257
225	258
225	260
225	270
225	271
225	272
225	275
225	287
225	289
225	296
225	297
225	298
225	657
225	974
226	247
226	250
226	255
226	264
226	267
226	290
226	291
226	294
226	502
226	598
227	230
227	233
227	234
227	235
227	238
227	245
227	249
227	255
227	263
227	273
227	276
227	280
227	285
227	289
227	922
227	989
228	230
228	235
228	256
228	260
228	272
228	273
228	278
228	279
228	283
228	286
228	287
228	289
228	293
228	295
229	229
229	239
229	250
229	254
229	264
229	274
229	275
229	281
229	283
229	285
229	295
230	233
230	236
230	245
230	247
230	251
230	252
230	262
230	265
230	267
230	274
230	275
230	289
230	292
230	295
230	407
231	232
231	233
231	237
231	239
231	252
231	257
231	264
231	279
231	289
231	292
231	295
231	297
231	554
231	885
232	237
232	241
232	243
232	261
232	262
232	293
232	299
232	320
233	241
233	245
233	246
233	248
233	253
233	265
233	276
233	281
233	286
233	289
233	516
234	237
234	246
234	247
234	253
234	261
234	264
234	269
234	283
234	295
234	455
235	237
235	243
235	253
235	263
235	264
235	265
235	295
235	296
236	241
236	245
236	247
236	251
236	252
236	273
236	280
236	283
236	289
236	625
237	238
237	240
237	246
237	250
237	255
237	257
237	262
237	269
237	277
237	280
237	284
237	286
237	288
237	289
237	898
238	238
238	241
238	242
238	252
238	254
238	255
238	260
238	261
238	278
238	280
238	289
238	296
238	298
239	241
239	242
239	254
239	258
239	262
239	273
239	281
239	288
239	294
239	295
240	247
240	248
240	267
240	270
240	272
240	277
240	278
240	281
240	282
240	296
241	249
241	251
241	255
241	258
241	264
241	265
241	271
241	276
241	284
241	288
242	246
242	248
242	253
242	270
242	271
242	272
242	287
242	290
242	449
242	807
242	901
243	247
243	263
243	268
243	278
243	279
243	280
243	284
243	285
243	288
243	289
243	292
243	297
244	245
244	268
244	273
244	275
244	279
244	281
244	283
244	289
244	292
244	299
244	885
244	943
245	246
245	249
245	256
245	259
245	260
245	261
245	263
245	267
245	269
245	273
245	275
245	280
245	281
245	291
245	293
245	294
245	295
245	298
245	724
245	815
245	902
246	261
246	267
246	270
246	275
246	278
246	291
246	293
246	298
246	848
247	254
247	257
247	261
247	262
247	265
247	268
247	270
247	271
247	273
247	281
247	285
247	293
247	296
247	304
247	316
247	783
248	249
248	250
248	257
248	258
248	261
248	288
248	290
248	294
248	295
248	338
248	350
248	368
248	989
249	264
249	267
249	270
249	278
249	282
249	292
249	293
249	295
250	269
250	273
250	298
251	257
251	261
251	265
251	266
251	285
251	288
251	289
251	291
251	292
251	294
251	678
251	853
252	259
252	269
252	277
252	278
252	287
252	288
252	296
252	455
253	255
253	273
253	295
253	297
253	953
254	254
254	260
254	263
254	264
254	277
254	286
254	288
254	294
254	295
255	262
255	265
255	268
255	275
255	276
255	289
255	414
256	261
256	268
256	274
256	277
256	282
256	287
256	296
256	299
256	561
256	698
256	737
257	261
257	262
257	267
257	277
257	282
257	285
257	286
257	293
258	259
258	260
258	262
258	283
258	287
258	288
258	299
258	447
258	718
258	913
258	944
259	262
259	268
259	274
259	299
260	268
260	275
260	276
260	278
260	280
260	282
260	291
260	292
260	299
260	794
261	264
261	267
261	275
261	455
262	262
262	263
262	273
262	287
262	288
262	292
262	465
262	984
263	268
263	276
263	280
263	285
263	289
263	291
263	293
263	602
263	926
263	957
264	266
264	267
264	272
264	275
264	288
264	293
264	296
264	984
265	277
265	284
265	285
265	286
265	289
265	942
265	976
266	272
266	287
266	289
266	293
266	453
266	635
267	277
267	280
267	281
267	299
268	278
268	293
268	296
269	273
269	276
269	282
269	287
269	291
269	298
269	299
269	371
269	562
269	982
270	271
270	275
270	285
270	289
270	765
270	780
271	279
271	280
271	290
271	295
271	296
271	297
271	299
271	663
272	279
272	281
272	284
272	288
272	291
272	294
273	276
273	280
273	281
273	283
273	285
273	289
273	298
273	382
273	448
273	729
274	277
274	285
274	289
274	297
274	299
274	340
274	411
274	857
274	960
275	288
275	290
275	291
275	671
275	855
276	281
276	293
276	294
276	295
276	297
276	429
277	277
277	287
277	295
277	422
278	292
278	294
279	282
279	284
279	294
279	299
280	286
280	287
280	296
280	298
280	345
280	679
281	282
281	288
281	290
281	294
281	603
281	639
282	293
282	409
282	738
283	284
283	285
283	294
283	299
283	434
283	725
284	877
285	296
285	299
285	301
285	712
285	962
286	288
286	294
286	503
286	520
286	585
287	298
287	508
287	512
288	289
288	291
288	297
288	431
289	291
289	377
289	638
289	757
290	293
290	294
290	893
290	992
291	298
292	538
293	297
293	299
293	798
294	410
294	464
295	297
296	298
296	853
297	299
297	345
298	886
299	333
299	718
299	738
299	746
299	918
300	308
300	313
300	323
300	340
300	363
300	365
300	369
300	373
300	375
300	383
300	385
300	391
300	977
301	302
301	304
301	311
301	316
301	320
301	344
301	345
301	346
301	359
301	364
301	366
301	374
301	375
301	376
302	306
302	308
302	313
302	318
302	324
302	336
302	352
302	361
302	365
302	369
302	377
302	381
302	385
302	389
302	391
302	392
302	444
302	640
303	310
303	314
303	318
303	324
303	334
303	341
303	342
303	343
303	345
303	346
303	348
303	358
303	363
303	365
303	367
303	373
303	376
303	384
303	386
303	390
303	396
303	850
304	305
304	308
304	338
304	346
304	355
304	361
304	368
304	369
304	372
304	379
304	382
304	383
304	386
304	390
304	391
304	529
304	788
305	312
305	315
305	317
305	361
305	365
305	367
305	369
305	377
305	388
305	391
305	394
305	714
305	918
306	307
306	308
306	310
306	318
306	322
306	323
306	333
306	338
306	344
306	346
306	350
306	363
306	367
306	372
306	373
306	384
306	385
306	391
306	393
306	949
307	309
307	314
307	317
307	318
307	323
307	344
307	347
307	352
307	353
307	362
307	367
307	372
307	377
307	378
307	379
307	380
307	386
307	387
307	466
308	308
308	315
308	327
308	332
308	355
308	357
308	369
308	380
308	389
308	390
308	393
308	399
309	321
309	330
309	332
309	334
309	335
309	337
309	338
309	342
309	344
309	349
309	356
309	357
309	359
309	366
309	376
309	378
309	383
309	388
309	390
309	399
309	897
310	314
310	318
310	322
310	327
310	338
310	362
310	377
310	378
310	379
310	384
310	391
310	394
311	312
311	313
311	314
311	317
311	321
311	322
311	326
311	339
311	340
311	342
311	344
311	346
311	347
311	349
311	353
311	357
311	359
311	360
311	367
311	368
311	375
311	378
311	387
311	390
311	393
311	396
311	492
311	602
311	636
312	323
312	326
312	331
312	342
312	350
312	357
312	362
312	367
312	371
312	377
312	383
312	395
312	399
313	319
313	321
313	322
313	323
313	328
313	331
313	341
313	344
313	345
313	349
313	351
313	353
313	357
313	379
313	380
313	391
313	397
313	700
314	318
314	325
314	328
314	336
314	337
314	338
314	341
314	355
314	357
314	367
314	370
314	378
314	387
314	389
315	320
315	323
315	327
315	329
315	335
315	338
315	339
315	349
315	360
315	373
315	374
315	376
315	388
315	389
315	392
315	396
315	468
316	317
316	322
316	324
316	326
316	330
316	336
316	340
316	342
316	351
316	356
316	358
316	362
316	377
316	384
316	387
316	778
316	874
317	319
317	333
317	337
317	344
317	348
317	350
317	353
317	363
317	368
317	370
317	383
317	389
317	393
317	395
317	397
317	616
318	320
318	334
318	340
318	341
318	342
318	346
318	351
318	359
318	382
318	391
318	636
318	816
319	320
319	323
319	324
319	339
319	344
319	347
319	351
319	363
319	370
319	393
319	395
319	397
320	323
320	326
320	340
320	352
320	363
320	378
320	379
320	384
320	388
320	389
320	399
320	447
320	539
321	323
321	328
321	330
321	333
321	346
321	347
321	349
321	352
321	354
321	367
321	376
321	388
321	390
321	398
322	324
322	326
322	332
322	343
322	352
322	353
322	355
322	357
322	362
322	371
322	382
322	387
322	395
322	397
322	421
323	324
323	330
323	337
323	344
323	351
323	355
323	364
323	371
323	372
323	376
323	377
323	382
323	383
323	392
323	393
323	828
324	329
324	338
324	352
324	353
324	362
324	363
324	367
324	391
324	398
324	479
324	954
325	328
325	329
325	349
325	350
325	357
325	358
325	369
325	374
325	398
325	869
326	348
326	352
326	370
326	371
326	380
326	393
326	394
326	398
326	665
326	674
326	819
327	328
327	335
327	338
327	347
327	357
327	359
327	361
327	367
327	368
327	393
327	394
327	397
327	521
327	664
328	333
328	339
328	346
328	357
328	361
328	363
328	364
328	372
328	385
328	390
328	393
328	397
328	751
328	765
329	332
329	336
329	337
329	342
329	346
329	362
329	363
329	365
329	373
329	380
329	387
329	395
329	500
329	529
330	333
330	338
330	339
330	341
330	344
330	357
330	359
330	365
330	367
330	372
330	373
330	374
330	377
330	381
330	382
330	386
330	390
331	332
331	343
331	344
331	345
331	350
331	351
331	356
331	369
331	380
331	382
331	391
331	398
331	399
332	335
332	338
332	339
332	341
332	342
332	354
332	358
332	362
332	367
332	368
332	371
332	373
332	374
332	387
332	392
332	395
332	409
332	452
332	502
332	511
332	973
332	982
333	333
333	340
333	348
333	350
333	354
333	358
333	361
333	369
333	376
333	378
333	381
334	338
334	347
334	351
334	371
334	372
334	393
334	399
335	338
335	344
335	351
335	355
335	358
335	364
335	371
335	380
335	382
335	384
335	387
335	392
335	393
336	337
336	340
336	345
336	375
336	386
336	388
336	389
336	392
336	398
336	482
337	340
337	343
337	346
337	352
337	353
337	363
337	365
337	379
337	384
337	396
337	820
338	348
338	352
338	355
338	362
338	367
338	375
338	381
338	382
338	389
338	392
338	394
339	345
339	356
339	361
339	370
339	371
339	373
339	375
339	384
339	388
339	396
339	869
340	345
340	346
340	351
340	356
340	362
340	363
340	367
340	374
340	376
340	389
340	390
340	391
340	393
340	394
340	395
340	398
341	349
341	362
341	367
341	379
341	380
341	382
341	385
341	388
341	390
341	396
341	399
342	349
342	351
342	352
342	360
342	362
342	365
342	373
342	377
342	388
342	395
342	397
342	920
343	349
343	352
343	369
343	372
343	382
343	383
343	386
343	388
343	391
343	396
344	348
344	357
344	359
344	360
344	364
344	372
344	373
344	376
344	377
344	380
344	381
344	388
344	394
344	509
344	741
345	350
345	359
345	365
345	366
345	369
345	374
345	382
345	797
346	347
346	354
346	367
346	370
346	373
346	375
346	387
346	388
346	393
346	396
346	398
347	349
347	352
347	353
347	367
347	370
347	372
347	378
347	381
347	386
347	390
347	395
347	474
348	349
348	350
348	360
348	364
348	377
348	384
348	390
348	395
348	429
348	442
348	627
349	351
349	353
349	356
349	371
349	379
349	381
349	384
349	386
349	392
349	625
349	889
350	351
350	357
350	361
350	364
350	368
350	371
350	377
350	378
350	393
350	679
351	351
351	352
351	358
351	360
351	368
351	373
351	383
351	396
352	366
352	372
352	398
352	399
353	364
353	370
353	374
353	378
353	385
353	387
353	395
353	396
353	509
354	359
354	362
354	368
354	369
354	383
354	392
354	507
355	356
355	365
355	368
355	369
355	377
355	386
355	388
355	393
355	394
355	395
355	396
356	364
356	366
356	368
356	369
356	370
356	372
356	376
356	383
356	394
356	395
356	399
357	361
357	366
357	368
357	372
357	377
357	379
357	395
357	397
357	398
357	476
358	366
358	369
358	371
358	373
358	375
358	379
358	380
358	381
358	388
358	396
358	636
358	811
359	360
359	370
359	384
359	385
359	386
359	389
359	390
359	394
360	365
360	380
360	387
360	388
360	390
360	397
360	699
361	364
361	385
361	388
361	406
361	618
362	363
362	366
362	369
362	371
362	373
362	375
362	378
362	387
362	392
362	399
363	371
363	372
363	377
363	378
363	383
363	386
363	394
363	398
363	834
364	380
364	389
364	509
365	366
365	370
365	371
365	378
365	382
365	383
365	384
365	392
365	394
365	398
365	591
366	368
366	371
366	373
366	382
366	386
366	388
367	380
367	384
367	390
367	394
367	395
367	396
367	737
367	774
367	866
367	900
367	953
368	368
368	383
368	391
368	394
369	381
369	386
369	387
369	391
369	393
369	394
369	452
369	471
370	370
370	374
370	375
370	386
370	388
370	742
370	753
371	372
371	374
371	375
371	378
371	379
371	382
371	383
371	386
371	389
372	377
372	393
372	395
372	396
373	374
373	390
373	395
373	560
373	874
373	976
374	375
374	377
374	379
374	447
375	378
375	391
375	393
375	395
375	665
376	381
376	385
376	389
376	399
377	378
377	381
377	383
377	389
377	750
378	385
378	386
378	390
378	399
378	487
378	845
379	380
379	382
379	383
379	384
379	385
379	387
379	394
379	397
379	845
380	381
380	382
380	389
380	393
380	545
381	383
381	384
381	496
382	389
382	394
383	387
383	389
383	390
383	398
384	385
384	387
384	499
384	547
385	397
385	399
385	630
386	394
386	395
386	396
386	550
387	397
387	399
387	402
387	611
387	636
388	398
389	391
389	393
389	394
389	466
389	860
389	867
389	890
390	606
391	396
391	399
391	712
391	760
392	393
392	394
392	396
392	397
392	747
392	871
393	393
394	397
395	905
398	779
398	837
399	760
400	407
400	412
400	448
400	452
400	456
400	465
400	473
400	483
400	490
400	496
400	498
401	403
401	407
401	414
401	418
401	419
401	420
401	421
401	423
401	440
401	441
401	449
401	458
401	460
401	463
401	469
401	472
401	473
401	477
401	485
401	491
401	640
402	402
402	403
402	404
402	412
402	416
402	447
402	451
402	465
402	466
402	468
402	472
402	473
402	477
402	481
402	488
402	495
402	980
403	408
403	409
403	423
403	425
403	426
403	433
403	435
403	443
403	445
403	446
403	455
403	456
403	461
403	467
403	477
403	478
403	479
403	480
403	481
403	489
403	497
403	499
403	604
404	415
404	416
404	420
404	424
404	443
404	448
404	449
404	459
404	464
404	471
404	475
404	476
404	491
404	776
404	925
405	408
405	409
405	421
405	429
405	430
405	435
405	438
405	447
405	449
405	450
405	456
405	457
405	466
405	468
405	470
405	473
405	474
405	484
405	496
406	417
406	419
406	421
406	424
406	432
406	437
406	438
406	440
406	441
406	444
406	454
406	459
406	465
406	498
406	499
406	511
406	656
407	414
407	417
407	420
407	423
407	426
407	428
407	434
407	437
407	442
407	443
407	446
407	448
407	452
407	457
407	458
407	459
407	467
407	469
407	470
407	472
407	475
407	477
407	480
407	485
407	487
407	491
407	542
407	676
408	412
408	417
408	419
408	420
408	421
408	427
408	430
408	435
408	448
408	454
408	461
408	465
408	467
408	477
408	481
408	497
408	589
408	619
408	907
409	417
409	421
409	427
409	430
409	432
409	447
409	459
409	464
409	465
409	467
409	478
409	479
409	480
409	490
409	493
409	497
409	931
410	417
410	419
410	421
410	428
410	438
410	445
410	452
410	459
410	469
410	476
410	487
410	497
410	818
411	419
411	448
411	462
411	471
411	476
411	477
411	480
411	490
412	416
412	430
412	431
412	445
412	453
412	457
412	463
412	473
412	474
412	480
412	490
412	495
413	415
413	425
413	430
413	433
413	446
413	447
413	448
413	456
413	470
413	488
413	491
413	497
413	964
414	418
414	419
414	446
414	448
414	451
414	453
414	455
414	462
414	463
414	469
414	470
414	472
414	476
414	478
414	479
414	481
414	747
415	416
415	418
415	419
415	422
415	433
415	435
415	443
415	449
415	454
415	460
415	461
415	468
415	483
415	488
415	497
415	544
416	422
416	431
416	434
416	435
416	443
416	458
416	461
416	473
416	475
416	477
416	479
416	484
416	494
416	499
416	579
416	775
417	438
417	439
417	446
417	452
417	453
417	454
417	458
417	462
417	479
417	480
417	484
417	486
417	492
417	498
417	499
417	576
417	924
417	946
418	419
418	425
418	427
418	428
418	430
418	437
418	446
418	459
418	464
418	484
419	419
419	420
419	434
419	435
419	441
419	443
419	451
419	454
419	461
419	464
419	479
419	483
419	484
419	485
419	486
419	497
419	733
419	834
420	435
420	436
420	440
420	446
420	447
420	457
420	461
420	484
420	493
421	440
421	443
421	445
421	458
421	460
421	462
421	465
421	473
421	485
421	486
421	487
421	490
421	493
421	498
421	856
421	911
422	430
422	433
422	446
422	451
422	455
422	461
422	468
422	469
422	471
422	472
422	475
422	479
422	486
422	490
422	497
422	854
423	424
423	425
423	427
423	429
423	432
423	447
423	464
423	466
423	478
423	482
423	497
423	888
423	934
424	427
424	434
424	436
424	444
424	468
424	483
424	484
424	485
424	487
424	491
424	495
425	428
425	432
425	433
425	443
425	444
425	458
425	459
425	460
425	464
425	466
425	473
425	480
425	485
425	492
425	495
426	429
426	438
426	439
426	442
426	460
426	468
426	478
426	486
426	488
426	492
426	571
427	435
427	440
427	444
427	447
427	461
427	467
427	474
427	476
427	483
427	485
427	491
427	493
427	718
428	435
428	441
428	445
428	454
428	455
428	457
428	461
428	462
428	467
428	494
428	877
429	429
429	430
429	448
429	455
429	456
429	457
429	459
429	462
429	465
429	466
429	470
429	476
429	488
429	496
430	434
430	442
430	445
430	448
430	452
430	461
430	465
430	474
430	479
430	485
431	433
431	434
431	436
431	452
431	462
431	466
431	477
431	478
431	486
431	490
431	493
431	499
431	502
431	945
432	443
432	447
432	448
432	453
432	456
432	458
432	460
432	463
432	464
432	485
432	489
432	499
432	588
432	740
432	957
432	976
433	438
433	444
433	446
433	447
433	451
433	462
433	467
433	468
433	471
433	481
433	490
433	493
433	496
433	498
433	603
434	464
434	466
434	487
434	490
434	496
435	440
435	443
435	454
435	455
435	459
435	463
435	464
435	473
435	475
435	484
435	486
435	922
436	437
436	445
436	447
436	448
436	456
436	458
436	481
436	487
437	438
437	440
437	441
437	443
437	450
437	453
437	480
437	487
437	495
437	499
437	746
438	438
438	441
438	445
438	446
438	465
438	476
438	479
438	490
438	494
438	669
439	452
439	453
439	460
439	466
439	476
439	496
440	440
440	445
440	459
440	468
440	472
440	475
440	491
440	494
440	496
440	497
441	442
441	447
441	448
441	452
441	453
441	457
441	458
441	461
441	485
441	493
442	444
442	458
442	469
442	477
442	478
442	488
442	489
442	498
442	499
442	634
442	987
443	455
443	467
443	470
443	474
443	478
443	479
443	485
443	486
443	488
443	491
443	492
443	495
443	497
443	499
443	611
443	625
444	446
444	459
444	470
444	474
444	477
444	483
444	485
444	489
444	497
444	498
444	785
445	455
445	461
445	463
445	464
445	466
445	469
445	476
445	481
445	493
445	496
445	987
446	447
446	454
446	455
446	456
446	460
446	469
446	474
446	483
446	485
446	491
446	803
446	895
447	453
447	469
447	476
447	485
447	488
447	490
447	498
447	499
448	455
448	459
448	461
448	466
448	467
448	475
448	479
448	487
448	879
449	454
449	462
449	467
449	482
449	488
449	491
449	499
449	813
450	454
450	455
450	466
450	468
450	469
450	471
450	474
450	476
450	479
450	483
450	485
450	499
450	581
451	454
451	458
451	462
451	470
451	471
451	474
451	483
451	486
451	487
451	489
451	492
451	494
451	497
452	458
452	460
452	463
452	464
452	480
452	482
452	483
452	490
452	494
452	498
452	627
453	460
453	463
453	469
453	470
453	471
453	472
453	476
453	482
453	495
453	711
454	456
454	468
454	474
454	475
454	486
454	495
454	497
455	455
455	457
455	462
455	468
455	470
455	485
455	489
455	492
455	497
455	498
455	695
455	848
456	464
456	466
456	468
456	473
456	476
456	490
456	493
457	458
457	461
457	463
457	465
457	468
457	475
457	484
457	495
457	496
457	813
457	968
458	464
458	471
458	473
458	477
458	488
458	495
458	579
458	896
459	461
459	468
459	480
459	483
459	494
459	497
459	656
459	720
459	905
460	463
460	467
460	469
460	470
460	494
460	498
460	790
460	867
461	461
461	471
461	472
461	477
461	478
461	483
461	497
462	465
462	471
462	474
462	480
462	481
462	482
462	489
462	497
462	498
462	786
462	876
463	468
463	477
463	478
463	488
463	489
463	490
463	491
463	492
463	745
464	476
464	477
464	484
464	494
464	849
465	467
465	470
465	476
465	488
465	493
465	495
465	567
465	805
466	467
466	469
466	470
466	471
466	480
466	481
466	482
466	486
466	495
466	499
466	692
467	469
467	472
467	479
467	481
467	486
467	494
467	495
467	828
468	469
468	471
468	472
468	479
468	482
468	490
468	493
468	494
468	957
469	473
469	476
469	490
469	491
469	494
470	482
470	487
470	494
470	497
471	473
471	475
471	479
471	483
471	487
471	489
471	491
471	495
471	498
472	476
472	477
472	479
472	480
472	482
472	483
472	492
472	497
472	499
472	869
473	492
473	499
473	515
473	766
473	979
473	995
474	481
474	482
474	484
474	489
474	499
474	538
474	567
475	477
475	478
475	479
475	494
476	480
476	492
476	592
476	881
477	483
477	484
477	486
477	488
477	494
477	496
477	546
477	657
478	479
478	487
478	490
478	790
478	887
479	479
479	481
479	491
479	498
480	482
480	486
480	497
481	482
481	488
481	495
482	483
482	488
482	495
483	491
483	493
483	494
484	489
484	491
484	492
484	494
485	495
485	884
486	494
486	495
486	496
486	497
486	704
488	493
488	495
488	742
488	972
489	498
490	491
490	492
490	495
490	498
491	496
491	499
491	505
491	584
491	736
492	494
492	497
492	929
492	991
493	498
494	498
495	496
496	826
500	506
500	509
500	512
500	531
500	534
500	541
500	559
500	563
500	564
500	587
500	589
500	596
501	507
501	521
501	534
501	537
501	538
501	542
501	546
501	554
501	564
501	573
501	586
501	589
501	595
501	898
502	524
502	527
502	528
502	531
502	533
502	536
502	538
502	540
502	542
502	554
502	556
502	557
502	560
502	561
502	569
502	573
502	576
502	579
502	581
502	588
502	595
502	598
502	735
502	905
502	984
503	512
503	514
503	522
503	525
503	527
503	530
503	533
503	539
503	540
503	547
503	554
503	555
503	567
503	568
503	570
503	571
503	572
503	579
503	583
504	511
504	514
504	518
504	523
504	530
504	533
504	535
504	545
504	546
504	549
504	555
504	556
504	568
504	572
504	579
504	580
504	582
504	583
504	591
504	903
505	509
505	514
505	533
505	536
505	540
505	546
505	548
505	549
505	552
505	557
505	565
505	566
505	576
505	599
506	511
506	520
506	523
506	534
506	552
506	556
506	561
506	562
506	564
506	581
507	544
507	566
507	572
507	574
507	577
507	582
507	593
507	594
508	525
508	529
508	533
508	541
508	552
508	553
508	556
508	557
508	559
508	574
508	579
508	585
508	594
509	510
509	513
509	515
509	523
509	525
509	541
509	545
509	548
509	549
509	551
509	556
509	575
509	582
509	583
509	585
509	589
509	592
509	596
509	597
509	639
509	799
509	817
510	522
510	526
510	529
510	531
510	532
510	534
510	536
510	537
510	545
510	547
510	552
510	553
510	556
510	562
510	572
510	574
510	575
510	579
510	582
510	594
510	596
510	780
511	513
511	516
511	521
511	524
511	527
511	530
511	534
511	538
511	541
511	542
511	547
511	549
511	551
511	552
511	556
511	562
511	585
511	596
512	526
512	532
512	542
512	550
512	558
512	564
512	568
512	569
512	577
512	578
512	581
512	586
512	589
512	591
512	594
512	598
513	518
513	524
513	540
513	542
513	550
513	553
513	558
513	561
513	563
513	567
513	570
513	574
513	585
513	589
513	590
513	592
513	595
513	596
514	520
514	523
514	527
514	543
514	564
514	569
514	570
514	577
514	578
514	579
514	583
514	598
514	971
515	516
515	519
515	531
515	544
515	554
515	560
515	563
515	568
515	575
515	888
515	966
516	517
516	520
516	524
516	525
516	537
516	541
516	543
516	552
516	553
516	557
516	559
516	586
517	524
517	526
517	536
517	544
517	546
517	550
517	554
517	559
517	562
517	576
517	577
517	581
517	586
517	588
517	592
517	594
517	599
517	767
518	518
518	529
518	535
518	536
518	540
518	541
518	560
518	576
518	579
518	581
518	592
518	623
518	682
518	699
518	746
519	523
519	540
519	543
519	556
519	563
519	566
519	568
519	569
519	582
519	583
519	586
519	590
519	597
520	525
520	533
520	542
520	550
520	556
520	558
520	564
520	572
520	578
520	581
520	585
520	591
520	593
520	594
520	673
520	979
521	527
521	530
521	534
521	539
521	540
521	580
521	591
521	599
521	826
522	529
522	530
522	547
522	561
522	563
522	565
522	567
522	573
522	587
522	588
523	533
523	557
523	569
523	572
523	573
523	577
523	580
523	592
523	593
523	597
523	599
523	645
523	764
523	924
524	526
524	528
524	531
524	541
524	549
524	554
524	556
524	559
524	565
524	567
524	572
524	584
524	588
525	529
525	532
525	535
525	539
525	545
525	554
525	558
525	562
525	570
525	584
525	592
525	593
525	596
525	597
526	533
526	539
526	554
526	556
526	559
526	572
526	576
526	583
527	542
527	546
527	553
527	560
527	561
527	594
527	597
527	598
527	599
528	529
528	550
528	570
528	573
528	581
528	586
528	589
528	591
528	595
529	536
529	553
529	554
529	557
529	560
529	571
529	574
529	576
529	578
529	579
529	585
529	598
529	599
529	633
530	552
530	554
530	558
530	563
530	567
530	590
530	597
531	543
531	546
531	554
531	558
531	560
531	572
531	576
531	578
531	581
531	585
531	591
531	595
531	926
532	546
532	547
532	571
532	572
532	579
532	588
532	594
532	713
533	537
533	540
533	546
533	547
533	566
533	570
533	586
533	592
534	539
534	547
534	549
534	555
534	562
534	569
534	577
534	581
535	535
535	536
535	541
535	543
535	551
535	553
535	558
535	572
535	581
535	583
535	585
535	586
535	590
535	595
535	620
535	629
535	958
536	538
536	539
536	545
536	554
536	555
536	564
536	580
536	581
536	591
536	595
537	565
537	568
537	575
537	578
537	581
537	582
537	587
537	594
537	596
537	881
538	552
538	563
538	564
538	573
538	579
538	583
538	584
538	598
538	629
538	799
539	544
539	550
539	553
539	557
539	562
539	565
539	567
539	569
539	571
539	576
539	577
539	587
539	779
539	783
540	543
540	545
540	555
540	556
540	568
540	589
540	595
540	598
541	547
541	551
541	559
541	560
541	561
541	568
541	569
541	578
541	588
542	545
542	546
542	548
542	550
542	557
542	558
542	562
542	567
542	581
542	586
542	599
543	544
543	547
543	548
543	559
543	560
543	565
543	566
543	569
543	578
543	579
543	587
543	588
543	589
543	593
543	597
544	555
544	560
544	567
544	570
544	574
544	578
544	579
544	581
544	590
544	594
544	599
544	872
545	556
545	558
545	560
545	591
545	877
546	566
546	569
546	586
546	588
546	597
546	752
547	558
547	559
547	562
547	570
547	573
547	574
547	575
547	576
547	579
547	580
547	583
547	585
547	592
547	728
547	791
548	551
548	556
548	558
548	564
548	565
548	571
548	574
548	599
549	552
549	562
549	574
549	576
549	577
549	584
549	599
549	987
550	552
550	555
550	563
550	570
550	575
550	579
550	585
550	590
550	670
551	554
551	563
551	570
551	574
551	583
551	594
551	598
551	954
552	562
552	569
552	571
552	576
552	585
552	938
552	945
553	555
553	563
553	573
553	575
553	582
553	649
554	557
554	559
554	563
554	565
554	574
554	575
554	577
554	584
554	597
555	555
555	557
555	560
555	561
555	573
555	583
556	559
556	572
556	577
556	584
556	590
556	599
556	649
556	693
557	561
557	566
557	582
557	597
557	598
557	986
558	562
558	564
558	573
558	578
558	649
558	658
559	559
559	560
559	565
559	568
559	572
559	577
559	580
559	581
559	582
559	588
559	589
559	594
559	595
559	599
560	568
560	575
560	582
560	583
560	585
560	588
560	589
560	591
560	593
560	598
560	599
560	699
561	598
562	569
562	570
562	583
562	592
562	877
563	563
563	567
563	570
563	590
563	596
563	597
563	746
564	566
564	571
564	576
564	592
564	922
565	569
565	572
565	584
566	570
566	578
566	579
566	581
566	588
566	593
567	579
567	580
567	587
567	599
567	696
567	976
568	573
568	577
568	586
568	594
568	924
568	944
569	571
569	576
569	583
569	590
569	594
569	597
570	574
570	580
570	588
570	590
570	592
570	594
570	596
570	599
571	573
571	576
571	584
571	595
571	596
571	598
571	765
572	577
572	590
572	595
572	834
573	573
573	587
573	588
573	591
573	597
573	704
574	574
574	581
574	591
574	596
574	598
574	802
574	937
575	581
575	596
575	769
576	576
576	578
576	588
576	930
576	944
577	581
577	582
577	589
577	596
577	601
577	626
577	689
578	581
578	583
578	589
578	597
578	846
578	966
579	581
579	582
579	585
579	590
579	934
580	598
581	586
581	591
581	593
581	596
582	590
582	592
582	593
582	744
583	583
583	588
583	692
584	585
584	591
585	586
585	595
586	587
586	589
587	591
587	593
587	598
587	658
587	754
588	729
588	752
588	998
591	592
591	597
592	596
593	597
593	768
594	597
594	692
594	870
595	596
595	597
595	602
595	800
599	599
600	617
600	624
600	625
600	626
600	648
600	650
600	655
600	661
600	665
600	669
600	677
600	680
600	689
600	691
600	692
600	695
600	698
600	832
601	609
601	610
601	624
601	626
601	639
601	650
601	657
601	658
601	662
601	675
601	679
601	690
601	691
602	609
602	615
602	625
602	648
602	656
602	662
602	663
602	667
602	677
602	678
602	679
602	689
602	694
602	695
602	697
603	604
603	609
603	612
603	613
603	616
603	621
603	623
603	637
603	639
603	641
603	647
603	659
603	661
603	667
603	670
603	671
603	676
603	677
603	678
603	681
603	684
603	690
604	606
604	607
604	609
604	610
604	615
604	617
604	624
604	630
604	632
604	640
604	641
604	652
604	660
604	671
604	672
604	680
604	685
604	688
604	693
604	698
604	905
605	606
605	607
605	611
605	614
605	620
605	624
605	625
605	629
605	631
605	634
605	639
605	642
605	653
605	654
605	655
605	662
605	671
605	674
605	678
605	682
605	694
605	695
605	699
606	613
606	620
606	630
606	633
606	635
606	641
606	644
606	654
606	657
606	659
606	662
606	666
606	680
606	685
606	851
606	990
607	610
607	616
607	617
607	618
607	621
607	625
607	626
607	634
607	637
607	640
607	653
607	657
607	659
607	661
607	669
607	674
607	678
607	680
607	694
607	762
607	838
608	615
608	624
608	637
608	645
608	646
608	652
608	660
608	673
608	678
608	681
608	699
609	613
609	626
609	628
609	630
609	633
609	644
609	661
609	662
609	664
609	670
609	678
609	681
609	683
609	692
609	694
609	698
609	740
609	802
609	817
610	611
610	613
610	626
610	632
610	640
610	641
610	653
610	656
610	659
610	672
610	685
610	698
610	699
611	612
611	613
611	622
611	623
611	626
611	640
611	648
611	655
611	659
611	668
611	679
611	685
611	686
611	697
611	716
612	613
612	615
612	629
612	630
612	640
612	642
612	644
612	647
612	676
612	677
612	679
612	681
612	683
612	687
612	690
612	694
613	614
613	625
613	626
613	628
613	638
613	649
613	657
613	663
613	664
613	681
614	624
614	626
614	631
614	632
614	633
614	634
614	639
614	641
614	648
614	654
614	662
614	677
614	688
614	693
614	694
614	695
614	934
615	617
615	618
615	623
615	633
615	637
615	638
615	644
615	663
615	671
615	679
615	682
615	688
615	691
615	694
615	695
615	699
616	620
616	652
616	660
616	661
616	662
616	664
616	665
616	669
616	670
616	671
616	672
616	681
616	684
616	686
616	689
616	701
617	620
617	636
617	640
617	645
617	650
617	656
617	688
617	692
617	698
618	622
618	624
618	631
618	637
618	656
618	660
618	661
618	674
618	675
618	679
618	686
618	688
618	696
618	699
618	828
619	619
619	636
619	657
619	659
619	663
619	671
619	673
619	676
619	680
619	692
620	623
620	624
620	628
620	631
620	644
620	645
620	646
620	678
620	680
620	681
620	682
620	685
620	695
621	621
621	623
621	627
621	629
621	630
621	631
621	637
621	645
621	658
621	660
621	677
621	685
621	686
621	698
622	628
622	632
622	640
622	648
622	657
622	660
622	672
622	676
622	682
622	684
622	687
622	690
622	696
622	996
623	626
623	628
623	630
623	632
623	641
623	642
623	644
623	654
623	666
623	667
623	671
623	679
623	682
623	686
623	695
623	846
624	625
624	628
624	645
624	646
624	655
624	659
624	665
624	676
624	693
624	694
624	698
625	634
625	640
625	641
625	647
625	650
625	653
625	655
625	657
625	661
625	662
625	664
625	667
625	669
625	674
625	675
625	683
625	692
625	702
625	790
626	637
626	641
626	656
626	661
626	662
626	663
626	665
626	670
626	672
626	677
626	682
626	687
626	690
626	692
626	695
627	630
627	641
627	648
627	654
627	660
627	674
627	678
627	684
627	685
627	686
627	693
628	636
628	668
628	669
628	671
628	677
628	681
628	683
628	684
628	687
628	694
628	698
628	799
629	638
629	641
629	648
629	658
629	659
629	664
629	665
629	676
629	678
629	679
629	689
629	690
629	697
629	998
630	633
630	636
630	637
630	641
630	647
630	652
630	668
630	682
630	694
630	698
630	846
631	637
631	639
631	643
631	644
631	646
631	650
631	652
631	661
631	666
631	667
631	677
631	684
631	688
631	689
631	706
631	738
632	632
632	633
632	647
632	649
632	653
632	664
632	665
632	668
632	690
632	691
632	693
633	634
633	638
633	646
633	656
633	658
633	659
633	669
633	682
633	684
633	685
633	690
633	696
634	643
634	644
634	645
634	649
634	658
634	665
634	668
634	674
634	679
634	680
634	684
634	687
634	694
634	956
635	636
635	648
635	655
635	663
635	665
635	667
635	668
635	675
635	679
635	694
636	642
636	651
636	673
636	675
636	680
636	683
636	685
636	688
636	699
637	637
637	640
637	648
637	652
637	653
637	666
637	667
637	669
637	686
637	694
637	696
638	645
638	648
638	650
638	651
638	655
638	659
638	660
638	662
638	673
638	685
638	693
639	648
639	650
639	658
639	662
639	671
639	677
639	678
639	686
639	689
639	691
639	692
639	693
639	695
640	640
640	648
640	651
640	653
640	662
640	668
640	671
640	675
640	676
640	677
640	680
640	681
640	697
641	643
641	649
641	665
641	667
641	669
641	672
641	683
641	688
641	691
641	695
641	698
642	657
642	658
642	673
642	691
642	694
642	695
643	648
643	672
643	675
643	676
643	683
643	691
644	656
644	657
644	665
644	667
644	670
644	684
644	689
645	645
645	649
645	662
645	665
645	670
645	686
645	688
645	689
645	696
645	915
646	668
646	669
646	676
646	677
646	692
646	694
646	696
647	648
647	658
647	664
647	665
647	666
647	668
647	669
647	670
647	671
647	672
647	681
647	682
648	656
648	659
648	660
648	669
648	676
648	682
648	687
648	688
648	694
648	698
649	654
649	659
649	661
649	679
649	685
649	686
649	689
650	659
650	663
650	670
650	675
650	677
650	679
650	687
650	692
650	695
651	654
651	656
651	668
651	671
651	677
651	687
651	689
651	690
651	692
651	696
651	697
651	749
652	658
652	659
652	663
652	674
652	679
652	680
652	685
652	686
652	688
652	694
653	657
653	672
653	683
653	688
654	656
654	657
654	667
654	669
654	670
654	679
654	688
654	692
654	769
654	854
655	656
655	659
655	670
655	671
655	676
655	679
655	697
655	763
656	659
656	663
656	672
656	674
656	676
656	681
656	686
656	694
657	664
657	669
657	670
657	679
657	687
657	690
658	658
658	667
658	668
658	670
658	692
658	695
658	906
659	664
659	666
659	680
659	685
659	686
659	697
659	788
660	661
660	663
660	665
660	666
660	670
660	675
660	676
660	678
660	680
660	682
660	693
660	698
660	971
661	665
661	668
661	670
661	679
661	680
661	688
661	727
661	875
662	664
662	666
662	672
662	675
662	682
662	689
662	699
662	915
663	668
663	671
663	674
663	675
663	683
663	689
664	665
664	673
664	690
664	693
664	695
665	680
665	686
665	691
665	695
665	696
665	796
666	669
666	674
666	681
666	682
666	686
666	689
666	692
666	784
667	671
667	675
667	677
667	687
667	693
667	695
667	696
667	965
668	674
668	679
668	689
668	690
668	691
669	669
669	670
669	678
669	679
669	680
669	684
669	690
669	692
669	693
669	694
669	695
669	697
669	698
670	687
670	691
670	694
670	696
670	697
670	698
671	687
671	698
671	780
672	675
672	679
672	681
672	682
672	699
672	863
673	675
673	695
674	674
674	677
674	682
674	689
674	699
674	948
675	676
675	683
675	693
675	696
675	836
676	680
676	683
676	692
676	698
677	685
677	689
677	692
677	694
678	686
678	999
679	679
679	681
679	687
679	688
679	697
679	900
680	687
680	695
680	740
681	683
681	698
682	682
682	690
682	750
682	892
683	686
683	687
683	688
683	691
683	694
684	696
684	698
684	914
684	961
685	687
685	699
685	988
686	687
686	693
686	698
686	699
687	687
687	959
688	694
688	696
688	698
688	699
688	894
689	693
690	692
690	695
690	696
690	697
691	850
692	697
692	698
692	699
692	764
693	697
693	698
694	996
695	699
696	983
697	746
697	877
698	699
699	735
700	703
700	708
700	709
700	715
700	723
700	727
700	733
700	740
700	744
700	755
700	760
700	762
700	768
700	771
700	775
700	776
700	790
700	792
700	795
700	819
701	707
701	718
701	734
701	740
701	744
701	748
701	749
701	770
701	772
701	790
701	795
701	799
701	956
702	704
702	712
702	717
702	727
702	730
702	740
702	743
702	744
702	753
702	757
702	762
702	770
702	788
702	790
702	858
703	704
703	706
703	714
703	718
703	722
703	742
703	746
703	749
703	750
703	752
703	754
703	775
703	776
703	782
703	784
703	786
703	787
703	790
703	791
703	798
703	817
703	914
704	715
704	728
704	729
704	731
704	743
704	744
704	745
704	750
704	752
704	759
704	763
704	769
704	771
704	774
704	777
704	780
704	783
704	794
704	795
705	706
705	714
705	720
705	721
705	732
705	742
705	745
705	748
705	750
705	757
705	759
705	767
705	777
705	787
705	793
705	794
706	714
706	720
706	736
706	745
706	754
706	756
706	761
706	770
706	775
706	789
706	795
707	712
707	720
707	725
707	735
707	745
707	753
707	755
707	762
707	767
707	788
707	796
708	711
708	713
708	716
708	718
708	720
708	727
708	733
708	737
708	740
708	744
708	754
708	760
708	761
708	764
708	765
708	769
708	773
708	775
708	790
708	799
708	926
709	712
709	713
709	728
709	735
709	736
709	737
709	748
709	749
709	760
709	769
709	770
709	772
709	774
709	775
709	786
709	789
709	791
709	795
709	922
710	713
710	717
710	724
710	727
710	728
710	737
710	749
710	753
710	759
710	770
710	771
710	778
710	780
710	794
710	824
711	714
711	741
711	755
711	756
711	781
711	782
711	785
711	786
711	798
711	963
712	715
712	720
712	724
712	725
712	726
712	730
712	735
712	736
712	742
712	753
712	757
712	759
712	760
712	766
712	778
712	781
712	784
712	788
712	793
713	727
713	741
713	750
713	756
713	757
713	759
713	761
713	763
713	779
713	780
713	782
713	783
713	789
713	795
714	715
714	754
714	755
714	756
714	760
714	767
714	771
714	773
714	783
714	794
714	798
714	893
714	903
715	719
715	722
715	726
715	731
715	739
715	753
715	755
715	756
715	760
715	778
715	779
715	781
715	785
715	787
715	792
715	796
716	720
716	725
716	726
716	734
716	736
716	741
716	747
716	757
716	767
716	768
716	770
716	771
716	780
716	786
716	790
716	991
717	719
717	720
717	740
717	742
717	747
717	754
717	756
717	761
717	765
717	767
717	775
717	777
717	779
717	783
717	787
718	728
718	739
718	741
718	750
718	751
718	754
718	765
718	767
718	771
718	781
718	782
718	791
718	794
718	795
719	721
719	727
719	733
719	743
719	754
719	755
719	768
719	775
719	776
719	781
719	796
720	722
720	723
720	728
720	732
720	737
720	748
720	750
720	760
720	765
720	772
720	774
720	781
720	785
720	790
720	793
721	730
721	737
721	738
721	751
721	758
721	763
721	773
721	776
721	782
721	787
721	790
721	799
722	725
722	730
722	731
722	746
722	748
722	760
722	780
722	783
722	788
722	794
722	796
723	725
723	727
723	728
723	729
723	730
723	732
723	735
723	738
723	743
723	755
723	764
723	784
723	791
723	793
723	797
724	728
724	730
724	739
724	742
724	748
724	753
724	763
724	776
724	780
725	729
725	736
725	745
725	749
725	758
725	760
725	761
725	762
725	763
725	769
725	779
725	785
725	788
725	791
725	793
726	738
726	747
726	749
726	778
726	779
726	780
726	781
726	852
727	730
727	731
727	733
727	734
727	737
727	739
727	740
727	744
727	748
727	753
727	761
727	768
727	772
727	791
727	924
728	729
728	732
728	736
728	737
728	739
728	751
728	754
728	763
728	772
728	773
728	785
728	787
728	795
728	983
729	738
729	739
729	742
729	754
729	757
729	759
729	761
729	767
729	778
729	794
729	798
730	730
730	732
730	737
730	739
730	749
730	764
730	772
730	775
730	780
730	798
731	736
731	742
731	744
731	747
731	749
731	751
731	754
731	758
731	780
731	787
732	733
732	735
732	738
732	742
732	758
732	760
732	765
732	773
732	776
732	791
733	737
733	738
733	765
733	767
733	773
733	775
733	776
733	793
734	735
734	752
734	760
734	765
734	769
734	782
734	785
734	791
734	794
734	996
735	752
735	754
735	756
735	776
735	777
735	780
735	786
735	798
736	738
736	741
736	748
736	755
736	768
736	778
736	781
736	793
737	741
737	744
737	758
737	781
737	783
737	785
737	789
737	790
737	797
738	738
738	754
738	757
738	760
738	763
738	768
738	774
738	776
738	784
738	787
738	790
738	799
739	741
739	742
739	747
739	748
739	750
739	753
739	773
739	775
739	776
739	777
739	781
739	789
739	790
739	794
739	799
739	866
740	741
740	742
740	750
740	757
740	758
740	768
740	774
740	775
740	778
740	791
740	794
741	749
741	772
741	781
741	786
741	787
741	794
741	796
741	797
741	821
741	959
742	742
742	745
742	754
742	755
742	756
742	761
742	764
742	780
742	783
742	787
742	789
742	794
743	744
743	751
743	753
743	760
743	761
743	765
743	770
743	772
743	773
743	774
743	779
743	782
743	785
743	966
744	748
744	750
744	752
744	756
744	757
744	758
744	762
744	768
744	776
744	778
744	782
744	784
744	793
744	794
745	745
745	749
745	751
745	753
745	754
745	774
745	777
745	785
745	786
745	797
746	748
746	751
746	757
746	766
746	773
746	782
746	783
746	785
746	795
746	799
747	749
747	763
747	771
747	777
747	781
747	794
747	797
748	751
748	755
748	757
748	765
748	766
748	767
748	780
748	782
748	786
748	791
748	793
748	795
748	797
748	798
748	966
749	758
749	773
749	776
749	779
749	797
749	814
750	752
750	760
750	768
750	770
750	774
750	779
750	781
750	783
750	790
750	791
750	798
750	843
751	752
751	762
751	776
751	785
751	791
751	793
751	799
752	752
752	759
752	762
752	769
752	771
752	788
752	791
752	799
753	759
753	764
753	772
753	774
753	791
753	793
753	794
753	797
753	798
753	799
754	754
754	756
754	758
754	773
754	777
754	792
754	798
755	762
755	763
755	773
755	775
755	782
755	783
755	790
755	798
755	984
756	763
756	764
756	765
756	774
756	778
756	787
756	795
756	874
756	886
756	901
757	773
757	775
757	779
757	787
757	791
758	763
758	765
758	771
758	772
758	775
758	776
758	778
758	781
758	792
758	793
759	772
759	778
759	790
759	792
760	761
760	770
760	788
760	794
760	797
760	824
761	766
761	772
761	776
761	794
761	795
762	763
762	764
762	775
762	784
762	798
763	777
763	792
763	796
764	780
764	785
764	786
765	778
765	795
765	796
765	799
765	970
766	766
766	777
766	785
766	788
766	792
767	773
767	774
767	791
767	793
768	769
768	776
768	780
768	782
768	783
768	784
768	790
768	793
768	989
769	781
769	783
769	790
769	796
770	772
770	781
770	787
770	790
770	797
771	774
771	778
771	779
772	781
772	789
772	796
772	961
773	775
773	787
773	794
773	987
774	785
774	791
774	795
774	797
775	778
775	779
775	781
775	789
775	793
775	796
775	798
775	819
776	778
776	779
776	780
776	784
776	785
776	822
776	904
776	942
777	779
777	780
777	783
777	795
777	799
778	782
778	792
779	788
779	796
780	783
780	791
780	919
781	814
781	966
782	784
782	798
783	794
783	979
784	785
784	790
784	795
784	796
784	798
784	799
784	889
785	786
786	787
787	788
787	794
787	795
788	789
790	798
790	799
791	798
792	793
792	795
792	798
793	826
799	918
800	817
800	821
800	831
800	836
800	838
800	841
800	844
800	845
800	847
800	854
800	862
800	883
800	886
800	891
800	894
801	801
801	807
801	811
801	812
801	822
801	834
801	841
801	853
801	859
801	861
801	868
801	870
801	872
801	880
801	891
801	983
802	807
802	811
802	814
802	816
802	827
802	837
802	842
802	860
802	864
802	866
802	867
802	870
802	876
802	877
802	891
802	894
803	807
803	809
803	810
803	813
803	818
803	833
803	834
803	836
803	839
803	840
803	845
803	848
803	849
803	854
803	859
803	868
803	873
803	877
803	878
803	881
803	892
804	818
804	827
804	830
804	837
804	838
804	839
804	852
804	855
804	868
804	875
804	877
804	878
804	898
805	814
805	816
805	817
805	820
805	822
805	828
805	829
805	830
805	855
805	859
805	861
805	872
805	873
805	875
805	877
805	889
805	891
805	892
806	813
806	826
806	831
806	835
806	856
806	870
806	890
806	891
806	899
807	816
807	830
807	839
807	841
807	850
807	864
807	867
807	873
807	874
807	877
807	881
807	886
807	888
807	890
807	891
807	894
807	895
808	813
808	817
808	822
808	824
808	825
808	833
808	844
808	848
808	851
808	855
808	861
808	864
808	865
808	866
808	883
808	889
808	892
808	897
809	810
809	813
809	821
809	828
809	829
809	842
809	846
809	849
809	852
809	856
809	860
809	878
809	880
809	886
809	894
809	898
810	820
810	826
810	829
810	833
810	834
810	839
810	852
810	855
810	881
810	892
811	813
811	821
811	827
811	845
811	853
811	873
811	878
811	884
811	893
811	895
812	826
812	831
812	836
812	846
812	847
812	849
812	859
812	861
812	863
812	865
812	867
812	873
812	880
812	888
812	895
812	899
813	824
813	825
813	830
813	832
813	838
813	845
813	859
813	860
813	872
813	876
813	882
813	895
814	817
814	821
814	828
814	833
814	852
814	854
814	860
814	875
814	882
814	887
814	891
815	817
815	834
815	838
815	851
815	855
815	866
815	871
815	873
815	891
815	893
815	899
815	933
816	817
816	818
816	819
816	822
816	837
816	849
816	854
816	859
816	867
816	868
816	893
817	819
817	829
817	830
817	831
817	834
817	837
817	838
817	840
817	849
817	851
817	856
817	865
817	867
818	819
818	820
818	821
818	828
818	830
818	850
818	855
818	856
818	860
818	862
818	866
818	870
818	876
818	881
818	886
819	831
819	833
819	834
819	837
819	847
819	849
819	861
819	872
819	875
819	876
819	881
819	886
819	887
819	891
819	896
819	897
820	824
820	828
820	843
820	847
820	852
820	853
820	855
820	888
820	891
820	895
821	835
821	837
821	845
821	846
821	856
821	857
821	860
821	865
821	867
821	869
821	870
821	875
821	877
821	878
821	889
821	896
821	913
822	828
822	834
822	835
822	836
822	840
822	841
822	849
822	854
822	863
822	867
822	871
822	874
822	876
822	877
822	885
822	888
822	890
822	892
822	898
823	826
823	830
823	835
823	840
823	841
823	844
823	850
823	852
823	855
823	856
823	860
823	865
823	871
823	889
823	893
823	897
824	833
824	834
824	838
824	844
824	852
824	857
824	858
824	867
824	874
824	876
824	878
824	890
824	898
825	827
825	831
825	836
825	837
825	851
825	854
825	879
825	883
825	884
825	885
825	891
825	899
825	985
826	830
826	835
826	844
826	852
826	869
826	872
826	875
826	880
826	882
826	887
826	889
826	891
826	893
826	896
827	834
827	839
827	850
827	852
827	853
827	863
827	867
827	871
827	872
827	874
827	880
827	892
827	996
828	830
828	836
828	841
828	844
828	850
828	851
828	852
828	855
828	856
828	857
828	860
828	868
828	880
828	886
828	888
828	899
829	832
829	847
829	857
829	863
829	868
829	874
829	883
829	884
829	890
829	893
830	831
830	835
830	839
830	843
830	855
830	869
830	870
830	877
830	888
830	893
830	895
830	898
830	899
831	833
831	838
831	845
831	853
831	862
831	863
831	864
831	866
831	870
831	872
831	873
831	874
831	876
831	883
831	890
831	893
831	896
832	835
832	844
832	860
832	864
832	867
832	871
832	872
832	882
832	891
832	892
833	844
833	848
833	855
833	856
833	864
833	876
833	880
833	892
833	899
834	834
834	836
834	846
834	849
834	851
834	852
834	853
834	864
834	865
834	870
834	871
834	879
834	886
834	887
834	893
834	894
835	842
835	853
835	855
835	866
835	868
835	876
835	893
835	897
836	842
836	845
836	847
836	849
836	853
836	855
836	861
836	863
836	883
836	991
837	838
837	844
837	847
837	861
837	862
837	866
837	869
837	874
837	878
837	879
837	884
837	887
837	890
838	842
838	844
838	846
838	850
838	851
838	861
838	872
838	880
838	888
838	894
839	846
839	849
839	851
839	857
839	861
839	869
839	871
839	873
839	879
839	891
839	897
840	841
840	857
840	869
840	875
840	877
840	886
840	892
840	998
841	851
841	855
841	856
841	859
841	873
841	880
841	881
841	882
841	886
841	887
841	891
841	892
841	899
842	842
842	844
842	850
842	854
842	855
842	858
842	860
842	870
842	880
842	881
842	884
842	886
842	888
842	890
843	844
843	860
843	875
843	879
843	880
843	881
843	894
843	895
843	899
844	849
844	851
844	854
844	857
844	859
844	863
844	865
844	869
844	876
844	877
844	883
844	890
844	899
845	847
845	848
845	856
845	858
845	862
845	879
845	892
845	894
846	857
846	867
846	869
846	884
846	888
846	890
846	891
846	898
847	847
847	848
847	852
847	857
847	863
847	874
847	875
847	881
847	886
847	889
847	894
847	925
848	850
848	855
848	857
848	858
848	859
848	861
848	869
848	871
848	873
848	879
848	880
848	885
849	855
849	861
849	865
849	871
849	873
849	882
849	892
849	894
850	851
850	862
850	865
850	869
850	884
850	896
851	864
851	892
851	894
851	925
852	861
852	862
852	863
852	865
852	868
852	869
852	893
853	867
853	868
853	885
853	886
853	891
853	894
853	895
853	897
853	898
854	864
854	865
854	869
854	884
854	885
854	886
854	889
854	891
854	898
855	857
855	872
855	881
855	884
855	887
855	892
855	894
856	867
856	870
856	875
856	879
856	881
856	884
856	886
856	892
856	896
857	862
857	873
857	882
857	884
857	885
858	863
858	881
858	883
858	884
858	889
859	875
859	887
859	896
860	872
860	876
860	880
860	881
860	892
860	909
861	871
861	877
861	880
861	884
861	885
861	890
861	896
862	863
862	866
862	881
862	883
862	887
862	898
863	880
863	882
863	889
863	890
864	872
864	873
864	891
864	897
864	898
864	899
865	866
865	867
865	871
865	874
865	886
865	888
865	890
865	892
865	921
866	871
866	874
866	880
866	882
866	895
867	878
867	899
868	869
868	874
868	876
868	884
868	898
869	873
869	882
869	888
869	896
869	965
870	870
870	871
870	873
870	874
870	875
870	878
870	879
870	883
870	890
870	895
870	897
871	872
871	877
871	882
871	886
871	888
871	891
871	892
871	898
872	874
872	877
872	880
872	883
872	885
872	887
872	895
872	897
873	875
873	876
873	878
873	896
873	899
874	875
874	876
874	878
874	881
874	897
874	993
875	875
875	877
875	880
875	883
875	886
875	887
876	882
877	883
878	878
878	881
878	887
878	892
878	893
879	887
879	891
879	899
880	884
880	888
880	889
881	881
881	882
881	886
881	889
881	950
882	883
883	888
883	891
883	892
883	895
884	890
885	886
885	888
886	898
887	889
887	890
887	894
887	899
887	984
889	893
889	899
890	892
890	895
890	899
891	899
892	895
892	940
893	896
896	896
896	898
898	996
899	934
899	949
900	913
900	920
900	921
900	929
900	931
900	934
900	939
900	942
900	946
900	948
900	955
900	967
900	969
900	970
900	976
900	978
900	981
900	988
900	996
900	999
901	905
901	913
901	929
901	930
901	945
901	947
901	949
901	950
901	953
901	956
901	959
901	964
901	969
901	991
901	997
902	902
902	907
902	911
902	915
902	922
902	926
902	930
902	931
902	936
902	958
902	977
902	979
902	980
902	990
902	998
903	906
903	909
903	914
903	926
903	931
903	932
903	933
903	935
903	949
903	957
903	965
903	976
903	990
903	998
904	909
904	914
904	925
904	927
904	928
904	935
904	939
904	949
904	956
904	965
904	980
904	990
904	992
904	997
905	906
905	913
905	917
905	923
905	927
905	935
905	936
905	937
905	942
905	945
905	951
905	955
905	963
905	978
905	992
906	929
906	932
906	933
906	934
906	954
906	956
906	957
906	958
906	966
906	968
906	969
907	919
907	938
907	941
907	942
907	946
907	954
907	961
907	971
907	979
907	992
907	994
907	995
908	912
908	913
908	915
908	920
908	921
908	938
908	943
908	948
908	960
908	966
908	971
908	981
908	982
908	990
908	992
909	915
909	917
909	919
909	921
909	927
909	934
909	935
909	936
909	944
909	948
909	956
909	960
909	961
909	963
909	977
909	981
909	984
909	987
909	990
910	917
910	918
910	926
910	933
910	944
910	946
910	950
910	958
910	966
910	968
910	976
910	991
910	996
911	916
911	920
911	937
911	941
911	955
911	958
911	961
911	974
911	977
911	991
911	995
911	998
912	916
912	920
912	924
912	929
912	933
912	944
912	945
912	951
912	952
912	955
912	960
912	963
912	972
912	992
912	996
912	999
913	914
913	916
913	925
913	944
913	947
913	952
913	971
913	984
913	988
913	992
913	999
914	916
914	923
914	928
914	933
914	937
914	939
914	943
914	944
914	946
914	952
914	954
914	964
914	965
914	970
914	976
914	979
914	986
914	995
915	921
915	940
915	944
915	945
915	949
915	958
915	964
915	969
915	970
915	971
915	974
915	975
915	978
915	987
915	997
915	998
916	916
916	927
916	932
916	935
916	937
916	939
916	954
916	955
916	961
916	963
916	972
916	974
916	983
916	985
916	989
916	992
917	923
917	925
917	931
917	933
917	952
917	953
917	956
917	960
917	967
917	971
917	972
917	975
917	985
917	986
917	987
917	992
917	998
918	920
918	921
918	931
918	950
918	966
918	972
918	978
918	983
918	997
918	999
919	922
919	923
919	928
919	934
919	944
919	955
919	956
919	961
919	966
919	985
919	987
919	988
920	925
920	944
920	956
920	957
920	963
920	973
920	975
920	977
920	985
920	999
921	926
921	936
921	941
921	945
921	950
921	953
921	958
921	959
921	984
921	989
921	990
921	994
922	925
922	926
922	928
922	939
922	954
922	959
922	961
922	965
922	972
922	976
922	988
922	994
923	923
923	927
923	929
923	939
923	940
923	943
923	946
923	951
923	963
923	965
923	969
923	978
923	981
923	996
923	998
924	925
924	926
924	929
924	931
924	937
924	940
924	942
924	943
924	961
924	963
924	966
924	968
924	969
924	973
924	975
924	988
924	989
924	991
925	926
925	934
925	941
925	942
925	945
925	947
925	948
925	949
925	952
925	954
925	974
925	990
925	994
925	999
926	944
926	951
926	959
926	965
926	977
926	979
926	983
926	989
926	996
927	933
927	944
927	950
927	951
927	972
927	975
927	977
927	980
927	983
927	989
927	999
928	931
928	935
928	941
928	949
928	952
928	953
928	980
928	987
928	993
928	994
929	940
929	945
929	964
929	965
929	980
929	981
929	986
929	987
929	990
929	996
930	933
930	937
930	946
930	954
930	955
930	959
930	971
930	974
930	975
930	978
930	983
930	985
930	988
930	990
930	991
931	934
931	936
931	939
931	940
931	942
931	943
931	949
931	959
931	968
931	980
931	982
931	989
931	997
932	936
932	937
932	952
932	954
932	957
932	960
932	967
932	980
932	987
932	990
933	940
933	943
933	947
933	967
933	969
933	975
933	976
933	983
933	989
934	935
934	947
934	949
934	967
934	977
934	982
935	938
935	954
935	964
935	965
935	970
935	979
935	984
935	988
935	990
935	994
935	996
936	938
936	957
936	966
936	971
936	974
936	976
936	977
936	987
937	938
937	946
937	950
937	956
937	960
937	962
937	963
937	976
937	979
937	980
937	981
937	988
938	939
938	942
938	943
938	945
938	951
938	959
938	964
938	965
938	966
938	975
938	977
938	983
938	995
938	997
939	943
939	949
939	954
939	958
939	960
939	966
939	972
939	973
939	976
939	986
939	994
939	996
940	941
940	980
941	948
941	961
941	964
941	965
941	973
941	974
941	979
941	988
941	999
942	943
942	945
942	947
942	961
942	964
942	969
942	975
942	976
942	979
942	981
942	985
942	987
942	999
943	946
943	961
943	965
943	976
943	981
943	992
944	950
944	954
944	961
944	971
944	973
944	976
944	980
944	983
944	997
944	998
945	950
945	953
945	958
945	995
945	998
946	955
946	965
946	966
946	967
946	977
946	979
946	981
946	983
947	959
947	962
947	973
947	975
947	981
948	948
948	954
948	956
948	959
948	960
948	981
948	986
949	951
949	970
950	969
950	972
950	979
950	993
950	995
950	999
951	962
951	964
951	970
951	975
951	980
951	982
951	988
951	991
951	994
952	960
952	971
952	972
952	974
952	978
952	979
952	982
952	983
952	984
952	988
952	990
952	996
952	999
953	954
953	957
953	959
953	963
953	971
953	977
953	978
953	984
953	985
953	987
953	994
954	955
954	960
954	967
954	972
954	975
954	976
954	977
954	997
955	959
955	961
955	975
955	982
955	984
955	987
955	993
956	969
956	994
957	977
957	979
957	983
957	985
957	991
958	959
958	966
958	969
958	975
958	986
958	991
958	997
959	960
959	967
959	970
959	976
959	983
959	986
959	990
960	961
960	966
960	971
960	974
960	980
960	986
960	990
961	964
961	971
961	972
961	976
961	989
962	962
962	965
962	968
962	969
962	970
962	976
962	987
962	989
962	996
962	997
963	968
963	976
963	983
963	987
964	969
964	976
964	994
964	998
965	971
965	972
965	979
965	986
965	988
966	970
966	972
966	978
966	980
966	984
966	987
966	989
966	998
967	968
967	972
967	980
967	983
967	994
967	996
967	997
968	971
968	995
968	996
968	997
969	971
969	978
969	979
969	984
969	985
969	986
969	987
969	989
969	991
970	980
970	981
970	996
971	974
971	979
971	998
972	984
972	985
972	986
972	989
972	995
972	996
973	976
973	983
973	986
973	994
973	997
973	999
974	975
974	985
974	986
974	989
974	990
974	997
974	999
975	980
975	993
975	999
976	982
976	983
976	990
976	992
977	977
977	979
977	984
977	986
977	990
977	993
977	994
978	989
978	990
978	994
979	987
979	995
979	998
979	999
980	988
980	995
982	999
983	987
983	989
983	997
984	988
985	986
985	995
987	992
987	995
989	993
989	998
990	993
990	996
991	999
992	993
992	997
992	998
993	996
995	997
