0	2
0	11
0	14
0	38
0	40
0	50
0	85
0	91
0	93
0	239
0	258
0	286
0	319
0	343
0	470
0	493
0	535
0	544
0	644
0	756
0	803
0	869
0	913
0	938
0	977
1	15
1	27
1	28
1	32
1	51
1	54
1	60
1	65
1	72
1	95
1	134
1	184
1	345
1	420
1	497
1	517
1	565
1	578
1	615
1	688
1	702
1	755
1	939
1	956
1	974
2	11
2	18
2	19
2	25
2	67
2	97
2	329
2	333
2	423
2	522
2	717
2	736
2	757
2	778
2	907
2	986
2	994
3	8
3	20
3	26
3	27
3	30
3	34
3	38
3	43
3	52
3	55
3	77
3	92
3	99
3	163
3	193
3	224
3	237
3	303
3	373
3	496
3	562
3	563
3	705
3	709
3	731
3	756
3	787
3	885
3	888
3	995
4	33
4	49
4	61
4	86
4	91
4	113
4	175
4	516
4	561
4	575
4	692
4	694
4	705
4	721
4	731
4	734
4	748
4	776
4	921
5	11
5	23
5	58
5	70
5	83
5	188
5	247
5	278
5	433
5	445
5	479
5	480
5	484
5	518
5	519
5	560
5	605
5	654
5	737
5	918
5	960
6	26
6	36
6	56
6	165
6	190
6	222
6	242
6	281
6	283
6	536
6	559
6	595
6	653
6	683
6	867
6	895
7	16
7	17
7	48
7	57
7	73
7	83
7	85
7	169
7	184
7	194
7	324
7	338
7	436
7	655
7	820
7	850
8	16
8	25
8	26
8	28
8	35
8	50
8	53
8	63
8	64
8	67
8	136
8	146
8	156
8	201
8	276
8	295
8	333
8	337
8	385
8	424
8	490
8	587
8	600
8	603
8	662
8	664
8	685
8	720
8	781
8	859
8	910
8	957
9	9
9	10
9	13
9	49
9	54
9	64
9	72
9	76
9	90
9	108
9	123
9	124
9	179
9	264
9	335
9	478
9	516
9	856
9	901
9	964
10	21
10	22
10	53
10	66
10	72
10	86
10	91
10	96
10	97
10	163
10	279
10	486
10	523
10	544
10	634
10	806
10	832
10	889
10	965
11	47
11	49
11	57
11	74
11	83
11	99
11	221
11	310
11	466
11	495
11	573
11	595
11	618
11	678
11	685
11	837
11	998
12	21
12	25
12	28
12	31
12	38
12	40
12	85
12	87
12	103
12	273
12	290
12	322
12	408
12	553
12	661
12	755
12	770
12	784
12	831
13	73
13	75
13	92
13	96
13	146
13	166
13	212
13	242
13	283
13	310
13	456
13	634
13	691
13	768
13	798
13	888
13	987
14	24
14	83
14	110
14	169
14	170
14	199
14	318
14	382
14	406
14	450
14	454
14	572
14	625
14	703
14	866
14	895
14	902
14	907
14	971
15	40
15	53
15	67
15	74
15	83
15	97
15	122
15	156
15	270
15	271
15	390
15	446
15	535
15	656
15	664
15	675
15	681
15	749
15	813
15	954
15	985
16	32
16	40
16	46
16	47
16	49
16	55
16	61
16	67
16	88
16	146
16	212
16	255
16	330
16	540
16	576
16	586
16	607
16	612
16	683
16	735
16	786
16	817
16	827
16	852
16	861
16	882
16	900
17	26
17	43
17	271
17	419
17	428
17	497
17	543
17	592
17	623
17	907
17	924
18	31
18	74
18	190
18	390
18	402
18	644
18	657
18	772
18	876
18	877
18	891
19	87
19	185
19	289
19	317
19	335
19	350
19	377
19	387
19	434
19	482
19	792
19	803
19	850
20	22
20	31
20	35
20	54
20	61
20	71
20	79
20	91
20	94
20	281
20	282
20	314
20	328
20	517
20	551
20	583
20	797
20	816
20	972
21	29
21	34
21	66
21	70
21	82
21	86
21	90
21	170
21	249
21	257
21	278
21	396
21	418
21	682
21	694
21	707
21	870
21	893
22	23
22	37
22	59
22	72
22	75
22	76
22	88
22	98
22	322
22	339
22	343
22	544
22	554
22	704
22	712
22	751
22	895
23	43
23	45
23	46
23	49
23	61
23	62
23	68
23	80
23	94
23	221
23	323
23	364
23	393
23	464
23	470
23	483
23	486
23	517
23	569
23	600
23	630
23	655
23	748
23	846
23	965
24	34
24	36
24	40
24	57
24	80
24	86
24	95
24	120
24	230
24	232
24	242
24	296
24	377
24	384
24	403
24	412
24	469
24	523
24	575
24	591
24	708
24	803
24	970
24	986
25	26
25	54
25	59
25	64
25	91
25	160
25	252
25	432
25	736
25	804
25	819
25	935
26	34
26	44
26	52
26	60
26	65
26	66
26	70
26	80
26	92
26	165
26	194
26	222
26	522
26	658
26	675
26	690
26	759
26	765
26	858
26	869
27	47
27	66
27	73
27	76
27	83
27	95
27	121
27	147
27	348
27	404
27	549
27	556
27	575
27	619
27	655
27	728
27	799
27	817
27	964
27	995
28	34
28	35
28	40
28	43
28	64
28	77
28	98
28	164
28	175
28	178
28	263
28	333
28	371
28	396
28	431
28	486
28	591
28	652
28	680
28	681
28	895
28	906
28	964
29	56
29	60
29	62
29	72
29	81
29	85
29	95
29	107
29	289
29	306
29	411
29	570
29	615
29	618
29	634
29	647
29	732
29	813
29	815
29	829
29	830
29	849
29	922
30	63
30	78
30	81
30	98
30	99
30	145
30	225
30	253
30	348
30	516
30	713
30	749
30	800
30	823
30	939
30	944
31	39
31	51
31	52
31	86
31	114
31	137
31	196
31	412
31	421
31	435
31	442
31	449
31	533
31	730
31	734
31	929
32	45
32	86
32	125
32	232
32	266
32	293
32	314
32	320
32	323
32	375
32	416
32	468
32	528
32	552
32	584
32	607
32	704
32	720
32	810
32	854
32	880
33	34
33	82
33	89
33	175
33	255
33	353
33	407
33	473
33	506
33	512
33	544
33	566
33	588
33	660
33	709
33	893
33	898
33	941
34	65
34	77
34	80
34	92
34	97
34	109
34	173
34	216
34	267
34	518
34	529
34	579
34	638
34	673
34	802
34	852
34	873
34	927
34	982
35	70
35	90
35	94
35	152
35	169
35	258
35	277
35	316
35	345
35	374
35	392
35	423
35	451
35	532
35	597
35	626
35	633
35	639
35	668
35	783
35	827
35	919
35	928
35	942
35	967
36	38
36	60
36	66
36	97
36	255
36	285
36	299
36	304
36	481
36	590
36	683
36	810
36	875
36	904
37	82
37	91
37	107
37	194
37	277
37	306
37	312
37	513
37	524
37	594
37	644
37	697
37	802
37	826
37	898
37	977
38	100
38	235
38	254
38	262
38	363
38	464
38	597
38	658
38	736
38	744
38	875
38	924
38	961
38	969
39	49
39	58
39	60
39	74
39	77
39	99
39	236
39	372
39	458
39	460
39	476
39	529
39	556
39	654
39	748
39	776
39	840
39	931
40	40
40	42
40	52
40	60
40	77
40	126
40	170
40	191
40	248
40	345
40	408
40	467
40	742
40	782
40	858
40	873
40	882
40	965
40	972
41	59
41	91
41	92
41	95
41	137
41	154
41	161
41	212
41	271
41	287
41	379
41	450
41	459
41	535
41	543
41	546
41	687
41	781
41	821
41	828
41	895
41	936
42	86
42	249
42	290
42	354
42	447
42	474
42	526
42	649
42	914
42	930
42	976
42	989
42	994
43	54
43	91
43	112
43	125
43	130
43	436
43	495
43	568
43	598
43	707
43	791
43	944
44	62
44	65
44	88
44	91
44	93
44	144
44	152
44	237
44	278
44	292
44	427
44	471
44	488
44	524
44	613
44	635
44	636
44	674
44	697
44	757
44	814
44	882
44	906
44	995
45	48
45	55
45	58
45	70
45	74
45	96
45	122
45	133
45	141
45	179
45	248
45	308
45	319
45	370
45	453
45	530
45	568
45	592
45	697
45	782
45	789
45	853
45	880
46	50
46	52
46	65
46	73
46	75
46	77
46	84
46	168
46	269
46	320
46	562
46	597
46	694
46	705
46	867
46	888
47	67
47	74
47	215
47	286
47	296
47	300
47	359
47	388
47	428
47	507
47	514
47	682
47	707
47	719
47	789
47	794
47	855
47	875
47	897
48	70
48	74
48	91
48	404
48	613
48	737
48	832
48	922
49	53
49	64
49	76
49	79
49	84
49	91
49	147
49	172
49	266
49	541
49	612
49	623
49	656
49	908
50	59
50	68
50	71
50	94
50	96
50	98
50	99
50	132
50	146
50	154
50	159
50	235
50	270
50	331
50	603
50	608
50	761
50	792
50	820
50	850
50	899
51	51
51	52
51	71
51	137
51	151
51	154
51	162
51	193
51	212
51	609
51	621
51	635
51	683
51	786
51	826
51	869
51	988
51	994
52	62
52	67
52	94
52	308
52	334
52	364
52	418
52	524
52	683
52	842
52	862
52	918
52	925
52	935
53	55
53	69
53	86
53	94
53	153
53	317
53	365
53	551
53	656
53	707
53	710
53	724
53	730
53	757
53	772
53	801
53	868
53	872
53	874
53	914
53	928
54	57
54	60
54	66
54	144
54	233
54	302
54	318
54	404
54	450
54	458
54	475
54	524
54	579
54	581
54	681
54	734
54	860
55	80
55	92
55	123
55	212
55	312
55	361
55	418
55	435
55	572
55	584
55	730
55	947
55	961
56	63
56	84
56	87
56	145
56	152
56	492
56	557
56	668
56	745
56	859
56	872
56	975
57	62
57	63
57	67
57	90
57	95
57	105
57	122
57	158
57	193
57	505
57	511
57	556
57	588
57	618
57	622
57	663
57	682
57	689
57	717
57	730
57	770
57	943
58	80
58	144
58	312
58	322
58	372
58	416
58	950
58	996
59	68
59	98
59	99
59	163
59	331
59	470
59	503
59	535
59	644
59	652
59	831
59	877
59	965
59	995
60	66
60	94
60	95
60	174
60	300
60	497
60	523
60	568
60	632
60	643
60	660
60	666
60	677
60	730
60	747
60	837
60	972
60	974
61	66
61	68
61	91
61	98
61	222
61	334
61	426
61	525
61	628
61	677
61	714
61	738
61	799
61	812
61	997
62	66
62	78
62	89
62	113
62	163
62	213
62	481
62	519
62	556
62	568
62	672
62	674
62	700
62	761
62	786
62	818
62	831
62	942
62	975
62	997
63	68
63	98
63	141
63	187
63	279
63	394
63	442
63	477
63	486
63	543
63	600
63	659
63	818
63	828
63	964
63	990
64	64
64	67
64	72
64	73
64	96
64	475
64	488
64	503
64	561
64	876
64	898
64	907
64	956
64	985
65	169
65	254
65	361
65	482
65	498
65	689
65	782
65	941
65	955
65	963
65	995
66	91
66	212
66	295
66	338
66	359
66	527
66	568
66	611
66	626
66	697
66	868
67	73
67	82
67	103
67	165
67	175
67	189
67	261
67	264
67	363
67	375
67	532
67	549
67	561
67	579
67	755
67	759
67	820
67	825
67	958
68	81
68	144
68	168
68	231
68	355
68	416
68	627
68	664
68	690
68	701
68	732
69	82
69	118
69	148
69	168
69	251
69	263
69	387
69	391
69	457
69	473
69	490
69	577
69	579
69	598
69	663
69	717
69	867
69	888
69	934
69	943
70	78
70	81
70	143
70	153
70	203
70	228
70	293
70	370
70	401
70	429
70	436
70	462
70	703
70	783
70	799
70	890
70	972
71	72
71	86
71	141
71	198
71	255
71	259
71	287
71	366
71	431
71	498
71	510
71	526
71	544
71	606
71	663
71	707
71	741
71	907
71	956
71	990
71	992
72	99
72	151
72	339
72	467
72	523
72	590
72	697
72	768
72	780
73	86
73	96
73	161
73	259
73	269
73	278
73	362
73	443
73	523
73	539
73	547
73	644
73	647
73	675
73	676
73	823
73	896
73	918
73	976
73	981
74	75
74	91
74	133
74	221
74	305
74	314
74	507
74	513
74	546
74	547
74	557
74	588
74	643
74	727
74	739
74	742
74	873
74	952
74	960
75	79
75	88
75	98
75	146
75	156
75	159
75	179
75	251
75	270
75	273
75	550
75	588
75	635
75	643
75	802
75	895
75	985
76	259
76	320
76	347
76	369
76	468
76	528
76	601
76	635
76	681
76	844
76	915
76	920
76	952
77	253
77	261
77	287
77	567
77	798
77	858
77	956
78	105
78	173
78	260
78	261
78	297
78	332
78	494
78	750
78	796
78	896
78	979
79	84
79	87
79	92
79	156
79	260
79	393
79	416
79	518
79	566
79	590
79	596
79	643
79	675
79	750
79	764
79	771
79	780
79	790
79	801
79	866
79	931
79	999
80	83
80	349
80	453
80	701
80	785
80	812
81	82
81	84
81	91
81	96
81	319
81	378
81	425
81	500
81	583
81	774
81	823
81	883
81	888
81	892
81	901
81	936
82	89
82	101
82	219
82	266
82	291
82	377
82	404
82	466
82	478
82	482
82	499
82	643
82	748
82	816
82	855
82	876
82	894
82	946
83	96
83	344
83	385
83	390
83	439
83	668
83	752
83	830
83	999
84	96
84	128
84	165
84	171
84	226
84	465
84	474
84	477
84	488
84	530
84	643
84	751
84	875
85	96
85	97
85	98
85	135
85	139
85	227
85	248
85	351
85	356
85	369
85	397
85	448
85	489
85	501
85	513
85	534
85	718
85	851
85	931
86	88
86	92
86	99
86	149
86	188
86	453
86	456
86	563
86	672
86	707
86	747
86	791
86	881
87	91
87	133
87	134
87	298
87	326
87	376
87	381
87	388
87	416
87	554
87	619
87	647
87	767
87	773
87	859
87	912
87	929
87	956
87	975
87	997
88	92
88	93
88	95
88	188
88	190
88	194
88	217
88	255
88	339
88	386
88	391
88	448
88	768
88	916
89	102
89	507
89	651
89	654
89	718
89	731
89	764
89	996
90	102
90	111
90	116
90	171
90	243
90	331
90	416
90	537
90	544
90	619
90	633
90	760
90	846
90	906
90	919
90	947
91	265
91	333
91	347
91	371
91	378
91	789
91	811
91	875
91	918
91	931
91	985
92	151
92	204
92	233
92	350
92	405
92	485
92	574
92	737
92	834
93	93
93	117
93	170
93	190
93	205
93	210
93	238
93	245
93	255
93	285
93	390
93	513
93	542
93	557
93	585
93	603
93	658
94	99
94	223
94	246
94	303
94	312
94	369
94	396
94	425
94	527
94	635
94	679
94	708
94	809
94	817
94	900
94	909
94	918
94	945
94	992
95	130
95	160
95	249
95	261
95	374
95	415
95	591
95	656
95	695
95	913
95	940
95	996
96	228
96	461
96	545
96	629
96	709
96	794
96	837
96	859
97	281
97	288
97	408
97	410
97	436
97	479
97	560
97	678
97	680
97	734
97	849
97	875
97	887
97	922
97	950
97	992
98	121
98	231
98	345
98	454
98	483
98	598
98	718
98	757
98	913
99	257
99	377
99	404
99	476
99	528
99	545
99	546
99	632
99	652
99	653
99	668
99	760
99	934
99	993
99	997
100	109
100	117
100	127
100	129
100	174
100	198
100	217
100	238
100	411
100	525
100	579
100	714
100	737
100	775
100	838
100	962
100	964
100	998
101	117
101	125
101	129
101	130
101	137
101	141
101	152
101	162
101	179
101	191
101	231
101	417
101	524
101	566
101	693
101	748
101	811
101	878
101	894
101	897
101	926
102	106
102	122
102	147
102	158
102	167
102	192
102	196
102	573
102	766
102	856
102	912
102	995
103	134
103	178
103	216
103	303
103	351
103	419
103	476
103	495
103	520
103	528
103	699
103	760
103	787
103	846
103	960
104	124
104	148
104	149
104	179
104	211
104	215
104	287
104	364
104	440
104	587
104	710
105	107
105	108
105	165
105	174
105	183
105	186
105	222
105	258
105	280
105	282
105	350
105	389
105	509
105	720
105	798
105	893
105	910
106	129
106	139
106	145
106	158
106	172
106	182
106	404
106	430
106	530
106	601
106	639
106	697
106	763
106	899
106	959
106	967
107	129
107	150
107	163
107	170
107	172
107	176
107	253
107	291
107	469
107	592
107	744
107	865
107	959
108	124
108	165
108	176
108	182
108	188
108	190
108	355
108	361
108	369
108	392
108	443
108	496
108	506
108	561
108	833
108	891
109	116
109	121
109	134
109	140
109	148
109	167
109	187
109	190
109	194
109	218
109	275
109	295
109	373
109	434
109	436
109	537
109	633
109	675
109	723
109	913
110	120
110	130
110	145
110	160
110	180
110	186
110	191
110	280
110	291
110	333
110	412
110	424
110	541
110	802
110	837
110	840
110	888
110	896
110	910
111	112
111	152
111	169
111	180
111	198
111	400
111	409
111	445
111	670
111	674
111	831
111	912
111	923
111	965
111	968
111	984
112	117
112	127
112	128
112	132
112	136
112	193
112	197
112	233
112	290
112	363
112	493
112	652
112	721
112	780
112	792
112	839
112	969
113	114
113	118
113	125
113	187
113	190
113	192
113	283
113	342
113	370
113	491
113	609
113	618
113	749
113	799
113	839
113	867
113	907
113	914
114	117
114	129
114	145
114	196
114	198
114	278
114	304
114	412
114	430
114	497
114	499
114	532
114	538
114	542
114	603
114	607
114	735
114	793
114	817
114	875
114	912
114	933
114	998
115	127
115	131
115	169
115	174
115	200
115	305
115	319
115	363
115	421
115	610
115	665
115	676
115	731
115	732
115	972
115	989
116	125
116	126
116	129
116	139
116	168
116	169
116	179
116	195
116	200
116	366
116	408
116	543
116	727
116	779
116	898
116	917
116	948
117	123
117	174
117	181
117	194
117	195
117	199
117	205
117	299
117	300
117	324
117	339
117	348
117	481
117	527
117	547
117	636
117	698
117	744
117	818
117	836
117	857
118	126
118	144
118	150
118	158
118	160
118	180
118	181
118	231
118	238
118	305
118	307
118	348
118	389
118	438
118	528
118	595
118	742
118	764
118	770
118	772
118	790
118	864
119	121
119	132
119	138
119	155
119	172
119	181
119	210
119	212
119	260
119	380
119	438
119	471
119	503
119	553
119	561
119	572
119	857
119	989
120	121
120	136
120	175
120	195
120	196
120	210
120	224
120	255
120	419
120	510
120	583
120	873
121	140
121	144
121	145
121	158
121	165
121	177
121	185
121	192
121	197
121	280
121	300
121	364
121	555
121	669
121	727
121	738
121	826
121	858
122	148
122	152
122	168
122	308
122	360
122	382
122	406
122	509
122	616
122	635
123	132
123	142
123	160
123	161
123	212
123	247
123	281
123	323
123	488
123	527
123	529
123	615
123	649
123	710
123	912
123	924
123	961
124	135
124	149
124	153
124	166
124	167
124	231
124	315
124	354
124	481
124	524
124	541
124	621
124	707
124	743
124	777
124	907
124	962
125	139
125	141
125	145
125	149
125	178
125	181
125	193
125	220
125	245
125	364
125	369
125	479
125	546
125	575
125	637
125	820
125	895
125	931
125	936
126	140
126	159
126	175
126	193
126	251
126	275
126	520
126	565
126	574
126	617
126	646
126	707
126	917
126	950
126	979
127	139
127	154
127	205
127	229
127	242
127	275
127	317
127	441
127	500
127	567
127	582
127	707
127	779
127	806
127	971
127	974
128	145
128	181
128	243
128	280
128	378
128	495
128	544
128	562
128	576
128	591
128	651
128	701
128	750
128	760
128	778
128	879
128	909
129	129
129	145
129	162
129	165
129	169
129	179
129	288
129	324
129	446
129	667
129	670
129	677
129	701
129	930
130	143
130	151
130	165
130	219
130	240
130	362
130	385
130	584
130	654
130	685
130	774
130	797
130	944
131	139
131	190
131	221
131	303
131	357
131	421
131	814
131	952
131	972
131	987
132	184
132	256
132	275
132	527
132	545
132	552
132	572
132	601
132	615
132	656
132	718
132	730
132	800
132	809
132	837
132	899
132	981
133	154
133	156
133	195
133	294
133	325
133	332
133	423
133	444
133	448
133	502
133	509
133	566
133	574
133	582
133	641
133	733
133	774
133	963
134	144
134	146
134	159
134	245
134	314
134	345
134	358
134	418
134	491
134	577
134	648
134	656
134	713
134	746
134	988
135	159
135	193
135	256
135	288
135	321
135	383
135	500
135	553
135	611
135	712
136	152
136	162
136	174
136	192
136	221
136	256
136	264
136	287
136	367
136	445
136	493
136	499
136	559
136	585
136	606
136	914
136	923
136	976
137	151
137	172
137	179
137	184
137	192
137	193
137	259
137	352
137	377
137	461
137	475
137	633
137	649
137	658
137	735
137	856
137	910
138	142
138	158
138	159
138	162
138	174
138	181
138	337
138	452
138	458
138	522
138	539
138	649
138	698
138	940
139	143
139	146
139	162
139	165
139	170
139	173
139	178
139	301
139	306
139	389
139	412
139	537
139	619
139	651
139	750
139	827
139	883
139	915
139	980
140	168
140	178
140	223
140	276
140	402
140	721
140	729
140	756
140	861
140	870
140	949
141	146
141	148
141	154
141	155
141	159
141	186
141	250
141	263
141	305
141	474
141	711
141	773
141	812
141	957
142	144
142	164
142	176
142	286
142	352
142	367
142	389
142	503
142	512
142	514
142	549
142	559
142	571
142	620
142	690
142	965
142	977
142	980
142	993
143	158
143	159
143	188
143	270
143	463
143	497
143	618
143	625
143	783
143	787
143	794
143	860
143	941
143	956
144	171
144	191
144	232
144	351
144	419
144	624
144	711
144	737
144	743
144	900
145	149
145	158
145	182
145	187
145	365
145	574
145	578
145	690
145	894
146	161
146	175
146	188
146	249
146	376
146	439
146	475
146	516
146	548
146	572
146	600
146	834
146	882
146	895
146	939
146	977
147	147
147	171
147	188
147	193
147	194
147	206
147	218
147	337
147	394
147	408
147	605
147	641
147	651
147	834
147	901
147	913
147	993
148	163
148	164
148	184
148	185
148	188
148	189
148	197
148	237
148	292
148	306
148	413
148	453
148	493
148	518
148	547
148	686
148	915
149	168
149	169
149	171
149	174
149	181
149	193
149	269
149	275
149	327
149	328
149	329
149	344
149	357
149	375
149	473
149	575
149	815
149	935
150	173
150	181
150	185
150	190
150	198
150	234
150	313
150	333
150	383
150	455
150	493
150	698
150	699
150	769
150	783
150	930
151	158
151	165
151	185
151	238
151	339
151	488
151	567
151	653
151	685
151	726
151	931
151	967
151	984
152	171
152	213
152	284
152	287
152	289
152	291
152	353
152	429
152	482
152	550
152	625
152	659
152	690
152	834
152	874
152	899
152	928
153	180
153	183
153	245
153	313
153	397
153	403
153	437
153	505
153	521
153	603
153	631
153	643
153	685
153	818
153	881
153	898
153	930
153	958
154	162
154	163
154	173
154	187
154	242
154	328
154	377
154	434
154	478
154	508
154	589
154	666
154	689
154	940
154	948
155	181
155	193
155	357
155	495
155	706
155	745
155	799
155	819
155	849
155	857
155	877
155	991
156	161
156	164
156	170
156	172
156	245
156	255
156	280
156	290
156	392
156	403
156	410
156	467
156	557
156	738
156	803
156	984
157	160
157	196
157	231
157	257
157	265
157	271
157	292
157	306
157	348
157	543
157	763
157	814
157	824
157	875
158	159
158	175
158	184
158	190
158	502
158	509
158	558
158	570
158	821
158	922
158	971
158	993
159	179
159	195
159	199
159	228
159	424
159	592
159	777
159	830
159	900
159	976
160	173
160	181
160	183
160	188
160	197
160	281
160	331
160	625
160	718
160	739
160	808
160	907
160	972
161	169
161	176
161	186
161	194
161	225
161	267
161	299
161	430
161	468
161	506
161	717
161	746
161	767
161	787
161	813
161	838
161	847
161	888
161	940
162	168
162	174
162	189
162	190
162	199
162	200
162	215
162	349
162	371
162	494
162	619
162	628
162	649
162	655
162	681
162	720
163	179
163	198
163	407
163	427
163	462
163	564
163	615
163	626
163	680
163	721
164	219
164	242
164	431
164	497
164	505
164	594
164	658
164	705
164	748
164	767
164	768
164	793
164	806
164	945
165	179
165	180
165	205
165	225
165	253
165	401
165	403
165	573
165	586
165	637
165	756
165	761
165	763
166	175
166	309
166	542
166	598
166	684
166	729
166	753
166	960
166	975
167	175
167	285
167	716
167	805
167	836
167	889
167	899
167	949
168	176
168	192
168	269
168	325
168	398
168	510
168	526
168	575
168	588
168	603
168	610
168	675
168	741
168	817
168	989
169	169
169	173
169	178
169	193
169	209
169	237
169	393
169	404
169	439
169	447
169	629
169	637
169	774
169	787
169	848
169	858
169	869
169	969
170	184
170	215
170	294
170	325
170	542
170	550
170	695
170	826
170	937
170	948
171	181
171	196
171	224
171	326
171	396
171	400
171	503
171	604
171	999
172	177
172	205
172	280
172	557
172	607
172	878
172	883
173	187
173	192
173	207
173	238
173	243
173	302
173	344
173	440
173	462
173	679
173	722
173	856
173	877
173	897
174	178
174	181
174	185
174	195
174	214
174	232
175	176
175	215
175	216
175	331
175	364
175	399
175	401
175	438
175	447
175	485
175	790
175	865
175	892
175	923
176	181
176	194
176	342
176	387
176	497
176	606
176	683
177	191
177	297
177	299
177	341
177	553
177	652
177	665
177	675
177	804
177	808
177	814
177	820
178	198
178	219
178	239
178	353
178	382
178	459
178	461
178	492
178	551
178	585
178	736
178	741
178	746
178	759
179	196
179	197
179	253
179	391
179	450
179	545
179	601
179	825
179	894
180	190
180	234
180	282
180	313
180	432
180	535
180	539
180	540
180	645
180	672
180	820
180	878
180	906
180	945
181	186
181	198
181	270
181	348
181	474
181	501
181	878
182	233
182	250
182	318
182	430
182	576
182	583
182	631
182	716
182	719
182	729
182	731
182	745
183	195
183	218
183	245
183	356
183	361
183	431
183	548
183	568
183	572
183	703
183	711
183	712
183	773
183	818
183	940
183	950
183	959
184	187
184	189
184	198
184	312
184	414
184	565
184	651
184	656
184	722
184	742
184	778
184	795
184	886
184	938
185	187
185	192
185	199
185	355
185	431
185	743
185	914
185	957
186	218
186	219
186	325
186	331
186	358
186	406
186	584
186	823
186	925
186	999
187	196
187	274
187	283
187	297
187	364
187	473
187	487
187	501
187	526
187	555
187	632
187	667
187	761
187	865
188	198
188	223
188	515
188	634
188	743
188	815
188	818
188	915
189	222
189	256
189	302
189	317
189	319
189	380
189	513
189	660
189	869
189	942
189	979
189	994
190	199
190	202
190	233
190	458
190	525
190	531
190	536
190	631
190	717
190	736
190	763
190	777
190	781
190	861
190	943
190	965
191	256
191	288
191	299
191	305
191	399
191	413
191	496
191	547
191	630
191	700
191	749
191	781
191	784
191	859
191	895
191	954
191	974
192	199
192	320
192	345
192	408
192	435
192	460
192	511
192	584
192	586
192	724
192	730
192	775
192	819
192	901
193	294
193	391
193	393
193	420
193	452
193	509
193	532
193	563
193	798
193	962
194	262
194	296
194	409
194	547
194	564
194	648
194	654
194	743
194	797
194	858
195	199
195	219
195	361
195	399
195	585
195	597
195	605
195	946
196	197
196	235
196	250
196	338
196	340
196	363
196	468
196	506
196	536
196	550
196	556
196	880
196	893
197	220
197	236
197	271
197	492
197	581
197	789
197	918
197	985
197	999
198	251
198	314
198	367
198	434
198	565
198	601
198	607
198	655
198	667
198	684
198	731
198	753
198	999
199	233
199	300
199	324
199	357
199	426
199	443
199	535
199	562
199	658
199	697
199	717
199	847
199	881
200	211
200	227
200	228
200	256
200	294
200	402
200	446
200	480
200	507
200	613
200	638
200	661
200	902
200	916
200	939
200	999
201	203
201	219
201	228
201	238
201	251
201	254
201	267
201	270
201	344
201	361
201	428
201	593
201	630
201	637
201	723
201	726
201	753
201	795
201	822
201	841
201	959
202	217
202	218
202	219
202	229
202	250
202	252
202	258
202	292
202	298
202	420
202	423
202	586
202	800
202	802
202	856
202	928
202	989
203	230
203	244
203	265
203	443
203	458
203	464
203	581
203	585
203	669
203	700
203	783
203	815
203	853
203	950
203	963
204	214
204	219
204	233
204	258
204	261
204	263
204	264
204	274
204	280
204	282
204	312
204	341
204	371
204	451
204	536
204	599
204	703
204	723
204	745
204	819
204	999
205	208
205	225
205	248
205	256
205	269
205	288
205	426
205	516
205	554
205	593
205	651
205	715
205	797
205	828
205	885
206	215
206	239
206	241
206	259
206	261
206	270
206	291
206	332
206	391
206	408
206	438
206	516
206	530
206	538
206	568
206	692
206	747
206	759
206	988
206	997
207	258
207	282
207	290
207	328
207	336
207	541
207	816
207	860
207	962
207	981
208	223
208	226
208	235
208	237
208	253
208	260
208	272
208	273
208	339
208	346
208	382
208	418
208	529
208	557
208	587
208	889
208	915
208	928
208	952
208	993
209	220
209	228
209	233
209	281
209	307
209	364
209	375
209	399
209	403
209	431
209	506
209	521
209	578
209	620
209	714
209	779
209	931
209	967
210	223
210	228
210	246
210	287
210	298
210	299
210	323
210	352
210	404
210	513
210	583
210	647
210	730
210	858
210	883
210	906
210	915
210	916
210	951
211	214
211	224
211	230
211	238
211	250
211	264
211	278
211	316
211	455
211	554
211	699
211	718
211	840
211	858
211	946
211	991
212	215
212	250
212	260
212	263
212	266
212	285
212	290
212	386
212	389
212	400
212	442
212	448
212	473
212	573
212	583
213	223
213	256
213	262
213	265
213	281
213	409
213	419
213	513
213	550
213	552
213	573
213	613
213	636
213	643
213	670
213	848
213	939
213	940
214	215
214	216
214	223
214	243
214	249
214	268
214	277
214	281
214	367
214	384
214	388
214	409
214	464
214	523
214	531
214	533
214	583
214	610
214	672
214	678
214	701
214	796
214	816
214	866
214	904
214	999
215	217
215	235
215	256
215	265
215	271
215	341
215	475
215	646
215	919
216	238
216	249
216	251
216	261
216	286
216	292
216	295
216	313
216	428
216	435
216	757
216	807
216	832
216	914
216	964
217	230
217	247
217	266
217	276
217	293
217	315
217	316
217	445
217	448
217	464
217	538
217	568
217	751
217	801
217	821
217	838
217	912
218	218
218	220
218	244
218	245
218	277
218	283
218	299
218	371
218	462
218	626
218	676
218	872
218	958
218	999
219	239
219	240
219	248
219	278
219	280
219	285
219	325
219	365
219	373
219	467
219	634
219	648
219	656
219	671
219	678
219	741
219	761
219	795
219	804
219	902
219	930
219	959
220	234
220	267
220	325
220	349
220	361
220	396
220	414
220	438
220	447
220	517
220	602
220	623
220	670
220	685
220	686
220	694
220	756
220	858
221	239
221	245
221	250
221	256
221	275
221	289
221	291
221	390
221	392
221	403
221	597
221	668
221	698
221	784
221	787
221	870
222	241
222	270
222	297
222	344
222	353
222	366
222	373
222	392
222	401
222	441
222	518
222	538
222	638
222	659
222	697
222	719
222	843
223	234
223	289
223	294
223	489
223	570
223	640
223	851
223	853
223	972
224	244
224	249
224	269
224	281
224	297
224	372
224	423
224	436
224	528
224	547
224	577
224	585
224	603
224	620
224	783
224	816
224	975
225	229
225	230
225	231
225	235
225	243
225	267
225	273
225	275
225	351
225	370
225	411
225	523
225	527
225	587
225	609
225	652
225	692
225	704
225	934
225	944
226	267
226	269
226	272
226	279
226	282
226	285
226	348
226	382
226	395
226	409
226	442
226	594
226	707
226	736
226	739
226	830
226	932
226	967
226	972
227	253
227	285
227	332
227	367
227	408
227	580
227	668
227	713
227	824
227	895
227	914
227	981
228	238
228	264
228	277
228	291
228	292
228	471
228	578
228	616
228	672
228	710
228	803
228	853
228	856
228	863
228	878
228	918
228	946
228	992
229	248
229	280
229	293
229	296
229	357
229	391
229	421
229	430
229	484
229	504
229	697
229	700
229	701
229	708
229	767
229	787
229	805
229	909
229	970
230	255
230	259
230	260
230	266
230	284
230	321
230	385
230	646
230	780
230	806
230	894
231	247
231	275
231	278
231	305
231	309
231	396
231	530
231	541
231	571
231	655
231	733
231	783
231	908
231	962
232	241
232	247
232	290
232	291
232	461
232	521
232	556
232	573
232	583
232	633
232	647
232	878
232	979
233	264
233	273
233	274
233	280
233	298
233	314
233	417
233	542
233	549
233	610
233	703
233	707
233	843
233	975
234	243
234	245
234	257
234	266
234	270
234	282
234	292
234	480
234	485
234	497
234	510
234	587
234	612
234	802
234	852
234	887
234	920
234	962
234	998
235	264
235	267
235	268
235	275
235	278
235	279
235	287
235	294
235	318
235	426
235	431
235	705
235	828
235	885
235	946
235	952
235	957
235	967
235	980
236	238
236	248
236	254
236	258
236	262
236	270
236	274
236	278
236	286
236	287
236	386
236	454
236	501
236	546
236	627
236	632
236	664
236	731
236	797
236	850
236	867
237	250
237	251
237	271
237	285
237	289
237	315
237	322
237	328
237	348
237	417
237	470
237	719
237	720
237	772
237	858
238	257
238	291
238	294
238	320
238	322
238	526
238	544
238	566
238	658
238	846
238	939
238	976
239	248
239	252
239	256
239	280
239	283
239	323
239	420
239	542
239	567
239	573
239	577
239	642
239	733
239	849
239	933
239	978
240	251
240	256
240	260
240	266
240	269
240	281
240	301
240	428
240	431
240	449
240	468
240	523
240	561
240	589
240	593
240	744
240	765
240	770
240	801
240	884
240	973
240	989
241	272
241	333
241	383
241	479
241	583
241	614
241	647
241	737
241	769
241	786
241	833
241	845
241	881
241	912
241	919
241	993
242	255
242	267
242	286
242	289
242	335
242	384
242	387
242	504
242	581
242	654
242	658
242	663
242	842
242	941
242	964
242	980
243	255
243	261
243	432
243	559
243	575
243	789
243	807
243	821
243	864
243	947
243	985
243	993
244	317
244	326
244	342
244	370
244	392
244	512
244	571
244	836
244	941
244	951
245	254
245	262
245	277
245	278
245	283
245	303
245	323
245	329
245	422
245	445
245	492
245	534
245	560
245	696
245	697
245	815
245	889
245	954
246	265
246	332
246	342
246	368
246	372
246	377
246	459
246	594
246	625
246	646
246	777
246	779
247	262
247	270
247	276
247	432
247	501
247	570
247	588
247	626
247	629
247	650
247	869
247	992
247	997
247	998
248	284
248	286
248	370
248	377
248	442
248	539
248	624
248	665
248	777
248	858
248	986
249	253
249	273
249	274
249	293
249	410
249	470
249	538
249	552
249	687
249	909
249	926
249	940
249	972
250	252
250	255
250	256
250	295
250	456
250	515
250	631
250	742
250	770
250	785
250	840
250	879
250	917
250	948
250	989
251	262
251	264
251	286
251	297
251	335
251	422
251	435
251	513
251	582
251	660
251	704
251	727
251	728
251	873
251	908
251	919
251	927
252	254
252	264
252	265
252	295
252	330
252	380
252	395
252	530
252	597
252	715
252	801
252	803
252	840
252	878
252	887
253	256
253	271
253	275
253	281
253	297
253	299
253	350
253	355
253	481
253	577
253	757
253	759
253	839
253	902
253	956
254	259
254	276
254	278
254	282
254	286
254	287
254	303
254	731
254	767
254	965
255	256
255	259
255	267
255	276
255	279
255	286
255	344
255	362
255	380
255	410
255	437
255	460
255	508
255	533
255	601
255	607
255	652
255	709
255	735
255	756
256	262
256	265
256	286
256	408
256	421
256	688
256	764
256	773
256	822
256	906
256	911
257	259
257	275
257	301
257	334
257	582
257	682
257	854
257	860
257	862
258	270
258	290
258	296
258	297
258	306
258	350
258	403
258	442
258	454
258	513
258	571
258	573
258	586
258	668
258	679
258	706
258	743
258	994
259	260
259	278
259	282
259	297
259	322
259	349
259	579
259	638
259	830
259	905
260	263
260	292
260	298
260	401
260	466
260	623
260	640
260	744
260	788
260	933
260	936
261	265
261	270
261	276
261	285
261	325
261	328
261	396
261	575
261	664
261	834
261	852
262	327
262	328
262	358
262	424
262	543
262	565
262	579
262	613
262	665
262	779
262	815
262	917
262	942
263	273
263	285
263	288
263	289
263	341
263	459
263	489
263	491
263	535
263	735
263	897
263	913
263	949
264	271
264	291
264	296
264	338
264	346
264	580
264	755
265	288
265	290
265	292
265	396
265	397
265	398
265	501
265	510
265	544
265	646
265	780
265	784
265	926
266	283
266	295
266	297
266	669
266	904
266	948
267	294
267	325
267	362
267	364
267	401
267	412
267	667
267	718
267	738
267	789
267	910
267	924
268	270
268	279
268	283
268	340
268	414
268	459
268	469
268	551
268	571
268	790
268	848
268	905
268	932
268	983
269	273
269	286
269	290
269	291
269	293
269	295
269	375
269	468
269	472
269	568
269	901
270	326
270	444
270	502
270	624
270	702
270	764
270	771
271	284
271	292
271	293
271	319
271	590
271	665
271	760
271	974
271	997
272	272
272	295
272	320
272	394
272	477
272	546
272	570
272	618
272	688
272	789
272	844
272	868
272	878
272	880
273	280
273	302
273	308
273	349
273	357
273	413
273	495
273	500
273	509
273	544
273	576
273	690
273	719
273	751
273	770
273	847
273	932
273	946
274	275
274	296
274	350
274	384
274	442
274	450
274	471
274	535
274	579
274	613
274	685
274	791
274	995
275	333
275	359
275	388
275	418
275	594
275	733
275	811
275	842
275	961
276	290
276	335
276	342
276	417
276	431
276	490
276	596
276	630
276	632
276	652
276	673
276	697
276	712
276	778
276	973
277	279
277	293
277	363
277	509
277	582
277	679
277	694
277	907
277	957
278	285
278	422
278	439
278	468
278	472
278	578
278	729
278	732
278	925
278	928
279	298
279	299
279	388
279	457
279	527
279	598
279	716
279	878
279	882
279	972
280	298
280	384
280	507
280	551
280	689
280	803
280	878
281	396
281	401
281	428
281	507
281	792
281	823
281	846
281	967
282	285
282	286
282	389
282	431
282	575
282	655
282	764
282	781
282	799
282	958
283	284
283	426
283	472
283	477
283	488
283	500
283	671
283	750
283	949
284	286
284	324
284	382
284	462
284	464
284	486
284	615
284	655
284	676
284	707
284	954
285	285
285	288
285	297
285	304
285	309
285	506
285	682
285	715
285	805
285	831
285	839
285	849
285	867
285	872
285	892
285	922
285	933
286	288
286	309
286	407
286	516
286	617
286	618
286	689
286	734
286	925
286	982
287	321
287	354
287	394
287	421
287	488
287	617
287	690
287	830
287	882
287	911
287	950
287	974
288	292
288	320
288	330
288	373
288	379
288	385
288	413
288	453
288	638
288	643
288	694
288	718
288	773
288	805
288	862
288	912
288	979
289	291
289	299
289	493
289	575
289	640
289	738
289	854
290	291
290	360
290	468
290	510
290	563
290	754
290	866
290	883
290	942
291	338
291	377
291	512
291	625
291	626
291	680
291	695
291	717
291	798
291	839
291	909
291	940
292	295
292	345
292	366
292	537
292	606
292	609
292	613
292	661
292	664
292	668
292	686
292	734
292	836
293	299
293	353
293	454
293	533
293	933
293	963
294	302
294	318
294	545
294	568
294	586
294	626
294	654
294	657
294	741
294	864
294	907
295	321
295	481
295	620
295	624
295	664
295	671
295	699
295	816
295	878
295	943
295	974
296	307
296	413
296	523
296	580
296	708
297	516
297	522
297	654
297	659
297	709
297	720
297	722
297	749
297	791
297	799
297	801
297	883
297	918
298	329
298	432
298	510
298	519
298	848
298	868
298	916
299	319
299	428
299	615
299	624
299	628
299	636
299	742
299	806
299	817
299	978
299	982
300	300
300	307
300	322
300	366
300	372
300	374
300	406
300	434
300	458
300	488
300	515
300	533
300	588
300	612
300	661
300	694
300	994
301	326
301	358
301	362
301	370
301	409
301	466
301	530
301	559
301	627
301	778
301	813
301	871
301	937
302	306
302	323
302	327
302	346
302	347
302	359
302	390
302	392
302	397
302	485
302	549
302	562
302	580
302	670
302	689
302	906
302	943
302	951
303	317
303	327
303	351
303	355
303	366
303	367
303	546
303	645
303	742
303	771
303	903
303	981
304	308
304	311
304	337
304	350
304	361
304	373
304	378
304	379
304	389
304	398
304	523
304	603
304	610
304	726
304	734
304	848
304	887
304	992
305	319
305	325
305	329
305	359
305	561
305	685
305	708
305	719
305	740
305	907
305	927
305	966
306	321
306	323
306	344
306	364
306	376
306	378
306	397
306	431
306	434
306	536
306	545
306	787
306	797
306	803
306	818
306	840
306	937
307	308
307	318
307	322
307	334
307	345
307	351
307	383
307	390
307	411
307	440
307	470
307	587
307	594
307	941
308	312
308	324
308	331
308	370
308	373
308	376
308	389
308	398
308	403
308	587
308	596
308	602
308	679
308	717
308	767
308	820
308	866
308	877
308	898
308	973
308	999
309	326
309	337
309	356
309	373
309	378
309	379
309	387
309	388
309	411
309	582
309	884
309	936
310	332
310	346
310	394
310	474
310	576
310	626
310	728
310	740
310	746
310	781
310	812
310	893
310	900
311	320
311	326
311	329
311	340
311	341
311	366
311	374
311	445
311	507
311	639
311	715
311	891
311	901
312	323
312	325
312	332
312	350
312	361
312	369
312	372
312	394
312	397
312	398
312	407
312	516
312	557
312	667
312	679
312	713
313	320
313	326
313	367
313	371
313	484
313	599
313	687
313	692
313	695
313	758
313	882
313	935
313	942
314	326
314	337
314	354
314	367
314	375
314	379
314	382
314	424
314	501
314	678
314	707
314	726
314	809
314	860
314	898
314	988
315	348
315	362
315	408
315	605
315	634
315	667
315	712
315	998
316	353
316	371
316	397
316	453
316	609
316	619
316	637
316	642
316	766
316	767
316	813
316	886
316	923
317	331
317	334
317	338
317	347
317	360
317	398
317	469
317	566
317	640
317	654
317	689
317	727
317	760
317	766
317	871
317	966
317	975
318	362
318	364
318	368
318	392
318	444
318	533
318	536
318	577
318	611
318	637
318	661
318	713
318	874
318	928
319	372
319	375
319	507
319	530
319	553
319	559
319	571
319	573
319	583
319	775
319	909
319	979
320	324
320	334
320	342
320	372
320	573
320	731
320	757
320	847
320	878
320	986
321	327
321	339
321	361
321	368
321	386
321	393
321	395
321	399
321	435
321	620
321	637
321	643
321	651
321	742
321	796
321	801
322	323
322	333
322	337
322	355
322	374
322	385
322	456
322	772
322	788
322	844
322	986
322	993
322	998
323	325
323	327
323	329
323	331
323	346
323	503
323	658
323	719
323	838
323	860
323	901
323	997
324	325
324	328
324	353
324	358
324	360
324	367
324	369
324	370
324	383
324	455
324	461
324	487
324	722
324	792
324	793
324	797
324	978
325	336
325	359
325	363
325	376
325	412
325	586
325	719
325	844
325	907
326	373
326	377
326	383
326	388
326	392
326	435
326	451
326	516
326	541
326	568
326	717
326	736
326	857
326	899
326	975
327	347
327	356
327	367
327	397
327	483
327	528
327	602
327	701
327	740
327	741
327	746
327	807
327	875
327	923
328	367
328	388
328	391
328	394
328	437
328	466
328	490
328	500
328	606
328	650
328	780
328	786
328	966
328	976
329	334
329	346
329	362
329	391
329	399
329	533
329	544
329	879
329	980
330	332
330	346
330	353
330	354
330	374
330	440
330	503
330	581
330	708
330	768
330	784
331	344
331	352
331	363
331	427
331	577
331	587
331	601
331	652
331	715
331	894
331	926
331	954
331	956
332	373
332	449
332	480
332	606
332	713
332	716
332	896
332	961
333	336
333	360
333	364
333	372
333	389
333	393
333	485
333	655
333	726
333	854
333	883
333	961
333	985
334	339
334	368
334	373
334	395
334	397
334	411
334	489
334	492
334	598
334	644
334	655
334	668
334	819
335	355
335	356
335	363
335	386
335	415
335	447
335	535
335	539
335	554
335	565
335	695
335	708
335	710
335	771
335	807
335	887
335	971
335	978
335	983
336	340
336	342
336	351
336	380
336	441
336	689
336	737
336	805
336	910
336	968
336	972
337	341
337	387
337	390
337	478
337	616
337	675
337	729
337	799
337	858
338	356
338	377
338	383
338	388
338	392
338	397
338	551
338	645
338	716
338	817
338	883
338	898
338	899
338	961
339	347
339	353
339	367
339	378
339	379
339	381
339	419
339	643
339	664
339	669
339	754
339	769
339	921
339	930
339	931
339	934
339	981
340	343
340	344
340	354
340	389
340	449
340	467
340	580
340	606
340	684
340	685
340	740
340	750
340	798
340	804
340	870
340	890
340	933
340	945
341	352
341	366
341	373
341	378
341	385
341	386
341	389
341	417
341	447
341	467
341	495
341	567
341	617
341	669
341	682
341	691
341	696
341	743
341	927
342	346
342	352
342	362
342	373
342	390
342	471
342	585
342	620
342	627
342	656
342	666
342	705
342	782
342	887
342	889
342	930
342	968
343	360
343	372
343	382
343	397
343	428
343	699
343	738
343	932
344	354
344	360
344	373
344	381
344	390
344	503
344	675
344	729
344	822
344	858
344	873
344	896
344	961
345	366
345	382
345	490
345	564
345	623
345	681
345	701
345	771
345	867
345	889
346	351
346	352
346	357
346	363
346	369
346	373
346	449
346	499
346	716
346	732
346	734
346	756
346	807
346	933
346	957
347	362
347	370
347	383
347	410
347	586
347	627
347	658
347	670
347	684
347	706
347	745
347	760
347	772
347	840
347	953
348	362
348	395
348	403
348	501
348	672
348	800
348	838
348	918
348	931
349	510
349	551
349	575
349	755
349	973
349	992
350	351
350	355
350	365
350	378
350	384
350	396
350	404
350	441
350	446
350	656
350	816
351	354
351	368
351	444
351	472
351	510
351	596
351	688
351	704
351	734
352	372
352	386
352	389
352	396
352	397
352	454
352	599
352	601
352	609
352	625
352	682
352	779
352	816
352	848
352	888
353	359
353	364
353	367
353	485
353	515
353	677
353	827
353	961
353	993
354	355
354	356
354	369
354	372
354	374
354	375
354	386
354	450
354	474
354	531
354	574
354	743
354	761
354	915
355	375
355	406
355	533
355	613
355	619
355	685
355	718
355	755
355	793
356	371
356	378
356	395
356	429
356	474
356	533
356	618
356	713
356	729
356	809
356	815
357	374
357	383
357	395
357	483
357	561
357	870
358	364
358	480
358	564
358	623
358	662
358	683
358	812
358	828
358	922
359	367
359	451
359	597
359	604
359	660
359	668
359	702
359	710
359	854
360	363
360	426
360	596
360	848
360	998
361	363
361	391
361	396
361	534
361	536
361	660
361	666
361	710
361	749
361	771
361	932
362	385
362	558
362	573
362	596
362	617
362	726
362	802
362	825
362	963
363	369
363	427
363	450
363	482
363	623
363	647
363	668
363	822
363	952
363	964
363	975
364	471
364	538
364	614
364	674
364	688
364	788
364	868
365	371
365	379
365	396
365	609
365	662
365	696
365	715
365	740
365	772
365	802
365	827
365	890
365	910
365	912
365	988
366	385
366	391
366	521
366	643
366	770
366	833
367	394
367	407
367	420
367	426
367	431
367	563
367	637
367	638
367	762
367	807
367	813
367	843
367	916
367	929
368	379
368	385
368	390
368	392
368	533
368	554
368	710
368	718
368	727
368	815
368	972
369	380
369	394
369	579
369	609
369	646
369	753
369	889
369	904
369	980
370	373
370	378
370	379
370	383
370	395
370	420
370	480
370	482
370	546
370	609
370	655
370	734
370	940
370	982
370	984
371	379
371	384
371	385
371	396
371	398
371	402
371	639
371	695
371	707
371	715
371	759
371	760
371	798
372	382
372	490
372	511
372	536
372	557
372	563
372	709
372	713
372	839
372	855
372	953
373	387
373	388
373	391
373	397
373	399
373	493
373	575
373	757
373	786
373	800
373	886
374	422
374	436
374	463
374	512
374	564
374	627
374	780
374	790
374	809
374	825
374	876
374	912
374	931
374	953
375	391
375	414
375	433
375	440
375	485
375	511
375	567
375	628
375	650
375	811
375	820
376	667
376	754
376	794
376	859
376	886
376	900
376	962
376	994
377	389
377	394
377	658
377	666
377	683
377	725
377	761
377	837
377	853
377	934
377	961
378	382
378	383
378	385
378	393
378	445
378	591
378	620
378	639
378	728
378	749
378	754
378	767
378	903
378	960
379	396
379	480
379	512
379	528
379	545
379	572
379	585
379	736
379	745
379	765
379	905
379	937
380	382
380	397
380	430
380	514
380	518
380	670
380	725
380	761
380	829
380	874
380	957
380	976
381	391
381	706
381	739
381	752
381	859
381	905
382	394
382	399
382	442
382	556
382	572
382	605
382	727
382	815
382	943
382	998
383	398
383	411
383	462
383	791
384	404
384	453
384	458
384	532
384	599
384	800
384	923
384	959
385	412
385	492
385	568
385	607
385	634
385	662
385	928
386	387
386	388
386	404
386	446
386	530
386	669
386	695
386	725
386	783
387	446
387	453
387	614
387	646
387	671
387	782
387	857
388	433
388	439
388	455
388	476
388	619
388	793
388	865
388	987
389	450
389	586
389	697
389	706
389	734
389	754
389	838
389	863
389	872
389	877
389	960
389	998
390	391
390	423
390	670
390	701
390	723
390	734
390	752
390	772
390	938
390	989
390	997
391	418
391	438
391	548
391	569
391	600
391	687
391	717
391	747
391	874
391	908
391	918
392	394
392	520
392	879
392	897
393	500
393	576
393	600
393	622
393	697
393	710
393	790
393	793
393	801
393	899
393	945
393	968
393	978
394	404
394	506
394	670
394	697
394	773
394	807
394	935
395	401
395	494
395	663
395	756
395	803
395	931
395	947
396	423
396	424
396	454
396	581
396	654
396	696
396	717
396	793
396	809
396	817
396	837
396	926
397	408
397	599
397	686
397	766
397	797
397	841
397	863
397	965
398	465
398	649
398	710
398	825
398	950
399	532
399	557
399	593
399	601
399	690
399	695
399	796
399	863
399	882
399	902
399	989
400	407
400	426
400	438
400	440
400	459
400	463
400	468
400	494
400	597
400	613
400	645
400	736
400	885
400	935
401	446
401	464
401	472
401	481
401	488
401	573
401	648
401	652
401	666
401	804
401	861
401	891
401	931
401	937
401	981
402	418
402	426
402	446
402	458
402	464
402	481
402	491
402	501
402	518
402	700
402	863
403	415
403	440
403	450
403	460
403	481
403	482
403	492
403	528
403	697
403	985
404	419
404	432
404	446
404	447
404	451
404	457
404	473
404	481
404	497
404	573
404	755
404	758
404	802
404	822
404	935
405	408
405	411
405	427
405	431
405	485
405	495
405	745
405	815
405	829
405	830
405	912
405	954
405	967
405	983
405	995
406	434
406	435
406	468
406	475
406	481
406	482
406	485
406	492
406	525
406	641
406	676
406	767
406	777
406	835
406	842
406	962
406	967
406	971
406	984
407	413
407	414
407	432
407	445
407	453
407	454
407	456
407	463
407	484
407	609
407	644
407	646
407	834
407	872
408	434
408	445
408	484
408	488
408	489
408	490
408	577
408	682
408	811
408	825
408	863
408	887
408	989
409	415
409	419
409	420
409	432
409	458
409	588
409	624
409	641
409	708
409	713
409	731
409	825
409	878
409	882
409	892
410	418
410	439
410	445
410	542
410	572
410	574
410	707
410	740
410	749
410	806
410	875
410	968
411	413
411	431
411	444
411	452
411	454
411	455
411	637
411	710
411	740
411	786
411	788
411	875
412	430
412	431
412	441
412	473
412	474
412	480
412	631
412	777
412	835
412	882
412	939
412	967
413	417
413	420
413	426
413	482
413	533
413	539
413	591
413	645
413	748
413	843
413	956
414	425
414	429
414	439
414	451
414	464
414	476
414	482
414	487
414	498
414	509
414	537
414	539
414	545
414	575
414	578
414	584
414	618
414	682
414	982
414	986
415	421
415	426
415	449
415	471
415	477
415	484
415	491
415	767
415	769
415	787
415	817
415	886
415	947
416	422
416	432
416	438
416	444
416	453
416	469
416	645
416	745
416	948
417	423
417	432
417	436
417	467
417	484
417	493
417	497
417	534
417	624
417	851
417	852
417	887
418	428
418	467
418	469
418	601
418	893
418	979
419	456
419	470
419	475
419	506
419	693
419	704
419	845
419	851
419	854
419	883
419	900
419	914
419	925
419	955
419	978
420	423
420	430
420	452
420	462
420	507
420	526
420	545
420	592
420	718
420	848
420	858
420	893
420	898
420	959
420	971
421	437
421	438
421	441
421	447
421	461
421	484
421	489
421	498
421	499
421	614
421	651
421	667
421	669
421	806
422	441
422	446
422	467
422	498
422	546
422	549
422	617
422	693
422	699
422	711
422	821
422	896
423	436
423	439
423	455
423	464
423	469
423	483
423	485
423	499
423	534
423	557
423	651
423	739
423	828
424	431
424	482
424	487
424	491
424	497
424	657
424	706
424	757
424	826
424	867
424	878
425	430
425	439
425	441
425	471
425	478
425	486
425	487
425	489
425	496
425	527
425	652
425	750
425	758
425	818
425	835
426	427
426	458
426	463
426	490
426	586
426	699
426	761
426	873
426	914
426	946
426	972
427	456
427	472
427	479
427	481
427	502
427	934
428	436
428	987
429	434
429	448
429	453
429	477
429	480
429	482
429	495
429	497
429	516
429	527
429	748
429	752
429	835
429	841
430	437
430	445
430	449
430	452
430	603
430	683
430	693
430	746
430	770
430	810
430	846
430	887
430	957
431	472
431	474
431	541
431	543
431	548
431	554
431	570
431	610
431	631
431	743
431	763
431	797
431	839
432	440
432	465
432	548
432	591
432	620
432	626
432	663
432	674
432	892
432	898
432	934
432	942
432	956
432	965
433	437
433	449
433	486
433	627
433	652
433	720
433	749
433	794
433	796
433	800
433	814
433	977
433	982
433	986
434	435
434	439
434	453
434	467
434	479
434	577
434	659
434	678
434	726
434	781
434	815
434	861
434	878
434	883
434	891
434	993
435	440
435	453
435	496
435	497
435	574
435	879
435	889
435	898
435	900
435	915
436	455
436	456
436	458
436	466
436	467
436	478
436	520
436	552
436	592
436	623
436	911
436	948
437	440
437	455
437	462
437	570
437	580
437	752
437	757
437	761
437	804
437	827
437	873
438	440
438	444
438	450
438	496
438	509
438	552
438	556
438	836
438	908
438	928
439	439
439	483
439	493
439	497
439	589
439	936
440	456
440	458
440	477
440	486
440	605
440	698
440	700
440	701
440	706
440	765
440	983
441	459
441	484
441	485
441	498
441	500
441	519
441	622
441	638
441	694
441	745
441	751
441	776
441	786
441	829
442	493
442	496
442	506
442	536
442	939
442	962
443	444
443	449
443	459
443	487
443	518
443	621
443	643
443	674
443	741
443	756
443	782
443	817
443	833
443	919
443	988
443	990
444	454
444	469
444	478
444	482
444	484
444	499
444	575
444	754
444	813
445	459
445	466
445	662
445	723
445	919
445	962
446	480
446	574
446	611
446	620
446	697
446	882
446	893
446	923
446	951
446	963
446	977
447	454
447	472
447	494
447	613
447	654
447	686
447	871
447	963
448	448
448	449
448	490
448	577
448	607
448	637
448	735
448	850
448	899
448	951
449	476
449	484
449	585
449	688
449	798
449	873
449	942
449	966
449	983
450	457
450	463
450	469
450	471
450	479
450	482
450	489
450	547
450	657
450	693
450	751
450	806
450	846
450	861
450	937
451	493
451	494
451	497
451	498
451	573
451	579
451	640
451	768
451	835
451	851
451	984
452	458
452	562
452	567
452	655
452	968
453	453
453	478
453	490
453	534
453	555
453	712
453	725
453	800
453	839
453	882
453	907
454	461
454	462
454	471
454	474
454	478
454	503
454	576
454	609
454	807
454	902
454	954
455	466
455	473
455	487
455	516
455	661
455	688
455	755
456	460
456	485
456	553
456	632
456	646
456	675
456	691
456	946
457	462
457	465
457	477
457	489
457	536
457	582
457	630
457	738
457	792
457	866
457	926
458	468
458	469
458	484
458	546
458	584
458	661
458	681
458	744
458	752
458	767
458	943
459	464
459	484
459	496
459	525
459	569
459	592
459	627
459	665
459	708
459	712
459	807
459	879
459	921
459	972
460	461
460	466
460	475
460	485
460	623
460	695
460	698
460	701
460	731
460	748
460	757
460	831
460	870
460	912
460	919
460	954
460	961
461	468
461	477
461	489
461	505
461	527
461	591
461	645
461	933
461	964
462	708
462	716
462	986
462	987
462	994
463	486
463	488
463	535
463	580
463	843
463	855
464	466
464	467
464	515
464	525
464	534
464	546
464	690
464	758
464	962
464	976
465	499
465	564
465	622
465	638
465	658
465	692
465	738
465	782
465	859
465	947
465	982
466	476
466	538
466	540
466	665
466	685
466	730
466	850
466	853
466	882
466	977
467	482
467	483
467	520
467	571
467	749
468	471
468	475
468	477
468	485
468	651
468	769
468	912
468	992
469	470
469	474
469	478
469	601
469	776
469	813
469	934
469	939
469	964
469	980
470	621
470	683
470	791
470	838
470	896
471	472
471	482
471	528
471	681
471	807
471	884
471	965
472	608
472	684
472	706
472	707
472	853
472	854
472	871
472	882
472	894
472	905
472	925
473	475
473	477
473	482
473	642
473	712
473	725
473	753
473	830
473	887
474	482
474	483
474	485
474	491
474	492
474	513
474	570
474	590
474	597
474	613
474	713
474	920
474	971
475	486
475	519
475	578
475	689
475	742
475	875
476	533
476	591
476	681
476	720
476	727
476	774
476	840
477	479
477	498
477	618
477	684
477	824
477	921
477	987
478	485
478	624
478	669
478	674
478	715
478	736
478	775
478	784
478	894
478	953
479	489
479	506
479	637
479	691
479	717
479	776
479	790
479	842
479	847
479	874
480	487
480	510
480	756
480	770
480	806
480	846
481	496
481	499
481	756
481	795
481	821
481	904
481	913
481	960
481	981
481	989
482	491
482	498
482	549
482	757
482	795
482	840
482	845
482	858
482	942
483	560
483	626
483	832
483	867
484	487
484	488
484	491
484	494
484	520
484	736
484	800
484	820
484	928
484	981
485	496
485	497
485	599
485	775
485	893
485	929
485	987
486	494
486	536
486	539
486	598
486	619
486	726
486	885
486	952
486	965
486	986
487	494
487	522
487	570
487	591
487	611
487	684
487	687
487	792
487	801
487	846
487	883
487	931
487	949
488	493
488	504
488	508
488	530
488	721
488	889
488	962
489	499
489	703
489	799
489	857
489	925
490	543
490	572
490	762
491	497
491	596
491	711
491	744
491	773
491	810
491	871
491	894
491	923
491	948
491	966
491	996
492	623
492	760
492	856
493	496
493	526
493	664
493	668
493	691
493	783
493	794
493	973
493	975
494	500
494	593
494	622
494	646
494	725
494	870
494	912
495	515
495	539
495	647
495	683
495	724
495	805
495	845
495	888
495	928
495	996
496	502
496	615
496	617
496	669
496	746
496	755
496	798
496	855
497	527
497	704
497	759
497	809
497	894
497	950
498	514
498	748
498	922
498	954
499	528
499	545
499	695
499	924
499	973
500	510
500	546
500	564
500	583
500	589
500	591
500	686
500	717
500	738
500	917
500	954
501	512
501	524
501	543
501	553
501	560
501	562
501	587
501	588
501	698
501	828
501	829
501	850
501	852
501	858
501	877
501	984
502	505
502	508
502	516
502	517
502	522
502	534
502	537
502	547
502	583
502	584
502	595
502	603
502	773
502	892
502	994
503	518
503	524
503	532
503	534
503	537
503	559
503	561
503	570
503	572
503	576
503	590
503	657
503	708
503	829
503	917
503	952
503	980
504	516
504	522
504	528
504	530
504	534
504	569
504	577
504	593
504	602
504	633
504	645
504	760
504	835
504	842
504	844
504	986
504	987
505	511
505	519
505	533
505	534
505	547
505	554
505	582
505	586
505	589
505	599
505	708
505	909
505	966
506	536
506	542
506	547
506	556
506	574
506	598
506	625
506	670
506	762
506	843
506	950
506	971
507	511
507	516
507	519
507	553
507	582
507	593
507	614
507	633
507	684
507	701
507	744
507	749
507	801
507	821
507	941
508	514
508	532
508	540
508	552
508	563
508	583
508	588
508	591
508	822
508	886
508	937
509	541
509	546
509	554
509	558
509	584
509	641
509	656
509	658
509	719
509	735
509	836
509	856
509	884
509	898
509	927
510	530
510	549
510	603
510	813
510	848
511	517
511	519
511	541
511	548
511	551
511	552
511	553
511	561
511	572
511	573
511	674
511	751
511	989
512	513
512	526
512	529
512	532
512	540
512	552
512	571
512	607
512	642
512	708
512	778
512	859
512	919
513	520
513	526
513	540
513	584
513	589
513	628
513	669
513	678
513	744
513	757
513	764
513	781
513	812
513	821
513	842
513	930
514	544
514	552
514	556
514	564
514	565
514	583
514	585
514	595
514	599
514	642
514	696
514	738
514	771
514	791
514	802
514	843
514	853
514	923
515	529
515	533
515	539
515	556
515	560
515	566
515	570
515	598
515	818
515	850
515	866
515	914
515	949
515	986
516	524
516	545
516	554
516	597
516	784
516	797
516	838
516	870
516	901
516	939
517	528
517	536
517	562
517	563
517	572
517	577
517	578
517	591
517	618
517	710
517	760
517	769
517	804
517	820
517	898
518	519
518	524
518	530
518	541
518	545
518	586
518	716
519	521
519	523
519	525
519	526
519	538
519	552
519	594
519	770
519	847
519	899
519	924
519	933
519	939
520	539
520	567
520	581
520	627
520	658
520	660
520	756
520	774
520	815
520	817
521	546
521	558
521	561
521	563
521	571
521	577
521	746
521	851
521	873
521	914
521	925
522	528
522	540
522	564
522	565
522	566
522	575
522	587
522	660
522	701
522	755
522	780
522	829
522	885
522	901
522	910
522	933
522	953
523	531
523	546
523	580
523	588
523	762
523	831
523	887
523	973
524	541
524	545
524	557
524	558
524	569
524	570
524	629
524	631
524	641
524	651
524	730
524	830
524	877
524	950
524	964
524	996
525	569
525	571
525	578
525	598
525	617
525	668
525	754
525	785
525	841
525	854
525	969
526	536
526	538
526	544
526	581
526	586
526	609
526	729
526	810
526	836
526	935
527	538
527	547
527	591
527	593
527	599
527	686
527	922
527	937
527	938
527	949
528	550
528	572
528	591
528	714
528	751
528	988
528	991
529	534
529	545
529	546
529	561
529	667
529	847
529	873
529	892
529	915
529	924
529	940
529	945
529	988
530	551
530	560
530	586
530	590
530	673
530	682
530	749
530	835
530	888
531	532
531	539
531	564
531	587
531	737
532	567
532	572
532	582
532	587
532	683
532	861
532	899
532	976
533	534
533	535
533	557
533	559
533	569
533	571
533	575
533	625
533	794
533	817
533	827
533	830
533	897
534	541
534	575
534	639
534	798
534	827
534	949
534	972
535	551
535	563
535	578
535	581
535	590
535	708
535	713
535	775
535	868
535	882
535	899
536	541
536	549
536	557
536	568
536	572
536	578
536	584
536	589
536	617
536	633
536	700
536	722
536	733
536	750
536	791
536	836
537	572
537	576
537	584
537	632
537	646
537	684
537	895
537	948
537	990
538	543
538	544
538	551
538	556
538	573
538	578
538	587
538	625
538	821
538	836
538	872
538	890
538	961
538	965
539	547
539	562
539	574
539	583
539	687
539	759
539	904
539	910
539	930
540	578
540	580
540	636
540	709
540	711
540	806
540	975
540	985
541	561
541	575
541	580
541	642
541	676
541	733
541	751
541	847
541	913
541	935
541	940
542	576
542	587
542	595
542	640
542	662
542	735
542	844
542	917
543	556
543	557
543	572
543	683
543	684
543	726
543	738
543	763
543	834
543	982
544	574
544	576
544	580
544	584
544	672
544	726
544	787
544	838
544	972
545	587
545	611
545	900
545	923
545	924
545	970
546	556
546	566
546	584
546	588
546	593
546	597
546	598
546	648
546	716
546	797
546	844
546	857
546	863
546	999
547	547
547	551
547	560
547	561
547	566
547	577
547	584
547	640
547	664
547	920
547	972
548	551
548	557
548	577
548	591
548	694
548	850
548	994
549	560
549	640
549	820
549	925
550	571
550	579
550	583
550	675
550	786
550	872
550	928
550	953
551	554
551	567
551	580
551	591
551	599
551	645
551	668
551	706
551	708
551	713
551	729
551	746
551	881
551	917
552	585
552	588
552	591
552	608
552	653
552	664
552	758
552	858
552	875
552	877
552	878
553	572
553	593
553	599
553	639
553	667
553	697
553	761
553	772
553	792
553	798
553	845
554	577
554	585
554	587
554	631
554	694
554	791
554	845
554	931
554	935
555	567
555	576
555	591
555	681
555	728
555	762
556	569
556	596
556	637
556	986
557	568
557	569
557	585
557	683
557	736
557	741
557	769
557	797
557	909
558	579
558	594
558	595
558	769
558	813
558	843
558	896
559	563
559	586
559	592
559	603
559	609
559	712
559	728
559	971
560	581
560	597
560	646
560	747
560	753
560	877
560	897
560	959
561	586
561	588
561	641
561	680
562	576
562	586
562	632
562	647
562	776
562	864
562	884
562	886
562	899
563	570
563	586
563	587
563	704
563	781
563	795
563	941
563	998
564	568
564	573
564	582
564	683
564	733
564	813
564	838
564	868
564	912
565	583
565	666
565	753
565	845
566	669
566	772
566	897
566	920
566	969
567	587
567	588
567	595
567	745
567	834
568	580
568	581
568	587
568	776
568	784
568	825
568	899
568	907
568	908
569	575
569	576
569	578
569	589
569	598
569	854
570	571
570	576
570	598
570	617
570	642
570	706
570	721
571	587
571	698
571	715
571	798
572	576
572	582
572	588
572	618
572	855
572	972
573	578
573	595
573	651
573	896
573	998
574	593
574	603
574	725
574	756
574	762
574	971
575	726
575	732
575	871
575	890
575	904
575	926
576	592
576	598
576	602
576	642
576	677
576	857
576	884
576	953
577	588
577	652
577	703
577	782
577	837
577	855
577	892
578	593
578	595
578	597
578	636
578	676
578	726
578	894
578	895
579	593
579	611
579	702
579	781
579	868
579	877
579	918
579	945
579	965
579	988
580	592
580	703
580	762
580	797
580	813
580	890
580	898
580	962
581	586
581	590
581	633
581	718
581	774
581	890
582	590
582	666
582	689
582	774
582	888
582	892
582	950
583	594
583	633
583	679
583	760
583	934
583	979
583	982
584	585
584	599
584	668
584	750
584	758
584	789
584	880
584	929
584	930
585	588
585	608
585	650
585	660
585	718
585	730
585	927
585	953
586	587
586	669
586	670
586	869
586	886
586	905
587	590
587	594
587	597
587	640
587	849
588	589
588	608
588	912
588	975
588	985
589	599
589	722
589	792
589	853
589	890
589	902
590	590
590	689
590	760
590	781
590	784
590	843
591	592
591	596
591	597
591	678
591	750
591	758
591	820
591	940
592	592
592	638
592	654
592	741
592	981
592	986
593	596
593	853
593	949
593	965
594	653
594	671
594	672
594	704
594	782
594	787
594	835
594	852
594	973
595	599
595	622
595	664
595	772
595	821
595	831
595	931
595	974
596	832
596	924
597	613
597	658
597	678
597	721
597	749
597	750
597	777
597	894
597	952
598	613
598	675
598	728
598	992
600	608
600	615
600	636
600	683
600	709
600	836
600	863
600	867
600	933
601	610
601	611
601	616
601	624
601	626
601	660
601	667
601	670
601	683
601	691
601	693
601	716
601	783
601	971
602	609
602	627
602	628
602	635
602	667
602	668
602	673
602	806
602	807
602	825
602	887
603	605
603	606
603	611
603	612
603	615
603	624
603	627
603	630
603	683
603	694
603	698
603	736
603	892
604	610
604	614
604	634
604	639
604	650
604	678
604	708
604	827
604	943
605	613
605	617
605	621
605	634
605	689
605	696
605	888
605	989
606	609
606	618
606	622
606	635
606	645
606	659
606	665
606	692
606	715
606	840
606	953
607	609
607	621
607	629
607	631
607	652
607	666
607	688
607	773
607	807
607	928
608	616
608	624
608	629
608	635
608	644
608	676
608	680
608	688
608	722
608	756
608	896
608	958
609	642
609	695
609	698
609	804
609	825
609	885
609	912
609	917
609	990
610	618
610	626
610	631
610	650
610	656
610	659
610	661
610	678
610	724
610	726
610	917
611	613
611	646
611	657
611	661
611	672
611	681
611	708
611	812
611	833
611	834
611	836
611	954
612	644
612	646
612	647
612	664
612	669
612	835
612	853
612	950
612	975
613	619
613	626
613	632
613	642
613	648
613	668
613	694
613	718
613	810
613	827
613	840
613	996
614	630
614	651
614	662
614	663
614	682
614	696
614	907
614	950
615	616
615	618
615	630
615	640
615	647
615	659
615	689
615	732
615	757
615	790
615	838
615	859
615	901
616	687
616	688
616	787
616	796
616	885
617	627
617	628
617	677
617	684
617	685
617	694
617	770
617	852
617	917
617	953
618	623
618	654
618	673
618	698
619	621
619	686
619	688
619	690
619	693
619	706
619	741
619	799
619	802
619	841
619	903
619	929
620	631
620	633
620	649
620	651
620	653
620	671
620	672
620	673
620	674
620	689
620	698
620	782
620	795
620	803
620	814
620	834
620	848
620	852
620	868
620	891
620	917
620	984
621	628
621	631
621	633
621	645
621	667
621	683
621	695
621	754
621	862
621	898
622	623
622	660
622	676
622	802
622	876
622	989
623	639
623	674
623	699
623	821
623	825
623	938
623	970
623	992
624	627
624	634
624	636
624	645
624	667
624	707
624	836
624	839
624	849
624	944
624	961
625	635
625	657
625	670
625	681
625	694
625	696
625	752
625	999
626	634
626	650
626	667
626	681
626	683
626	697
626	701
626	742
626	788
626	815
626	900
626	942
627	627
627	662
627	663
627	680
627	691
627	695
627	720
628	630
628	684
628	699
628	835
628	908
628	977
629	636
629	679
629	684
629	686
629	687
629	841
629	968
630	636
630	661
630	803
630	899
631	634
631	644
631	648
631	683
631	685
631	694
631	814
631	828
631	892
631	966
632	641
632	682
632	692
632	732
632	760
633	638
633	641
633	642
633	650
633	673
633	684
633	691
633	731
633	824
633	859
633	877
633	923
634	641
634	650
634	669
634	672
634	678
634	692
634	696
634	711
634	780
634	782
634	819
634	901
634	959
635	656
635	674
635	684
635	710
635	759
635	790
635	923
635	955
635	973
635	981
636	644
636	671
636	686
636	806
636	814
636	836
636	922
636	941
636	949
636	998
637	652
637	656
637	675
637	686
637	699
637	701
637	873
637	885
638	638
638	640
638	643
638	662
638	670
638	676
638	683
638	699
638	707
638	774
638	898
638	906
638	908
638	930
638	933
638	993
639	673
639	684
639	697
639	698
639	765
639	805
639	894
639	907
640	648
640	666
640	687
640	693
640	707
640	832
640	932
640	983
640	990
641	642
641	662
641	667
641	669
641	725
641	902
641	906
641	947
642	659
642	667
642	681
642	719
642	721
642	722
642	746
642	754
642	834
643	653
643	682
643	690
643	834
643	867
643	916
643	944
643	960
644	651
644	654
644	684
644	713
644	760
644	898
644	969
645	660
645	666
645	675
645	698
645	773
645	815
645	862
645	874
645	883
645	928
646	650
646	653
646	686
646	694
646	730
646	779
646	790
646	843
646	851
646	854
646	933
646	939
647	648
647	670
647	681
647	756
647	784
647	840
647	857
647	931
647	997
648	658
648	682
648	701
648	722
648	888
649	666
649	671
649	689
649	757
649	790
649	801
649	813
649	818
649	858
649	881
649	948
650	656
650	673
650	887
650	965
650	974
651	655
651	662
651	669
651	678
651	687
651	689
651	713
651	747
651	929
651	982
651	985
652	661
652	670
652	679
652	683
652	692
652	709
652	773
652	844
653	653
653	655
653	676
653	694
653	698
653	759
653	770
653	788
653	832
653	939
653	959
653	983
654	656
654	664
654	671
654	725
654	802
654	804
654	837
654	853
654	902
654	940
655	661
655	699
655	714
655	774
655	843
655	855
655	932
656	658
656	674
656	682
656	684
656	781
656	833
656	848
656	866
656	883
656	931
656	942
657	671
657	682
657	748
657	815
657	847
657	901
657	933
658	685
658	689
658	859
658	892
658	955
658	980
658	994
659	665
659	674
659	681
659	780
659	885
660	667
660	670
660	752
660	764
660	772
660	812
660	955
661	679
661	680
661	918
661	940
661	976
662	664
662	688
662	835
662	952
663	680
663	683
663	698
663	811
663	866
663	869
663	990
664	675
664	713
664	732
664	754
664	806
664	833
664	950
665	686
665	752
665	775
665	851
665	890
665	918
665	945
666	679
666	692
666	701
666	855
666	919
666	934
667	670
667	671
667	673
667	689
667	698
667	735
667	813
667	923
667	932
668	687
668	715
668	735
668	765
668	784
668	785
668	789
668	810
668	885
668	902
668	949
668	993
669	670
669	671
669	672
669	684
669	692
669	696
669	785
669	792
669	826
669	888
669	899
669	974
670	676
670	677
670	711
670	863
671	683
671	691
671	701
671	729
671	825
671	937
671	949
672	681
672	791
672	845
673	696
673	904
673	935
673	980
674	677
674	680
674	683
674	686
674	715
674	736
674	933
675	677
675	683
675	686
675	697
675	802
675	803
675	828
675	977
676	695
676	697
676	698
676	721
676	806
676	808
676	854
676	969
677	681
677	682
677	685
677	711
677	741
677	750
677	859
677	910
678	687
678	695
678	765
678	806
678	841
678	842
678	975
679	684
679	685
679	699
679	771
679	832
679	927
679	988
680	692
680	693
680	698
680	699
680	726
680	848
680	970
680	979
680	995
681	698
681	715
681	894
682	936
682	943
682	994
683	701
683	813
684	685
684	734
684	843
684	877
684	926
684	963
685	692
685	773
685	903
685	952
685	968
686	690
686	694
686	753
686	799
686	800
687	905
687	907
687	945
687	952
687	994
688	690
688	849
689	692
689	696
689	697
689	755
689	799
689	847
689	973
689	975
690	746
690	753
690	831
690	881
690	908
690	921
691	706
691	757
691	841
691	910
692	697
692	755
692	786
692	820
692	920
693	758
693	763
693	872
693	878
693	916
693	941
693	948
694	735
694	838
694	851
694	902
695	697
695	698
695	758
695	788
695	859
695	986
696	878
696	918
696	946
696	988
697	698
697	810
697	885
697	889
697	897
697	931
697	939
697	996
698	743
698	780
698	833
699	812
699	856
699	958
699	960
700	708
700	729
700	757
700	852
700	898
700	976
701	701
701	702
701	709
701	717
701	767
701	770
701	787
701	791
701	867
701	904
701	942
702	717
702	763
702	771
702	786
702	796
702	815
702	873
702	925
702	928
702	930
703	709
703	736
703	747
703	778
703	797
703	840
703	851
703	909
704	711
704	733
704	735
704	750
704	772
704	783
704	787
704	820
704	891
704	897
705	736
705	750
705	761
705	795
705	838
705	978
706	707
706	717
706	729
706	730
706	732
706	737
706	752
706	772
706	784
706	935
706	938
707	708
707	747
707	760
707	767
707	781
707	792
707	917
707	931
707	937
707	958
708	717
708	720
708	735
708	763
708	775
708	783
708	862
709	711
709	729
709	757
709	759
709	772
709	799
709	929
709	981
710	710
710	723
710	729
710	739
710	751
710	785
710	834
711	718
711	728
711	740
711	757
711	770
711	787
711	828
711	844
712	719
712	722
712	733
712	740
712	753
712	756
712	783
712	888
712	922
712	955
713	739
713	769
713	770
713	797
713	873
713	993
714	716
714	750
714	757
714	762
714	769
714	778
714	914
714	924
714	987
715	716
715	729
715	730
715	746
715	749
715	777
715	793
715	798
715	931
716	718
716	734
716	735
716	738
716	741
716	750
716	765
716	766
716	788
716	793
716	850
717	732
717	750
717	752
717	760
717	777
717	779
717	864
717	872
717	899
717	971
718	749
718	767
718	773
718	775
718	786
718	864
718	899
719	724
719	727
719	754
719	761
720	740
720	769
720	789
720	797
720	849
720	854
720	935
720	942
720	993
721	740
721	777
721	780
721	784
721	835
722	734
722	740
722	752
722	761
722	764
722	774
723	735
723	743
723	750
723	791
723	799
723	800
723	983
723	990
723	999
724	733
724	737
724	739
724	764
724	767
724	777
724	788
724	795
724	861
724	919
725	729
725	739
725	772
725	779
725	780
725	784
725	798
725	799
725	812
725	871
725	929
726	730
726	743
726	757
726	773
726	782
726	791
726	793
726	795
726	919
727	742
727	760
727	769
727	774
727	788
727	798
727	833
727	849
727	886
727	912
727	935
728	741
728	760
728	766
728	771
728	778
728	782
728	791
728	836
728	901
728	919
729	733
729	759
729	760
729	772
729	801
729	875
729	940
729	988
730	736
730	766
730	793
730	828
730	830
730	848
730	886
730	900
730	949
730	950
731	736
731	771
731	778
731	791
731	809
731	955
731	972
732	770
732	775
732	785
732	815
732	818
732	861
732	957
733	783
733	790
733	794
733	973
734	744
734	751
734	753
734	799
734	810
734	897
734	973
734	988
735	751
735	779
735	792
735	796
735	807
735	828
735	882
736	749
736	765
736	776
736	778
736	783
736	787
736	795
736	796
736	797
736	826
736	993
737	737
737	744
737	759
737	778
737	789
737	794
737	859
737	869
738	746
738	750
738	777
738	783
738	793
738	865
738	869
738	871
738	882
738	910
739	760
739	780
739	784
739	789
739	796
739	947
739	986
740	872
740	895
740	979
741	764
741	781
741	791
741	792
741	795
741	842
741	848
741	856
742	743
742	748
742	760
742	770
742	775
742	779
742	781
742	832
742	840
742	895
742	926
742	936
742	937
742	960
743	762
743	771
743	784
743	792
743	799
743	952
743	984
744	761
744	762
744	766
744	787
744	788
744	797
744	811
744	818
744	821
744	880
744	888
744	945
745	760
745	791
745	798
745	814
745	846
745	921
745	962
746	778
746	824
746	851
746	972
746	976
747	762
747	765
747	838
747	842
747	910
747	959
748	753
748	761
748	785
748	791
748	828
748	839
749	781
749	786
749	859
749	949
750	761
750	775
750	780
750	789
750	797
750	911
750	987
750	997
751	760
751	761
751	764
751	766
751	767
751	780
751	789
751	800
751	809
752	753
752	782
752	900
752	933
752	943
752	976
753	757
753	758
753	788
753	818
753	953
753	974
754	759
754	770
754	844
754	846
754	969
755	758
755	811
755	989
756	771
756	785
756	867
756	893
756	936
756	977
757	761
757	770
757	776
757	786
757	788
757	811
757	827
757	865
757	988
757	996
758	763
758	780
758	787
758	795
758	803
758	811
758	912
758	929
758	995
759	765
759	768
759	777
759	941
759	957
760	760
760	767
760	770
760	771
760	777
760	780
760	782
760	793
760	845
760	866
760	923
760	944
760	953
761	831
761	848
761	899
761	999
762	772
762	776
762	797
762	942
763	767
763	770
763	779
764	770
764	792
764	794
764	851
764	914
764	947
764	998
765	773
765	777
765	784
765	812
765	832
766	789
766	799
766	947
767	767
767	772
767	778
767	788
767	795
767	898
767	905
767	929
768	794
768	804
768	811
768	934
769	773
769	798
769	854
769	985
769	987
770	784
770	798
770	889
770	929
771	831
771	968
771	973
772	921
772	949
773	777
773	779
773	886
773	904
773	916
774	782
774	789
774	792
774	797
774	798
774	818
774	903
774	965
775	789
775	836
775	843
775	856
775	919
776	783
776	789
776	797
776	850
776	890
776	923
777	783
777	791
777	796
777	798
777	806
777	907
777	938
777	967
778	783
778	787
778	922
778	980
779	780
779	807
779	861
779	887
779	974
780	780
780	781
780	831
780	934
781	783
781	850
782	789
782	858
782	874
782	924
782	953
783	786
783	799
783	841
783	843
783	861
783	868
783	977
784	865
784	883
784	898
784	937
785	926
785	962
785	968
786	875
786	904
786	940
787	879
787	911
787	994
788	798
788	876
788	958
789	804
789	858
789	899
789	938
789	966
789	974
789	991
790	792
790	798
790	820
790	845
790	938
791	830
791	879
791	908
791	954
792	800
792	820
792	893
792	902
793	873
793	888
793	944
793	971
794	815
794	846
794	881
794	899
795	979
796	803
796	870
796	889
796	893
797	869
797	909
797	988
798	836
799	808
799	907
799	921
800	805
800	812
800	820
800	829
800	845
800	846
800	864
800	870
800	886
801	836
801	837
801	842
801	866
801	899
802	808
802	809
802	832
802	835
802	843
802	849
802	858
802	877
802	892
802	949
802	950
802	953
802	970
803	812
803	906
804	840
804	877
804	879
804	881
804	885
804	891
804	971
805	841
805	858
805	864
805	870
805	872
805	878
805	879
805	882
806	816
806	819
806	822
806	825
806	826
806	835
806	855
806	886
806	897
806	986
806	995
807	834
807	840
807	855
807	869
807	879
807	889
807	893
807	895
807	979
808	811
808	835
808	863
808	882
808	930
809	819
809	828
809	829
809	847
809	865
809	866
809	870
809	872
809	883
809	885
809	887
809	986
810	864
810	869
810	880
810	882
810	960
811	839
811	844
811	846
811	852
811	866
811	869
811	898
811	945
811	984
812	812
812	830
812	852
812	854
812	870
812	940
812	983
812	988
813	837
813	845
813	852
813	865
813	915
814	817
814	827
814	840
814	849
814	886
814	887
814	901
814	908
814	971
815	823
815	826
815	834
815	860
815	872
815	875
815	883
815	885
815	886
816	819
816	833
816	886
816	971
817	824
817	830
817	833
817	845
817	846
817	849
817	851
817	852
817	870
817	877
817	879
817	889
817	945
818	865
818	883
818	890
818	966
819	840
819	851
819	857
819	877
819	881
820	821
820	846
820	874
820	880
820	888
820	918
820	932
820	937
820	967
820	994
821	830
821	842
821	843
821	943
821	975
822	823
822	826
822	870
822	878
822	884
822	900
823	829
823	836
823	837
823	842
823	850
823	859
823	877
823	878
823	885
823	898
823	945
823	996
824	824
824	832
824	842
824	845
824	866
824	895
824	897
825	830
825	867
825	868
825	873
825	875
825	876
825	894
825	896
825	992
826	833
826	840
826	861
826	870
826	977
827	829
827	830
827	848
827	853
827	862
827	869
827	870
827	879
827	880
827	881
827	883
827	897
827	915
827	988
828	842
828	843
828	845
828	857
828	862
828	865
828	867
828	883
828	890
829	830
829	872
829	875
829	880
829	881
829	894
829	943
829	995
830	852
830	856
830	866
830	917
830	949
831	835
831	861
831	873
831	874
831	895
831	980
832	847
832	853
832	862
832	886
832	972
833	834
833	857
833	876
833	898
833	971
833	981
834	866
834	872
834	873
834	878
834	880
834	915
835	860
835	871
835	881
835	899
835	966
835	985
836	836
836	843
836	845
836	849
836	865
836	870
836	890
836	988
837	851
837	858
837	867
837	901
837	948
837	966
838	840
838	841
838	853
838	892
838	898
839	839
839	875
839	896
839	916
840	847
840	851
840	861
840	877
841	848
841	857
841	872
841	886
842	844
842	883
842	892
842	912
842	955
843	846
843	865
843	866
843	870
843	873
843	911
844	891
845	859
845	975
846	847
846	852
846	856
846	863
846	865
846	869
846	878
846	880
846	901
846	920
846	921
846	932
847	882
847	894
847	989
848	855
848	863
848	867
848	878
848	891
848	933
848	969
848	986
848	990
848	999
849	875
849	897
849	973
850	859
850	867
850	876
851	867
851	887
851	890
851	973
851	981
852	855
852	858
852	860
852	863
852	881
853	863
853	881
853	890
853	893
853	898
853	903
855	870
855	876
855	892
855	897
855	912
856	863
856	869
856	896
856	984
857	876
857	877
858	864
858	885
858	894
858	925
858	949
858	952
858	978
858	996
859	862
859	865
859	870
859	904
860	869
860	908
860	940
860	971
861	875
861	881
862	864
862	878
862	880
862	893
862	935
862	996
863	869
863	877
863	961
863	984
864	891
864	893
864	899
864	905
864	923
865	867
865	955
865	960
866	878
866	879
866	881
866	889
866	916
866	922
867	883
867	893
867	981
868	906
869	872
869	875
869	878
869	995
870	873
870	881
870	886
870	920
871	916
872	877
872	895
872	899
872	958
873	959
873	993
874	881
874	891
874	895
874	925
874	953
875	877
875	883
875	884
875	885
875	888
875	932
875	936
876	922
876	925
876	943
877	890
877	900
878	883
878	885
878	891
878	898
879	879
879	881
879	895
879	936
879	960
879	969
880	916
881	885
881	899
882	929
883	892
883	977
884	887
884	985
885	890
885	911
885	941
886	925
887	970
888	940
889	891
889	935
889	950
889	958
889	967
890	891
890	892
891	899
892	894
893	895
893	930
893	942
894	894
894	897
894	901
896	896
896	970
897	957
897	980
897	996
898	998
899	927
900	916
900	928
900	933
900	940
900	941
900	980
900	997
901	915
901	947
901	960
901	962
901	992
901	993
901	997
902	907
902	919
902	925
902	943
902	944
902	952
902	970
902	987
902	992
903	905
903	907
903	940
903	986
904	911
904	934
904	983
904	985
904	987
904	988
905	927
905	958
905	968
905	993
906	909
906	920
906	921
906	942
906	946
906	962
906	964
906	968
906	969
906	974
906	978
906	979
906	985
906	986
907	921
907	922
907	924
907	927
907	945
907	947
907	950
907	957
907	966
907	981
907	991
907	997
908	949
908	952
908	990
908	992
908	996
909	919
909	967
909	981
909	996
910	917
910	935
910	941
910	946
910	983
910	994
911	914
911	918
911	924
911	930
912	915
912	918
912	938
912	958
912	964
912	969
912	972
912	981
913	916
913	932
913	960
913	981
914	917
914	934
914	949
914	960
915	928
915	945
915	946
915	965
915	979
915	995
915	998
916	939
916	948
916	955
916	982
917	934
917	937
917	996
917	998
918	932
918	953
918	955
918	967
918	969
918	975
918	998
919	924
919	932
919	973
919	978
919	981
919	984
919	988
919	999
920	931
920	960
920	962
920	963
920	968
920	972
920	976
920	980
920	988
921	924
921	926
921	958
921	968
921	974
921	994
922	927
922	931
922	936
922	938
922	952
922	970
922	975
923	928
923	933
923	939
923	958
923	983
924	933
924	968
924	976
925	961
926	949
926	956
926	959
926	967
927	934
927	936
927	994
928	931
928	947
928	973
928	998
929	957
929	981
929	993
929	999
930	934
930	936
930	966
930	969
930	992
930	998
931	934
931	942
931	947
931	954
931	957
931	977
931	993
932	936
932	951
932	952
932	954
932	960
932	984
932	998
933	977
933	996
934	955
934	957
934	959
934	987
934	999
935	966
935	978
935	980
935	981
935	986
936	953
936	955
936	960
936	973
936	990
937	940
937	954
937	956
937	959
937	980
937	986
938	938
938	973
938	982
939	939
940	948
940	951
941	948
941	963
941	964
941	967
942	943
942	968
942	995
943	944
943	969
944	970
945	956
945	960
945	976
946	960
946	966
946	972
946	974
946	997
947	968
947	991
947	995
948	950
948	971
948	979
949	982
949	991
950	964
950	965
950	973
950	995
951	963
951	990
952	958
952	966
952	967
952	977
952	993
953	976
953	982
953	996
953	999
954	967
954	971
954	973
955	959
955	969
955	974
956	972
956	983
956	993
957	973
959	964
959	990
960	980
961	966
961	972
961	988
961	991
962	963
962	969
962	973
962	977
962	997
963	971
963	991
964	974
964	980
964	982
964	992
965	969
965	978
965	992
966	967
966	987
966	996
966	997
967	978
968	971
968	978
968	981
969	979
970	984
970	985
970	989
970	996
971	977
971	994
972	996
973	992
973	993
973	997
974	975
974	979
974	982
974	995
975	994
975	999
976	983
977	986
977	988
978	993
979	990
980	988
980	989
981	986
982	990
982	991
983	994
986	993
987	992
987	997
988	997
989	995
990	996
990	999
993	999
994	996
994	997
