0	7
0	14
0	20
0	33
0	44
0	47
0	55
0	65
0	66
0	70
0	80
0	97
0	443
0	523
1	6
1	14
1	16
1	17
1	20
1	22
1	31
1	36
1	40
1	47
1	49
1	59
1	61
1	68
1	76
1	142
1	344
1	358
1	387
1	817
1	861
2	13
2	15
2	38
2	47
2	50
2	52
2	64
2	65
2	83
2	84
2	93
2	459
2	490
2	652
2	733
2	963
2	971
3	10
3	16
3	21
3	26
3	30
3	32
3	35
3	48
3	61
3	62
3	64
3	90
3	93
3	148
3	411
3	618
3	851
4	7
4	9
4	17
4	21
4	35
4	37
4	43
4	51
4	73
4	82
4	85
4	89
4	95
4	385
4	811
4	863
4	875
4	952
5	6
5	13
5	15
5	18
5	24
5	33
5	34
5	37
5	39
5	46
5	56
5	59
5	62
5	67
5	78
5	90
5	93
5	99
5	563
5	706
5	737
6	7
6	9
6	21
6	27
6	33
6	36
6	38
6	41
6	43
6	49
6	55
6	64
6	67
6	89
6	90
6	331
6	445
6	738
6	993
7	8
7	25
7	37
7	39
7	42
7	44
7	46
7	51
7	52
7	53
7	68
7	76
7	84
7	92
7	99
7	586
7	631
7	647
7	806
7	891
7	985
8	10
8	24
8	29
8	34
8	38
8	39
8	45
8	54
8	57
8	66
8	79
8	82
8	83
8	86
8	89
8	90
8	95
8	97
8	100
8	158
8	377
8	431
8	443
8	720
9	13
9	15
9	21
9	38
9	66
9	67
9	79
9	84
9	92
9	93
9	98
9	273
9	350
9	881
9	919
10	21
10	32
10	40
10	45
10	55
10	62
10	73
10	91
10	95
10	191
11	16
11	17
11	22
11	28
11	30
11	33
11	38
11	42
11	43
11	46
11	65
11	74
11	77
11	78
11	90
11	92
11	101
12	16
12	17
12	21
12	39
12	44
12	45
12	47
12	54
12	68
12	71
12	73
12	75
12	84
12	87
12	94
12	258
12	554
12	678
13	18
13	25
13	26
13	31
13	38
13	40
13	41
13	54
13	55
13	60
13	62
13	73
13	92
13	96
13	152
13	462
13	495
13	589
13	655
13	703
13	960
14	21
14	43
14	48
14	59
14	64
14	67
14	69
14	86
14	87
14	92
14	225
14	363
14	411
14	424
15	32
15	49
15	64
15	74
15	81
15	85
15	89
15	90
15	91
15	92
15	94
15	140
16	21
16	34
16	37
16	48
16	51
16	61
16	71
16	75
16	79
16	80
16	93
16	94
16	460
16	642
16	852
17	17
17	27
17	33
17	39
17	47
17	51
17	54
17	66
17	71
17	72
17	78
17	79
17	84
17	88
17	92
17	99
17	382
17	457
17	657
18	19
18	31
18	40
18	49
18	50
18	54
18	58
18	61
18	74
18	77
18	81
18	93
18	172
18	231
18	245
18	470
18	543
18	563
18	804
18	887
18	936
19	21
19	47
19	50
19	55
19	56
19	75
19	76
19	79
19	86
19	90
19	404
20	21
20	24
20	25
20	27
20	28
20	32
20	37
20	51
20	52
20	60
20	61
20	76
20	80
20	82
20	83
20	84
20	95
21	21
21	28
21	40
21	45
21	47
21	60
21	63
21	67
21	88
21	92
21	99
21	274
21	457
21	768
21	929
22	24
22	26
22	31
22	36
22	61
22	63
22	85
22	86
22	94
22	96
22	184
22	343
22	753
22	837
22	892
23	28
23	34
23	36
23	45
23	48
23	49
23	52
23	59
23	70
23	77
23	88
23	92
23	234
23	284
23	632
23	879
23	966
24	25
24	27
24	32
24	40
24	42
24	50
24	53
24	57
24	68
24	71
24	81
24	82
24	83
24	87
24	92
24	95
24	97
24	115
24	475
24	775
24	979
25	31
25	38
25	58
25	64
25	67
25	71
25	73
25	75
25	165
25	243
25	522
26	27
26	29
26	43
26	47
26	65
26	73
26	77
26	96
26	797
27	32
27	44
27	49
27	57
27	60
27	70
27	73
27	78
27	82
27	96
27	362
27	387
27	562
27	648
27	724
27	831
27	849
27	945
27	991
28	29
28	38
28	43
28	50
28	57
28	59
28	62
28	68
28	76
28	77
28	84
28	85
28	87
28	93
28	96
28	98
28	227
28	259
28	302
28	382
29	31
29	33
29	42
29	52
29	60
29	73
29	77
29	78
29	79
29	91
29	92
29	143
29	555
30	31
30	40
30	45
30	46
30	60
30	62
30	65
30	71
30	73
30	75
30	89
30	186
30	372
30	406
30	533
30	906
30	907
30	968
31	47
31	52
31	53
31	58
31	63
31	66
31	69
31	75
31	77
31	78
31	83
31	84
31	85
31	87
31	90
31	92
31	93
31	259
31	614
31	714
31	779
32	45
32	51
32	63
32	67
32	68
32	69
32	74
32	75
32	85
32	86
32	87
32	411
32	462
32	496
33	40
33	50
33	57
33	83
33	93
33	152
33	437
33	508
33	558
33	869
34	39
34	45
34	52
34	63
34	65
34	66
34	72
34	81
34	84
34	87
34	90
34	92
34	94
34	95
34	96
34	248
34	341
34	495
34	980
35	42
35	49
35	50
35	57
35	64
35	70
35	74
35	82
35	85
35	87
35	442
35	507
35	538
36	36
36	37
36	44
36	51
36	53
36	57
36	59
36	62
36	67
36	83
36	85
36	87
36	96
36	119
36	179
36	220
36	361
36	660
36	775
37	42
37	53
37	56
37	58
37	62
37	67
37	79
37	82
37	88
37	89
37	94
37	98
37	135
37	395
37	509
37	591
37	813
37	875
37	940
38	40
38	42
38	53
38	62
38	63
38	66
38	69
38	73
38	80
38	81
38	85
38	87
38	92
38	98
38	222
38	471
38	709
39	44
39	45
39	55
39	57
39	78
39	80
39	99
39	113
39	197
39	690
39	763
39	817
39	849
39	903
39	968
40	47
40	53
40	55
40	64
40	69
40	87
40	90
40	98
40	916
41	49
41	50
41	60
41	65
41	66
41	78
41	88
41	95
41	97
41	761
41	957
42	50
42	54
42	56
42	57
42	61
42	69
42	91
42	292
42	390
42	910
42	997
43	58
43	61
43	66
43	97
44	52
44	60
44	62
44	65
44	70
44	72
44	77
44	96
44	330
44	496
44	519
44	732
44	872
45	58
45	69
45	80
45	87
45	93
45	94
45	96
45	348
45	422
45	432
45	556
45	656
46	47
46	52
46	53
46	63
46	65
46	72
46	73
46	75
46	76
46	81
46	84
46	98
46	327
46	406
46	609
46	761
47	47
47	48
47	50
47	51
47	58
47	61
47	64
47	68
47	81
47	86
47	92
47	95
47	98
47	890
48	59
48	69
48	71
48	92
48	96
48	327
48	437
49	53
49	59
49	63
49	68
49	69
49	70
49	71
49	74
49	76
49	82
49	84
49	88
49	289
50	56
50	59
50	75
50	81
50	87
50	94
50	245
51	54
51	59
51	68
51	80
51	89
51	240
51	507
51	646
52	61
52	63
52	66
52	68
52	83
52	92
52	94
52	144
52	340
52	695
52	808
52	926
53	53
53	57
53	67
53	77
53	272
53	307
53	352
53	389
53	539
53	591
53	913
54	69
54	70
54	72
54	73
54	84
54	87
54	408
54	613
55	58
55	71
55	73
55	74
55	77
55	84
55	453
55	464
55	519
55	649
56	64
56	75
56	80
56	91
56	235
56	726
56	887
57	58
57	63
57	66
57	85
57	89
57	94
57	440
57	488
57	597
57	635
57	697
58	72
58	83
58	211
58	329
58	462
58	553
58	663
58	879
59	60
59	86
59	87
59	89
59	90
59	93
59	96
59	392
59	697
59	745
60	64
60	67
60	73
60	82
60	83
60	89
60	97
60	98
60	226
60	846
61	66
61	76
61	88
61	94
61	453
61	670
62	65
62	69
62	78
62	82
62	86
62	89
62	90
62	95
62	193
62	215
62	234
62	408
62	841
63	68
63	73
63	78
63	84
63	89
63	94
63	95
63	109
63	178
63	256
63	651
63	683
63	723
64	90
64	98
64	254
64	927
65	74
65	84
65	96
65	97
65	293
65	324
65	969
65	993
66	66
66	68
66	75
66	77
66	84
66	349
66	733
66	924
67	74
67	84
67	85
67	92
67	99
67	154
67	294
67	483
67	519
67	958
68	76
68	106
68	273
68	464
68	742
68	781
68	819
68	841
69	73
69	82
69	88
69	93
69	95
69	775
69	862
70	73
70	80
70	82
70	92
70	497
71	81
71	86
71	87
71	91
71	97
71	171
71	203
71	209
71	278
71	279
71	428
71	505
71	671
71	769
71	932
72	77
72	81
72	89
72	95
72	96
72	186
72	844
72	923
73	75
73	78
73	80
73	81
73	93
73	96
73	561
74	81
74	97
74	111
74	421
74	450
75	75
75	78
75	90
75	98
75	495
75	645
75	823
75	934
76	78
76	85
76	89
76	90
76	93
76	94
76	97
76	99
76	214
76	380
76	566
77	81
77	83
77	85
77	89
77	92
77	99
77	265
77	438
77	476
77	839
77	859
77	873
78	82
78	92
78	99
78	119
78	303
78	504
78	752
78	809
79	85
79	86
79	89
79	90
79	147
79	257
79	687
80	80
80	83
80	85
80	98
80	99
80	169
80	359
80	537
80	665
81	83
81	86
81	436
81	530
81	651
81	711
81	740
81	989
82	82
82	88
82	90
82	98
82	661
83	85
83	91
83	97
83	98
83	227
83	434
83	555
83	764
84	85
84	93
84	99
84	755
85	87
85	614
85	684
85	925
86	93
86	96
86	97
86	98
86	99
86	280
86	302
86	319
86	709
86	712
87	827
88	91
88	92
88	95
88	98
88	99
88	132
88	465
89	96
89	723
89	735
89	893
90	96
90	314
90	503
90	525
90	547
90	550
90	751
91	92
91	95
91	99
91	507
91	845
92	98
92	728
93	97
93	434
93	523
93	963
94	460
94	518
94	802
94	816
94	886
96	432
96	436
96	463
96	603
96	799
97	224
97	521
98	299
99	99
99	891
100	106
100	119
100	122
100	125
100	126
100	133
100	138
100	141
100	144
100	147
100	151
100	154
100	164
100	167
100	178
100	179
100	180
100	185
100	199
100	204
100	705
100	866
101	103
101	106
101	117
101	122
101	128
101	136
101	139
101	141
101	146
101	148
101	154
101	173
101	175
101	182
101	186
101	191
101	193
101	198
101	199
101	350
101	632
101	697
102	110
102	111
102	128
102	135
102	136
102	142
102	149
102	158
102	159
102	161
102	164
102	166
102	167
102	173
102	177
102	184
102	192
103	111
103	122
103	124
103	126
103	139
103	158
103	163
103	164
103	172
103	186
103	191
103	192
103	277
103	293
103	522
103	646
103	736
103	743
103	773
103	905
104	111
104	125
104	136
104	147
104	149
104	160
104	168
104	169
104	172
104	174
104	176
104	178
104	190
104	193
104	747
104	925
104	948
105	126
105	129
105	136
105	153
105	157
105	161
105	169
105	172
105	175
105	178
105	183
105	190
105	195
105	444
105	564
105	634
105	869
106	118
106	125
106	131
106	132
106	134
106	141
106	144
106	152
106	166
106	167
106	178
106	183
106	185
106	186
106	628
106	861
106	875
107	110
107	120
107	123
107	124
107	129
107	132
107	133
107	138
107	139
107	148
107	157
107	158
107	159
107	161
107	163
107	173
107	179
107	180
107	184
107	290
108	111
108	127
108	131
108	132
108	135
108	138
108	162
108	180
108	194
108	199
108	386
108	412
108	424
108	446
108	599
108	653
108	738
108	960
109	114
109	123
109	126
109	132
109	167
109	181
109	182
109	716
109	741
110	112
110	120
110	135
110	140
110	142
110	146
110	147
110	153
110	155
110	160
110	161
110	170
110	183
110	188
110	191
110	195
110	501
110	771
110	790
110	980
111	115
111	123
111	125
111	133
111	144
111	159
111	169
111	175
111	180
111	540
111	585
112	125
112	137
112	138
112	139
112	145
112	153
112	167
112	171
112	176
112	196
112	324
112	466
112	894
113	114
113	116
113	121
113	125
113	128
113	129
113	132
113	134
113	140
113	147
113	148
113	155
113	183
113	186
113	524
113	588
114	127
114	132
114	136
114	140
114	143
114	145
114	154
114	160
114	165
114	181
114	182
114	186
114	187
114	194
114	198
114	665
115	117
115	145
115	148
115	153
115	158
115	160
115	163
115	174
115	176
115	177
115	198
115	245
115	936
116	116
116	119
116	120
116	127
116	128
116	142
116	156
116	165
116	166
116	167
116	174
116	175
116	181
116	182
116	183
116	187
116	199
116	309
116	667
116	746
117	123
117	129
117	132
117	139
117	155
117	163
117	169
117	171
117	173
117	185
117	189
117	194
117	387
117	531
118	120
118	123
118	124
118	131
118	132
118	133
118	135
118	138
118	140
118	141
118	148
118	152
118	154
118	155
118	160
118	167
118	176
118	183
118	184
118	190
118	195
118	198
118	229
118	389
118	642
118	872
119	143
119	148
119	164
119	165
119	166
119	173
119	184
119	188
119	191
119	192
119	194
119	386
119	873
120	124
120	129
120	133
120	140
120	142
120	144
120	150
120	154
120	169
120	172
120	178
120	181
120	188
120	193
120	253
120	827
121	136
121	142
121	145
121	173
121	184
121	186
121	196
121	327
121	328
121	451
121	585
121	852
122	130
122	132
122	139
122	144
122	146
122	158
122	162
122	166
122	174
122	183
123	135
123	139
123	141
123	143
123	157
123	161
123	162
123	166
123	167
123	168
123	182
123	187
123	323
123	867
124	130
124	139
124	144
124	145
124	151
124	156
124	158
124	161
124	164
124	171
124	183
124	196
124	199
124	487
124	950
125	125
125	141
125	146
125	147
125	153
125	154
125	160
125	164
125	165
125	182
125	186
125	187
125	199
125	353
125	789
125	890
126	128
126	130
126	131
126	149
126	154
126	156
126	159
126	167
126	171
126	189
126	411
126	431
126	516
126	594
127	133
127	140
127	142
127	143
127	150
127	155
127	157
127	172
127	174
127	180
127	183
127	184
127	188
127	190
127	199
127	235
127	347
127	414
127	725
127	876
127	958
128	136
128	139
128	148
128	169
128	182
128	184
128	191
128	194
128	196
128	218
128	620
128	664
128	665
128	772
129	137
129	150
129	157
129	162
129	172
129	189
129	432
129	697
129	732
129	881
129	911
130	132
130	141
130	143
130	147
130	149
130	150
130	166
130	173
130	175
130	182
130	483
130	537
130	723
130	893
131	135
131	136
131	140
131	158
131	172
131	186
131	188
131	189
131	190
131	191
131	194
131	197
131	345
131	369
131	421
131	535
131	547
131	916
132	134
132	142
132	143
132	149
132	157
132	160
132	166
132	169
132	170
132	175
132	196
132	411
132	930
133	134
133	136
133	137
133	146
133	148
133	152
133	154
133	155
133	159
133	162
133	168
133	170
133	176
133	177
134	135
134	140
134	148
134	151
134	153
134	155
134	159
134	166
134	181
134	187
134	191
134	199
134	286
134	543
134	639
134	683
134	863
135	149
135	157
135	158
135	171
135	176
135	179
135	180
135	194
135	195
135	197
135	449
135	663
135	866
136	137
136	143
136	151
136	156
136	164
136	178
136	182
136	604
136	799
136	879
136	985
137	150
137	151
137	153
137	161
137	167
137	176
137	183
137	187
137	189
137	190
137	193
137	321
137	391
137	450
137	646
137	972
138	139
138	142
138	143
138	144
138	146
138	154
138	198
138	199
138	327
138	384
138	389
138	457
138	765
138	864
138	915
138	946
139	143
139	144
139	148
139	152
139	154
139	172
139	178
139	181
139	183
139	185
139	195
139	199
139	910
140	149
140	153
140	155
140	157
140	166
140	170
140	172
140	190
140	192
140	196
140	199
140	481
140	693
141	150
141	153
141	154
141	157
141	164
141	179
141	183
141	195
141	196
141	197
141	453
141	488
141	570
141	592
141	776
141	932
142	145
142	147
142	159
142	179
142	407
142	685
142	731
142	861
143	145
143	146
143	151
143	155
143	164
143	165
143	171
143	177
143	183
143	186
143	187
143	191
143	198
143	549
143	898
144	144
144	145
144	147
144	150
144	152
144	155
144	158
144	159
144	162
144	164
144	183
144	185
144	186
144	192
144	195
144	475
144	482
144	491
144	736
144	774
144	782
145	145
145	147
145	148
145	163
145	170
145	177
145	178
145	180
145	182
145	184
145	190
145	192
145	785
145	890
145	965
145	991
146	149
146	150
146	152
146	161
146	187
146	226
146	671
147	156
147	161
147	164
147	167
147	172
147	175
147	195
147	196
147	198
147	204
148	150
148	166
148	180
148	186
148	187
148	189
148	191
148	198
148	527
148	681
148	943
148	966
149	162
149	168
149	189
149	190
149	192
149	195
149	199
149	237
149	862
150	158
150	160
150	165
150	171
150	181
150	191
150	196
151	152
151	155
151	166
151	170
151	176
151	185
151	190
151	246
151	298
151	404
151	492
151	823
152	158
152	175
152	180
152	193
152	196
152	530
152	997
153	161
153	167
153	171
153	183
153	191
153	194
153	228
153	317
153	449
153	522
153	595
153	971
153	996
154	171
154	173
154	174
154	187
154	236
154	282
154	328
154	426
154	538
154	569
154	892
155	156
155	157
155	159
155	183
155	191
155	614
155	750
155	910
156	161
156	162
156	169
156	178
156	182
156	192
156	504
156	714
156	997
157	161
157	162
157	176
157	181
157	184
157	230
157	274
157	438
157	477
157	541
157	606
157	992
158	163
158	171
158	177
158	178
158	179
158	190
158	307
159	162
159	165
159	166
159	173
159	175
159	176
159	179
159	184
159	191
159	199
159	429
159	500
159	548
159	555
160	171
160	179
160	184
160	189
160	193
160	271
160	743
161	164
161	178
161	191
161	195
161	196
161	373
161	403
162	165
162	167
162	171
162	175
162	187
162	197
162	536
162	695
163	174
163	177
163	190
163	191
163	204
163	266
163	688
163	692
164	168
164	169
164	171
164	172
164	174
164	177
164	181
164	184
164	188
164	198
164	363
164	696
164	723
164	753
165	172
165	174
165	175
165	186
165	188
165	190
165	194
165	570
165	825
165	844
166	168
166	178
166	182
166	189
166	722
166	815
167	172
167	177
167	194
167	198
168	172
168	174
168	179
168	183
168	198
168	657
168	844
168	992
169	172
169	187
169	189
169	193
169	195
169	199
169	741
169	763
169	876
169	941
170	172
170	175
170	180
170	192
170	197
170	566
170	591
170	717
170	756
170	870
171	196
171	426
171	672
171	683
171	825
171	946
172	173
172	191
172	311
172	403
172	875
173	185
173	189
173	196
173	198
173	600
173	777
173	806
173	851
174	178
174	186
174	190
174	337
174	615
174	970
175	177
175	196
175	230
175	287
175	623
176	177
176	191
176	199
176	204
176	223
176	292
176	470
176	804
177	180
177	190
177	191
177	376
177	482
177	547
177	851
177	934
178	181
178	186
178	189
178	196
178	197
178	434
178	534
179	181
179	189
179	430
179	715
179	911
180	184
180	189
180	467
180	668
181	275
182	196
182	374
182	762
182	914
183	189
183	196
184	187
184	188
184	199
184	227
184	913
184	928
184	995
185	188
185	190
185	191
185	194
185	902
185	909
185	992
186	411
187	513
188	188
188	276
188	289
188	554
189	196
189	459
190	192
190	194
190	431
190	892
191	194
191	226
191	349
191	619
192	253
192	416
192	504
192	609
193	198
193	199
193	273
193	275
193	768
194	227
195	197
195	317
195	329
195	342
195	659
196	375
196	385
196	967
197	367
197	463
197	625
197	944
198	198
198	277
198	598
198	609
198	976
199	297
199	689
199	726
199	883
200	202
200	203
200	208
200	211
200	224
200	227
200	231
200	241
200	243
200	246
200	248
200	249
200	252
200	257
200	269
200	272
200	273
200	282
200	284
200	665
200	848
201	206
201	213
201	214
201	216
201	222
201	236
201	239
201	243
201	250
201	258
201	261
201	262
201	280
201	284
201	298
201	372
201	799
201	827
202	208
202	209
202	219
202	228
202	230
202	242
202	244
202	258
202	261
202	266
202	267
202	275
202	279
202	281
202	283
202	297
202	298
203	205
203	215
203	216
203	222
203	225
203	231
203	234
203	244
203	246
203	251
203	258
203	279
203	281
203	290
203	294
203	378
203	572
203	617
204	206
204	211
204	213
204	215
204	221
204	222
204	223
204	228
204	229
204	240
204	242
204	248
204	254
204	256
204	257
204	298
204	311
204	485
204	883
204	900
204	914
204	939
205	212
205	213
205	217
205	219
205	222
205	230
205	234
205	240
205	251
205	259
205	262
205	266
205	274
205	275
205	276
205	284
205	289
205	291
205	374
205	717
206	211
206	214
206	216
206	218
206	220
206	221
206	222
206	230
206	247
206	253
206	254
206	269
206	270
206	277
206	278
206	282
206	290
206	295
206	296
206	325
206	410
206	693
206	832
206	966
207	211
207	214
207	215
207	221
207	224
207	228
207	230
207	234
207	241
207	245
207	246
207	253
207	255
207	259
207	265
207	269
207	272
207	276
207	279
207	283
207	284
207	290
207	291
207	296
207	298
208	208
208	243
208	244
208	248
208	254
208	257
208	261
208	264
208	268
208	275
208	278
208	287
208	296
208	299
209	218
209	220
209	233
209	243
209	248
209	259
209	261
209	262
209	266
209	274
209	279
209	286
209	290
209	292
209	293
209	294
209	296
209	297
209	298
209	606
210	218
210	220
210	238
210	246
210	258
210	291
210	294
210	298
210	979
211	229
211	240
211	243
211	247
211	252
211	261
211	266
211	279
211	281
211	283
211	286
211	287
211	820
211	857
212	221
212	226
212	245
212	247
212	251
212	253
212	254
212	256
212	280
212	293
212	295
212	298
212	321
212	676
212	679
212	858
213	215
213	218
213	227
213	249
213	251
213	261
213	293
213	298
213	477
213	595
213	640
213	899
214	222
214	224
214	228
214	230
214	237
214	241
214	246
214	248
214	273
214	282
214	285
214	287
214	297
214	333
214	351
214	443
214	534
214	743
215	219
215	225
215	236
215	238
215	240
215	242
215	258
215	260
215	269
215	275
215	285
215	287
215	294
215	664
215	732
215	751
215	836
215	948
216	218
216	221
216	223
216	227
216	236
216	238
216	239
216	241
216	248
216	252
216	257
216	258
216	259
216	281
216	444
216	458
216	664
216	708
216	745
216	818
216	914
217	219
217	222
217	225
217	235
217	238
217	239
217	240
217	246
217	248
217	258
217	262
217	271
217	276
217	281
217	286
217	288
217	295
217	299
218	237
218	250
218	253
218	266
218	267
218	269
218	270
219	224
219	232
219	241
219	247
219	249
219	260
219	265
219	270
219	272
219	295
219	297
219	359
219	675
219	970
220	221
220	231
220	236
220	251
220	261
220	265
220	266
220	270
220	274
220	277
220	413
220	432
220	772
221	227
221	231
221	238
221	244
221	245
221	246
221	249
221	251
221	254
221	265
221	272
221	273
221	278
221	282
221	287
221	288
221	296
221	889
222	227
222	228
222	244
222	249
222	256
222	257
222	262
222	263
222	265
222	266
222	288
222	291
222	296
222	994
223	225
223	231
223	242
223	244
223	255
223	258
223	265
223	266
223	268
223	804
224	241
224	245
224	246
224	250
224	254
224	261
224	262
224	264
224	268
224	271
224	287
224	290
224	358
224	449
225	236
225	257
225	258
225	264
225	272
225	273
225	275
225	276
225	277
225	280
225	286
225	289
225	978
226	233
226	236
226	240
226	254
226	261
226	274
226	275
226	291
226	495
226	602
226	664
226	864
227	250
227	256
227	257
227	262
227	263
227	277
227	280
227	287
227	291
227	504
227	700
227	714
227	789
227	942
228	230
228	239
228	251
228	274
228	280
228	285
228	294
228	299
228	369
229	236
229	240
229	250
229	251
229	258
229	267
229	278
229	279
229	288
229	290
229	296
229	395
229	611
229	700
229	758
230	231
230	234
230	236
230	258
230	259
230	266
230	269
230	288
230	290
230	292
230	293
230	310
230	412
230	418
230	667
231	231
231	243
231	247
231	249
231	259
231	263
231	267
231	270
231	271
231	277
231	281
231	285
231	286
231	298
231	739
231	761
231	812
231	855
231	893
232	236
232	237
232	243
232	261
232	263
232	265
232	277
232	280
232	285
232	289
232	416
232	694
232	961
233	258
233	272
233	283
233	285
233	289
233	291
233	293
233	295
234	239
234	242
234	248
234	251
234	252
234	260
234	268
234	285
234	288
234	298
234	467
234	860
234	865
235	238
235	241
235	247
235	252
235	260
235	263
235	275
235	281
235	285
235	290
235	295
235	297
235	496
235	579
235	613
236	254
236	260
236	261
236	262
236	272
236	276
236	286
236	287
236	289
236	638
236	797
236	832
237	239
237	241
237	243
237	249
237	250
237	253
237	256
237	258
237	266
237	273
237	287
237	293
237	298
237	481
237	560
237	687
238	242
238	248
238	249
238	253
238	260
238	261
238	272
238	297
238	401
238	887
239	240
239	246
239	260
239	271
239	275
239	299
239	741
239	747
240	244
240	250
240	271
240	285
240	288
240	291
240	428
241	251
241	252
241	253
241	254
241	258
241	260
241	271
241	275
241	276
241	277
241	278
241	284
241	858
241	942
241	986
242	247
242	251
242	287
242	974
243	251
243	256
243	260
243	265
243	270
243	272
243	275
243	279
243	280
243	291
243	299
243	363
243	439
244	247
244	257
244	259
244	268
244	281
244	285
244	289
244	295
244	297
244	299
244	590
244	757
244	810
244	905
245	247
245	249
245	265
245	269
245	280
245	281
245	292
245	742
245	959
245	981
246	260
246	263
246	264
246	266
246	270
246	273
246	284
246	286
246	288
246	297
246	332
246	541
247	254
247	255
247	260
247	263
247	271
247	291
247	341
247	808
247	867
248	252
248	258
248	267
248	271
248	272
248	277
248	279
248	291
248	456
248	572
248	581
248	919
248	959
249	258
249	270
249	271
249	279
249	283
249	284
249	285
249	288
249	289
249	296
249	378
249	501
249	610
250	251
250	255
250	260
250	261
250	264
250	273
250	275
250	280
250	284
250	287
250	299
250	613
250	881
251	253
251	260
251	265
251	279
251	280
251	306
251	441
251	627
252	272
252	280
252	284
252	285
252	288
252	291
252	302
252	314
252	409
253	270
253	274
253	283
253	294
253	295
253	297
253	759
253	819
253	872
253	898
254	254
254	255
254	257
254	266
254	288
254	293
254	294
254	405
254	627
254	802
255	257
255	258
255	286
255	288
255	296
255	297
255	685
256	261
256	262
256	271
256	275
256	286
256	472
256	641
256	735
256	807
257	258
257	267
257	268
257	281
257	284
257	292
257	297
257	680
257	884
257	971
258	269
258	270
258	275
258	279
258	284
258	289
258	296
258	431
258	517
258	652
258	835
259	262
259	266
259	267
259	279
259	289
259	294
259	296
259	405
259	554
259	924
260	264
260	272
260	274
260	290
260	432
260	568
260	659
260	690
261	266
261	292
261	295
261	597
261	751
261	754
261	768
261	845
262	263
262	265
262	279
262	282
262	284
262	286
262	287
262	288
262	289
262	388
262	660
262	672
263	264
263	276
263	279
263	280
263	284
263	297
263	299
263	394
263	429
263	451
263	607
263	749
263	786
263	905
263	911
264	275
264	276
264	277
264	288
264	294
264	409
264	845
265	267
265	272
265	280
265	281
265	282
265	296
265	507
265	891
265	921
265	936
266	268
266	291
266	293
266	307
266	776
266	819
266	913
267	282
267	285
267	286
267	296
267	718
268	270
268	289
268	292
268	294
268	295
268	381
268	922
269	270
269	275
269	276
269	294
269	315
269	356
269	438
269	476
270	284
270	288
270	289
270	291
270	621
270	898
270	911
271	272
271	276
271	278
271	281
271	283
271	284
271	289
271	291
271	312
271	993
272	279
272	288
272	295
272	298
272	532
272	575
272	991
273	290
273	298
273	430
273	530
273	705
274	288
274	295
274	363
274	395
274	466
274	602
274	653
274	907
275	499
275	651
275	955
276	279
276	280
276	283
276	289
276	316
276	389
276	771
276	825
277	277
277	280
277	284
277	294
277	298
277	675
278	284
278	285
278	289
278	290
278	298
278	299
278	425
278	634
278	719
279	280
279	283
279	284
279	285
279	297
279	344
279	444
279	602
279	671
279	675
279	912
280	288
280	293
280	321
280	762
281	289
281	298
281	299
281	477
281	818
281	974
282	285
282	288
282	289
282	297
282	540
282	563
283	287
283	288
283	630
283	793
284	287
284	296
284	348
284	772
284	886
285	287
285	290
285	291
285	632
286	289
286	299
286	391
287	289
287	293
287	298
287	515
287	868
288	294
288	298
288	538
289	292
289	297
289	586
289	633
289	828
290	708
291	292
291	372
291	387
291	800
291	982
292	294
292	298
292	404
292	542
292	702
292	890
292	997
293	296
293	298
293	687
294	600
294	841
295	739
295	847
296	297
296	810
296	914
297	318
297	537
298	298
298	299
298	413
298	419
298	444
298	497
299	531
299	584
299	945
300	313
300	317
300	323
300	326
300	330
300	331
300	336
300	337
300	344
300	345
300	346
300	357
300	365
300	377
300	379
300	380
300	387
300	394
300	396
300	479
300	771
301	309
301	312
301	316
301	318
301	320
301	322
301	333
301	336
301	338
301	343
301	345
301	351
301	354
301	359
301	369
301	377
301	380
301	383
301	385
301	387
301	393
301	395
301	596
301	664
301	908
302	315
302	316
302	317
302	322
302	350
302	353
302	354
302	357
302	373
302	383
302	396
302	818
303	315
303	324
303	325
303	327
303	332
303	342
303	354
303	360
303	381
303	383
303	390
303	547
303	737
303	855
304	311
304	319
304	321
304	322
304	328
304	329
304	339
304	343
304	349
304	386
304	387
304	396
304	451
304	469
304	473
304	598
304	854
305	317
305	321
305	325
305	335
305	360
305	369
305	385
305	386
305	390
305	395
305	397
305	454
306	308
306	313
306	314
306	325
306	327
306	328
306	332
306	335
306	344
306	360
306	362
306	390
306	649
306	659
306	801
306	823
306	916
306	960
307	310
307	313
307	331
307	342
307	343
307	348
307	352
307	355
307	359
307	374
307	383
307	385
307	387
307	388
307	398
307	702
307	803
307	958
308	309
308	316
308	329
308	330
308	353
308	354
308	364
308	372
308	375
308	399
308	543
308	733
308	948
309	323
309	326
309	340
309	342
309	347
309	349
309	361
309	362
309	376
309	385
309	387
309	398
309	857
309	906
309	925
310	312
310	317
310	321
310	340
310	343
310	363
310	365
310	366
310	377
310	379
310	381
310	382
310	391
310	398
310	407
310	462
310	747
311	312
311	314
311	317
311	318
311	319
311	323
311	348
311	366
311	367
311	369
311	386
311	395
311	397
311	398
311	409
311	833
312	314
312	316
312	317
312	320
312	329
312	331
312	332
312	334
312	337
312	346
312	362
312	363
312	372
312	385
312	386
312	390
312	393
313	314
313	316
313	327
313	330
313	335
313	352
313	367
313	386
313	399
313	482
313	734
313	854
314	314
314	321
314	324
314	329
314	345
314	346
314	361
314	389
314	390
314	764
314	972
315	316
315	318
315	323
315	325
315	327
315	331
315	337
315	344
315	346
315	348
315	350
315	358
315	360
315	368
315	372
315	378
315	379
315	389
315	398
315	417
315	525
315	804
316	326
316	328
316	335
316	338
316	346
316	359
316	360
316	371
316	373
317	325
317	336
317	338
317	344
317	347
317	354
317	360
317	368
317	380
317	385
317	390
317	391
317	395
317	399
317	560
317	592
317	768
317	902
317	970
318	328
318	331
318	338
318	350
318	357
318	360
318	370
318	372
318	374
318	375
318	381
318	382
318	393
318	397
318	398
318	735
319	325
319	331
319	333
319	349
319	367
319	376
319	381
319	383
319	390
319	486
319	580
319	613
319	955
320	323
320	332
320	335
320	347
320	351
320	352
320	354
320	355
320	362
320	363
320	367
320	369
320	379
320	383
320	384
320	385
320	387
320	392
320	393
320	394
320	581
321	328
321	345
321	349
321	353
321	360
321	365
321	371
321	372
321	389
321	393
321	397
321	398
321	647
321	770
322	326
322	328
322	332
322	339
322	344
322	357
322	358
322	367
322	369
322	373
322	379
322	382
322	383
322	389
322	393
322	396
322	398
322	691
323	329
323	330
323	350
323	362
323	365
323	369
323	371
323	375
323	377
323	388
323	394
323	395
323	791
323	908
324	328
324	336
324	338
324	345
324	348
324	351
324	353
324	360
324	363
324	367
324	371
324	381
324	382
324	386
324	394
324	398
324	770
324	846
324	900
325	329
325	332
325	336
325	337
325	345
325	357
325	361
325	364
325	365
325	373
325	375
325	376
325	396
325	427
325	568
325	663
325	907
325	923
325	980
326	334
326	335
326	343
326	345
326	354
326	365
326	373
326	374
326	377
326	378
326	382
326	387
326	394
326	396
327	330
327	334
327	337
327	340
327	361
327	366
327	369
327	370
327	384
327	387
327	442
327	474
327	870
328	335
328	337
328	341
328	350
328	353
328	356
328	361
328	362
328	367
328	370
328	378
328	381
328	384
328	389
328	397
328	398
328	522
328	743
329	330
329	337
329	349
329	357
329	358
329	364
329	368
329	372
329	374
329	385
329	388
329	391
329	398
329	477
329	658
329	838
330	332
330	339
330	345
330	350
330	365
330	368
330	373
330	374
330	376
330	377
330	390
330	391
330	394
330	679
330	811
330	927
330	964
331	333
331	340
331	341
331	346
331	348
331	351
331	354
331	355
331	376
331	378
331	382
331	384
331	385
331	390
331	393
331	472
331	808
331	833
332	333
332	334
332	337
332	339
332	341
332	342
332	373
332	381
332	383
332	416
332	448
332	565
332	626
332	795
332	992
333	336
333	337
333	358
333	372
333	373
333	388
333	392
333	792
333	919
334	342
334	350
334	352
334	362
334	363
334	365
334	368
334	374
334	381
334	382
334	386
334	391
334	394
334	397
334	517
334	763
334	972
335	337
335	346
335	349
335	350
335	370
335	371
335	381
335	384
335	394
335	932
336	340
336	342
336	344
336	365
336	370
336	372
336	384
336	395
336	397
336	399
336	400
336	612
337	352
337	357
337	362
337	380
337	387
337	578
337	941
338	353
338	354
338	363
338	366
338	367
338	369
338	374
338	375
338	392
338	399
338	448
338	457
339	343
339	346
339	348
339	349
339	362
339	363
339	368
339	385
339	895
339	926
340	340
340	349
340	351
340	352
340	367
340	378
340	384
340	389
340	397
340	459
340	574
340	634
340	662
340	821
341	349
341	352
341	362
341	366
341	367
341	370
341	374
341	375
341	380
341	390
342	343
342	344
342	347
342	348
342	366
342	374
342	385
342	391
342	399
343	349
343	350
343	360
343	362
343	364
343	384
343	599
343	636
343	833
343	945
344	350
344	354
344	358
344	361
344	365
344	368
344	373
344	377
344	378
344	393
344	822
345	356
345	358
345	360
345	371
345	390
345	487
345	493
346	353
346	367
346	370
346	371
346	373
346	381
346	385
346	394
346	424
346	856
347	385
347	388
347	392
347	475
347	657
347	771
348	352
348	356
348	369
348	385
348	398
348	527
348	610
348	730
349	352
349	357
349	358
349	361
349	370
349	374
349	375
349	381
349	382
349	388
349	396
349	397
349	646
350	357
350	385
350	388
350	553
350	706
350	848
351	360
351	367
351	374
351	383
351	391
351	508
351	527
351	585
352	352
352	356
352	376
352	395
352	457
352	478
352	530
352	665
352	744
352	874
353	385
353	388
353	395
353	397
353	691
353	747
353	857
354	356
354	361
354	368
354	383
354	398
355	361
355	365
355	372
355	382
355	383
355	384
355	387
355	388
355	391
355	394
355	395
355	398
355	561
356	361
356	368
356	371
356	379
356	381
356	395
356	428
356	882
357	357
357	360
357	365
357	369
357	370
357	371
357	373
357	381
357	396
358	360
358	390
358	392
358	548
358	682
358	697
359	365
359	366
359	374
359	378
359	379
359	407
359	487
359	518
359	638
359	810
360	371
360	381
361	364
361	368
361	370
361	371
361	375
361	376
361	378
361	429
361	804
361	941
362	367
362	383
362	387
362	396
362	618
362	764
362	785
362	944
362	988
363	370
363	372
363	374
363	375
363	377
363	378
363	393
363	396
363	450
363	692
363	791
364	365
364	369
364	370
364	371
364	372
364	375
364	378
364	379
364	380
364	381
364	384
364	385
364	386
364	395
364	396
364	424
364	638
364	654
364	831
364	969
365	370
365	373
365	378
365	396
365	579
365	602
365	635
366	369
366	397
367	370
367	373
367	374
367	375
367	378
367	609
367	683
367	792
367	977
368	383
368	394
368	395
368	396
368	398
368	753
368	966
368	979
369	373
369	381
369	383
369	388
369	636
369	706
369	730
369	781
370	372
370	377
370	386
370	391
370	395
370	398
370	559
370	763
370	917
371	372
371	383
371	384
371	385
371	390
371	393
371	394
371	541
371	622
372	373
372	381
372	386
372	397
372	448
372	540
372	929
373	374
373	375
373	376
373	379
373	388
373	392
373	393
373	396
373	397
373	835
374	378
374	385
374	393
374	396
375	378
375	381
375	392
375	397
376	377
376	385
376	391
376	397
376	446
376	491
376	846
377	387
377	388
377	869
377	970
378	379
378	386
378	387
378	586
378	639
378	687
378	731
379	382
379	672
379	815
380	390
380	392
380	393
380	721
381	383
381	389
381	394
381	440
381	458
381	748
381	767
382	391
382	395
382	396
382	455
382	584
382	736
382	887
382	971
383	398
383	472
383	551
383	736
384	399
384	569
385	397
385	530
385	866
386	389
386	396
386	399
386	658
386	680
387	390
387	391
387	396
388	389
388	392
388	394
388	459
388	557
388	989
389	397
389	399
389	533
389	642
389	731
389	910
390	395
390	399
391	776
391	842
392	396
392	628
392	666
392	700
392	888
393	838
394	395
394	547
394	598
394	631
394	724
395	498
396	611
396	728
397	398
397	465
397	522
397	738
397	808
398	945
399	876
400	408
400	421
400	422
400	431
400	437
400	439
400	443
400	444
400	450
400	451
400	460
400	468
400	469
400	471
400	475
400	495
400	595
401	405
401	410
401	412
401	413
401	415
401	416
401	424
401	426
401	439
401	452
401	462
401	464
401	469
401	473
401	474
401	478
401	482
401	487
401	489
401	494
401	495
401	499
401	831
402	415
402	417
402	422
402	429
402	430
402	443
402	445
402	453
402	462
402	469
402	481
402	484
402	488
403	427
403	430
403	437
403	448
403	452
403	471
403	479
403	482
404	404
404	419
404	426
404	428
404	433
404	443
404	450
404	458
404	460
404	462
404	470
404	473
404	478
404	479
404	480
404	493
405	408
405	411
405	416
405	417
405	424
405	439
405	444
405	447
405	453
405	463
405	469
405	488
405	493
405	497
406	410
406	415
406	416
406	417
406	419
406	421
406	431
406	434
406	443
406	449
406	472
406	474
406	475
406	497
406	709
406	766
407	408
407	410
407	422
407	431
407	435
407	436
407	438
407	444
407	447
407	457
407	466
407	467
407	469
407	483
407	486
407	488
407	498
407	690
408	423
408	432
408	438
408	439
408	444
408	455
408	461
408	465
408	469
408	470
408	471
408	475
408	522
408	865
409	409
409	413
409	427
409	431
409	434
409	439
409	440
409	467
409	478
409	485
409	489
409	932
409	993
410	417
410	418
410	419
410	430
410	439
410	441
410	442
410	443
410	446
410	457
410	461
410	474
410	489
410	493
410	495
410	497
410	734
410	827
411	413
411	415
411	417
411	419
411	432
411	450
411	459
411	466
411	470
411	478
411	481
411	485
411	490
411	498
411	687
411	690
412	412
412	413
412	416
412	417
412	422
412	423
412	426
412	429
412	442
412	445
412	446
412	456
412	457
412	458
412	471
412	474
412	476
412	480
412	489
412	490
412	732
412	866
412	868
413	414
413	417
413	420
413	424
413	428
413	434
413	437
413	452
413	476
413	477
413	479
413	481
413	483
413	485
413	496
414	417
414	428
414	432
414	434
414	438
414	455
414	456
414	460
414	482
414	499
414	624
414	639
414	770
414	791
414	903
415	433
415	435
415	436
415	437
415	438
415	448
415	451
415	462
415	465
415	468
415	469
415	474
415	481
415	497
415	668
415	690
415	828
416	424
416	425
416	431
416	441
416	444
416	449
416	451
416	452
416	455
416	461
416	463
416	465
416	468
416	478
416	482
416	486
416	489
416	491
416	530
416	802
416	988
417	422
417	426
417	431
417	445
417	446
417	455
417	460
417	464
417	468
417	469
417	475
417	476
417	479
417	486
417	491
417	499
417	756
417	771
417	797
417	955
418	420
418	421
418	428
418	430
418	433
418	440
418	458
418	465
418	479
418	481
418	483
418	497
418	634
418	711
419	421
419	422
419	425
419	434
419	436
419	440
419	445
419	471
419	480
419	484
419	485
419	496
419	498
420	422
420	441
420	450
420	455
420	456
420	482
420	483
420	486
420	491
420	492
420	760
420	901
421	422
421	423
421	438
421	446
421	449
421	455
421	457
421	464
421	470
421	489
421	521
421	981
421	989
422	432
422	442
422	452
422	457
422	466
422	470
422	479
422	483
422	486
422	648
422	784
422	910
422	975
423	427
423	433
423	434
423	455
423	469
423	471
423	473
423	476
423	477
423	495
423	498
423	889
423	960
424	432
424	439
424	440
424	450
424	453
424	454
424	459
424	466
424	480
424	490
424	495
424	499
424	987
425	437
425	438
425	441
425	442
425	445
425	449
425	458
425	475
425	476
425	479
425	483
425	489
425	499
425	763
426	434
426	444
426	447
426	450
426	458
426	460
426	461
426	462
426	469
426	470
426	474
426	477
426	479
426	482
426	485
426	486
426	487
426	492
426	494
426	499
426	690
427	447
427	454
427	460
427	473
427	478
427	489
427	492
427	493
427	494
427	498
427	945
428	429
428	435
428	440
428	451
428	460
428	470
428	471
428	480
428	490
428	497
428	742
429	440
429	442
429	444
429	446
429	473
429	479
429	489
429	493
429	498
429	557
430	445
430	452
430	459
430	476
430	482
430	493
430	704
430	959
431	441
431	444
431	449
431	455
431	465
431	476
431	480
431	499
431	675
431	752
432	442
432	460
432	469
432	471
432	478
432	480
432	481
432	495
432	498
432	539
432	736
433	437
433	441
433	449
433	450
433	453
433	463
433	480
433	481
433	483
433	489
433	498
433	681
433	786
434	437
434	458
434	459
434	463
434	474
434	485
434	490
434	498
434	680
434	856
435	439
435	440
435	442
435	444
435	447
435	455
435	467
435	482
436	445
436	448
436	456
436	457
436	471
436	472
436	488
436	496
436	683
436	730
436	949
437	441
437	458
437	462
437	464
437	465
437	466
437	470
437	471
437	472
437	473
437	474
437	483
437	485
437	486
437	487
437	489
437	495
437	496
437	498
437	499
437	744
438	440
438	441
438	442
438	446
438	448
438	453
438	462
438	470
438	471
438	472
438	476
438	482
438	486
438	796
439	440
439	448
439	449
439	455
439	457
439	468
439	484
439	491
439	494
439	495
440	442
440	446
440	451
440	464
440	468
440	473
440	477
440	754
440	808
440	840
441	441
441	454
441	456
441	466
441	469
441	471
441	476
441	490
441	492
441	494
441	495
441	599
442	446
442	447
442	451
442	460
442	489
442	806
442	989
443	444
443	447
443	448
443	449
443	452
443	459
443	486
443	734
443	984
444	456
444	464
444	467
444	471
444	479
444	485
444	487
444	489
444	490
444	497
444	499
444	709
445	453
445	457
445	462
445	470
445	475
445	481
445	482
445	552
445	786
446	446
446	451
446	457
446	464
446	465
446	467
446	469
446	476
446	492
446	493
446	685
447	461
447	482
447	487
447	493
447	497
447	540
447	770
447	823
448	456
448	458
448	462
448	467
448	469
448	487
448	490
448	493
448	495
448	513
448	851
449	459
449	465
449	469
449	486
449	499
449	633
449	860
449	917
449	966
449	981
450	451
450	452
450	466
450	470
450	472
450	475
450	477
450	478
450	480
450	481
450	499
450	532
450	807
451	453
451	454
451	465
451	466
451	469
451	470
451	472
451	474
451	484
451	487
451	494
451	698
452	453
452	460
452	464
452	479
452	585
453	454
453	457
453	464
453	468
453	469
453	481
453	485
453	496
453	651
453	653
453	906
454	460
454	462
454	465
454	482
454	485
454	759
454	949
454	955
455	457
455	461
455	464
455	469
455	491
455	492
455	497
455	510
455	925
455	926
455	943
456	470
456	477
456	482
456	487
456	498
456	499
456	607
456	967
457	458
457	459
457	464
457	466
457	479
457	480
457	492
457	495
457	496
457	497
457	714
457	743
457	818
457	819
458	462
458	466
458	475
458	487
458	496
458	498
459	481
459	488
459	492
459	689
459	848
460	473
460	491
460	495
460	913
461	462
461	465
461	466
461	467
461	469
461	484
461	499
461	697
461	777
462	462
462	466
462	475
462	477
462	478
462	480
462	486
462	491
462	493
462	499
462	652
463	480
463	490
463	494
463	690
463	725
463	872
464	470
464	473
464	475
464	505
464	568
464	831
464	995
465	468
465	472
465	473
465	475
465	480
465	483
465	930
466	473
466	476
466	482
466	491
466	494
466	497
466	742
466	838
467	478
467	479
467	483
467	487
467	490
467	492
467	499
467	634
467	736
467	900
468	469
468	473
468	477
468	482
468	492
468	493
468	497
469	469
469	474
469	496
469	564
469	837
469	939
470	475
470	480
470	483
470	496
470	626
470	858
471	482
471	486
471	492
471	537
471	610
471	812
471	871
472	473
472	474
472	490
472	496
472	497
472	499
472	830
472	975
473	494
473	621
474	474
474	475
474	476
474	477
474	488
474	495
474	498
474	593
474	750
475	480
475	482
475	490
475	491
475	498
475	535
476	482
476	784
476	788
477	481
477	483
477	493
477	497
477	669
477	708
477	726
477	792
478	485
478	697
478	790
479	481
479	487
479	489
479	494
479	496
479	497
479	590
479	679
480	480
480	491
480	496
480	702
481	489
481	492
481	493
481	495
481	653
481	827
481	855
482	486
482	490
482	492
482	802
482	962
483	487
483	492
483	498
483	552
484	553
484	566
484	858
485	491
485	499
485	745
486	497
486	498
486	881
487	491
487	494
487	498
487	575
487	587
487	792
487	887
488	496
488	497
488	510
488	675
488	759
489	697
490	572
491	492
491	499
491	607
491	707
491	906
492	496
492	685
492	703
492	892
492	970
493	495
493	497
493	508
493	667
494	525
494	533
494	586
494	606
494	848
495	496
495	497
495	795
496	638
496	900
496	903
497	681
497	814
497	918
498	499
498	543
498	637
498	709
498	727
498	743
499	558
500	504
500	510
500	512
500	513
500	516
500	531
500	532
500	541
500	551
500	552
500	555
500	562
500	565
500	569
500	580
500	581
500	588
500	598
500	715
501	502
501	506
501	516
501	517
501	521
501	554
501	557
501	558
501	560
501	566
501	583
501	588
501	595
501	693
501	922
502	503
502	512
502	514
502	522
502	527
502	528
502	543
502	545
502	553
502	555
502	556
502	558
502	560
502	565
502	567
502	577
502	578
502	591
502	594
502	596
502	696
503	506
503	514
503	525
503	535
503	542
503	549
503	554
503	584
503	587
503	591
503	598
504	517
504	524
504	534
504	549
504	550
504	557
504	559
504	577
504	588
504	599
504	621
504	777
505	522
505	531
505	539
505	540
505	561
505	566
505	568
505	573
505	579
506	511
506	515
506	519
506	522
506	525
506	527
506	541
506	547
506	548
506	561
506	562
506	566
506	578
506	581
506	588
506	592
506	596
506	597
507	510
507	515
507	518
507	533
507	541
507	544
507	546
507	547
507	556
507	567
507	570
507	575
507	578
507	583
507	586
507	595
507	776
507	786
508	509
508	517
508	522
508	524
508	527
508	538
508	542
508	543
508	544
508	546
508	558
508	561
508	568
508	570
508	573
508	579
508	583
508	588
508	593
508	627
508	739
508	773
509	511
509	520
509	530
509	541
509	555
509	562
509	563
509	568
509	573
509	581
509	584
509	597
509	612
509	644
509	665
510	522
510	524
510	525
510	534
510	539
510	544
510	550
510	555
510	556
510	558
510	559
510	578
510	579
510	692
510	817
511	515
511	519
511	530
511	537
511	541
511	546
511	552
511	558
511	561
511	562
511	582
511	586
511	589
511	642
511	731
511	769
512	516
512	518
512	520
512	525
512	530
512	550
512	552
512	553
512	567
512	569
512	570
512	598
512	793
512	891
512	931
513	520
513	521
513	523
513	534
513	536
513	537
513	548
513	557
513	559
513	565
513	581
513	583
513	591
513	596
514	514
514	550
514	558
514	559
514	562
514	576
514	580
514	591
514	597
515	531
515	534
515	546
515	551
515	561
515	570
515	575
515	579
515	583
515	591
515	626
515	941
516	518
516	522
516	524
516	526
516	530
516	534
516	537
516	539
516	542
516	559
516	575
516	576
516	592
516	596
516	598
517	518
517	520
517	521
517	528
517	529
517	542
517	550
517	559
517	566
517	569
517	573
517	580
517	583
517	585
517	598
517	685
518	519
518	528
518	529
518	531
518	532
518	543
518	547
518	560
518	571
518	574
518	575
518	579
518	580
518	596
518	622
518	772
519	522
519	523
519	525
519	526
519	527
519	530
519	532
519	537
519	540
519	563
519	568
519	585
519	589
519	620
519	913
519	943
520	522
520	528
520	533
520	540
520	543
520	558
520	567
520	569
520	573
520	576
520	587
520	595
520	768
521	524
521	525
521	536
521	552
521	574
521	585
521	586
521	587
521	590
521	604
521	636
521	651
521	759
522	526
522	530
522	554
522	559
522	565
522	568
522	571
522	576
522	577
522	585
523	530
523	532
523	536
523	540
523	552
523	556
523	560
523	561
523	564
523	571
523	577
523	588
523	598
523	772
524	525
524	527
524	537
524	542
524	553
524	555
524	559
524	567
524	579
524	583
524	584
524	589
524	592
524	599
524	603
524	665
524	998
525	529
525	534
525	543
525	544
525	545
525	546
525	548
525	554
525	557
525	563
525	574
525	576
525	583
525	591
525	593
526	531
526	540
526	554
526	555
526	565
526	568
526	573
526	576
526	598
526	715
527	530
527	539
527	541
527	545
527	555
527	564
527	566
527	570
527	572
527	576
527	578
527	579
527	591
527	597
527	599
527	617
527	789
527	864
528	536
528	544
528	547
528	552
528	555
528	560
528	567
528	572
528	576
528	577
528	580
528	583
528	587
528	591
528	592
528	595
528	964
529	530
529	532
529	534
529	535
529	542
529	554
529	555
529	572
529	573
529	576
529	595
529	598
529	764
529	973
530	542
530	559
530	572
530	575
530	578
530	584
530	595
530	825
531	536
531	552
531	554
531	557
531	563
531	569
531	577
531	579
531	582
531	595
531	745
532	534
532	535
532	542
532	552
532	553
532	557
532	559
532	561
532	571
532	572
532	585
532	594
532	677
532	902
533	543
533	546
533	551
533	558
533	560
533	568
533	574
533	575
533	582
533	586
533	589
533	839
533	953
534	535
534	545
534	546
534	547
534	549
534	552
534	557
534	574
534	580
534	582
534	589
534	593
534	867
535	542
535	550
535	555
535	557
535	560
535	561
535	571
535	575
535	590
535	591
535	596
535	894
536	550
536	563
536	564
536	566
536	567
536	573
536	575
536	580
536	594
536	771
536	885
537	537
537	540
537	542
537	549
537	564
537	565
537	577
537	583
537	589
537	592
537	594
537	710
537	764
538	543
538	545
538	546
538	552
538	554
538	555
538	559
538	563
538	566
538	586
538	587
538	598
538	651
538	798
538	839
539	555
539	561
539	574
540	543
540	545
540	556
540	559
540	563
540	577
540	585
540	586
540	592
540	595
540	764
541	547
541	549
541	551
541	572
541	573
541	584
541	589
541	590
541	592
541	593
541	599
541	924
541	963
542	547
542	552
542	563
542	581
542	582
542	586
542	598
542	608
543	550
543	556
543	568
543	572
543	575
543	577
543	585
543	778
544	545
544	550
544	559
544	561
544	566
544	569
544	576
544	591
544	596
544	599
544	899
544	948
545	549
545	572
545	578
545	579
545	582
545	587
545	599
545	610
545	740
545	794
545	806
545	885
546	548
546	550
546	553
546	563
546	565
546	576
546	586
546	590
546	594
546	596
546	598
546	816
547	550
547	553
547	577
547	579
547	598
548	554
548	568
548	574
548	583
549	553
549	555
549	558
549	564
549	568
549	577
549	581
549	588
549	598
549	678
549	714
550	551
550	558
550	568
550	573
550	581
550	587
550	592
550	597
550	656
551	555
551	558
551	575
551	584
552	555
552	559
552	563
552	565
552	585
552	591
552	598
552	680
553	555
553	557
553	560
553	562
553	569
553	575
553	580
553	584
553	589
553	590
553	595
553	597
553	600
554	564
554	567
554	574
554	576
554	598
555	557
555	559
555	568
555	575
555	579
555	583
555	586
555	618
555	780
555	967
556	575
556	589
556	593
557	561
557	565
557	578
557	589
557	596
557	990
558	559
558	561
558	569
558	730
559	564
559	568
559	569
559	570
559	575
559	576
559	584
559	585
559	588
559	592
559	597
559	614
559	741
559	997
560	561
560	563
560	564
560	567
560	581
560	582
560	584
560	587
560	595
561	562
561	568
561	570
561	578
561	584
561	590
561	597
561	710
561	771
561	935
562	566
562	567
562	570
562	582
562	596
562	603
562	782
562	911
562	955
563	570
563	581
563	583
563	586
563	593
563	594
563	710
563	798
564	571
564	572
564	580
564	581
564	584
564	591
564	594
564	599
565	566
565	573
565	575
565	577
565	587
565	938
566	568
566	579
566	584
566	586
566	589
566	785
566	834
567	576
567	579
567	582
567	583
567	592
567	595
567	597
567	621
567	750
568	573
568	575
568	584
568	593
568	594
568	596
568	597
568	908
569	570
569	576
569	580
569	597
569	598
569	756
569	779
569	783
570	592
570	599
570	788
570	889
571	591
571	595
571	676
571	904
572	589
572	593
572	647
572	755
572	972
573	575
573	576
573	593
573	809
573	897
574	574
574	576
574	579
574	588
574	591
574	592
574	595
574	596
575	579
575	584
575	591
575	597
575	951
576	581
576	590
576	591
576	592
576	596
576	598
576	599
577	580
577	585
577	590
577	597
577	945
578	585
578	595
578	596
579	587
579	590
579	591
579	592
579	594
580	586
580	589
580	606
580	628
580	814
580	935
581	588
581	592
581	597
581	783
582	590
582	593
582	599
582	656
583	584
583	594
583	999
584	586
584	592
585	587
585	596
585	599
585	627
585	802
585	821
586	586
586	593
586	993
587	597
587	598
587	745
587	746
588	594
588	596
588	843
589	598
589	982
590	663
590	834
591	591
591	613
592	596
592	798
592	816
592	836
593	594
593	597
593	759
594	854
595	609
595	752
595	771
596	599
596	928
598	821
599	599
599	982
600	603
600	611
600	613
600	614
600	615
600	620
600	621
600	623
600	629
600	631
600	636
600	645
600	656
600	667
600	678
600	680
600	683
600	684
600	693
600	696
600	698
600	699
600	829
600	870
601	603
601	606
601	615
601	619
601	625
601	636
601	640
601	659
601	661
601	667
601	668
601	672
601	690
601	694
601	895
602	613
602	623
602	629
602	644
602	645
602	655
602	666
602	671
602	679
602	688
602	698
602	733
602	929
603	621
603	629
603	630
603	633
603	635
603	637
603	649
603	651
603	657
603	660
603	661
603	666
603	668
603	670
603	683
603	685
603	689
603	699
603	813
604	614
604	625
604	626
604	628
604	630
604	640
604	644
604	673
604	676
604	677
604	688
604	691
604	693
604	695
604	699
604	835
604	880
604	966
605	615
605	626
605	627
605	630
605	643
605	649
605	659
605	661
605	670
605	680
605	692
605	698
605	792
606	608
606	614
606	626
606	627
606	636
606	638
606	646
606	650
606	652
606	661
606	666
606	669
606	676
606	678
606	687
606	688
606	692
606	693
606	699
606	749
606	949
607	609
607	614
607	615
607	627
607	631
607	632
607	644
607	646
607	650
607	661
607	673
607	687
607	690
607	691
607	692
607	693
608	625
608	631
608	644
608	656
608	659
608	666
608	669
608	674
608	675
608	686
608	689
608	690
608	739
608	814
608	840
608	965
609	610
609	616
609	618
609	633
609	641
609	659
609	663
609	668
609	672
609	686
609	687
609	695
609	698
609	755
609	766
609	868
609	889
610	610
610	611
610	619
610	631
610	634
610	652
610	666
610	677
610	678
610	696
610	699
611	626
611	636
611	638
611	655
611	658
611	660
611	672
611	684
611	690
611	726
611	919
612	616
612	627
612	644
612	652
612	656
612	674
612	677
612	692
612	698
612	717
612	758
613	614
613	618
613	632
613	637
613	638
613	644
613	651
613	672
613	682
613	683
613	685
613	688
613	694
613	695
613	698
613	745
613	788
613	849
613	855
614	627
614	629
614	642
614	648
614	657
614	664
614	669
614	673
614	677
614	681
614	695
614	873
614	881
614	884
615	615
615	616
615	628
615	635
615	642
615	648
615	665
615	668
615	675
616	622
616	646
616	652
616	665
616	668
616	670
616	671
616	675
616	683
616	684
616	685
616	689
616	691
616	694
616	699
616	778
616	940
616	999
617	627
617	632
617	635
617	643
617	646
617	648
617	652
617	664
617	667
617	670
617	676
617	686
617	688
617	694
617	697
618	620
618	621
618	634
618	635
618	642
618	644
618	648
618	650
618	652
618	664
618	665
618	667
618	672
618	673
618	690
618	697
618	914
619	621
619	636
619	637
619	643
619	666
619	670
619	672
619	680
619	689
619	691
619	697
619	698
619	699
619	865
619	979
620	621
620	628
620	639
620	646
620	652
620	658
620	667
620	672
620	678
620	682
620	696
620	859
621	623
621	625
621	627
621	630
621	633
621	636
621	659
621	662
621	684
621	689
621	695
622	629
622	632
622	638
622	639
622	648
622	658
622	663
622	686
622	696
623	623
623	631
623	635
623	637
623	639
623	640
623	642
623	652
623	654
623	657
623	671
623	673
623	679
623	687
623	833
623	873
623	903
624	624
624	629
624	641
624	658
624	660
624	662
624	670
624	674
624	681
624	688
624	696
624	699
624	854
625	635
625	639
625	649
625	651
625	657
625	661
625	674
625	678
625	694
625	695
625	698
625	973
626	627
626	630
626	633
626	638
626	641
626	645
626	646
626	673
626	684
626	685
626	691
626	699
626	722
626	956
627	636
627	638
627	647
627	653
627	660
627	667
627	693
627	738
627	850
627	870
627	923
628	640
628	661
628	663
628	676
628	689
628	697
629	653
629	655
629	658
629	660
629	664
629	668
629	670
629	673
629	682
629	684
629	692
629	695
629	696
629	732
630	631
630	644
630	647
630	648
630	660
630	666
630	680
630	683
630	684
630	689
630	737
630	880
630	960
631	633
631	634
631	638
631	641
631	646
631	650
631	667
631	672
631	673
631	676
631	677
631	680
631	687
632	634
632	648
632	659
632	666
632	679
632	681
632	682
632	684
632	688
632	698
632	816
632	862
632	965
633	633
633	635
633	648
633	675
633	685
633	688
634	642
634	651
634	656
634	658
634	659
634	665
634	668
634	671
634	695
634	698
634	757
634	764
635	638
635	652
635	657
635	662
635	668
635	673
635	674
635	675
635	677
635	684
635	689
635	725
635	737
635	802
635	966
636	648
636	658
636	662
636	669
636	677
636	681
636	684
636	692
637	639
637	643
637	646
637	647
637	657
637	662
637	668
637	671
637	682
637	684
637	685
637	688
637	738
637	949
637	968
638	643
638	644
638	645
638	650
638	672
638	684
638	694
638	816
638	842
639	657
639	658
639	662
639	668
639	669
639	683
639	686
639	687
639	688
639	693
640	645
640	647
640	651
640	652
640	653
640	654
640	682
640	683
640	686
640	689
640	696
640	702
641	643
641	645
641	658
641	661
641	667
641	673
641	683
641	684
641	690
641	696
641	698
641	699
642	645
642	652
642	653
642	660
642	669
642	672
642	683
642	685
642	691
642	692
642	699
642	818
643	657
643	673
643	675
643	677
643	688
643	689
644	646
644	650
644	652
644	658
644	659
644	660
644	662
644	666
644	669
644	676
644	678
644	685
644	694
645	647
645	656
645	659
645	668
645	693
645	695
646	648
646	660
646	663
646	671
646	673
646	682
646	691
646	699
646	936
647	662
647	664
647	669
647	681
647	691
647	692
647	697
648	650
648	652
648	662
648	665
648	668
648	679
648	685
648	734
648	745
649	651
649	654
649	665
649	688
649	694
650	651
650	658
650	659
650	661
650	667
650	671
650	675
650	683
650	684
650	685
650	694
650	695
650	819
650	881
651	658
651	661
651	671
651	673
651	689
651	690
651	691
651	699
651	908
652	654
652	662
652	670
652	672
652	684
652	687
652	690
652	999
653	657
653	677
653	679
653	685
653	687
653	789
654	663
654	681
654	689
654	693
654	695
654	697
654	855
654	886
655	668
655	681
655	682
655	690
655	698
655	868
656	668
656	669
656	670
656	671
656	684
656	696
656	698
656	699
656	931
657	665
657	666
657	669
657	674
657	677
657	686
657	694
657	697
657	698
657	699
658	661
658	662
658	686
658	692
658	693
658	695
658	782
659	663
659	671
659	674
659	675
659	682
659	835
660	680
660	682
660	692
660	696
660	698
660	976
661	664
661	673
661	680
661	689
662	672
662	673
662	674
662	680
662	692
662	714
662	893
663	663
663	666
663	673
663	681
663	682
663	694
663	965
664	673
664	682
664	685
664	686
664	689
664	696
664	856
664	894
665	674
665	675
665	686
665	692
665	696
665	994
666	682
666	796
667	668
667	671
667	683
667	686
667	688
667	691
667	694
667	695
668	677
668	681
668	682
668	683
668	686
668	690
668	692
668	694
669	672
669	680
669	683
669	689
669	697
669	804
669	882
670	671
670	675
670	677
670	684
670	693
670	697
670	699
670	921
670	934
671	674
671	675
671	681
671	682
671	683
671	684
671	694
671	892
671	961
672	678
672	682
672	698
672	713
672	738
673	673
673	675
673	683
673	686
673	687
673	690
673	692
673	695
673	699
673	882
673	883
673	963
674	679
674	680
674	684
674	699
674	736
675	677
675	681
675	696
675	787
675	905
676	682
676	687
676	782
676	978
676	988
677	680
677	684
677	685
677	691
677	693
677	766
678	843
679	680
679	681
679	683
679	690
679	691
679	695
680	684
680	690
680	755
680	828
680	913
681	693
681	791
682	685
682	688
682	871
682	915
682	926
682	969
683	686
683	787
684	685
684	689
684	690
684	695
685	693
685	767
685	928
686	691
686	699
686	942
687	690
687	695
687	965
688	704
688	822
688	936
689	694
689	699
689	930
689	976
690	695
690	696
690	993
691	992
692	701
692	965
693	694
693	697
694	695
695	697
695	758
695	793
697	698
697	810
697	819
698	911
698	952
699	755
699	987
700	703
700	714
700	716
700	717
700	720
700	732
700	738
700	764
700	767
700	794
700	797
700	798
700	799
701	705
701	714
701	716
701	717
701	718
701	724
701	727
701	732
701	744
701	745
701	750
701	751
701	755
701	758
701	770
701	773
701	783
701	785
701	931
702	714
702	717
702	719
702	723
702	725
702	734
702	751
702	762
702	768
702	774
702	777
702	781
702	785
702	791
702	798
702	839
702	973
703	712
703	719
703	723
703	724
703	727
703	731
703	735
703	743
703	751
703	755
703	757
703	761
703	777
703	787
703	789
703	797
703	850
703	992
704	705
704	706
704	727
704	729
704	736
704	745
704	747
704	770
704	774
704	782
704	786
704	789
704	796
704	844
704	983
705	709
705	718
705	720
705	728
705	732
705	782
705	791
705	795
705	853
705	927
706	708
706	730
706	738
706	739
706	740
706	758
706	765
706	766
706	775
706	782
706	789
706	799
706	925
707	710
707	716
707	733
707	746
707	780
707	782
707	864
708	718
708	721
708	722
708	730
708	736
708	737
708	745
708	763
708	780
708	781
708	798
709	727
709	740
709	743
709	757
709	764
709	765
709	766
709	774
709	779
709	780
709	792
709	796
709	837
709	893
709	962
710	711
710	714
710	715
710	721
710	728
710	738
710	748
710	750
710	756
710	771
710	782
710	789
710	793
710	796
711	713
711	733
711	738
711	739
711	740
711	741
711	742
711	746
711	748
711	757
711	763
711	768
711	774
711	780
711	782
711	784
711	786
711	787
711	792
711	832
711	915
712	717
712	734
712	747
712	750
712	771
712	776
712	781
712	789
712	795
713	723
713	726
713	732
713	738
713	739
713	759
713	777
713	780
713	786
713	788
713	796
713	798
714	719
714	720
714	728
714	743
714	745
714	752
714	753
714	755
714	760
714	763
714	769
714	781
714	788
714	799
714	929
715	719
715	729
715	730
715	735
715	737
715	738
715	744
715	772
715	791
716	730
716	733
716	734
716	735
716	736
716	740
716	745
716	764
716	768
716	776
716	779
716	782
716	787
716	791
716	794
716	798
716	964
717	720
717	722
717	731
717	734
717	745
717	752
717	754
717	757
717	759
717	764
717	768
717	773
717	774
717	777
717	778
717	781
717	790
717	794
717	814
717	837
718	719
718	727
718	728
718	730
718	739
718	760
718	761
718	764
718	767
718	773
718	778
718	798
718	799
719	727
719	748
719	752
719	770
719	772
719	779
719	780
719	781
719	786
719	881
719	923
720	724
720	736
720	741
720	743
720	772
720	774
720	788
720	790
720	798
720	925
721	727
721	730
721	737
721	746
721	750
721	751
721	763
721	784
721	788
721	790
721	791
721	802
722	722
722	743
722	755
722	762
722	769
722	772
722	778
722	779
722	782
722	790
722	795
722	982
723	725
723	728
723	729
723	738
723	749
723	751
723	761
723	767
723	781
723	794
724	726
724	732
724	735
724	744
724	769
724	778
724	780
724	784
724	786
724	842
725	738
725	762
725	766
725	771
725	773
725	774
725	782
725	785
725	791
725	794
725	795
725	989
726	728
726	729
726	731
726	733
726	738
726	745
726	746
726	750
726	759
726	767
726	786
726	790
726	792
726	795
726	799
726	801
727	733
727	747
727	751
727	753
727	758
727	762
727	770
727	771
727	777
727	783
727	784
727	787
727	796
727	799
727	834
727	869
727	911
727	941
727	958
727	990
727	999
728	729
728	732
728	734
728	738
728	739
728	744
728	756
728	763
728	774
728	812
728	888
728	910
729	738
729	741
729	748
729	750
729	758
729	761
729	771
729	775
729	776
729	779
729	798
729	799
729	892
730	733
730	746
730	747
730	749
730	758
730	762
730	776
730	778
730	788
730	796
730	944
731	733
731	734
731	744
731	760
731	767
731	769
731	773
731	778
731	779
731	795
731	962
732	732
732	743
732	747
732	748
732	752
732	754
732	755
732	774
732	784
732	791
732	798
732	982
733	737
733	741
733	744
733	769
733	797
734	736
734	739
734	744
734	748
734	752
734	755
734	760
734	763
734	765
734	770
734	781
734	784
734	787
734	791
735	741
735	747
735	752
735	766
735	767
735	770
735	793
736	738
736	763
736	768
736	778
736	788
736	791
736	807
736	992
737	739
737	749
737	758
737	763
737	783
737	786
737	788
737	797
737	925
738	768
738	771
739	744
739	745
739	756
739	759
739	761
739	765
739	769
739	882
740	741
740	745
740	746
740	749
740	757
740	764
740	770
740	776
740	785
740	787
740	790
740	791
740	792
740	793
741	752
741	770
741	772
741	779
741	784
741	785
741	787
741	788
741	792
741	970
742	761
742	773
742	775
742	796
742	886
742	895
742	985
743	747
743	757
743	766
743	775
743	785
743	794
743	796
743	798
744	752
744	753
744	764
744	767
744	779
744	781
745	755
745	773
745	774
745	776
745	777
745	780
745	786
745	787
745	788
745	790
745	792
745	796
746	747
746	753
746	758
746	765
746	777
746	781
746	798
746	810
746	927
747	752
747	768
747	776
747	782
747	786
747	793
747	795
747	797
748	749
748	751
748	766
748	769
748	780
748	784
748	785
748	788
748	796
748	897
749	758
749	768
749	771
749	773
749	777
749	780
749	787
749	788
749	789
749	794
749	795
749	949
749	982
750	761
750	768
750	769
750	770
750	773
750	774
750	781
750	791
751	762
751	764
751	779
751	789
751	790
751	791
752	760
752	762
752	764
752	769
752	777
752	778
752	789
752	797
752	799
753	754
753	761
753	762
753	783
753	788
753	794
754	757
754	766
754	768
754	771
754	785
754	794
754	798
754	799
755	758
755	766
755	767
755	768
755	774
755	777
755	789
755	791
755	796
755	826
756	765
756	766
756	774
756	779
756	785
756	788
756	792
756	795
756	888
757	765
757	770
757	777
757	778
757	786
757	929
757	950
758	760
758	762
758	763
758	764
758	793
758	872
758	896
759	774
759	783
759	787
759	788
759	795
759	797
759	853
760	777
760	794
761	762
761	763
761	771
761	785
761	791
761	795
761	886
762	768
762	775
762	779
762	780
762	783
762	787
762	792
763	773
763	778
763	792
763	798
763	943
764	766
764	772
764	780
764	790
764	798
764	799
765	770
765	774
765	775
765	776
765	783
765	786
765	794
766	771
766	777
766	778
766	782
766	783
766	788
766	798
767	769
767	778
767	786
767	799
767	900
767	914
768	771
768	772
768	775
768	783
768	784
768	785
768	790
768	791
768	803
769	774
769	787
769	797
769	798
769	995
770	782
770	787
770	790
770	794
770	960
771	780
771	783
771	785
771	789
771	795
771	797
771	798
771	870
772	773
772	777
772	779
772	782
772	793
772	799
772	940
773	784
773	786
773	794
773	819
773	991
774	782
774	783
774	784
774	789
774	797
774	910
775	780
775	781
775	783
775	785
775	786
775	795
775	796
775	857
776	777
776	781
776	789
776	797
777	779
777	787
777	792
777	796
778	784
778	785
778	788
778	797
778	954
779	788
779	795
780	785
780	787
780	792
781	785
781	788
781	790
781	844
782	789
782	792
782	793
782	795
782	799
782	882
783	784
783	790
783	795
783	799
783	839
784	789
784	792
784	797
784	988
785	791
786	788
786	791
786	799
787	790
788	794
788	991
789	792
790	793
791	798
791	900
791	957
792	796
792	924
793	794
793	810
793	913
794	798
794	800
794	830
794	946
795	982
796	841
796	905
798	840
800	804
800	813
800	815
800	817
800	822
800	823
800	828
800	835
800	862
800	869
800	870
800	879
800	885
800	892
800	899
801	803
801	804
801	805
801	815
801	816
801	818
801	820
801	835
801	839
801	855
801	866
801	872
801	885
801	894
801	990
802	821
802	823
802	825
802	826
802	833
802	836
802	840
802	851
802	860
802	864
802	868
802	880
802	882
802	884
802	896
802	898
802	989
803	816
803	843
803	844
803	855
803	870
803	871
803	872
803	880
803	886
803	893
803	898
804	809
804	823
804	833
804	834
804	838
804	842
804	845
804	846
804	873
804	876
804	886
804	887
804	888
804	893
805	808
805	809
805	826
805	831
805	839
805	841
805	843
805	848
805	849
805	854
805	861
805	862
805	865
805	872
805	877
805	880
805	885
805	892
805	896
805	982
806	816
806	822
806	823
806	835
806	836
806	838
806	839
806	856
806	866
806	888
806	892
806	903
807	808
807	831
807	836
807	848
807	858
807	860
807	882
807	885
807	886
807	895
808	813
808	826
808	831
808	848
808	851
808	870
808	872
808	873
808	886
808	888
808	897
808	992
809	818
809	827
809	828
809	841
809	847
809	858
809	860
809	871
809	872
809	879
809	888
809	893
809	897
810	814
810	822
810	851
810	871
810	872
810	874
810	876
810	882
810	890
810	896
810	898
811	814
811	817
811	828
811	830
811	831
811	837
811	847
811	848
811	859
811	873
811	875
811	880
811	882
811	891
811	897
812	812
812	813
812	818
812	822
812	825
812	840
812	849
812	852
812	858
812	864
812	879
812	881
812	882
812	885
813	819
813	823
813	850
813	857
813	859
813	888
813	893
813	896
813	899
813	991
814	814
814	821
814	825
814	841
814	843
814	848
814	857
814	860
814	881
814	964
815	823
815	831
815	834
815	835
815	837
815	839
815	841
815	842
815	850
815	873
815	874
815	899
816	824
816	834
816	841
816	842
816	869
816	879
816	895
817	820
817	823
817	825
817	828
817	840
817	843
817	850
817	859
817	862
817	865
817	875
817	885
817	891
817	894
818	836
818	843
818	845
818	846
818	854
818	865
818	872
818	898
819	831
819	851
819	852
819	853
819	862
819	888
819	889
819	894
819	898
820	829
820	835
820	847
820	861
820	869
820	870
820	871
820	890
820	892
820	894
820	895
821	824
821	830
821	831
821	833
821	844
821	862
821	864
821	866
821	870
821	875
821	896
821	899
821	991
822	838
822	852
822	853
822	855
822	857
822	862
822	863
822	865
822	875
822	879
822	888
822	891
823	836
823	841
823	842
823	868
823	870
823	877
823	889
823	891
823	899
824	830
824	832
824	839
824	842
824	847
824	856
824	867
824	872
824	878
824	880
824	894
824	895
824	954
825	829
825	839
825	857
825	870
825	891
825	896
825	899
825	909
825	913
826	829
826	833
826	837
826	842
826	844
826	845
826	847
826	850
826	856
826	857
826	858
826	861
826	863
826	867
826	868
826	876
826	894
826	940
827	831
827	837
827	851
827	857
827	862
827	867
827	872
827	881
827	892
827	893
827	899
828	836
828	838
828	841
828	853
828	861
828	862
828	870
828	872
828	873
828	882
828	889
828	894
828	895
828	899
829	844
829	849
829	863
829	865
829	874
829	876
829	882
829	883
829	895
829	952
830	832
830	833
830	836
830	844
830	849
830	852
830	854
830	856
830	877
830	881
830	884
830	891
830	894
830	899
830	950
831	836
831	838
831	839
831	844
831	862
831	870
831	876
831	879
832	834
832	841
832	866
832	869
832	872
832	878
832	886
832	895
833	837
833	838
833	839
833	844
833	855
833	862
833	863
833	864
833	870
833	871
833	875
833	879
833	880
833	883
833	892
833	899
833	980
834	844
834	856
834	871
834	872
834	886
834	891
834	895
834	897
834	967
835	836
835	848
835	849
835	857
835	858
835	859
835	864
835	870
835	872
835	873
835	876
835	888
835	894
835	913
835	996
836	838
836	851
836	872
836	885
836	892
837	841
837	845
837	870
837	872
837	873
837	880
837	881
837	882
837	885
837	886
837	889
838	840
838	841
838	855
838	863
838	866
838	871
838	877
838	878
838	882
838	889
838	895
838	897
838	926
839	839
839	845
839	846
839	849
839	866
839	870
839	872
839	873
839	875
839	885
839	899
840	846
840	853
840	858
840	859
840	861
840	863
840	864
840	867
840	874
840	876
840	877
840	884
840	885
840	893
841	843
841	845
841	849
841	862
841	865
841	869
841	874
841	889
841	890
841	892
841	899
842	844
842	855
842	857
842	858
842	874
842	885
842	892
842	894
842	897
842	968
843	845
843	848
843	856
843	860
843	877
843	880
843	882
843	888
843	899
844	850
844	854
844	867
844	869
844	880
844	882
844	887
844	890
844	891
844	894
845	853
845	860
845	861
845	867
845	869
845	878
845	886
845	888
845	889
845	891
846	862
846	869
846	870
846	873
846	878
846	881
846	883
846	896
846	902
847	850
847	854
847	857
847	859
847	863
847	870
847	874
847	879
847	896
848	854
848	859
848	860
848	864
848	868
848	870
848	881
848	885
848	893
848	923
848	997
849	854
849	856
849	858
849	861
849	863
849	870
849	871
849	873
849	879
849	883
849	889
850	858
850	859
850	861
850	862
850	864
850	874
850	879
850	882
850	899
850	938
851	858
851	865
851	867
851	874
851	885
851	893
851	894
851	898
852	869
852	872
852	873
852	890
852	892
853	857
853	859
853	860
853	863
853	876
853	878
853	882
853	884
853	890
853	898
854	858
854	859
854	867
854	868
854	882
854	895
854	967
855	857
855	864
855	866
855	891
856	866
856	875
856	882
856	887
856	890
857	859
857	864
857	865
857	866
857	867
857	875
857	877
857	891
857	899
857	984
858	858
858	864
858	877
858	878
858	880
858	883
858	891
858	894
858	895
858	952
859	867
859	872
859	879
859	885
859	891
859	893
859	895
859	960
860	869
860	875
860	884
860	886
860	894
861	865
861	871
861	880
861	884
861	890
861	891
861	893
861	899
862	869
862	870
862	889
862	895
863	870
863	876
863	881
863	888
863	891
863	898
864	864
864	877
864	891
864	893
864	931
865	868
865	871
865	873
865	879
865	883
865	885
865	890
866	875
866	880
866	889
866	894
866	899
867	870
867	873
867	879
867	886
867	890
867	892
867	896
867	898
868	872
868	876
868	879
868	885
868	886
868	890
868	893
868	898
868	972
869	870
869	871
869	881
869	896
870	871
870	883
870	894
870	896
870	898
871	880
871	886
871	894
871	896
872	877
872	879
872	883
872	885
872	890
872	893
872	896
873	888
873	889
873	899
873	901
874	876
874	885
874	897
874	899
875	875
875	878
875	883
875	891
875	977
876	878
876	883
876	885
876	894
877	881
877	882
877	885
877	888
877	893
877	899
878	882
878	885
878	896
879	897
880	887
880	892
880	894
880	897
880	903
881	884
881	891
881	899
882	883
882	888
882	889
882	892
882	898
883	886
884	893
884	894
884	898
884	899
884	970
885	892
886	887
886	888
886	890
886	893
886	894
886	895
887	889
887	895
888	893
888	894
889	891
890	893
891	891
891	893
891	897
891	912
892	893
892	894
894	895
894	897
894	987
895	899
895	927
896	899
899	965
900	900
900	902
900	910
900	929
900	942
900	943
900	956
900	961
900	962
900	968
900	970
900	972
900	982
900	985
900	990
900	994
900	996
900	999
901	902
901	924
901	925
901	927
901	932
901	942
901	947
901	949
901	959
901	968
901	971
901	985
901	987
901	989
902	903
902	904
902	907
902	908
902	915
902	936
902	938
902	940
902	944
902	950
902	955
902	956
902	957
902	960
902	968
902	977
902	981
902	982
902	984
902	986
902	996
903	905
903	920
903	922
903	926
903	929
903	938
903	945
903	947
903	952
903	956
903	957
903	959
903	964
903	979
903	981
903	992
903	997
903	999
904	906
904	911
904	917
904	924
904	925
904	927
904	933
904	952
904	953
904	954
904	956
904	959
904	964
904	965
904	967
904	972
904	982
904	984
904	987
904	991
904	996
905	918
905	923
905	929
905	934
905	941
905	950
905	955
905	956
905	968
905	981
905	988
905	992
905	996
905	999
906	907
906	909
906	912
906	927
906	934
906	935
906	942
906	947
906	955
906	966
906	974
906	978
906	980
906	984
906	992
906	996
906	998
907	912
907	913
907	914
907	918
907	921
907	922
907	924
907	930
907	932
907	951
907	956
907	957
907	958
907	968
907	972
907	979
907	985
907	999
908	919
908	925
908	944
908	945
908	951
908	954
908	955
908	968
908	969
908	976
908	980
908	981
908	986
908	993
908	995
909	911
909	913
909	918
909	920
909	929
909	948
909	950
909	951
909	970
909	974
909	979
909	982
909	987
909	990
909	996
910	911
910	925
910	926
910	938
910	941
910	942
910	949
910	950
910	965
910	968
910	972
910	974
910	978
910	980
910	983
910	988
910	997
911	918
911	951
911	952
911	959
911	962
911	970
911	973
911	979
911	988
911	989
911	993
911	997
912	920
912	923
912	924
912	931
912	935
912	938
912	951
912	956
912	959
912	962
912	987
912	989
912	995
912	996
913	929
913	937
913	942
913	943
913	947
913	949
913	951
913	952
913	963
913	964
913	967
913	974
913	982
913	986
913	988
914	918
914	922
914	924
914	936
914	938
914	942
914	944
914	948
914	953
914	955
914	967
914	968
914	977
914	985
914	987
914	988
914	989
915	917
915	925
915	947
915	951
915	953
915	966
915	973
915	980
915	988
915	989
915	993
916	919
916	924
916	927
916	932
916	934
916	940
916	944
916	945
916	951
916	964
916	967
916	974
916	981
916	982
917	917
917	919
917	921
917	926
917	935
917	946
917	947
917	966
917	979
917	982
917	986
917	993
917	997
918	922
918	924
918	928
918	930
918	941
918	950
918	980
918	991
918	994
918	997
918	999
919	920
919	933
919	947
919	956
919	962
919	967
919	981
919	986
920	933
920	938
920	944
920	956
920	960
920	964
920	966
920	969
920	970
920	978
920	982
920	985
920	993
920	994
920	996
920	997
921	930
921	934
921	941
921	947
921	951
921	959
921	982
921	986
921	994
921	998
921	999
922	923
922	932
922	938
922	942
922	948
922	955
922	958
922	964
922	983
923	925
923	936
923	945
923	951
923	959
923	968
923	971
923	972
923	974
923	978
923	982
923	985
923	996
924	926
924	934
924	939
924	943
924	950
924	969
924	978
924	980
924	994
924	996
924	998
925	925
925	930
925	931
925	934
925	935
925	939
925	955
925	971
925	980
925	981
925	995
925	998
926	928
926	931
926	933
926	934
926	937
926	938
926	942
926	944
926	947
926	950
926	957
926	969
926	972
926	978
926	979
926	982
926	998
927	927
927	932
927	933
927	939
927	950
927	957
927	963
927	965
927	966
927	969
927	973
927	975
927	976
928	944
928	946
928	947
928	959
928	966
928	968
928	973
928	982
928	988
928	989
928	993
928	995
928	996
929	931
929	946
929	952
929	958
929	968
929	978
930	944
930	956
930	958
930	961
930	972
930	995
930	998
930	999
931	936
931	940
931	943
931	950
931	952
931	960
931	964
931	965
931	968
931	969
931	976
931	978
931	982
931	983
931	987
931	996
931	998
931	999
932	943
932	949
932	956
932	976
932	987
933	937
933	949
933	957
933	962
933	963
933	965
933	968
933	969
933	971
933	972
933	979
933	986
933	988
933	993
934	943
934	950
934	954
934	958
934	959
934	961
934	981
934	983
934	994
934	998
935	937
935	958
935	961
935	966
935	974
935	976
935	984
935	990
935	992
935	994
936	961
936	988
937	940
937	941
937	942
937	943
937	945
937	946
937	960
937	968
937	969
937	970
937	976
937	986
937	987
937	998
938	944
938	948
938	950
938	955
938	957
938	961
938	962
938	964
938	987
938	990
938	995
939	942
939	947
939	948
939	962
939	966
939	974
939	999
940	941
940	954
940	962
940	966
940	967
940	971
940	972
940	973
940	982
940	983
940	989
940	995
941	964
941	967
941	979
942	944
942	948
942	962
942	963
942	971
942	973
943	955
943	963
943	966
943	981
943	985
943	988
943	992
944	948
944	951
944	957
944	959
944	962
944	971
944	977
944	980
944	984
944	989
944	990
945	948
945	949
945	959
945	977
945	993
945	994
945	999
946	951
946	956
946	962
946	968
946	971
946	979
946	982
946	984
946	985
946	987
946	993
946	994
947	963
947	966
947	971
947	973
947	988
947	989
948	957
948	963
948	968
948	970
948	971
948	973
948	983
949	953
949	971
949	974
949	984
949	989
949	997
950	954
950	955
950	965
950	967
950	970
950	971
951	952
951	957
951	958
951	977
951	982
951	989
952	965
952	968
952	995
952	998
953	983
953	988
953	991
953	996
953	997
954	968
954	989
954	991
954	997
955	958
955	966
955	976
955	980
955	986
955	989
956	994
957	962
957	967
957	977
957	983
957	998
958	965
958	971
958	973
958	981
958	992
958	996
959	963
959	967
959	978
959	981
959	984
959	992
959	995
959	999
960	969
960	971
960	972
960	974
960	991
960	996
961	963
961	964
961	967
961	982
961	984
961	987
961	994
961	995
962	968
962	975
962	981
962	986
962	992
963	971
963	992
963	993
964	974
964	978
964	981
965	973
965	980
965	986
965	994
966	966
966	973
966	984
966	994
966	995
967	971
967	972
967	980
967	981
967	993
967	994
967	998
968	973
968	978
968	982
968	984
968	985
968	987
968	996
968	997
969	969
969	984
969	985
969	986
969	988
970	971
970	973
970	977
970	985
970	986
970	987
970	988
970	995
970	998
971	972
971	976
971	979
971	981
971	996
972	972
972	986
972	989
972	994
972	997
972	998
973	981
973	985
973	992
974	984
974	994
974	997
975	985
975	992
975	996
976	977
976	979
976	982
976	990
976	995
976	999
977	983
977	985
977	987
977	988
978	979
978	982
978	986
978	989
978	993
978	994
979	983
979	984
979	988
979	992
980	983
980	985
980	990
980	997
981	983
981	992
981	995
982	995
983	985
983	988
985	994
985	997
986	989
987	995
988	992
988	999
989	991
989	994
990	992
990	993
990	997
991	998
993	996
993	997
994	994
