0	30
0	34
0	55
0	94
0	95
0	213
0	249
0	288
0	320
0	396
0	411
0	488
0	552
0	564
0	571
0	618
0	627
0	701
0	704
0	752
0	818
0	828
0	837
0	844
0	883
0	903
0	921
0	993
1	4
1	56
1	58
1	69
1	74
1	89
1	90
1	277
1	288
1	290
1	319
1	326
1	475
1	481
1	560
1	581
1	662
1	726
1	946
1	983
2	17
2	54
2	78
2	98
2	185
2	332
2	415
2	459
2	560
2	718
2	771
2	852
2	908
3	4
3	12
3	14
3	28
3	91
3	107
3	186
3	256
3	302
3	388
3	389
3	457
3	464
3	509
3	579
3	608
3	639
3	815
3	855
3	878
3	946
4	14
4	36
4	55
4	56
4	63
4	92
4	119
4	149
4	199
4	231
4	251
4	271
4	301
4	504
4	542
4	553
4	599
4	610
4	652
4	678
4	857
5	8
5	12
5	164
5	177
5	458
5	459
5	488
5	503
5	508
5	517
5	540
5	558
5	625
5	660
5	760
5	761
5	809
5	861
5	965
5	972
6	20
6	26
6	28
6	40
6	41
6	67
6	85
6	99
6	104
6	163
6	184
6	238
6	317
6	498
6	517
6	655
6	662
6	755
6	844
6	851
7	23
7	37
7	43
7	48
7	67
7	77
7	140
7	199
7	203
7	252
7	296
7	353
7	374
7	377
7	472
7	608
7	613
7	628
7	707
7	744
7	905
7	926
7	973
7	986
7	998
8	10
8	44
8	255
8	277
8	317
8	333
8	341
8	514
8	594
8	725
8	727
8	868
8	956
8	977
9	18
9	21
9	35
9	36
9	48
9	49
9	202
9	226
9	278
9	355
9	466
9	501
9	533
9	716
9	795
9	878
10	43
10	73
10	89
10	94
10	110
10	129
10	144
10	161
10	305
10	485
10	490
10	620
10	629
10	648
10	698
10	837
11	32
11	43
11	59
11	62
11	83
11	85
11	222
11	234
11	268
11	375
11	387
11	542
11	631
11	789
11	836
11	892
11	971
11	976
12	22
12	39
12	54
12	60
12	64
12	67
12	77
12	104
12	108
12	131
12	266
12	328
12	379
12	427
12	552
12	617
12	684
12	748
12	765
12	813
12	827
12	869
12	926
12	997
13	18
13	47
13	50
13	66
13	77
13	99
13	148
13	154
13	171
13	191
13	300
13	328
13	376
13	475
13	496
13	510
13	589
13	662
13	687
13	716
13	728
13	730
13	756
13	875
13	975
14	20
14	36
14	38
14	66
14	78
14	80
14	95
14	150
14	166
14	203
14	218
14	235
14	291
14	413
14	421
14	441
14	465
14	523
14	540
14	630
14	671
14	699
14	752
14	792
14	864
14	927
15	43
15	78
15	97
15	98
15	155
15	207
15	241
15	269
15	335
15	413
15	593
15	631
15	649
15	654
15	746
15	776
16	42
16	43
16	49
16	83
16	92
16	153
16	160
16	164
16	202
16	205
16	227
16	254
16	403
16	404
16	411
16	416
16	460
16	511
16	601
16	626
16	636
16	685
16	901
17	20
17	41
17	55
17	75
17	82
17	98
17	135
17	201
17	210
17	291
17	453
17	530
17	742
17	770
17	832
17	921
17	988
18	18
18	32
18	39
18	46
18	61
18	70
18	86
18	89
18	94
18	106
18	124
18	290
18	535
18	579
18	617
18	628
18	696
18	751
18	762
18	795
18	904
18	997
19	22
19	73
19	260
19	389
19	478
19	534
19	623
19	639
19	785
20	60
20	86
20	90
20	122
20	178
20	303
20	390
20	441
20	453
20	470
20	502
20	543
20	657
20	666
20	792
20	806
20	829
20	907
20	979
20	982
21	26
21	83
21	95
21	242
21	351
21	397
21	520
21	523
21	535
21	537
21	552
21	587
21	649
21	650
21	652
21	664
21	741
21	806
21	898
22	28
22	38
22	43
22	47
22	48
22	62
22	143
22	423
22	434
22	436
22	635
22	685
22	719
22	742
22	848
22	978
23	36
23	43
23	44
23	63
23	78
23	85
23	307
23	604
23	611
23	647
23	676
23	684
23	738
23	839
23	848
23	854
23	917
23	935
24	31
24	59
24	241
24	529
24	625
24	798
24	906
24	917
24	979
24	983
25	42
25	54
25	63
25	96
25	153
25	167
25	175
25	192
25	252
25	398
25	454
25	548
25	575
25	660
25	680
25	693
25	719
25	802
25	813
25	854
26	26
26	44
26	50
26	54
26	65
26	71
26	91
26	178
26	194
26	204
26	234
26	245
26	334
26	382
26	444
26	456
26	461
26	476
26	502
26	506
26	899
27	33
27	37
27	60
27	100
27	132
27	149
27	178
27	193
27	230
27	231
27	269
27	284
27	285
27	360
27	409
27	412
27	431
27	448
27	496
27	552
27	667
27	960
27	996
28	98
28	111
28	228
28	299
28	402
28	510
28	662
28	840
28	841
28	964
28	974
29	37
29	76
29	297
29	334
29	398
29	459
29	515
29	845
30	95
30	212
30	221
30	248
30	254
30	279
30	320
30	367
30	373
30	409
30	441
30	460
30	476
30	527
30	545
30	625
30	659
30	708
30	749
30	842
30	869
30	979
30	991
31	50
31	60
31	66
31	76
31	154
31	206
31	252
31	386
31	404
31	422
31	442
31	480
31	505
31	537
31	556
31	926
32	41
32	56
32	72
32	77
32	79
32	89
32	91
32	316
32	330
32	428
32	468
32	470
32	539
32	584
32	676
32	839
32	969
33	43
33	75
33	89
33	90
33	96
33	140
33	209
33	236
33	410
33	450
33	539
33	567
33	631
33	635
33	645
33	697
33	698
33	819
33	880
34	70
34	76
34	77
34	85
34	161
34	262
34	334
34	609
34	681
34	721
34	745
34	766
34	854
34	880
35	46
35	82
35	88
35	90
35	97
35	336
35	340
35	347
35	389
35	408
35	419
35	599
35	643
35	667
35	749
35	889
35	949
35	975
35	977
35	985
36	39
36	55
36	77
36	89
36	208
36	253
36	299
36	329
36	423
36	545
36	629
36	792
36	992
37	41
37	48
37	55
37	63
37	115
37	533
37	604
37	814
37	901
38	59
38	79
38	82
38	84
38	93
38	131
38	179
38	253
38	314
38	317
38	434
38	463
38	481
38	506
38	511
38	623
38	647
39	41
39	55
39	64
39	80
39	84
39	145
39	154
39	228
39	250
39	382
39	403
39	414
39	443
39	467
39	536
39	689
39	713
39	803
39	894
39	930
40	47
40	52
40	63
40	76
40	83
40	96
40	97
40	100
40	205
40	264
40	332
40	377
40	413
40	432
40	622
40	631
40	700
40	748
40	879
40	908
40	914
40	917
40	979
40	994
41	72
41	104
41	158
41	209
41	278
41	292
41	318
41	335
41	444
41	560
41	574
41	620
41	819
41	880
42	50
42	66
42	75
42	80
42	84
42	86
42	113
42	165
42	175
42	209
42	234
42	337
42	373
42	377
42	471
42	604
42	628
42	701
42	744
42	771
42	773
42	828
42	976
42	985
42	996
43	64
43	94
43	95
43	104
43	121
43	169
43	173
43	268
43	272
43	300
43	308
43	312
43	339
43	404
43	692
43	760
43	803
43	851
43	854
43	879
43	920
43	941
43	971
43	972
44	57
44	61
44	66
44	71
44	77
44	89
44	186
44	201
44	279
44	284
44	285
44	402
44	490
44	549
44	564
44	649
44	678
44	702
44	790
44	791
44	898
44	910
44	914
45	63
45	65
45	73
45	76
45	85
45	113
45	162
45	164
45	190
45	230
45	521
45	560
45	589
45	883
45	891
45	902
46	54
46	71
46	74
46	75
46	84
46	94
46	126
46	172
46	249
46	301
46	327
46	385
46	433
46	443
46	483
46	573
46	583
46	720
46	735
46	803
46	824
46	840
46	851
46	853
46	860
47	47
47	62
47	65
47	96
47	176
47	181
47	209
47	265
47	361
47	421
47	470
47	603
47	643
47	689
47	814
47	836
47	850
47	949
48	59
48	68
48	74
48	79
48	83
48	89
48	97
48	184
48	196
48	455
48	538
48	560
48	585
48	876
48	899
48	935
48	971
49	70
49	84
49	86
49	94
49	349
49	481
49	504
49	526
49	544
49	567
49	575
49	591
49	690
49	712
49	728
49	807
49	914
49	958
50	53
50	71
50	80
50	172
50	226
50	364
50	406
50	530
50	538
50	549
50	557
50	798
50	833
50	859
50	967
51	69
51	96
51	98
51	167
51	239
51	405
51	478
51	629
51	655
51	777
51	796
52	73
52	225
52	309
52	369
52	403
52	492
52	541
52	543
52	615
52	695
52	744
52	779
52	797
52	954
53	68
53	74
53	93
53	228
53	277
53	278
53	280
53	340
53	452
53	527
53	534
53	562
53	569
53	581
53	808
53	867
53	923
54	56
54	69
54	84
54	97
54	172
54	187
54	315
54	318
54	414
54	456
54	515
54	541
54	802
54	936
54	938
54	958
55	61
55	65
55	86
55	99
55	171
55	188
55	293
55	294
55	299
55	332
55	361
55	366
55	442
55	510
55	720
55	737
55	752
55	764
55	801
55	824
55	904
55	960
55	978
56	61
56	65
56	77
56	127
56	187
56	240
56	344
56	372
56	386
56	397
56	500
56	540
56	694
56	709
56	724
56	762
57	95
57	98
57	157
57	330
57	545
57	581
57	624
57	668
57	690
57	699
57	740
57	743
57	868
57	883
58	80
58	99
58	222
58	376
58	403
58	435
58	436
58	608
58	640
58	782
58	787
58	804
58	816
58	911
58	927
58	947
58	978
59	134
59	147
59	198
59	358
59	444
59	456
59	512
59	622
59	624
59	825
59	828
60	66
60	71
60	98
60	101
60	251
60	255
60	410
60	588
60	689
60	716
60	786
60	884
60	913
60	933
61	67
61	73
61	83
61	99
61	152
61	329
61	397
61	446
61	523
61	543
61	602
61	733
61	778
61	803
61	958
61	960
62	81
62	99
62	113
62	125
62	296
62	367
62	381
62	425
62	528
62	551
62	574
62	576
62	611
62	685
62	711
62	814
62	957
63	71
63	245
63	249
63	288
63	334
63	348
63	353
63	494
63	500
63	615
63	727
63	803
63	871
63	885
63	960
64	118
64	126
64	225
64	270
64	329
64	353
64	424
64	435
64	565
64	645
64	747
64	789
64	813
64	835
64	904
64	978
65	199
65	200
65	251
65	384
65	398
65	440
65	463
65	490
65	491
65	501
65	559
65	565
65	665
65	737
65	756
65	781
65	850
65	862
65	876
65	897
65	927
65	967
66	151
66	200
66	234
66	279
66	360
66	364
66	468
66	568
66	725
66	726
66	744
66	810
66	850
66	855
66	981
66	996
67	79
67	136
67	217
67	333
67	403
67	418
67	479
67	502
67	512
67	525
67	544
67	557
67	602
67	661
67	863
67	864
67	955
67	967
68	70
68	209
68	256
68	267
68	282
68	312
68	381
68	466
68	511
68	555
68	597
68	637
68	650
68	666
68	728
68	742
68	790
68	798
68	841
68	886
68	901
68	927
68	945
69	88
69	167
69	201
69	217
69	375
69	390
69	463
69	523
69	578
69	599
69	608
69	609
69	665
69	672
69	719
69	912
69	918
69	988
70	72
70	76
70	77
70	82
70	107
70	278
70	282
70	430
70	441
70	517
70	531
70	665
70	761
70	881
71	74
71	86
71	97
71	209
71	283
71	352
71	383
71	431
71	621
71	686
71	726
71	846
71	861
71	871
71	906
71	987
72	80
72	124
72	136
72	212
72	251
72	253
72	272
72	370
72	442
72	578
72	591
72	739
72	830
73	77
73	209
73	228
73	289
73	298
73	414
73	489
73	566
73	586
73	595
73	667
73	685
73	687
73	713
73	753
73	773
73	871
74	86
74	136
74	309
74	314
74	373
74	376
74	538
74	718
74	831
74	843
74	846
74	878
74	897
74	918
74	926
75	93
75	97
75	126
75	169
75	250
75	361
75	402
75	575
75	702
75	811
75	832
75	861
75	904
75	937
76	236
76	238
76	313
76	446
76	607
76	613
76	737
76	774
76	802
76	882
76	883
76	886
77	173
77	204
77	241
77	282
77	340
77	374
77	419
77	502
77	854
77	877
78	85
78	109
78	283
78	392
78	395
78	410
78	478
78	557
78	747
78	865
78	868
78	910
79	106
79	229
79	278
79	358
79	397
79	417
79	472
79	474
79	574
79	583
79	885
80	104
80	141
80	210
80	268
80	374
80	419
80	421
80	654
80	833
80	950
81	102
81	201
81	230
81	244
81	355
81	397
81	442
81	557
81	642
81	677
81	880
81	901
81	960
82	114
82	183
82	247
82	313
82	379
82	450
82	605
82	621
82	680
82	734
82	756
82	795
82	817
82	847
83	91
83	104
83	242
83	258
83	279
83	322
83	344
83	368
83	413
83	434
83	668
83	743
83	764
83	801
83	995
84	121
84	262
84	303
84	467
84	481
84	509
84	548
84	559
84	578
84	650
84	674
84	727
84	794
84	851
84	877
84	885
84	976
84	992
85	119
85	188
85	201
85	237
85	319
85	324
85	356
85	478
85	496
85	595
85	597
85	805
85	806
85	897
85	946
85	967
86	149
86	155
86	171
86	173
86	181
86	362
86	377
86	407
86	468
86	530
86	631
86	688
86	699
86	728
86	900
86	949
87	117
87	160
87	230
87	323
87	454
87	534
87	692
87	700
87	713
87	722
87	814
87	976
87	997
88	94
88	199
88	289
88	423
88	484
88	598
88	610
88	694
88	862
88	868
89	177
89	274
89	284
89	389
89	446
89	462
89	486
89	554
89	846
89	863
89	883
89	888
90	99
90	146
90	198
90	276
90	294
90	325
90	338
90	566
90	581
90	589
90	594
90	798
90	826
90	838
90	845
90	854
90	857
90	880
90	981
90	985
91	96
91	97
91	147
91	160
91	193
91	202
91	273
91	346
91	379
91	504
91	582
91	608
91	616
91	667
91	725
91	767
91	796
91	886
91	918
92	166
92	188
92	219
92	276
92	390
92	395
92	490
92	585
92	687
92	720
92	729
92	882
92	904
93	120
93	122
93	131
93	171
93	214
93	355
93	371
93	405
93	408
93	499
93	527
93	562
93	569
93	587
93	938
93	950
93	973
93	986
94	136
94	201
94	202
94	218
94	267
94	315
94	329
94	337
94	447
94	589
94	625
94	675
94	795
94	830
94	903
94	913
95	98
95	131
95	134
95	243
95	263
95	288
95	306
95	331
95	407
95	465
95	498
95	597
95	635
95	715
95	736
95	806
96	184
96	203
96	282
96	292
96	312
96	419
96	483
96	623
96	636
96	648
96	728
96	861
97	304
97	322
97	391
97	477
97	536
97	570
97	590
97	872
97	917
97	970
98	102
98	133
98	191
98	244
98	253
98	419
98	444
98	517
98	615
98	617
98	676
98	714
98	722
98	911
98	999
99	104
99	242
99	272
99	598
99	625
99	709
99	799
99	806
99	817
99	822
99	863
99	873
100	107
100	128
100	129
100	133
100	165
100	185
100	189
100	220
100	390
100	411
100	421
100	542
100	579
100	582
100	595
100	683
100	733
100	746
100	948
100	949
100	958
101	102
101	108
101	125
101	134
101	139
101	150
101	156
101	169
101	170
101	188
101	190
101	194
101	241
101	346
101	420
101	481
101	507
101	596
101	636
101	654
101	708
101	860
101	986
102	133
102	135
102	142
102	165
102	192
102	193
102	281
102	293
102	355
102	406
102	424
102	441
102	497
102	529
102	573
102	726
102	747
102	770
102	787
103	105
103	156
103	346
103	398
103	431
103	434
103	538
103	618
103	623
103	704
103	707
103	722
104	137
104	149
104	150
104	179
104	311
104	372
104	376
104	557
104	590
104	628
104	689
104	696
104	718
104	771
104	785
104	863
104	954
105	110
105	129
105	153
105	192
105	222
105	251
105	363
105	443
105	473
105	531
105	572
105	606
105	659
105	692
105	763
105	946
105	989
106	109
106	125
106	126
106	173
106	228
106	247
106	264
106	328
106	359
106	371
106	444
106	450
106	468
106	589
106	596
106	615
106	673
106	705
106	734
106	769
106	822
106	837
106	866
106	951
107	123
107	138
107	139
107	187
107	206
107	303
107	343
107	354
107	423
107	645
107	651
107	688
107	767
107	801
107	824
107	831
107	839
107	861
107	878
108	116
108	129
108	151
108	163
108	173
108	191
108	274
108	318
108	400
108	433
108	441
108	551
108	726
108	752
108	967
109	134
109	135
109	156
109	160
109	199
109	318
109	555
109	567
109	614
109	743
109	751
109	869
110	139
110	141
110	176
110	226
110	315
110	465
110	522
110	699
110	733
110	967
111	167
111	172
111	174
111	182
111	220
111	223
111	310
111	314
111	403
111	658
111	672
112	177
112	200
112	240
112	294
112	420
112	460
112	563
112	677
112	714
112	731
112	739
112	741
112	818
112	837
112	859
112	861
112	966
113	121
113	145
113	159
113	178
113	233
113	248
113	322
113	368
113	598
113	645
113	765
113	774
114	115
114	118
114	130
114	145
114	185
114	188
114	327
114	345
114	376
114	507
114	766
114	863
114	886
114	901
114	917
114	934
115	117
115	120
115	157
115	161
115	184
115	190
115	319
115	335
115	374
115	572
115	648
116	172
116	219
116	222
116	236
116	307
116	322
116	327
116	348
116	465
116	596
116	683
116	695
116	725
116	802
116	851
117	120
117	127
117	169
117	193
117	194
117	297
117	299
117	334
117	347
117	355
117	417
117	486
117	641
117	658
117	703
117	789
117	888
117	902
117	998
118	123
118	152
118	164
118	198
118	212
118	235
118	247
118	265
118	286
118	315
118	318
118	467
118	523
118	600
118	605
118	610
118	637
118	859
118	860
118	941
119	125
119	151
119	158
119	164
119	197
119	232
119	251
119	435
119	488
119	498
119	508
119	594
119	729
119	871
119	876
119	896
119	951
119	955
119	963
120	128
120	143
120	163
120	164
120	221
120	222
120	507
120	565
120	671
120	685
120	841
120	846
120	902
120	935
120	964
120	994
121	125
121	129
121	134
121	151
121	184
121	465
121	506
121	520
121	882
121	907
121	970
122	124
122	130
122	176
122	181
122	195
122	279
122	390
122	407
122	487
122	539
122	662
122	678
122	755
122	824
122	880
122	938
123	169
123	178
123	188
123	212
123	426
123	427
123	538
123	553
123	568
123	577
123	643
123	650
123	672
123	690
123	705
123	768
123	781
123	849
123	944
123	948
123	956
123	997
124	137
124	143
124	154
124	179
124	276
124	326
124	366
124	393
124	409
124	542
124	645
124	649
124	743
124	810
124	949
124	997
125	140
125	161
125	165
125	171
125	173
125	182
125	187
125	227
125	348
125	427
125	439
125	455
125	663
125	751
125	805
125	821
125	917
126	131
126	132
126	149
126	185
126	187
126	199
126	251
126	500
126	564
126	589
126	754
126	763
126	770
126	773
126	778
126	874
126	927
126	971
127	128
127	148
127	158
127	162
127	173
127	176
127	179
127	185
127	224
127	257
127	400
127	438
127	528
127	530
127	543
127	558
127	580
127	605
127	637
127	676
127	726
127	735
127	736
127	834
127	915
127	922
127	969
128	128
128	155
128	157
128	173
128	192
128	196
128	214
128	215
128	308
128	477
128	530
128	598
128	637
128	745
128	767
128	859
129	135
129	137
129	145
129	152
129	166
129	183
129	188
129	197
129	211
129	326
129	333
129	419
129	633
129	729
129	731
129	807
129	811
129	847
129	932
130	145
130	166
130	258
130	293
130	336
130	411
130	433
130	622
130	688
130	711
130	738
130	786
130	820
130	821
131	151
131	159
131	176
131	179
131	180
131	273
131	285
131	431
131	439
131	542
131	546
131	648
131	817
131	867
131	904
131	962
131	972
132	178
132	182
132	185
132	189
132	223
132	257
132	284
132	323
132	358
132	364
132	374
132	451
132	452
132	565
132	596
132	695
132	743
132	753
132	911
132	930
132	950
133	139
133	144
133	156
133	188
133	288
133	387
133	463
133	489
133	528
133	541
133	568
133	614
133	686
133	737
133	743
133	782
133	859
133	867
133	874
133	922
133	935
134	178
134	183
134	193
134	198
134	199
134	263
134	374
134	388
134	643
134	710
134	719
134	721
134	784
134	794
134	819
134	841
134	919
135	142
135	160
135	161
135	165
135	188
135	190
135	205
135	339
135	540
135	614
135	625
135	680
135	784
135	835
135	847
135	988
136	149
136	161
136	191
136	232
136	284
136	348
136	438
136	453
136	555
136	712
136	730
136	736
136	990
137	148
137	188
137	189
137	190
137	195
137	203
137	228
137	355
137	422
137	440
137	455
137	554
137	572
137	694
137	749
137	830
137	881
137	908
137	951
137	984
138	142
138	160
138	181
138	187
138	209
138	367
138	380
138	485
138	596
138	856
139	152
139	167
139	184
139	194
139	200
139	209
139	251
139	260
139	440
139	500
139	520
139	530
139	542
139	820
139	873
139	890
139	929
139	955
140	192
140	235
140	240
140	247
140	289
140	307
140	338
140	403
140	426
140	523
140	595
140	752
140	894
140	951
140	985
141	144
141	148
141	151
141	156
141	159
141	243
141	267
141	318
141	338
141	492
141	502
141	634
141	731
141	733
141	747
141	777
142	144
142	173
142	178
142	229
142	269
142	373
142	401
142	482
142	493
142	514
142	538
142	573
142	632
142	742
142	771
142	921
143	150
143	177
143	178
143	180
143	194
143	199
143	202
143	236
143	247
143	338
143	350
143	426
143	454
143	464
143	499
143	592
143	660
143	744
143	747
143	794
143	865
143	902
143	916
143	966
143	977
144	157
144	167
144	186
144	199
144	202
144	267
144	279
144	473
144	571
144	650
144	668
144	688
144	695
144	704
144	733
144	904
144	927
144	982
145	160
145	176
145	179
145	183
145	203
145	358
145	394
145	429
145	492
145	566
145	653
145	662
145	694
145	745
145	756
145	896
145	910
145	975
146	153
146	165
146	187
146	276
146	308
146	354
146	436
146	442
146	472
146	561
146	621
146	655
146	685
146	748
146	779
146	904
146	942
146	966
146	969
146	992
147	162
147	183
147	190
147	240
147	348
147	367
147	424
147	469
147	721
147	764
147	800
147	857
147	874
147	968
148	185
148	199
148	270
148	381
148	411
148	446
148	487
148	529
148	835
149	166
149	177
149	191
149	197
149	657
149	695
149	719
149	726
149	733
149	893
149	938
150	161
150	241
150	338
150	415
150	478
150	843
150	898
150	908
150	920
150	927
150	995
151	175
151	192
151	313
151	383
151	405
151	432
151	455
151	488
151	489
151	698
151	715
151	784
151	786
151	838
151	861
151	869
151	926
151	963
151	980
152	156
152	192
152	196
152	273
152	362
152	374
152	467
152	653
152	672
152	708
152	788
152	928
153	194
153	197
153	307
153	425
153	486
153	551
153	554
153	555
153	688
153	700
153	709
153	711
153	755
153	834
153	959
154	180
154	188
154	217
154	376
154	507
154	705
154	891
154	917
155	155
155	170
155	171
155	185
155	207
155	300
155	476
155	524
155	591
155	671
155	739
155	823
155	846
155	922
155	980
155	983
155	997
156	162
156	190
156	212
156	273
156	299
156	305
156	319
156	330
156	386
156	392
156	546
156	575
156	605
156	698
156	763
156	821
156	859
156	941
156	957
156	966
157	178
157	180
157	187
157	189
157	336
157	557
157	611
157	700
157	892
157	893
158	288
158	337
158	390
158	624
158	626
158	664
158	714
158	728
158	771
159	164
159	168
159	171
159	182
159	185
159	197
159	331
159	351
159	469
159	574
159	587
159	612
159	625
159	666
159	715
159	744
159	790
159	804
159	811
159	893
160	168
160	188
160	238
160	250
160	310
160	436
160	505
160	540
160	565
160	670
160	771
160	795
160	830
160	836
160	951
161	248
161	254
161	331
161	363
161	401
161	454
161	477
161	570
161	657
161	694
161	735
161	773
161	799
161	824
161	919
161	933
161	940
161	947
161	997
162	171
162	311
162	421
162	641
162	693
162	920
162	921
162	948
162	984
163	177
163	189
163	209
163	219
163	281
163	347
163	387
163	423
163	441
163	446
163	581
163	636
163	677
163	699
163	732
163	735
163	767
163	775
163	866
163	972
164	166
164	168
164	183
164	184
164	192
164	200
164	252
164	274
164	324
164	372
164	378
164	412
164	498
164	572
164	607
164	647
164	662
164	690
164	830
165	192
165	243
165	247
165	305
165	342
165	362
165	381
165	466
165	467
165	502
165	582
165	616
165	685
165	719
165	727
165	933
165	934
166	189
166	246
166	325
166	335
166	339
166	340
166	399
166	473
166	514
166	553
166	728
166	911
166	929
166	950
167	186
167	193
167	215
167	234
167	491
167	651
167	805
167	810
167	977
168	195
168	216
168	337
168	345
168	352
168	599
168	611
168	688
168	760
169	171
169	188
169	193
169	199
169	251
169	290
169	343
169	367
169	461
169	575
169	593
169	679
169	744
169	894
170	182
170	183
170	188
170	191
170	200
170	285
170	425
170	470
170	534
170	565
170	602
170	654
170	797
170	825
170	894
170	976
170	992
171	180
171	184
171	367
171	394
171	429
171	465
171	497
171	509
171	515
171	549
171	586
171	630
171	648
171	719
171	747
171	763
171	768
171	825
171	842
171	845
171	847
171	890
171	950
172	174
172	183
172	199
172	207
172	284
172	328
172	379
172	510
172	533
172	575
172	609
172	617
172	689
172	710
172	711
172	739
172	756
172	769
172	806
173	184
173	301
173	371
173	391
173	408
173	422
173	518
173	560
173	613
173	641
173	659
173	742
173	772
173	855
173	890
173	907
174	196
174	202
174	206
174	208
174	267
174	345
174	368
174	559
174	600
174	691
174	742
174	825
174	831
174	894
174	922
174	953
174	969
175	191
175	216
175	406
175	442
175	457
175	458
175	679
175	754
175	757
175	766
175	869
176	254
176	317
176	431
176	445
176	446
176	514
176	545
176	593
176	725
176	748
176	750
176	823
176	926
177	204
177	285
177	335
177	562
177	592
177	614
177	705
177	781
177	903
178	188
178	229
178	293
178	431
178	479
178	482
178	549
178	577
178	626
178	635
178	641
178	656
178	705
178	843
178	866
179	284
179	334
179	410
179	423
179	575
179	601
179	702
179	708
179	789
179	866
179	929
179	999
180	191
180	209
180	246
180	312
180	355
180	369
180	490
180	542
180	565
180	704
180	727
180	818
180	870
180	922
181	183
181	316
181	398
181	399
181	446
181	448
181	488
181	496
181	621
181	729
181	796
181	939
182	194
182	261
182	348
182	375
182	380
182	382
182	434
182	459
182	471
182	516
182	603
182	662
182	715
182	761
182	786
182	792
182	865
182	880
182	935
182	939
183	378
183	433
183	468
183	470
183	471
183	669
183	684
183	707
183	733
183	796
183	902
183	937
184	195
184	264
184	318
184	351
184	494
184	568
184	645
184	670
184	712
184	838
184	850
184	881
184	907
185	268
185	311
185	325
185	340
185	371
185	399
185	456
185	488
185	540
185	572
185	615
185	848
185	867
185	990
186	275
186	332
186	406
186	453
186	478
186	492
186	508
186	548
186	737
186	807
186	810
186	844
186	865
186	877
187	394
187	436
187	592
187	665
187	675
187	727
187	776
187	821
187	838
187	878
187	895
187	951
187	974
188	294
188	352
188	473
188	474
188	511
188	532
188	585
188	593
188	676
188	698
188	715
188	751
188	774
189	282
189	285
189	351
189	369
189	377
189	393
189	470
189	580
189	608
189	674
189	684
189	716
189	757
190	215
190	216
190	293
190	418
190	491
190	549
190	561
190	567
190	582
190	611
190	683
190	780
190	787
190	842
190	925
190	950
190	961
190	965
191	198
191	268
191	272
191	377
191	444
191	479
191	622
191	840
191	876
191	917
191	983
192	270
192	313
192	346
192	430
192	458
192	492
192	602
192	625
192	760
192	788
192	874
192	898
192	999
193	282
193	404
193	437
193	441
193	474
193	478
193	679
193	708
193	722
193	847
193	896
193	951
194	284
194	379
194	444
194	485
194	629
194	648
194	711
194	738
194	761
194	797
194	875
194	902
195	199
195	215
195	222
195	334
195	519
195	647
195	660
195	738
195	758
195	788
195	832
195	852
195	858
195	958
195	964
196	212
196	255
196	291
196	293
196	352
196	357
196	631
196	725
196	763
196	864
196	883
196	907
196	934
197	219
197	264
197	301
197	343
197	353
197	402
197	453
197	671
197	673
197	880
197	886
197	893
198	198
198	206
198	213
198	284
198	285
198	303
198	475
198	483
198	498
198	593
198	632
198	634
198	641
198	644
198	696
198	701
198	786
198	842
198	843
198	926
198	966
198	967
199	220
199	316
199	403
199	594
199	598
199	616
199	650
199	678
199	686
199	731
199	750
199	935
199	938
199	966
200	227
200	233
200	333
200	515
200	574
200	579
200	624
200	643
200	668
200	759
200	792
200	815
200	861
200	906
201	204
201	210
201	213
201	289
201	327
201	348
201	619
201	662
201	702
201	816
201	848
201	964
201	985
202	267
202	273
202	291
202	335
202	436
202	439
202	483
202	517
202	608
202	649
202	753
202	786
202	826
202	885
202	905
202	958
202	995
203	209
203	217
203	227
203	229
203	238
203	291
203	410
203	503
203	532
203	569
203	604
203	663
203	692
203	720
203	755
203	823
203	936
204	215
204	296
204	352
204	393
204	463
204	471
204	654
204	702
204	892
204	916
205	214
205	216
205	233
205	238
205	252
205	271
205	288
205	309
205	387
205	464
205	535
205	617
205	658
205	671
205	752
205	759
205	822
205	954
206	221
206	312
206	399
206	500
206	532
206	598
206	644
206	669
206	780
206	803
206	816
206	923
206	929
207	304
207	314
207	557
207	707
207	785
207	954
207	964
208	241
208	306
208	351
208	429
208	484
208	605
208	742
208	747
208	757
208	777
208	817
208	939
209	214
209	225
209	231
209	235
209	249
209	278
209	282
209	384
209	432
209	453
209	551
209	616
209	634
209	648
209	668
210	264
210	278
210	336
210	374
210	387
210	406
210	488
210	572
210	596
210	660
210	886
210	904
211	225
211	234
211	241
211	246
211	258
211	271
211	456
211	522
211	553
211	592
211	854
211	909
212	213
212	216
212	265
212	275
212	285
212	354
212	380
212	412
212	484
212	577
212	746
212	836
213	251
213	310
213	346
213	359
213	399
213	436
213	598
213	631
213	664
213	815
214	219
214	286
214	301
214	390
214	417
214	461
214	505
214	659
214	762
214	888
214	895
215	234
215	237
215	248
215	279
215	326
215	449
215	483
215	497
215	505
215	531
215	575
215	725
215	738
215	847
215	857
215	884
215	953
215	973
215	978
216	220
216	260
216	264
216	269
216	347
216	351
216	413
216	421
216	449
216	507
216	515
216	651
216	827
216	833
216	874
216	920
217	232
217	244
217	254
217	270
217	282
217	297
217	302
217	329
217	460
217	552
217	653
217	882
217	898
217	930
217	938
217	944
217	952
217	979
217	996
218	242
218	254
218	267
218	322
218	342
218	391
218	472
218	504
218	536
218	559
218	616
218	712
218	737
218	778
219	220
219	250
219	267
219	271
219	275
219	524
219	651
219	666
219	669
219	685
219	707
219	735
219	748
219	873
219	967
220	310
220	360
220	364
220	428
220	504
220	654
220	666
220	783
221	232
221	281
221	310
221	408
221	433
221	618
221	765
221	816
221	841
221	845
222	225
222	244
222	276
222	290
222	339
222	476
222	482
222	572
222	645
222	741
222	788
222	811
222	875
222	902
222	978
223	224
223	232
223	275
223	284
223	288
223	387
223	544
223	668
223	721
223	797
223	971
223	990
224	246
224	268
224	275
224	294
224	394
224	661
224	773
224	777
224	968
224	982
224	998
225	253
225	277
225	282
225	510
225	514
225	517
225	522
225	594
225	622
225	644
225	803
226	228
226	230
226	593
226	625
226	639
226	870
226	912
226	965
226	998
227	229
227	243
227	259
227	263
227	272
227	277
227	280
227	396
227	587
227	708
227	721
227	801
227	907
227	948
227	949
227	965
228	243
228	253
228	275
228	280
228	281
228	296
228	298
228	511
228	618
228	672
228	688
228	736
228	753
228	778
228	889
228	895
228	977
229	235
229	280
229	333
229	343
229	366
229	427
229	570
229	609
229	747
229	748
229	904
229	974
229	977
230	245
230	249
230	256
230	262
230	269
230	278
230	291
230	310
230	347
230	382
230	399
230	409
230	439
230	461
230	523
230	614
230	625
230	642
230	649
230	681
230	761
230	798
230	799
230	854
230	878
230	917
230	928
230	960
230	969
231	233
231	275
231	293
231	299
231	314
231	392
231	428
231	436
231	473
231	474
231	513
231	800
231	846
231	865
231	882
231	915
231	944
231	974
231	990
232	242
232	255
232	307
232	387
232	440
232	579
232	671
232	693
232	731
232	751
232	759
232	817
233	251
233	271
233	291
233	299
233	332
233	454
233	485
233	785
233	806
233	816
233	829
233	858
234	254
234	264
234	274
234	474
234	501
234	507
234	550
234	821
234	874
234	904
234	909
235	237
235	250
235	281
235	285
235	291
235	295
235	326
235	454
235	486
235	495
235	530
235	554
235	705
235	764
235	783
235	885
235	963
236	239
236	240
236	261
236	421
236	426
236	504
236	562
236	571
236	596
236	731
236	747
236	804
236	810
236	812
236	832
236	864
236	947
237	328
237	443
237	495
237	500
237	501
237	509
237	658
237	673
237	690
237	705
237	722
237	870
237	895
237	948
237	985
238	241
238	251
238	260
238	269
238	275
238	294
238	305
238	326
238	411
238	551
238	596
238	675
238	692
238	740
238	742
238	824
238	840
239	253
239	288
239	290
239	293
239	298
239	377
239	394
239	503
239	532
239	733
239	736
239	748
239	947
239	952
240	249
240	260
240	270
240	287
240	294
240	377
240	392
240	513
240	623
240	717
240	744
240	745
240	782
240	828
240	832
240	924
241	257
241	269
241	277
241	281
241	291
241	292
241	353
241	359
241	510
241	545
241	602
241	615
241	616
241	896
241	907
241	914
241	922
241	996
242	248
242	302
242	329
242	420
242	464
242	516
242	525
242	541
242	584
242	674
242	714
242	981
243	252
243	322
243	336
243	519
243	559
243	578
243	626
243	629
243	763
243	776
243	940
243	958
243	960
244	261
244	292
244	309
244	374
244	443
244	626
244	739
244	743
244	768
244	773
244	789
244	836
244	918
244	938
244	971
245	310
245	333
245	352
245	386
245	402
245	435
245	513
245	730
245	800
245	900
245	959
245	994
246	250
246	276
246	291
246	447
246	527
246	529
246	565
246	580
246	605
246	706
246	761
246	801
246	863
246	920
247	261
247	287
247	309
247	413
247	542
247	561
247	763
247	798
247	807
247	909
247	941
247	942
248	267
248	281
248	282
248	297
248	385
248	454
248	498
248	532
248	732
248	739
248	771
248	789
248	831
248	873
248	978
249	287
249	300
249	344
249	599
249	631
250	261
250	400
250	664
250	704
250	991
251	268
251	297
251	342
251	407
251	514
251	547
251	569
251	621
251	626
251	709
251	762
251	773
251	802
251	811
251	852
251	865
251	974
251	998
252	264
252	279
252	294
252	501
252	506
252	557
252	655
252	683
252	696
252	742
252	780
252	813
252	829
252	916
253	258
253	288
253	290
253	328
253	418
253	441
253	474
253	555
253	557
253	564
253	597
253	651
253	693
253	751
253	769
253	818
253	951
254	276
254	286
254	289
254	332
254	390
254	429
254	440
254	448
254	467
254	729
254	882
255	269
255	276
255	280
255	313
255	378
255	433
255	499
255	557
255	579
255	639
255	642
255	651
255	688
255	696
255	723
255	825
255	851
255	888
255	932
255	999
256	298
256	345
256	356
256	369
256	518
256	596
256	657
256	689
257	278
257	286
257	293
257	386
257	475
257	523
257	580
257	694
257	850
257	872
257	932
257	943
257	973
257	983
258	259
258	274
258	277
258	278
258	282
258	293
258	448
258	452
258	467
258	514
258	551
258	569
258	640
258	661
258	676
258	707
258	731
258	745
258	750
258	755
258	812
258	894
258	960
259	272
259	378
259	418
259	451
259	562
259	581
259	596
259	623
259	625
259	682
259	704
259	753
259	776
259	821
259	850
259	855
259	905
259	967
260	283
260	298
260	324
260	356
260	426
260	598
260	624
260	765
260	873
261	272
261	281
261	361
261	386
261	534
261	586
261	607
261	635
261	886
262	309
262	377
262	382
262	391
262	451
262	455
262	504
262	515
262	563
262	602
262	695
262	709
262	772
262	815
262	846
262	864
262	893
262	922
263	280
263	306
263	367
263	475
263	568
263	592
263	611
263	618
263	828
263	835
263	848
263	875
263	887
263	959
264	283
264	289
264	362
264	425
264	446
264	485
264	579
264	625
264	629
264	758
264	771
264	803
264	907
264	908
264	950
264	984
265	285
265	299
265	426
265	452
265	499
265	557
265	560
265	685
265	722
265	818
265	839
265	905
265	910
265	919
265	978
266	279
266	354
266	411
266	544
266	757
266	785
266	856
266	862
266	965
266	984
267	440
267	451
267	509
267	622
267	664
267	698
267	708
267	738
267	740
267	854
267	958
267	981
268	287
268	458
268	499
268	510
268	565
268	601
268	667
268	791
268	838
268	882
268	918
268	919
268	920
269	281
269	284
269	343
269	369
269	409
269	433
269	526
269	579
269	585
269	758
269	862
269	884
270	276
270	291
270	298
270	380
270	651
270	718
270	763
270	801
270	821
270	912
270	962
270	974
271	275
271	328
271	330
271	339
271	426
271	492
271	540
271	680
271	704
271	931
271	973
271	979
272	282
272	297
272	316
272	474
272	530
272	561
272	563
272	581
272	641
272	736
272	843
272	856
272	976
273	287
273	344
273	362
273	455
273	580
273	630
273	741
273	793
273	907
273	976
274	284
274	299
274	310
274	346
274	349
274	389
274	391
274	450
274	656
274	781
274	786
274	845
274	884
274	888
274	903
274	976
274	996
275	276
275	278
275	282
275	332
275	442
275	481
275	500
275	592
275	612
275	635
275	654
275	700
275	726
275	756
275	929
275	958
275	966
276	300
276	361
276	659
276	733
276	734
276	777
276	826
276	851
276	871
276	981
277	395
277	447
277	527
277	555
277	575
277	644
277	739
277	817
277	927
277	941
278	291
278	299
278	414
278	444
278	447
278	580
278	688
278	813
278	844
278	919
278	946
278	976
279	285
279	354
279	370
279	406
279	496
279	510
279	534
279	573
279	765
279	796
279	888
280	387
280	471
280	504
280	553
280	710
280	711
280	738
280	761
280	823
280	858
280	901
280	913
280	919
281	423
281	446
281	486
281	493
281	504
281	582
281	727
281	884
282	317
282	328
282	340
282	347
282	370
282	382
282	473
282	489
282	556
282	585
282	611
282	676
282	690
282	804
282	835
282	843
282	874
282	987
283	285
283	312
283	348
283	365
283	586
283	723
283	743
283	747
283	754
283	828
283	850
283	872
284	335
284	420
284	433
284	454
284	470
284	494
284	528
284	552
284	596
284	627
284	843
284	871
284	956
285	286
285	332
285	362
285	394
285	489
285	563
285	578
285	620
285	660
285	670
285	695
285	725
285	785
285	832
285	869
285	890
285	897
285	904
285	924
285	959
286	294
286	298
286	301
286	350
286	593
286	650
286	686
286	733
286	741
286	818
286	829
286	848
286	854
286	878
286	938
287	516
287	583
287	605
287	634
287	762
287	794
287	819
287	979
288	486
288	526
288	570
288	750
288	761
288	795
288	817
288	956
288	957
288	978
289	293
289	337
289	494
289	596
289	658
289	893
289	949
290	301
290	470
290	694
290	894
290	910
290	921
290	997
291	344
291	382
291	385
291	394
291	586
291	655
291	773
291	908
291	930
292	293
292	340
292	484
292	528
292	620
292	727
292	816
292	840
293	387
293	394
293	491
293	591
293	618
293	836
293	843
293	945
293	992
294	301
294	358
294	502
294	711
294	713
294	764
294	766
294	782
294	797
295	317
295	326
295	386
295	387
295	404
295	408
295	468
295	598
295	610
295	632
295	647
295	650
295	654
295	700
295	894
295	933
296	297
296	347
296	538
296	639
296	654
296	668
296	788
296	794
296	850
296	938
296	974
296	978
297	356
297	400
297	412
297	498
297	504
297	570
297	638
297	672
297	707
298	298
298	306
298	408
298	585
298	666
298	752
298	818
299	504
299	586
299	588
299	613
299	722
299	751
299	780
299	785
299	788
299	838
299	858
299	884
299	922
299	932
299	939
299	989
299	994
300	335
300	349
300	382
300	397
300	434
300	485
300	491
300	562
300	565
300	626
300	654
300	714
300	740
300	767
300	782
300	839
301	317
301	398
301	406
301	466
301	589
301	714
301	739
301	788
301	818
301	832
301	943
302	318
302	332
302	343
302	365
302	385
302	399
302	453
302	504
302	564
302	569
302	630
302	669
302	803
302	822
302	864
302	866
302	954
302	975
302	998
303	318
303	338
303	353
303	358
303	454
303	475
303	591
303	695
303	716
303	977
304	307
304	340
304	345
304	358
304	361
304	369
304	475
304	498
304	509
304	551
304	610
304	633
304	704
304	729
304	801
305	320
305	332
305	344
305	347
305	348
305	406
305	532
305	659
305	662
305	673
305	766
305	940
306	344
306	377
306	438
306	480
306	532
306	555
306	648
306	676
306	683
306	786
307	338
307	360
307	376
307	384
307	529
307	607
307	652
307	660
307	680
307	734
307	750
307	765
307	772
307	795
307	808
307	829
308	363
308	386
308	390
308	393
308	397
308	453
308	509
308	577
308	643
308	766
308	773
308	783
308	828
308	838
308	937
309	312
309	343
309	360
309	370
309	380
309	383
309	389
309	400
309	411
309	421
309	422
309	437
309	481
309	505
309	514
309	523
309	553
309	591
309	657
309	713
309	930
309	967
310	314
310	333
310	339
310	347
310	373
310	386
310	398
310	475
310	495
310	559
310	571
310	605
310	673
310	714
310	809
310	830
310	838
310	894
310	915
311	358
311	385
311	395
311	416
311	428
311	602
311	851
311	888
311	907
311	927
311	947
312	330
312	337
312	340
312	354
312	369
312	413
312	534
312	663
312	723
312	772
312	816
312	877
312	897
313	358
313	384
313	390
313	431
313	450
313	454
313	487
313	492
313	514
313	529
313	613
313	627
313	630
313	661
313	687
313	696
313	840
314	323
314	349
314	350
314	354
314	373
314	428
314	446
314	465
314	579
314	591
314	594
314	615
314	638
314	639
314	679
314	693
314	699
314	776
314	793
314	827
314	876
314	891
315	320
315	391
315	409
315	796
316	321
316	371
316	376
316	398
316	467
316	471
316	498
316	509
316	615
316	659
316	663
316	664
316	736
316	863
316	868
316	952
316	962
317	317
317	321
317	337
317	356
317	362
317	375
317	377
317	382
317	480
317	519
317	607
317	647
317	700
318	329
318	331
318	338
318	370
318	371
318	481
318	539
318	637
318	731
318	761
318	859
319	327
319	336
319	355
319	364
319	461
319	604
319	822
319	828
319	835
319	894
319	911
319	984
320	324
320	338
320	349
320	417
320	423
320	486
320	562
320	590
320	793
320	844
320	915
320	985
321	357
321	377
321	475
321	486
321	541
321	651
321	741
321	867
321	908
322	386
322	397
322	418
322	442
322	629
322	667
322	674
322	694
322	716
322	834
322	893
322	999
323	328
323	332
323	338
323	345
323	384
323	589
323	620
323	840
323	851
323	872
323	971
324	325
324	330
324	339
324	344
324	350
324	386
324	408
324	563
324	709
324	732
324	820
324	903
324	966
325	338
325	344
325	351
325	374
325	392
325	394
325	416
325	455
325	459
325	463
325	557
325	580
325	670
325	784
325	851
326	352
326	365
326	388
326	395
326	680
326	712
326	971
327	347
327	349
327	351
327	352
327	365
327	375
327	395
327	397
327	401
327	438
327	465
327	523
327	672
327	681
327	742
327	752
327	816
327	964
328	344
328	346
328	348
328	349
328	354
328	387
328	425
328	625
328	652
328	766
328	812
328	879
329	334
329	349
329	355
329	362
329	387
329	388
329	443
329	577
329	625
329	708
329	770
329	807
329	983
330	343
330	365
330	370
330	377
330	385
330	427
330	549
330	747
330	867
330	879
330	906
331	335
331	382
331	387
331	390
331	446
331	585
331	773
331	782
331	860
331	871
332	345
332	362
332	384
332	411
332	414
332	418
332	626
332	632
332	818
332	838
332	933
332	939
333	341
333	350
333	364
333	365
333	396
333	447
333	454
333	460
333	495
333	532
333	554
333	669
333	697
333	746
333	766
333	862
334	369
334	411
334	566
334	684
334	735
334	749
334	792
334	862
334	890
335	347
335	392
335	395
335	451
335	465
335	499
335	542
335	594
335	647
335	673
335	698
335	714
335	724
335	911
336	338
336	339
336	347
336	350
336	364
336	367
336	380
336	384
336	386
336	419
336	426
336	427
336	450
336	557
336	624
336	684
336	987
337	383
337	386
337	389
337	391
337	454
337	523
337	575
337	672
337	739
337	815
337	868
337	921
337	967
338	384
338	398
338	457
338	489
338	529
338	534
338	561
338	587
338	619
338	636
338	810
338	888
338	909
339	385
339	401
339	493
339	499
339	572
339	619
339	687
339	718
339	748
339	778
339	789
339	837
339	871
339	908
339	976
340	377
340	384
340	417
340	485
340	497
340	528
340	702
340	791
340	886
340	937
341	343
341	376
341	381
341	445
341	446
341	466
341	494
341	524
341	555
341	562
341	582
341	617
341	636
341	688
341	887
341	893
341	962
341	964
342	345
342	364
342	372
342	580
342	602
342	744
342	812
342	858
342	926
342	932
342	982
343	358
343	364
343	499
343	715
343	723
343	730
343	794
343	811
343	844
343	855
343	861
343	863
343	870
344	350
344	356
344	382
344	385
344	425
344	487
344	525
344	536
344	597
344	689
344	761
344	784
344	818
344	922
344	985
344	986
345	347
345	375
345	379
345	441
345	460
345	536
345	546
345	571
345	611
345	638
345	763
345	813
345	828
345	874
345	891
345	920
345	953
346	375
346	379
346	382
346	473
346	480
346	580
346	679
346	689
346	753
346	839
347	367
347	374
347	375
347	383
347	403
347	404
347	410
347	428
347	435
347	624
347	708
347	743
347	770
347	775
347	786
347	948
348	362
348	376
348	383
348	390
348	514
348	562
348	593
348	597
348	684
348	698
348	711
348	743
348	792
348	857
348	890
348	925
349	355
349	360
349	379
349	380
349	385
349	468
349	564
349	629
349	677
349	777
349	788
349	919
350	358
350	390
350	486
350	488
350	503
350	548
350	568
350	633
350	654
350	748
350	856
350	873
350	881
350	899
350	971
351	353
351	356
351	380
351	432
351	436
351	476
351	647
351	694
351	713
351	785
351	966
352	361
352	369
352	384
352	470
352	485
352	597
352	625
352	640
352	723
352	810
352	861
352	924
353	362
353	363
353	366
353	401
353	406
353	419
353	423
353	427
353	454
353	472
353	477
353	481
353	509
353	614
353	820
353	904
353	917
354	368
354	426
354	440
354	472
354	475
354	483
354	499
354	558
354	844
354	903
354	953
354	975
355	355
355	359
355	366
355	379
355	382
355	393
355	524
355	589
355	657
355	702
355	731
355	757
355	933
355	937
355	971
356	391
356	398
356	402
356	427
356	431
356	434
356	438
356	483
356	516
356	605
356	648
356	707
356	739
356	743
356	817
356	926
356	928
356	965
357	442
357	450
357	455
357	474
357	513
357	549
357	555
357	673
357	735
357	817
357	884
357	895
358	367
358	371
358	382
358	391
358	430
358	441
358	453
358	469
358	527
358	566
358	606
358	658
358	660
358	662
358	872
358	982
358	996
358	999
359	371
359	382
359	435
359	526
359	551
359	764
359	839
359	872
359	928
359	940
359	942
359	944
359	985
359	997
360	368
360	373
360	394
360	457
360	487
360	488
360	588
360	623
360	655
360	662
360	726
360	809
360	818
360	886
360	905
360	928
361	377
361	385
361	387
361	391
361	417
361	490
361	572
361	588
361	615
361	735
361	820
361	947
362	374
362	418
362	635
362	649
362	652
362	704
362	736
362	742
362	746
362	794
362	928
362	945
363	392
363	437
363	466
363	474
363	663
363	698
363	804
363	876
363	896
363	992
364	398
364	439
364	457
364	640
364	844
364	852
364	892
364	979
365	464
365	471
365	487
365	632
365	773
365	803
365	840
365	893
365	948
366	410
366	427
366	470
366	514
366	541
366	551
366	556
366	584
366	601
366	626
366	725
366	911
366	968
367	379
367	385
367	464
367	521
367	666
367	802
367	946
367	987
368	507
368	519
368	597
368	725
368	800
368	895
368	902
368	950
369	389
369	424
369	427
369	512
369	783
369	836
369	861
369	969
370	378
370	392
370	455
370	512
370	557
370	560
370	565
370	686
370	782
370	790
370	887
370	929
370	997
370	998
371	377
371	392
371	409
371	430
371	453
371	458
371	568
371	643
371	655
371	776
371	794
371	810
371	839
371	861
371	955
372	421
372	527
372	528
372	556
372	581
372	638
372	689
372	866
372	870
372	975
373	382
373	551
373	564
373	582
373	640
373	672
373	676
373	696
373	769
373	961
373	963
373	976
374	381
374	438
374	499
374	563
374	621
374	634
374	719
374	735
374	769
374	785
374	837
374	847
374	969
375	387
375	531
375	771
375	822
375	837
375	891
375	910
375	961
375	982
376	486
376	513
376	572
376	584
376	662
376	749
376	801
376	802
376	806
376	933
376	953
376	980
376	992
377	497
377	638
377	677
377	699
377	744
377	784
377	816
377	841
377	904
378	382
378	386
378	389
378	423
378	504
378	527
378	689
378	752
378	886
378	908
378	929
378	935
378	986
379	399
379	405
379	526
379	560
379	676
379	796
379	964
380	462
380	565
380	649
380	687
380	789
380	926
380	983
381	389
381	394
381	415
381	466
381	491
381	511
381	531
381	602
381	787
381	796
381	892
381	937
382	390
382	393
382	521
382	599
382	608
382	611
382	616
382	775
382	783
382	844
382	891
383	526
383	558
383	613
383	662
383	690
383	715
383	719
383	787
383	791
383	795
384	385
384	400
384	432
384	500
384	537
384	620
384	725
384	728
384	915
385	386
385	424
385	503
385	583
385	598
385	717
385	755
385	801
386	408
386	434
386	459
386	570
386	606
386	707
386	765
386	783
386	978
387	393
387	401
387	452
387	484
387	578
387	590
387	653
387	661
387	662
387	714
387	735
387	745
387	796
387	856
387	964
388	427
388	444
388	445
388	631
388	761
388	772
388	835
388	942
389	518
389	562
389	615
389	661
389	725
389	763
389	798
389	873
389	875
389	967
390	473
390	566
390	604
390	684
390	755
390	782
390	804
390	824
390	843
390	862
390	888
390	892
390	902
390	952
390	960
391	574
391	658
391	773
391	797
391	803
391	886
391	967
392	492
392	597
392	666
392	743
392	791
392	856
393	399
393	410
393	437
393	438
393	470
393	539
393	594
393	697
393	703
393	719
393	746
393	806
393	931
393	982
394	397
394	484
394	610
394	640
394	756
394	759
394	920
394	922
395	435
395	512
395	649
395	770
395	805
395	810
395	818
395	829
395	833
395	940
395	988
395	996
396	401
396	420
396	482
396	569
396	703
396	795
396	849
396	973
396	983
396	988
397	497
397	610
397	641
397	738
397	753
397	777
397	839
397	851
397	876
398	624
398	634
398	680
398	725
398	837
398	844
398	849
398	951
399	564
399	565
399	580
399	638
399	641
399	791
399	864
399	906
399	964
400	414
400	422
400	423
400	469
400	550
400	584
400	601
400	606
400	610
400	763
400	774
400	821
400	830
400	853
400	863
400	926
400	946
401	404
401	418
401	446
401	465
401	495
401	584
401	703
401	734
401	802
401	804
401	846
401	851
401	975
402	409
402	430
402	433
402	440
402	441
402	463
402	465
402	483
402	532
402	540
402	549
402	609
402	642
402	643
402	676
402	701
402	822
402	836
402	855
402	922
403	409
403	413
403	424
403	467
403	496
403	557
403	579
403	678
403	805
403	815
403	823
403	833
403	983
403	994
404	413
404	414
404	459
404	463
404	468
404	499
404	541
404	595
404	633
404	796
404	954
405	418
405	425
405	433
405	443
405	453
405	475
405	502
405	559
405	676
405	708
405	739
405	794
405	830
405	851
405	891
405	946
405	983
406	413
406	434
406	467
406	530
406	612
406	634
406	660
406	746
406	771
406	791
406	807
406	812
406	944
406	978
406	980
406	988
407	428
407	443
407	454
407	458
407	462
407	470
407	472
407	482
407	496
407	571
407	623
407	624
407	626
407	675
407	795
407	869
407	877
407	936
407	959
407	982
408	411
408	421
408	440
408	457
408	477
408	495
408	550
408	552
408	643
408	658
408	696
408	777
408	817
408	847
409	434
409	457
409	465
409	485
409	487
409	492
409	508
409	517
409	561
409	658
409	660
409	678
409	768
409	911
409	929
410	421
410	422
410	471
410	472
410	487
410	493
410	516
410	602
410	631
410	633
410	655
410	660
410	686
410	697
410	736
410	758
410	789
410	836
410	844
410	915
411	422
411	454
411	466
411	478
411	495
411	709
411	726
411	787
411	843
411	871
411	953
412	422
412	443
412	460
412	465
412	483
412	485
412	567
412	642
412	692
412	720
412	783
412	800
412	814
412	984
413	429
413	459
413	461
413	472
413	526
413	553
413	576
413	689
413	724
413	782
413	790
413	845
413	855
413	869
414	426
414	437
414	485
414	486
414	509
414	538
414	643
414	692
414	773
414	856
414	953
414	979
415	439
415	440
415	450
415	458
415	572
415	620
415	681
415	754
415	863
415	899
415	900
415	966
415	974
416	434
416	440
416	446
416	448
416	600
416	612
416	633
416	695
416	733
416	751
416	829
416	840
416	857
416	860
416	865
416	895
416	915
416	923
416	949
417	447
417	630
417	701
417	790
417	822
417	840
417	844
417	860
418	438
418	460
418	478
418	486
418	487
418	507
418	533
418	687
418	703
418	807
418	823
418	825
418	850
418	872
418	912
419	433
419	470
419	472
419	479
419	484
419	597
419	902
419	970
420	433
420	442
420	456
420	460
420	477
420	486
420	577
420	585
420	602
420	718
420	727
420	746
420	784
420	841
420	904
420	915
420	936
420	966
420	980
420	992
421	422
421	447
421	455
421	475
421	490
421	614
421	619
421	675
421	719
421	753
421	796
421	880
422	455
422	633
422	934
422	939
423	452
423	466
423	468
423	553
423	584
423	668
423	745
423	751
423	881
423	885
423	953
423	981
423	986
424	424
424	433
424	465
424	481
424	494
424	499
424	558
424	571
424	581
424	619
424	633
424	670
424	723
424	810
424	879
424	991
424	995
425	430
425	433
425	479
425	547
425	607
425	647
425	825
425	913
426	432
426	592
426	660
426	681
426	684
426	718
426	747
426	785
426	787
426	912
426	987
427	427
427	431
427	474
427	482
427	489
427	501
427	541
427	688
427	787
427	796
427	901
427	941
427	983
428	438
428	445
428	448
428	454
428	467
428	476
428	495
428	588
428	637
428	720
428	845
428	889
428	955
428	960
429	495
429	538
429	597
429	599
429	607
429	615
429	640
429	659
429	712
429	736
429	831
429	842
429	889
429	910
430	432
430	480
430	500
430	601
430	680
430	739
430	904
430	906
430	933
430	968
431	435
431	441
431	445
431	480
431	492
431	494
431	519
431	546
431	789
431	823
431	824
431	887
431	958
431	974
431	986
432	438
432	445
432	450
432	478
432	539
432	581
432	647
432	671
432	767
433	437
433	444
433	490
433	528
433	573
433	670
433	841
433	935
434	437
434	447
434	456
434	463
434	474
434	495
434	540
434	638
434	707
434	731
434	779
434	819
434	952
434	977
435	446
435	490
435	522
435	527
435	550
435	583
435	762
435	826
435	912
435	920
436	470
436	485
436	487
436	490
436	494
436	611
436	613
436	684
436	687
436	722
436	819
436	909
436	988
437	474
437	481
437	496
437	583
437	828
437	832
437	839
437	946
438	443
438	454
438	504
438	533
438	618
438	786
438	862
438	933
438	973
439	444
439	445
439	469
439	551
439	560
439	737
439	739
439	902
439	908
440	441
440	452
440	527
440	625
440	657
440	670
440	738
440	770
440	925
441	489
441	513
441	553
441	556
441	660
441	662
441	665
441	738
441	756
441	763
441	819
441	921
442	444
442	458
442	581
442	609
442	654
442	894
442	944
443	446
443	465
443	466
443	490
443	522
443	553
443	597
443	615
443	632
443	654
443	681
443	688
443	889
444	488
444	632
444	733
444	745
444	934
444	957
445	450
445	466
445	470
445	478
445	528
445	635
445	704
445	731
445	815
445	822
445	904
445	936
446	448
446	469
446	491
446	671
446	729
446	764
447	462
447	463
447	498
447	506
447	561
447	642
447	695
447	802
447	887
447	928
448	465
448	480
448	488
448	545
448	613
449	452
449	453
449	487
449	519
449	544
449	581
449	629
449	661
449	819
449	831
449	962
449	963
450	485
450	486
450	498
450	558
450	575
450	619
450	702
450	800
450	851
450	881
450	962
450	988
451	479
451	485
451	528
451	547
451	593
451	596
451	658
451	686
451	721
451	773
451	830
451	836
451	950
452	455
452	457
452	474
452	486
452	492
452	504
452	518
452	521
452	614
452	681
452	819
452	824
453	458
453	496
453	669
453	713
453	726
453	745
453	764
453	792
453	805
453	879
454	483
454	509
454	513
454	599
454	610
454	652
454	671
454	718
454	760
454	766
454	815
454	818
454	945
454	948
454	955
455	461
455	503
455	561
455	601
455	618
455	664
455	707
455	762
455	775
455	927
455	979
456	457
456	584
456	597
456	654
456	661
456	682
456	699
456	846
456	922
457	475
457	497
457	621
457	664
457	880
457	885
457	917
457	922
457	986
458	573
458	611
458	664
458	773
458	795
458	819
459	498
459	576
459	618
459	694
459	803
459	820
459	836
459	857
460	460
460	467
460	528
460	553
460	579
460	651
460	765
460	912
460	987
461	476
461	492
461	497
461	883
461	898
461	942
461	959
462	471
462	478
462	482
462	488
462	489
462	615
462	734
462	782
462	975
462	996
463	463
463	487
463	582
463	704
463	757
463	762
463	844
463	849
463	859
463	890
463	962
463	963
463	967
463	972
464	475
464	479
464	480
464	484
464	486
464	568
464	632
464	749
464	805
464	921
465	490
465	521
465	566
465	598
465	617
465	646
465	721
465	765
465	786
465	822
465	850
465	865
465	940
466	569
466	600
466	657
466	945
466	954
466	993
467	479
467	628
467	642
467	720
467	733
467	791
468	474
468	477
468	481
468	490
468	540
468	562
468	581
468	605
468	657
468	734
468	791
468	819
468	898
468	900
468	931
469	510
469	525
469	552
469	576
469	816
469	949
469	950
469	964
470	544
470	571
470	578
470	631
470	667
470	669
470	742
470	832
471	496
471	567
471	577
471	582
471	594
471	679
471	784
471	856
471	951
471	984
472	494
472	496
472	554
472	575
472	622
472	702
472	757
472	773
473	480
473	484
473	497
473	522
473	627
473	707
473	731
473	746
473	811
473	868
473	907
473	915
473	975
474	477
474	508
474	721
474	862
474	954
474	972
474	973
475	478
475	480
475	577
475	593
475	598
475	767
475	833
475	841
475	874
475	974
476	530
476	564
476	582
476	641
476	722
476	739
476	751
476	874
476	946
476	992
477	654
477	672
477	719
477	795
478	484
478	566
478	620
478	625
478	632
478	708
478	851
478	886
478	926
478	937
478	968
479	496
479	502
479	559
479	579
479	661
479	681
479	703
479	838
479	875
479	881
480	480
480	483
480	489
480	507
480	849
480	864
480	894
480	925
481	495
481	521
481	540
481	803
481	939
482	494
482	495
482	499
482	508
482	531
482	538
482	564
482	567
482	601
482	671
482	725
482	833
482	872
482	963
483	535
483	563
483	828
483	852
484	486
484	625
484	646
484	685
484	727
484	926
484	978
485	510
485	547
485	558
485	656
485	669
485	670
485	715
485	800
485	809
485	918
485	934
486	620
486	660
486	696
486	712
486	806
487	602
487	613
487	641
487	649
487	740
487	819
487	863
487	912
487	925
488	503
488	625
488	655
488	682
488	726
488	904
488	969
489	493
489	498
489	784
489	832
489	870
489	879
490	491
490	493
490	495
490	504
490	529
490	564
490	626
490	647
490	684
490	756
490	760
491	492
491	493
491	679
491	751
491	784
491	844
491	907
491	955
491	967
491	982
492	492
492	591
492	634
492	671
492	675
492	686
492	690
492	744
492	880
492	901
492	917
492	964
493	548
493	595
493	742
493	819
493	839
493	840
493	909
493	915
493	934
494	520
494	549
494	694
494	722
494	963
494	998
495	547
495	552
495	580
495	628
495	732
495	790
495	807
495	979
495	988
496	518
496	519
496	550
496	808
496	833
496	843
496	848
496	853
496	859
496	895
496	897
496	938
496	957
497	602
497	678
497	700
497	731
497	824
497	846
497	923
498	704
498	831
499	525
499	695
499	697
499	706
499	708
499	738
499	862
499	865
499	945
500	501
500	506
500	510
500	519
500	535
500	548
500	579
500	609
500	704
500	781
500	782
500	810
500	812
500	899
500	980
500	981
500	999
501	545
501	548
501	556
501	591
501	797
501	948
502	509
502	512
502	515
502	530
502	538
502	561
502	562
502	583
502	719
502	908
502	948
503	515
503	597
503	626
503	628
503	829
503	892
503	934
503	961
504	519
504	580
504	620
504	624
504	638
504	672
504	691
504	700
504	760
504	768
504	802
504	846
505	508
505	546
505	567
505	569
505	598
505	678
505	791
505	830
505	850
505	858
505	926
505	998
506	507
506	518
506	528
506	530
506	549
506	567
506	569
506	579
506	590
506	658
506	677
506	751
506	813
506	963
506	998
507	513
507	543
507	579
507	597
507	652
507	698
507	733
507	734
507	737
507	800
507	848
507	900
507	996
508	599
508	660
508	845
508	908
508	939
508	958
508	994
509	526
509	540
509	547
509	579
509	642
509	650
509	669
509	770
509	897
509	973
510	527
510	548
510	563
510	583
510	584
510	671
510	827
510	913
510	944
511	512
511	530
511	534
511	539
511	555
511	560
511	576
511	585
511	593
511	605
511	612
511	663
511	769
511	799
511	845
512	515
512	574
512	601
512	753
512	775
512	797
512	821
512	863
512	918
512	939
513	553
513	560
513	566
513	567
513	575
513	603
513	616
513	636
513	675
513	685
513	687
513	728
513	850
513	901
513	945
514	520
514	521
514	536
514	557
514	564
514	567
514	569
514	579
514	742
514	833
514	858
514	908
515	560
515	584
515	593
515	622
515	636
515	738
515	853
515	863
515	898
515	933
515	962
515	975
516	540
516	548
516	558
516	629
516	651
516	688
516	699
516	892
516	904
516	975
517	546
517	577
517	579
517	605
517	620
517	647
517	676
517	677
517	914
518	559
518	575
518	939
519	529
519	553
519	582
519	592
519	599
519	623
519	682
519	711
519	759
519	765
519	852
519	904
519	995
519	999
520	549
520	566
520	571
520	576
520	590
520	721
520	881
521	526
521	540
521	619
521	621
521	651
521	865
521	900
522	527
522	539
522	540
522	545
522	546
522	585
522	587
522	614
522	723
522	734
522	780
522	787
522	882
522	902
522	947
523	575
523	596
523	671
523	679
523	702
523	762
523	776
523	794
523	840
523	891
523	896
524	525
524	534
524	564
524	572
524	605
524	664
524	725
524	898
524	998
525	596
525	599
525	677
525	774
525	821
526	528
526	537
526	545
526	547
526	559
526	574
526	575
526	578
526	592
526	628
526	672
526	797
526	820
526	849
526	853
526	882
526	925
526	944
526	983
527	535
527	589
527	621
527	651
527	751
527	754
527	852
527	875
527	943
527	981
528	563
528	575
528	595
528	597
528	609
528	774
528	913
528	932
529	549
529	556
529	573
529	591
529	597
529	629
529	641
529	693
529	724
529	808
529	815
529	882
529	925
529	961
529	974
530	545
530	549
530	571
530	579
530	852
530	890
531	547
531	551
531	556
531	573
531	575
531	638
531	648
531	679
531	706
531	843
531	889
532	566
532	577
532	790
532	811
533	548
533	559
533	583
533	900
534	550
534	559
534	564
534	565
534	569
534	575
534	689
534	706
534	794
534	833
534	866
535	535
535	546
535	560
535	594
535	633
535	738
535	804
535	814
535	832
535	883
535	891
535	898
535	957
536	627
536	655
536	736
536	817
536	936
536	951
537	580
537	584
537	588
537	590
537	603
537	757
537	765
537	774
537	839
537	923
537	963
538	539
538	559
538	574
538	785
538	795
538	796
538	901
538	909
538	988
539	552
539	557
539	560
539	582
539	596
539	599
539	614
539	633
539	649
539	964
539	990
540	546
540	579
540	595
540	599
540	637
540	671
540	684
540	782
540	806
540	836
540	840
540	862
540	922
540	964
541	555
541	564
541	579
541	592
541	612
541	683
541	804
541	837
541	846
541	888
542	558
542	559
542	574
542	577
542	584
542	598
542	614
542	953
542	959
542	995
543	575
543	685
543	704
543	714
543	757
543	784
543	817
543	830
543	838
543	863
543	950
544	569
544	676
544	689
544	784
544	835
544	889
544	966
544	978
545	597
545	606
545	702
545	861
545	864
546	601
546	633
546	734
546	838
546	861
546	924
546	925
546	983
546	991
547	568
547	576
547	585
547	597
547	657
547	681
547	699
547	722
547	730
548	563
548	583
548	596
548	625
548	784
549	584
549	629
549	635
549	664
549	702
549	736
549	923
549	969
550	551
550	557
550	558
550	571
550	577
550	578
550	580
550	605
550	620
550	635
550	636
550	668
550	723
550	768
550	824
550	893
550	914
550	919
551	557
551	596
551	692
551	697
551	706
551	726
551	987
551	996
552	600
552	613
552	663
552	865
552	982
553	554
553	556
553	564
553	666
553	669
553	807
553	861
553	898
553	932
554	616
554	642
554	811
554	838
554	843
554	935
554	998
555	665
555	670
555	686
555	764
555	829
555	871
555	900
555	934
555	981
556	574
556	585
556	702
556	718
556	857
556	924
556	962
557	645
557	655
557	746
557	760
558	575
558	576
558	581
558	587
558	711
558	721
558	748
558	813
558	879
558	933
559	560
559	562
559	577
559	763
559	872
559	930
559	955
559	960
559	990
560	563
560	590
560	644
560	646
560	649
560	687
560	836
561	613
561	651
561	700
561	754
561	823
561	832
561	867
561	990
562	576
562	580
562	619
562	629
562	657
562	753
562	913
562	916
562	952
562	991
562	992
563	588
563	591
563	648
563	720
563	755
563	769
563	900
564	570
564	583
564	588
564	594
564	727
564	733
564	810
564	872
565	566
565	585
565	643
565	645
565	660
565	763
565	951
565	990
566	595
566	600
566	636
566	668
566	743
566	768
566	796
566	878
566	880
566	933
566	961
567	678
567	712
568	640
568	697
568	706
568	711
568	757
568	794
568	875
568	891
568	896
568	976
569	584
569	599
569	734
569	788
569	826
569	919
569	969
570	576
570	585
570	589
570	601
570	673
570	856
570	887
570	944
570	952
571	613
571	630
571	634
571	662
571	742
571	801
571	893
571	940
571	960
571	972
572	583
572	618
572	633
572	670
572	676
572	811
572	904
572	930
572	946
573	576
573	888
573	899
574	799
575	598
575	730
575	811
575	818
575	873
575	957
576	609
576	633
576	745
576	775
576	826
576	921
576	977
577	590
577	598
577	652
577	722
577	743
577	844
577	905
577	930
577	991
578	702
578	855
578	904
578	940
578	963
578	964
579	580
579	586
579	659
579	693
579	869
579	917
579	941
579	977
580	648
580	654
580	777
580	791
580	808
580	821
580	877
581	593
581	653
581	727
581	785
581	793
581	862
582	597
582	605
582	726
583	592
583	593
583	703
583	707
583	732
583	878
583	980
584	589
584	597
584	614
584	737
584	785
584	876
584	997
585	595
585	721
585	793
585	857
585	922
585	957
586	588
586	696
586	726
586	766
586	773
586	842
586	853
586	899
587	693
587	706
587	777
587	792
587	862
587	869
587	891
587	978
588	608
588	781
588	942
589	673
589	753
589	774
589	903
589	950
589	964
589	969
589	989
590	591
590	592
590	613
590	651
590	658
590	711
590	714
590	787
590	803
590	826
590	834
590	920
590	925
591	648
591	655
591	712
591	714
591	753
591	794
591	801
591	889
592	595
592	610
592	706
592	747
592	843
592	845
592	966
592	990
592	999
593	598
593	710
593	883
593	899
593	962
594	695
594	724
594	938
594	949
595	609
595	810
595	909
595	948
596	599
596	673
596	707
596	835
596	836
596	868
596	916
596	938
596	968
596	974
596	975
596	989
597	736
597	849
598	598
598	604
598	735
598	782
598	794
598	867
598	921
598	925
599	612
599	792
599	819
599	838
599	857
600	603
600	608
600	668
600	669
600	684
600	686
600	687
600	719
600	753
600	834
600	854
600	896
600	901
601	616
601	620
601	643
601	663
601	672
601	675
601	683
601	720
601	766
601	816
601	825
601	832
601	887
601	889
601	919
601	929
601	955
601	978
602	653
602	700
602	751
602	793
602	938
602	940
602	970
603	627
603	663
603	672
603	863
603	942
603	944
603	994
604	612
604	615
604	656
604	676
604	679
604	685
604	716
604	726
604	827
604	979
605	619
605	621
605	631
605	650
605	795
605	832
605	834
606	606
606	621
606	651
606	893
606	910
606	914
607	635
607	654
607	668
607	710
607	776
607	830
608	632
608	663
608	673
608	747
608	767
608	773
608	844
608	880
608	956
608	985
609	615
609	620
609	695
609	696
609	841
609	878
610	628
610	645
610	648
610	650
610	672
610	725
610	896
610	910
611	626
611	632
611	659
611	664
611	670
611	687
611	690
611	755
611	841
611	900
611	953
612	618
612	625
612	626
612	629
612	683
612	741
612	984
612	991
613	658
613	659
613	699
613	700
613	701
613	704
613	816
613	870
614	621
614	626
614	642
614	655
614	657
614	664
614	733
614	809
614	866
614	872
614	873
614	939
615	629
615	644
615	646
615	667
615	677
615	692
615	698
615	851
615	852
615	991
616	657
616	678
616	690
616	694
616	794
616	882
616	920
617	629
617	630
617	640
617	641
617	646
617	653
617	661
617	676
617	684
617	689
617	691
617	693
617	699
617	797
617	855
617	908
617	934
618	618
618	679
618	680
618	685
618	772
618	894
618	909
619	685
619	696
619	814
619	861
619	941
619	958
620	634
620	663
620	696
620	728
620	952
620	977
621	629
621	659
621	661
621	698
621	820
621	890
621	987
622	650
622	660
622	675
622	774
622	928
623	629
623	675
623	683
623	741
623	750
623	760
623	894
623	917
623	994
624	628
624	665
624	876
624	904
624	993
625	636
625	656
625	659
625	661
625	676
625	686
625	709
625	712
625	725
625	759
625	804
625	888
626	626
626	637
626	668
626	670
626	675
626	690
626	708
626	726
626	789
626	956
626	985
626	988
627	638
627	670
627	679
627	737
627	857
627	887
627	899
627	904
628	658
628	682
628	693
628	710
628	791
628	809
628	834
628	843
628	879
628	978
629	642
629	677
629	679
629	697
629	799
629	942
629	966
629	983
629	989
630	643
630	648
630	658
630	716
630	763
630	824
630	890
630	974
630	976
631	642
631	662
631	673
631	863
631	884
631	893
631	913
631	949
631	984
632	656
632	663
632	669
632	674
632	678
632	758
632	788
632	899
632	909
632	995
633	635
633	639
633	643
633	650
633	674
633	677
633	682
633	813
633	911
633	942
633	945
633	983
634	657
634	718
634	747
634	791
634	860
635	638
635	688
635	758
635	828
635	895
635	923
636	637
636	651
636	676
636	687
636	787
636	825
636	851
636	865
636	881
636	929
636	942
636	984
637	640
637	644
637	647
637	668
637	689
637	734
637	752
637	780
637	825
637	880
638	658
638	659
638	662
638	722
638	747
638	755
638	777
638	995
639	655
639	695
639	697
639	715
639	726
639	833
639	877
639	912
639	936
639	960
640	650
640	717
640	808
640	811
640	830
640	870
640	901
640	911
640	959
641	645
641	652
641	653
641	688
641	735
641	754
641	900
641	942
642	695
642	749
642	752
642	802
642	809
642	876
642	942
642	955
643	676
643	715
643	797
643	869
643	874
643	883
643	889
643	926
643	945
644	662
644	667
644	684
644	687
644	699
644	770
644	788
644	827
645	645
645	658
645	681
645	706
645	835
645	840
645	953
646	648
646	659
646	669
646	695
646	707
646	744
646	799
646	870
646	918
647	648
647	661
647	665
647	676
647	688
647	742
647	744
647	892
647	898
647	901
647	906
647	984
648	678
648	690
648	733
648	743
648	760
648	813
648	853
648	934
648	993
649	650
649	653
649	680
649	691
649	734
649	910
649	959
649	976
650	655
650	660
650	664
650	681
650	686
650	691
650	692
650	697
650	803
650	821
650	924
650	961
650	975
650	983
651	696
651	769
651	823
651	927
651	970
652	652
652	676
652	696
653	661
653	672
653	739
653	748
653	800
653	890
653	895
653	989
654	660
654	690
654	709
654	774
654	838
654	975
655	672
655	684
655	688
655	725
655	759
655	768
655	866
655	924
656	662
656	726
656	728
656	744
656	780
656	790
656	818
656	829
656	871
656	964
656	974
657	658
657	738
657	848
657	860
657	924
658	681
658	682
658	687
658	691
658	767
658	820
658	981
659	664
659	668
659	674
659	675
659	683
659	913
660	672
660	688
660	779
660	801
660	813
660	944
660	949
661	686
661	688
661	693
661	723
661	808
661	853
661	893
661	922
661	987
661	992
662	671
662	683
662	697
662	698
662	839
662	893
662	959
663	670
663	690
663	750
663	781
663	851
663	862
663	949
663	989
664	701
664	713
664	875
664	999
665	667
665	678
665	698
665	827
665	897
665	909
665	916
665	968
666	667
666	669
666	681
666	804
666	822
666	823
666	836
666	866
666	885
666	897
666	901
666	928
667	672
667	679
667	683
667	751
667	772
667	873
667	975
668	670
668	691
668	795
668	848
668	867
668	872
668	905
669	687
669	758
669	772
669	828
669	858
669	861
669	877
669	881
669	988
670	683
670	688
670	691
670	693
670	724
670	749
670	857
670	953
670	984
671	687
671	688
671	693
671	711
671	747
671	756
671	814
671	898
672	685
672	704
672	775
672	779
672	877
672	973
673	678
673	679
673	803
673	812
673	863
673	864
673	888
673	974
674	675
674	691
674	693
674	705
674	711
674	917
674	947
675	676
675	680
675	738
675	789
675	816
675	855
675	894
675	925
676	722
676	777
676	807
676	935
677	677
677	681
677	721
677	726
677	878
677	909
678	682
678	691
678	907
678	918
678	938
679	684
679	690
679	736
679	756
679	784
679	800
679	894
679	912
680	684
680	874
680	890
680	916
680	938
680	994
681	692
681	694
681	766
681	819
681	832
681	881
681	886
681	905
681	910
681	936
681	979
682	689
682	762
682	783
682	869
682	893
683	728
683	875
683	903
683	915
684	686
684	691
684	695
684	910
684	936
684	970
685	695
685	727
685	729
685	820
685	825
685	922
686	687
686	691
686	755
686	762
686	860
686	879
686	905
686	962
687	693
687	711
687	770
687	835
687	892
688	786
688	808
688	825
688	865
688	879
688	943
689	710
689	748
689	791
689	846
689	854
690	741
690	851
690	923
691	692
691	741
691	762
691	900
692	713
692	764
692	781
692	826
692	970
693	699
693	725
693	771
693	857
693	858
693	910
693	923
694	796
694	826
694	919
695	728
695	739
695	746
695	749
695	808
695	892
695	945
696	745
696	832
696	971
696	979
697	713
697	728
697	815
697	893
697	909
697	923
697	951
697	985
698	767
698	825
698	827
698	837
698	851
699	799
699	805
699	851
700	716
700	717
700	738
700	742
700	856
700	860
701	704
701	712
701	713
701	719
701	747
701	762
701	770
701	786
701	793
701	798
701	855
701	916
702	746
702	785
702	882
702	926
702	931
702	932
702	945
702	958
703	723
703	724
703	728
703	785
703	839
703	889
703	945
703	968
704	704
704	715
704	750
704	751
704	771
704	781
704	797
704	814
705	714
705	737
705	738
705	740
705	743
705	751
705	764
705	783
705	793
705	812
705	865
705	899
705	908
705	991
706	711
706	730
706	732
706	757
706	759
706	848
706	877
706	906
707	707
707	715
707	740
707	747
707	759
707	795
707	842
707	955
707	994
708	723
708	736
708	759
708	779
708	849
708	939
709	711
709	731
709	732
709	745
709	751
709	752
709	761
709	944
710	718
710	719
710	722
710	726
710	785
710	897
710	919
710	952
710	980
711	717
711	722
711	751
711	760
711	770
711	779
711	787
711	832
711	877
711	923
712	719
712	720
712	722
712	782
712	858
712	990
713	731
713	743
713	749
713	754
713	786
713	813
713	982
714	756
714	774
714	792
714	869
714	883
715	739
715	740
715	773
715	774
715	886
715	969
716	732
716	747
716	766
716	776
716	784
716	823
716	864
716	891
716	963
716	975
716	990
717	735
717	767
717	770
717	780
717	788
717	865
717	888
717	937
717	989
718	726
718	782
718	941
719	721
719	740
719	742
719	744
719	748
719	757
719	775
719	790
719	791
719	934
719	953
719	993
720	740
721	745
721	793
721	799
721	919
721	933
722	726
722	732
722	734
722	767
722	771
722	775
722	791
722	862
722	937
722	983
722	989
723	761
723	769
723	782
723	853
723	880
723	931
723	984
724	770
724	779
724	781
724	806
724	896
724	965
724	986
725	731
725	753
725	763
725	791
725	810
725	857
725	884
725	988
726	739
726	757
726	788
726	791
726	857
727	729
727	746
727	752
727	758
727	859
727	946
728	739
728	741
728	764
728	802
728	804
728	877
728	930
728	940
729	755
729	786
729	796
729	801
729	863
730	771
730	780
730	799
730	852
730	917
731	735
731	791
731	813
732	750
732	766
732	783
732	805
732	839
732	930
733	748
733	768
733	771
733	962
733	974
733	988
734	734
734	736
734	761
734	863
734	961
735	746
735	759
735	792
735	820
735	846
735	865
735	890
735	940
735	976
736	748
736	809
736	817
737	764
737	780
737	782
737	938
737	958
737	975
738	754
738	778
738	834
738	943
739	759
739	779
739	812
739	818
739	835
739	874
740	771
740	778
740	781
740	798
740	868
740	869
740	946
740	960
740	979
740	997
741	746
741	865
741	870
741	916
742	760
742	787
742	788
743	866
743	870
743	877
743	927
743	950
743	957
744	756
744	777
744	820
744	871
744	951
744	974
744	995
745	758
745	761
745	782
745	788
745	800
745	826
745	853
745	855
746	773
746	783
746	791
746	813
746	955
747	787
747	818
747	877
747	886
747	913
747	932
747	981
748	790
748	962
748	997
749	768
749	914
749	983
749	998
750	758
750	766
750	771
750	852
751	761
751	783
751	784
751	786
751	794
751	796
751	901
751	936
751	971
751	988
752	761
752	782
752	844
752	870
752	925
752	929
752	930
753	764
753	765
753	772
753	787
753	885
753	907
753	909
754	784
754	799
754	844
754	863
754	903
754	954
754	965
755	755
755	771
755	776
755	777
755	923
755	949
756	760
756	770
756	778
756	871
756	953
757	773
757	822
757	905
757	914
757	935
757	996
758	774
758	777
758	782
758	794
758	858
758	863
758	864
758	881
758	889
758	937
758	938
759	790
759	869
759	992
760	767
760	770
760	783
760	794
760	901
760	974
761	769
761	773
761	811
761	820
761	870
761	926
762	788
762	815
762	907
762	949
762	963
762	975
763	783
763	787
763	855
763	864
763	887
763	931
763	952
763	983
763	989
764	771
764	789
764	794
764	795
764	954
764	966
765	770
765	775
765	781
765	805
765	861
765	940
765	971
765	999
766	963
767	771
767	779
767	791
767	835
767	841
767	900
767	934
767	935
767	952
767	991
768	786
768	809
768	940
768	946
769	784
769	865
770	776
770	781
770	782
770	823
770	977
771	780
771	781
771	785
771	787
771	792
771	799
771	813
771	830
771	883
771	917
771	988
772	777
772	778
772	780
772	788
772	810
772	819
772	847
772	898
772	930
773	793
773	818
773	895
773	909
773	943
773	947
773	952
774	792
774	908
774	966
775	791
775	792
775	795
775	828
775	862
775	887
775	954
776	782
776	783
776	798
776	943
776	999
777	827
777	849
777	918
777	971
778	790
778	866
778	963
778	982
778	999
779	783
779	792
779	799
779	888
779	952
780	781
780	799
780	836
780	877
780	981
781	794
781	893
782	785
782	793
782	820
782	829
782	853
782	870
782	945
782	984
784	795
784	804
784	813
784	821
784	829
784	916
784	978
785	927
786	920
786	957
786	985
787	788
787	839
788	796
788	835
788	982
789	795
789	798
789	821
789	867
789	919
790	798
790	823
790	885
791	798
791	841
791	858
791	972
792	894
792	985
793	873
793	874
793	966
794	801
794	817
794	826
794	959
795	797
795	844
795	861
795	867
795	869
795	873
795	946
796	856
796	895
797	873
797	957
797	991
798	967
798	970
799	836
799	843
800	800
800	805
800	818
800	852
800	863
801	806
801	842
801	884
801	892
801	918
802	824
802	833
802	871
802	874
802	892
802	927
802	999
803	828
803	844
803	861
803	864
803	881
804	815
804	847
804	890
805	827
805	851
805	863
805	888
805	897
805	949
806	892
806	899
807	828
807	838
807	844
807	867
807	915
807	991
808	853
808	925
808	935
809	816
809	820
809	827
809	844
809	859
809	890
810	811
810	839
810	867
810	873
810	897
810	907
810	954
810	955
811	871
811	883
811	884
811	893
812	818
812	839
812	847
812	861
812	878
812	883
812	894
812	897
812	960
813	818
813	825
813	834
813	860
813	951
813	983
813	984
814	887
814	892
815	831
815	837
815	838
815	880
815	888
815	962
816	819
816	833
816	834
816	846
816	852
816	859
816	880
816	958
817	820
817	829
817	833
817	921
817	952
818	818
818	847
818	849
818	851
818	854
818	860
818	909
818	928
818	968
818	993
819	832
819	843
819	870
819	874
819	881
820	851
820	865
820	950
821	826
821	837
821	855
821	967
822	851
822	886
823	824
823	831
823	832
823	838
824	834
824	845
824	883
824	899
824	952
825	835
825	845
825	850
825	851
825	898
825	899
825	916
825	928
826	835
826	891
826	893
826	897
826	898
826	927
826	975
826	983
826	990
827	846
827	856
827	874
827	884
827	888
828	831
828	838
828	854
828	895
828	911
828	914
828	996
829	836
829	851
829	855
829	864
829	897
829	962
830	835
830	873
830	885
831	832
831	845
831	852
832	847
832	871
832	916
833	838
833	853
833	888
833	894
833	899
833	921
833	998
834	857
834	858
834	871
834	876
834	892
834	957
835	845
835	846
835	851
835	866
835	906
835	910
835	981
837	844
837	860
837	893
837	898
838	854
838	893
838	896
838	969
839	858
839	918
840	871
840	872
840	882
840	899
840	952
840	966
841	860
841	876
841	890
841	893
841	940
842	877
842	966
842	967
842	977
843	876
843	906
843	946
844	854
844	858
844	859
844	874
844	982
845	864
845	898
845	929
845	986
846	867
846	879
846	897
846	947
846	961
847	868
847	873
847	878
848	849
848	856
848	857
848	870
848	887
848	912
848	940
848	989
849	849
849	852
849	858
849	885
849	942
849	974
849	992
850	873
850	947
850	964
850	969
851	853
851	859
851	869
851	894
851	907
851	954
852	861
852	864
852	878
852	891
852	937
852	950
853	865
853	873
853	888
853	889
853	892
854	862
854	872
854	875
854	896
854	954
854	996
855	877
855	891
855	899
855	927
856	865
856	900
856	998
857	909
857	915
857	918
859	866
859	876
859	881
859	888
859	892
859	906
859	929
859	961
860	867
860	872
860	886
860	891
860	897
860	905
860	955
860	976
861	874
862	862
862	882
862	886
862	923
862	970
863	871
863	884
864	897
864	899
864	962
864	965
864	970
865	891
865	951
866	880
866	884
866	975
867	874
867	894
867	955
868	954
868	956
868	965
869	871
869	882
869	885
869	956
870	882
870	883
871	942
871	953
871	954
871	966
872	898
873	931
873	963
874	920
875	884
875	905
876	941
877	890
877	935
877	945
877	954
878	883
878	889
878	891
878	919
878	967
879	889
879	893
879	900
879	972
880	882
880	934
880	985
881	882
881	985
882	887
882	983
883	886
884	895
884	956
884	986
885	927
885	961
885	997
887	897
887	936
887	967
888	890
888	905
890	893
890	912
890	934
891	893
891	918
892	939
892	999
893	930
893	940
893	995
895	897
895	899
896	935
897	945
897	958
898	948
898	995
899	917
899	920
899	937
900	905
900	927
900	942
900	968
900	989
901	917
901	918
901	921
901	925
901	960
901	972
902	934
902	939
902	989
903	925
903	933
903	955
903	969
903	999
904	918
904	927
904	976
904	990
904	993
904	995
905	909
905	960
905	963
905	979
905	996
906	925
906	951
906	954
906	961
906	993
906	995
906	996
907	912
907	921
907	924
907	937
907	951
907	959
907	965
907	991
908	933
908	942
908	996
908	999
909	921
909	971
909	973
909	980
909	988
910	927
910	951
910	954
910	960
910	984
911	978
912	915
912	948
912	969
912	994
913	929
913	935
913	948
913	992
913	999
914	918
914	957
914	975
914	995
915	958
916	917
916	919
916	929
916	936
916	946
916	961
916	964
916	967
917	949
917	963
917	966
917	982
918	941
918	967
918	974
918	990
919	946
919	965
919	977
919	998
920	940
920	943
920	989
921	937
921	950
921	953
921	955
922	932
922	980
922	983
923	935
923	989
924	928
924	929
924	956
924	973
925	954
925	978
925	984
925	989
926	938
926	941
926	948
926	973
926	994
926	996
927	935
927	936
927	956
927	976
927	991
928	932
928	933
928	982
928	996
929	984
929	998
930	983
930	996
930	999
932	959
932	979
933	940
933	950
933	969
933	974
933	983
933	988
934	958
934	978
934	984
934	999
935	984
936	936
936	937
936	974
936	977
936	983
937	966
937	993
938	946
938	949
938	951
938	973
939	984
940	958
941	942
941	980
942	956
942	961
942	970
942	971
942	973
942	991
943	956
943	958
943	986
944	958
944	966
944	970
944	990
946	965
946	981
946	989
946	992
947	954
947	960
947	991
947	997
948	981
948	983
949	975
949	988
950	959
950	964
950	969
950	993
950	998
951	957
951	980
952	980
952	985
953	957
953	965
953	970
953	980
953	987
953	989
956	957
956	976
956	977
956	978
958	964
958	979
958	980
958	990
958	994
958	996
959	965
959	970
959	980
961	983
961	986
962	989
962	996
963	964
963	996
964	970
964	975
964	989
965	994
966	973
966	996
967	969
967	971
967	988
967	991
968	988
969	971
969	975
969	979
970	993
970	995
972	982
973	990
974	995
975	984
975	989
975	995
976	982
977	988
979	993
980	987
981	990
982	991
983	990
985	987
988	991
990	998
993	997
994	998
996	997
998	999
