0	4
0	5
0	8
0	14
0	34
0	48
0	52
0	70
0	91
0	93
0	94
0	98
0	195
0	204
0	264
0	524
0	900
1	1
1	9
1	12
1	14
1	19
1	20
1	23
1	26
1	44
1	45
1	51
1	58
1	69
1	89
1	90
1	289
1	299
1	324
1	362
1	398
2	10
2	13
2	14
2	16
2	18
2	25
2	28
2	30
2	36
2	41
2	47
2	48
2	52
2	57
2	80
2	93
2	94
2	702
2	754
3	4
3	33
3	42
3	49
3	70
3	86
3	89
3	95
3	97
3	552
3	582
3	647
3	689
3	690
3	771
4	5
4	20
4	24
4	25
4	38
4	46
4	49
4	51
4	55
4	58
4	72
4	267
4	279
4	626
5	9
5	13
5	15
5	28
5	47
5	56
5	61
5	65
5	67
5	74
5	79
5	84
5	93
5	94
5	352
5	562
5	706
5	834
5	983
6	11
6	24
6	25
6	32
6	34
6	35
6	37
6	62
6	65
6	67
6	80
6	81
6	84
6	87
6	95
6	122
6	369
6	584
6	833
6	902
7	8
7	20
7	30
7	34
7	44
7	46
7	48
7	59
7	61
7	70
7	73
7	77
7	86
7	90
7	93
7	95
7	96
7	386
7	515
7	775
8	12
8	16
8	17
8	20
8	28
8	41
8	48
8	53
8	60
8	66
8	68
8	77
8	82
8	95
8	545
8	968
9	11
9	12
9	16
9	22
9	27
9	30
9	40
9	43
9	50
9	51
9	59
9	82
9	94
9	481
9	556
9	887
10	11
10	23
10	31
10	37
10	42
10	45
10	47
10	58
10	59
10	61
10	62
10	77
10	81
10	87
10	91
10	97
10	99
10	517
10	764
11	17
11	32
11	34
11	41
11	59
11	68
11	76
11	84
11	92
11	95
11	149
11	670
11	784
11	861
12	21
12	23
12	25
12	33
12	36
12	39
12	55
12	58
12	71
12	80
12	85
12	95
12	98
12	310
12	420
12	745
12	805
13	15
13	18
13	33
13	35
13	41
13	42
13	53
13	57
13	64
13	75
13	80
13	81
13	82
13	93
13	97
13	232
13	386
13	696
13	820
13	870
14	17
14	25
14	27
14	28
14	30
14	43
14	59
14	65
14	67
14	84
14	86
14	98
15	16
15	19
15	23
15	25
15	28
15	35
15	70
15	74
15	76
15	78
15	82
15	84
15	92
15	96
15	99
15	201
15	258
15	292
15	485
15	755
16	22
16	27
16	36
16	47
16	51
16	56
16	57
16	61
16	77
16	78
16	86
16	89
16	143
16	285
16	393
16	435
17	20
17	21
17	29
17	32
17	45
17	63
17	73
17	75
17	78
17	80
17	90
17	92
17	94
17	99
17	115
17	209
17	913
18	23
18	24
18	45
18	48
18	52
18	55
18	56
18	59
18	61
18	66
18	68
18	72
18	75
18	78
18	80
18	83
18	90
18	94
18	498
18	554
19	20
19	25
19	26
19	31
19	36
19	48
19	53
19	54
19	75
19	81
19	85
19	90
19	95
19	412
19	438
20	22
20	47
20	48
20	50
20	53
20	60
20	63
20	64
20	70
20	81
20	94
20	759
20	984
21	22
21	23
21	32
21	43
21	60
21	62
21	63
21	68
21	73
21	76
21	649
21	941
22	32
22	46
22	50
22	51
22	52
22	55
22	64
22	68
22	73
22	80
22	82
22	92
22	120
22	133
22	320
22	392
22	592
22	918
23	29
23	34
23	54
23	68
23	73
23	75
23	81
23	86
23	91
23	349
23	364
23	694
23	847
24	24
24	29
24	30
24	34
24	44
24	51
24	61
24	69
24	79
24	83
24	90
24	95
24	118
24	663
24	745
25	30
25	35
25	41
25	42
25	52
25	53
25	56
25	62
25	69
25	76
25	92
25	484
25	604
25	860
26	38
26	44
26	48
26	50
26	52
26	64
26	69
26	70
26	77
26	80
26	88
26	89
26	93
26	96
26	828
26	887
27	33
27	34
27	54
27	56
27	57
27	59
27	62
27	63
27	65
27	67
27	72
27	75
27	77
27	386
27	564
27	610
28	36
28	39
28	41
28	53
28	55
28	69
28	70
28	81
28	82
28	89
28	92
28	157
28	423
28	708
28	746
28	766
29	29
29	31
29	32
29	44
29	45
29	54
29	66
29	73
29	82
29	89
29	139
29	488
29	704
29	845
30	37
30	44
30	47
30	49
30	51
30	52
30	60
30	63
30	82
30	87
30	91
30	511
30	623
30	699
30	969
31	52
31	61
31	75
31	91
31	96
31	97
31	99
31	269
31	348
31	385
31	446
31	851
31	999
32	33
32	35
32	42
32	44
32	47
32	55
32	96
32	99
32	355
32	516
32	725
33	33
33	36
33	43
33	45
33	46
33	53
33	68
33	72
33	77
33	78
33	83
33	86
33	89
33	96
33	224
33	401
34	37
34	49
34	57
34	62
34	69
34	74
34	96
34	309
34	492
34	773
35	42
35	43
35	45
35	47
35	52
35	65
35	74
35	87
35	90
35	93
35	97
35	152
35	665
35	766
36	50
36	51
36	52
36	58
36	73
36	74
36	90
36	97
36	139
36	217
36	377
36	808
37	49
37	51
37	56
37	57
37	66
37	68
37	70
37	73
37	79
37	89
37	91
37	98
37	170
37	205
37	251
37	599
37	672
37	873
38	57
38	65
38	71
38	78
38	79
38	92
38	93
38	162
38	231
38	263
38	665
38	856
39	43
39	44
39	49
39	55
39	59
39	60
39	62
39	67
39	68
39	78
39	82
39	99
39	210
39	235
39	273
39	508
39	784
40	52
40	58
40	60
40	67
40	87
40	441
40	724
40	914
41	58
41	60
41	75
41	77
41	86
41	91
41	93
41	164
41	341
41	370
41	622
41	627
41	851
42	42
42	49
42	52
42	73
42	76
42	88
42	436
43	50
43	56
43	58
43	61
43	65
43	69
43	79
43	87
43	95
43	97
43	403
43	432
43	533
44	48
44	58
44	67
44	70
44	81
44	83
44	92
44	368
44	624
44	694
45	53
45	66
45	67
45	68
45	75
45	78
45	87
45	267
45	591
45	723
46	55
46	61
46	62
46	63
46	70
46	78
46	81
46	88
46	91
46	111
46	262
47	53
47	56
47	64
47	77
47	82
47	98
47	345
47	359
47	576
47	816
48	49
48	66
48	75
48	79
48	81
48	85
48	87
48	90
48	95
48	96
48	99
48	546
48	620
48	640
48	725
49	56
49	58
49	59
49	61
49	62
49	63
49	67
49	68
49	70
49	80
49	92
49	95
49	96
49	99
49	306
50	54
50	64
50	77
50	79
50	82
50	173
50	230
50	335
50	480
50	552
50	720
51	51
51	53
51	60
51	65
51	67
51	74
51	84
51	93
51	223
51	637
52	52
52	54
52	57
52	59
52	63
52	77
52	82
52	86
52	98
52	436
52	779
52	800
52	942
52	962
53	57
53	61
53	65
53	70
53	75
53	77
53	99
53	337
53	611
53	831
53	976
54	55
54	63
54	64
54	81
54	85
54	86
54	92
54	96
54	177
54	390
54	843
55	59
55	70
55	80
55	84
55	88
55	96
55	226
55	515
55	569
55	575
56	60
56	61
56	62
56	76
56	79
56	82
56	85
56	94
56	688
56	756
57	60
57	67
57	70
57	71
57	76
57	83
57	94
57	96
57	98
57	136
57	412
57	830
57	928
57	938
57	982
57	997
58	66
58	67
58	68
58	76
58	82
58	89
58	95
58	98
58	99
58	661
59	60
59	67
59	70
59	75
59	83
59	92
59	97
59	437
59	511
60	61
60	65
60	74
60	76
60	77
60	84
60	95
60	98
60	519
60	663
60	919
61	74
61	92
61	95
61	98
61	315
62	62
62	68
62	69
62	70
62	75
62	80
62	99
62	136
62	550
62	599
63	70
63	79
63	84
63	90
63	91
63	92
63	99
63	111
63	244
63	805
64	68
64	82
64	86
64	95
64	96
64	107
64	190
64	335
64	452
65	65
65	69
65	81
65	91
65	131
65	204
65	602
65	730
66	68
66	71
66	78
66	81
66	82
66	91
66	243
66	294
66	538
66	787
66	801
67	72
67	73
67	78
67	208
67	209
67	593
68	75
68	77
68	88
68	94
68	98
68	192
68	239
68	366
68	764
68	882
69	70
69	79
69	80
69	89
69	96
69	140
69	226
69	273
69	378
69	437
69	495
70	72
70	85
70	88
70	90
70	91
70	95
70	99
70	380
70	393
70	500
70	521
70	536
70	611
70	874
70	921
71	74
71	90
71	91
71	94
71	95
71	97
71	337
71	635
71	736
72	73
72	79
72	80
72	89
72	94
72	347
72	875
73	82
73	85
73	86
73	200
74	77
74	83
74	98
74	99
74	164
74	342
74	664
74	805
75	78
75	82
75	95
75	423
75	498
75	507
75	570
75	683
75	688
75	968
76	97
76	618
77	84
77	85
77	88
77	89
77	354
77	413
77	561
77	640
77	802
77	918
77	977
78	85
78	88
78	333
79	80
79	83
79	84
79	97
79	114
79	198
79	473
79	985
80	92
80	96
80	238
80	285
80	443
80	533
80	597
80	649
81	94
81	96
81	99
81	242
81	259
81	538
81	622
81	695
81	788
81	939
82	88
82	208
82	433
82	476
82	478
82	624
82	983
83	84
83	86
83	88
83	99
83	116
83	439
83	585
84	87
84	88
84	95
84	99
84	485
84	763
85	99
85	500
85	618
86	91
86	96
86	97
86	279
86	330
86	876
86	941
87	88
87	92
87	348
87	497
87	757
87	788
88	94
88	96
88	315
88	339
88	340
88	417
88	547
88	706
89	642
90	94
90	95
90	97
91	92
91	94
91	625
91	691
91	921
92	173
92	230
92	458
92	624
92	748
92	810
92	825
93	158
93	770
94	152
94	682
94	888
95	99
95	179
95	449
95	596
95	669
95	694
95	702
95	894
95	936
96	98
96	434
96	823
97	99
97	480
97	668
97	826
98	98
98	99
98	238
98	662
99	454
99	545
99	752
99	809
100	104
100	110
100	115
100	119
100	121
100	122
100	137
100	143
100	148
100	152
100	158
100	162
100	164
100	166
100	180
100	185
100	189
100	190
100	197
100	361
100	826
100	837
101	108
101	110
101	128
101	134
101	137
101	140
101	145
101	170
101	172
101	180
101	192
101	199
101	219
101	414
101	896
101	937
102	109
102	136
102	143
102	155
102	156
102	173
102	175
102	193
102	196
102	210
102	246
102	313
102	457
102	494
102	596
102	750
103	105
103	106
103	111
103	112
103	117
103	124
103	127
103	133
103	149
103	150
103	152
103	154
103	157
103	158
103	176
103	195
103	199
103	523
103	678
103	712
104	109
104	118
104	133
104	147
104	155
104	161
104	163
104	164
104	168
104	170
104	193
104	208
104	720
104	812
105	108
105	112
105	122
105	133
105	135
105	150
105	158
105	160
105	164
105	181
105	192
105	194
105	195
105	199
105	200
105	266
105	671
105	986
106	114
106	115
106	121
106	130
106	133
106	139
106	154
106	158
106	167
106	171
106	176
106	181
106	187
106	203
106	228
106	435
106	564
106	642
107	109
107	110
107	118
107	127
107	129
107	130
107	131
107	139
107	155
107	157
107	166
107	174
107	182
107	198
107	345
108	113
108	120
108	125
108	133
108	137
108	147
108	166
108	301
108	530
108	692
108	836
108	955
109	114
109	135
109	140
109	144
109	147
109	156
109	165
109	171
109	174
109	175
109	186
109	190
109	193
109	927
110	116
110	131
110	136
110	138
110	139
110	151
110	163
110	170
110	173
110	178
110	179
110	183
110	185
110	188
110	189
110	193
110	198
110	296
110	941
111	117
111	125
111	130
111	131
111	132
111	138
111	140
111	149
111	160
111	161
111	167
111	170
111	181
111	192
111	193
111	195
111	199
111	277
111	619
111	647
111	706
111	954
112	116
112	120
112	121
112	130
112	134
112	144
112	151
112	153
112	175
112	177
112	465
112	717
112	719
112	791
112	809
113	118
113	124
113	129
113	130
113	134
113	141
113	154
113	163
113	164
113	178
113	183
113	193
113	633
113	846
114	115
114	127
114	132
114	138
114	140
114	141
114	142
114	149
114	152
114	159
114	162
114	163
114	167
114	168
114	171
114	172
114	177
114	187
114	190
114	192
115	117
115	122
115	133
115	137
115	141
115	143
115	144
115	149
115	156
115	161
115	164
115	166
115	173
115	192
115	227
115	313
115	367
115	474
115	580
115	897
116	119
116	123
116	129
116	133
116	140
116	154
116	156
116	160
116	169
116	180
116	182
116	188
116	266
116	313
116	611
116	805
117	120
117	121
117	126
117	128
117	130
117	135
117	140
117	145
117	150
117	155
117	161
117	162
117	170
117	182
117	183
117	190
117	195
117	196
117	216
117	428
117	515
118	133
118	137
118	140
118	142
118	144
118	148
118	151
118	179
118	183
118	305
118	479
119	123
119	127
119	137
119	140
119	157
119	181
119	192
119	193
119	195
119	351
119	698
119	721
120	123
120	124
120	144
120	154
120	155
120	164
120	170
120	183
120	186
120	187
120	189
120	379
120	678
120	719
120	773
121	144
121	147
121	166
121	169
121	194
121	195
121	344
121	715
121	722
122	124
122	128
122	131
122	143
122	145
122	149
122	164
122	191
122	192
122	194
122	657
122	814
122	827
123	132
123	136
123	151
123	155
123	157
123	162
123	168
123	172
123	180
123	188
123	342
123	608
123	814
124	129
124	131
124	134
124	140
124	159
124	164
124	166
124	168
124	174
124	176
124	185
124	186
124	191
124	193
124	197
124	412
124	583
124	596
124	923
125	133
125	146
125	151
125	182
125	186
125	188
125	392
126	127
126	144
126	147
126	157
126	169
126	171
126	172
126	173
126	176
126	177
126	183
126	187
126	189
126	193
126	252
126	297
126	312
126	461
126	825
127	137
127	157
127	158
127	171
127	172
127	178
127	195
127	197
127	213
127	233
127	261
127	323
127	343
127	374
127	476
127	492
127	833
128	133
128	134
128	148
128	152
128	157
128	164
128	177
128	187
128	218
128	227
128	612
128	613
128	624
128	910
129	156
129	169
129	172
129	187
129	204
129	224
129	287
129	743
129	977
130	135
130	149
130	154
130	168
130	169
130	171
130	179
130	183
130	187
130	190
130	192
130	195
131	132
131	135
131	147
131	153
131	171
131	179
131	187
131	192
131	195
131	471
131	535
132	137
132	145
132	151
132	157
132	164
132	168
132	176
132	185
132	194
132	862
133	134
133	136
133	140
133	142
133	143
133	150
133	158
133	163
133	164
133	175
133	186
133	187
133	316
133	491
133	532
133	605
134	149
134	151
134	164
134	167
134	177
134	187
134	191
134	192
134	194
134	195
134	199
134	333
134	681
135	140
135	146
135	148
135	150
135	162
135	163
135	167
135	180
135	181
135	191
135	193
135	239
135	276
135	572
135	940
136	137
136	139
136	151
136	152
136	156
136	157
136	160
136	170
136	175
136	186
136	193
136	195
136	198
136	362
136	458
136	523
136	835
136	914
136	948
137	140
137	149
137	150
137	151
137	160
137	171
137	174
137	182
137	191
137	197
137	606
137	681
138	145
138	149
138	155
138	164
138	170
138	189
138	192
138	193
138	195
138	442
138	616
139	148
139	153
139	162
139	164
139	172
139	655
139	769
140	143
140	144
140	150
140	152
140	167
140	173
140	174
140	177
140	181
140	280
140	350
140	765
141	149
141	151
141	159
141	170
141	178
141	184
141	192
141	193
141	198
141	223
141	549
141	790
142	150
142	151
142	154
142	157
142	158
142	160
142	164
142	167
142	169
142	170
142	176
142	184
142	191
142	193
142	196
142	199
142	285
142	903
143	145
143	162
143	172
143	175
143	176
143	181
143	186
143	247
143	849
144	152
144	153
144	159
144	167
144	168
144	169
144	175
144	198
144	764
144	887
144	911
144	991
145	147
145	148
145	149
145	152
145	168
145	171
145	183
145	390
146	149
146	158
146	167
146	170
146	173
146	174
146	175
146	190
146	196
146	199
146	517
146	668
146	868
146	885
147	158
147	161
147	168
147	172
147	176
147	179
147	181
147	185
147	188
147	199
147	379
147	738
147	796
147	958
148	153
148	157
148	168
148	172
148	173
148	183
148	195
148	198
148	276
148	814
149	150
149	155
149	157
149	171
149	189
149	190
149	193
149	349
149	463
149	958
150	153
150	158
150	191
150	194
150	288
150	704
151	156
151	162
151	164
151	170
151	175
151	176
151	177
151	178
151	191
151	199
151	214
151	300
151	523
151	957
152	160
152	163
152	166
152	170
152	171
152	178
152	195
152	199
152	943
153	162
153	168
153	171
153	172
153	175
153	194
153	402
153	672
154	161
154	167
154	196
154	199
154	325
154	508
155	156
155	168
155	176
155	191
155	536
155	686
155	883
156	157
156	162
156	171
156	174
156	178
156	183
156	190
156	289
156	444
156	668
156	969
156	982
157	164
157	175
157	181
157	188
157	191
157	194
157	211
157	249
157	398
157	433
157	616
158	159
158	174
158	177
158	178
158	189
158	291
158	300
158	397
158	977
159	163
159	164
159	166
159	170
159	179
159	181
159	189
159	191
159	197
159	370
159	664
159	987
160	169
160	181
160	412
160	560
160	941
161	161
161	165
161	168
161	173
161	179
161	182
161	770
162	162
162	176
162	180
162	183
162	192
162	193
162	196
162	266
162	324
162	426
162	660
162	936
163	167
163	169
163	171
163	172
163	178
163	187
163	424
163	886
164	178
164	184
164	196
164	222
164	604
164	821
165	183
165	185
165	398
165	707
165	809
165	841
166	170
166	173
166	177
166	183
166	187
166	193
166	483
166	567
166	773
166	941
167	169
167	170
167	171
167	172
167	173
167	383
167	433
167	780
167	987
168	180
168	181
168	185
168	189
168	191
168	195
168	384
168	410
169	174
169	177
169	187
169	197
169	199
169	303
169	411
169	537
169	677
169	914
170	176
170	186
170	198
170	338
170	601
170	676
170	879
171	172
171	173
171	181
171	183
171	185
171	192
171	694
171	836
171	936
172	172
172	199
172	339
172	686
172	871
172	975
173	174
173	180
173	184
173	192
173	194
173	198
173	363
173	983
174	183
174	189
174	198
174	609
174	876
175	180
175	186
175	347
175	389
175	418
175	506
175	910
176	187
176	197
176	198
176	438
176	647
177	181
177	185
177	187
177	710
177	815
177	887
178	193
178	197
178	227
178	340
178	352
178	609
178	716
178	813
178	855
179	182
179	184
179	187
179	193
179	227
179	503
179	505
180	188
180	190
180	424
180	629
180	712
180	894
180	904
181	182
181	184
181	186
181	187
181	192
181	196
181	197
181	362
181	370
181	742
181	910
181	925
182	183
182	185
182	193
182	196
182	373
182	692
182	908
182	977
183	188
183	190
183	197
183	198
183	600
183	932
184	188
184	191
184	195
184	199
184	715
185	189
185	190
185	195
185	196
185	307
185	708
185	876
185	937
186	186
186	189
186	333
186	452
186	700
186	765
187	187
187	193
187	197
187	454
187	816
188	230
188	652
188	905
189	191
189	335
189	366
189	509
189	914
189	945
190	523
190	640
190	882
190	888
190	996
191	194
191	218
191	452
191	621
192	196
192	199
192	218
192	268
192	321
192	536
192	891
194	195
194	199
194	766
196	342
196	498
196	843
197	199
197	256
197	811
197	876
198	209
198	229
198	742
198	853
198	937
199	354
199	523
199	757
200	200
200	204
200	207
200	208
200	216
200	220
200	227
200	239
200	246
200	258
200	260
200	262
200	269
200	283
200	287
200	296
200	853
201	202
201	204
201	210
201	216
201	234
201	245
201	260
201	265
201	275
201	282
201	289
201	298
201	409
201	618
201	755
202	205
202	207
202	216
202	217
202	223
202	230
202	238
202	254
202	259
202	265
202	270
202	275
202	299
202	803
203	224
203	238
203	242
203	243
203	258
203	261
203	264
203	267
203	274
203	279
203	286
203	293
204	204
204	205
204	206
204	214
204	219
204	223
204	228
204	231
204	245
204	247
204	264
204	266
204	269
204	270
204	271
204	272
204	276
204	283
204	299
204	712
204	780
205	206
205	217
205	225
205	227
205	244
205	252
205	253
205	262
205	275
205	285
205	479
205	502
205	637
206	258
206	265
206	270
206	275
206	278
206	279
206	285
206	286
206	317
206	507
207	211
207	215
207	221
207	222
207	230
207	235
207	245
207	246
207	247
207	249
207	252
207	256
207	257
207	262
207	263
207	272
207	273
207	278
207	293
207	294
207	612
207	779
208	213
208	214
208	235
208	236
208	254
208	255
208	256
208	257
208	261
208	263
208	264
208	284
208	286
208	287
208	289
208	382
208	569
208	614
209	213
209	214
209	222
209	235
209	240
209	241
209	244
209	248
209	251
209	267
209	280
209	297
209	463
209	510
210	215
210	221
210	239
210	240
210	266
210	267
210	269
210	281
210	284
210	285
210	290
210	363
211	215
211	225
211	226
211	227
211	229
211	234
211	247
211	261
211	281
211	285
211	293
211	295
211	296
211	847
212	218
212	228
212	235
212	250
212	253
212	268
212	277
212	279
212	291
212	412
212	582
212	779
213	238
213	243
213	244
213	251
213	261
213	263
213	270
213	274
213	282
213	286
213	291
213	299
213	418
213	493
213	663
213	859
214	221
214	222
214	225
214	235
214	244
214	250
214	254
214	255
214	259
214	265
214	269
214	280
214	296
214	299
214	689
215	219
215	229
215	232
215	233
215	236
215	241
215	243
215	251
215	263
215	274
215	284
215	292
215	293
215	693
215	750
215	819
215	933
215	983
216	230
216	246
216	253
216	255
216	257
216	259
216	264
216	267
216	271
216	275
216	284
216	286
216	288
216	320
216	484
216	571
216	879
217	221
217	228
217	238
217	251
217	253
217	257
217	259
217	267
217	281
217	282
217	287
217	294
217	433
217	689
217	800
218	221
218	227
218	243
218	248
218	249
218	260
218	263
218	264
218	270
218	272
218	276
218	294
218	864
218	914
219	220
219	233
219	236
219	237
219	241
219	242
219	254
219	255
219	270
219	272
219	274
219	275
219	278
219	687
220	230
220	232
220	235
220	236
220	239
220	241
220	245
220	249
220	257
220	258
220	261
220	262
220	267
220	287
220	292
220	293
220	294
220	715
220	754
220	770
220	865
221	251
221	265
221	278
221	282
221	299
221	790
221	972
222	240
222	242
222	246
222	252
222	261
222	262
222	276
222	831
223	229
223	234
223	237
223	239
223	240
223	259
223	267
223	272
223	292
223	296
223	381
223	430
223	462
224	229
224	232
224	234
224	240
224	242
224	246
224	252
224	254
224	268
224	421
224	612
224	615
224	927
225	231
225	254
225	258
225	261
225	270
225	272
225	291
225	349
225	735
226	230
226	236
226	264
226	269
226	272
226	276
226	277
226	294
226	402
226	446
226	646
226	954
227	238
227	239
227	241
227	242
227	247
227	252
227	255
227	256
227	272
227	278
227	281
227	285
227	287
227	294
227	549
227	693
228	228
228	229
228	233
228	237
228	239
228	245
228	247
228	248
228	253
228	255
228	262
228	284
228	285
228	286
228	289
228	299
228	740
228	847
228	932
229	246
229	250
229	259
229	266
229	278
229	284
229	287
229	298
229	500
229	626
229	715
229	721
229	735
229	973
230	248
230	262
230	270
230	273
230	275
230	279
230	283
230	285
230	286
230	288
230	296
230	572
230	788
231	232
231	234
231	243
231	246
231	265
231	269
231	273
231	282
232	234
232	248
232	264
232	268
232	269
232	270
232	273
232	277
232	289
232	291
232	299
232	402
232	534
232	585
232	864
233	234
233	236
233	237
233	241
233	245
233	248
233	254
233	266
233	282
233	288
233	292
233	340
233	683
233	856
234	241
234	252
234	254
234	257
234	278
234	279
234	284
234	471
234	606
234	884
235	238
235	239
235	244
235	245
235	248
235	259
235	262
235	264
235	267
235	270
235	275
235	282
235	296
235	354
235	394
235	867
235	869
236	238
236	240
236	243
236	246
236	255
236	258
236	263
236	274
236	293
236	295
236	421
236	589
236	881
237	239
237	255
237	258
237	268
237	272
237	278
237	282
237	284
237	288
237	290
237	353
237	760
238	241
238	249
238	250
238	262
238	269
238	274
238	294
238	779
239	249
239	250
239	256
239	259
239	262
239	265
239	282
239	283
239	284
239	299
239	330
239	556
239	631
239	719
239	770
239	775
239	905
240	241
240	245
240	268
240	271
240	273
240	312
240	459
240	474
240	537
240	572
240	581
241	253
241	260
241	262
241	272
241	286
241	294
241	298
241	416
241	877
241	935
242	244
242	247
242	256
242	262
242	351
242	468
242	689
242	901
243	251
243	264
243	273
243	275
243	281
243	290
243	296
243	357
243	413
243	668
243	696
243	767
243	775
243	867
244	249
244	250
244	256
244	262
244	268
244	272
244	276
244	278
244	281
244	282
244	283
244	284
244	286
244	287
244	296
244	534
245	258
245	260
245	262
245	264
245	276
245	289
245	290
245	299
245	474
245	712
246	253
246	255
246	265
246	266
246	267
246	268
246	273
246	280
246	288
246	291
246	299
246	586
247	249
247	262
247	267
247	287
247	296
247	297
247	733
247	927
248	248
248	251
248	252
248	253
248	254
248	258
248	260
248	273
248	277
248	284
248	290
248	293
248	296
248	590
248	694
248	706
249	254
249	273
249	278
249	280
249	499
249	778
249	807
249	973
250	257
250	272
250	299
250	376
250	535
250	947
251	257
251	258
251	259
251	265
251	270
251	271
251	273
251	276
251	277
251	280
251	282
251	285
251	287
251	295
251	458
251	824
252	252
252	264
252	267
252	271
252	276
252	283
252	288
252	292
252	295
252	299
253	257
253	258
253	272
253	277
253	278
253	293
254	254
254	260
254	265
254	268
254	271
254	279
254	290
254	291
254	293
254	305
254	914
255	267
255	277
255	294
255	296
255	325
255	416
255	598
255	659
255	687
256	257
256	269
256	270
256	271
256	274
256	280
256	283
256	287
256	293
256	295
256	299
256	464
256	730
256	764
256	873
257	259
257	260
257	262
257	272
257	275
257	289
257	290
257	291
257	292
257	598
258	266
258	268
258	283
258	285
258	286
258	289
258	296
258	328
258	591
258	672
258	838
258	940
258	976
259	260
259	266
259	272
259	275
259	277
259	289
259	293
259	583
259	727
259	845
260	263
260	266
260	269
260	274
260	276
260	281
260	283
260	286
260	295
260	372
260	432
260	580
260	878
260	966
261	262
261	284
261	285
261	343
261	885
262	263
262	266
262	274
262	276
262	293
262	299
262	424
262	536
262	575
262	692
262	815
263	272
263	275
263	284
263	288
263	290
263	297
263	941
264	281
264	293
264	554
264	800
264	857
265	266
265	270
265	274
265	279
265	281
265	290
265	291
265	295
265	403
265	621
265	656
265	858
265	922
266	269
266	284
266	286
266	288
266	293
266	298
266	325
266	515
266	675
266	898
266	907
267	271
267	285
267	299
267	603
268	274
268	275
268	277
268	285
268	290
268	291
268	292
268	295
268	412
268	528
268	881
269	274
269	290
269	293
269	524
269	541
270	280
270	281
270	511
270	571
270	775
271	281
271	741
271	876
272	283
272	294
272	417
272	463
272	538
273	280
273	283
273	297
273	441
273	901
273	927
274	279
274	283
274	293
274	296
274	298
274	347
274	360
274	391
274	850
274	933
275	286
275	288
275	297
275	298
275	310
275	896
276	284
276	287
276	293
276	295
276	527
277	281
277	290
277	293
277	294
277	298
277	573
277	792
278	282
278	285
278	287
278	291
278	336
278	624
278	946
279	283
279	292
279	587
279	670
279	887
280	293
280	295
280	669
280	694
280	951
281	287
281	292
281	297
281	299
281	603
281	823
282	283
282	455
282	481
282	791
282	933
282	967
283	284
283	292
283	299
283	435
284	287
284	289
284	438
285	292
285	967
286	287
286	295
286	318
286	369
286	374
286	533
286	779
286	975
287	296
287	358
287	605
287	911
288	289
288	291
288	297
288	299
288	337
288	357
288	766
288	818
289	414
290	291
290	299
290	384
290	560
290	700
290	707
290	720
291	292
291	297
291	774
291	833
291	851
291	972
292	697
293	371
293	890
294	299
294	599
294	733
294	844
294	950
295	814
296	297
296	442
296	758
297	297
297	298
297	311
297	805
297	846
298	362
298	737
298	794
299	603
299	798
299	935
299	951
300	305
300	307
300	309
300	318
300	335
300	336
300	339
300	343
300	348
300	360
300	370
300	374
300	378
300	390
300	393
300	394
300	396
300	565
300	764
301	301
301	318
301	326
301	335
301	338
301	341
301	348
301	365
301	366
301	367
301	368
301	375
301	378
301	387
301	393
301	394
301	474
302	302
302	306
302	319
302	320
302	323
302	332
302	340
302	343
302	346
302	349
302	356
302	361
302	364
302	366
302	371
302	379
302	386
302	391
302	567
302	908
302	943
303	309
303	325
303	330
303	335
303	344
303	345
303	370
303	386
303	387
303	388
304	309
304	310
304	317
304	321
304	324
304	331
304	333
304	335
304	339
304	341
304	349
304	364
304	368
304	375
304	383
304	394
304	396
304	539
304	601
304	941
305	316
305	318
305	326
305	327
305	328
305	337
305	345
305	348
305	355
305	363
305	364
305	375
305	390
305	398
305	432
305	491
305	978
306	312
306	320
306	322
306	328
306	329
306	334
306	345
306	347
306	349
306	353
306	355
306	360
306	364
306	368
306	377
306	389
306	573
306	723
306	896
306	899
307	310
307	331
307	332
307	348
307	352
307	360
307	365
307	367
307	376
307	378
307	394
307	551
307	742
307	799
308	319
308	338
308	341
308	345
308	346
308	347
308	348
308	354
308	356
308	357
308	361
308	391
308	392
308	397
308	802
308	871
309	313
309	324
309	359
309	361
309	366
309	370
309	373
309	374
309	378
309	380
309	389
309	396
309	398
309	399
309	413
309	837
309	914
310	311
310	313
310	319
310	336
310	338
310	347
310	372
310	374
310	385
310	386
310	389
311	314
311	315
311	323
311	327
311	328
311	339
311	341
311	342
311	363
311	365
311	373
311	376
311	377
311	379
311	391
311	399
311	516
311	639
311	764
311	778
312	317
312	322
312	325
312	327
312	328
312	349
312	359
312	362
312	364
312	366
312	371
312	379
312	383
312	398
312	509
313	326
313	343
313	349
313	352
313	355
313	361
313	362
313	377
313	380
313	387
313	659
313	973
314	314
314	322
314	326
314	329
314	336
314	339
314	348
314	349
314	354
314	364
314	366
314	371
314	372
314	381
314	396
314	557
314	581
314	642
315	316
315	317
315	322
315	341
315	343
315	350
315	352
315	353
315	365
315	377
315	387
315	397
315	614
316	319
316	326
316	358
316	362
316	373
316	378
316	381
316	382
316	386
316	395
316	507
316	618
316	892
317	333
317	334
317	339
317	342
317	352
317	370
317	371
317	380
317	384
317	386
317	393
317	555
317	881
318	319
318	326
318	333
318	335
318	342
318	350
318	351
318	356
318	359
318	364
318	367
318	385
318	387
318	391
318	396
318	512
318	747
319	320
319	335
319	337
319	344
319	346
319	357
319	366
319	368
319	375
319	384
319	385
319	396
319	399
319	496
319	619
319	970
320	340
320	341
320	342
320	350
320	358
320	367
320	374
320	376
320	379
320	391
320	396
320	398
320	399
320	580
320	646
320	699
320	734
320	958
321	323
321	325
321	329
321	330
321	332
321	343
321	357
321	364
321	368
321	380
321	381
322	326
322	327
322	335
322	338
322	344
322	346
322	349
322	350
322	368
322	380
322	386
323	342
323	368
323	378
323	380
323	389
323	602
323	614
323	656
323	856
323	894
323	896
324	327
324	333
324	349
324	365
324	369
324	377
324	489
324	588
324	804
324	807
325	329
325	336
325	338
325	341
325	345
325	346
325	351
325	353
325	361
325	366
325	367
325	368
325	377
325	379
325	387
325	389
325	398
325	926
326	329
326	330
326	340
326	346
326	349
326	357
326	376
326	383
326	385
327	328
327	334
327	337
327	341
327	346
327	358
327	359
327	368
327	373
327	376
327	385
327	394
327	398
327	812
327	904
328	338
328	342
328	348
328	350
328	357
328	366
328	378
328	382
328	385
328	386
328	391
328	403
328	552
328	813
328	978
329	332
329	336
329	342
329	348
329	359
329	361
329	368
329	372
329	373
329	374
329	379
329	385
329	390
329	392
329	395
329	398
329	435
329	783
330	330
330	343
330	353
330	356
330	359
330	363
330	379
330	382
330	393
330	394
330	418
330	489
330	533
330	920
330	994
331	345
331	348
331	349
331	377
331	389
331	392
331	394
331	398
331	839
331	856
332	333
332	347
332	348
332	355
332	356
332	358
332	368
332	391
332	395
332	608
333	334
333	336
333	338
333	342
333	348
333	353
333	361
333	367
333	373
333	392
333	399
333	607
334	339
334	341
334	355
334	377
334	381
334	383
334	388
334	397
334	417
334	673
334	692
335	347
335	351
335	355
335	357
335	368
335	371
335	376
335	377
335	382
335	389
335	397
335	564
335	616
335	705
336	339
336	340
336	347
336	360
336	361
336	370
336	395
336	686
337	346
337	347
337	354
337	355
337	360
337	378
337	379
337	384
337	398
337	528
337	858
337	860
337	933
337	936
338	353
338	376
338	380
338	382
338	386
338	391
338	393
338	395
338	398
338	509
338	537
338	559
338	838
339	350
339	354
339	362
339	378
339	388
339	399
339	418
339	504
339	603
339	831
339	898
339	982
340	340
340	342
340	347
340	363
340	364
340	366
340	376
340	387
340	395
340	662
340	716
340	719
340	795
341	357
341	362
341	388
341	394
341	396
341	706
342	353
342	355
342	356
342	365
342	375
342	379
342	380
342	382
342	390
342	636
343	345
343	350
343	353
343	356
343	362
343	372
343	374
343	379
343	384
343	392
343	485
343	690
343	842
344	347
344	353
344	356
344	367
344	370
344	374
344	383
344	461
344	711
344	730
344	824
344	898
344	899
345	345
345	365
345	370
345	377
345	386
345	390
345	395
345	540
345	874
346	350
346	351
346	368
346	373
346	375
346	376
346	378
346	381
346	384
346	395
346	598
346	789
347	351
347	357
347	361
347	363
347	366
347	368
347	371
347	801
348	352
348	354
348	355
348	362
348	380
348	381
348	389
348	390
348	861
348	915
348	953
349	357
349	363
349	364
349	368
349	372
349	374
349	377
349	386
349	397
349	398
349	489
350	352
350	354
350	362
350	374
350	389
350	570
351	358
351	360
351	361
351	365
351	366
351	372
351	379
351	510
351	547
351	557
351	679
351	725
351	871
352	358
352	359
352	372
352	374
352	379
352	387
352	389
352	391
352	396
352	398
352	577
352	804
353	362
353	375
353	376
353	388
353	432
353	807
353	885
353	904
353	984
354	366
354	368
354	371
354	377
354	378
354	379
354	381
354	382
354	389
354	392
354	393
354	398
354	399
354	424
355	355
355	393
355	716
355	812
356	361
356	365
356	371
356	374
356	375
356	380
356	383
356	386
356	395
356	398
356	399
356	612
357	362
357	364
357	366
357	372
357	384
357	387
357	395
357	538
357	572
357	648
358	366
358	375
358	385
358	391
358	392
358	520
358	707
359	363
359	365
359	375
359	380
359	386
359	389
359	395
359	397
359	398
359	661
359	678
360	370
360	380
360	396
360	398
361	368
361	370
361	393
361	704
362	368
362	372
362	385
362	395
362	917
363	366
363	368
363	372
363	375
363	378
363	387
363	392
363	557
363	679
363	686
364	364
364	367
364	382
364	389
364	391
364	392
364	675
365	375
365	385
365	387
365	390
365	502
365	992
366	372
366	376
366	382
366	389
366	390
366	391
366	644
366	908
367	372
367	378
367	384
367	387
367	389
367	393
367	396
367	550
367	564
367	610
367	622
367	937
368	371
368	375
368	382
368	385
368	395
368	397
368	429
368	682
368	945
368	980
369	372
369	374
369	377
369	378
369	379
369	385
369	387
369	548
369	668
369	731
370	372
370	373
370	386
370	388
370	395
370	510
370	689
370	925
370	930
370	938
371	376
371	377
371	378
371	379
371	382
371	694
371	714
371	722
372	374
372	380
372	391
372	392
372	394
372	397
373	374
373	376
373	379
373	385
373	391
373	428
373	445
373	579
373	640
373	684
373	983
374	391
374	470
374	487
374	509
374	736
375	377
375	386
375	388
375	389
375	394
375	399
375	470
375	613
375	756
375	875
376	377
376	380
376	386
376	392
376	397
376	399
376	530
376	671
376	760
377	380
377	382
377	384
377	387
377	388
377	391
377	662
378	382
378	384
378	385
378	387
378	393
378	399
378	582
378	661
378	662
378	745
378	886
379	379
379	387
379	389
379	426
379	459
380	393
380	397
380	398
380	404
380	703
380	711
380	795
380	805
381	382
381	399
381	423
381	435
381	520
381	542
381	748
381	935
382	390
382	392
383	384
383	393
383	394
383	396
383	862
383	959
383	995
384	384
384	397
384	837
385	746
385	900
386	389
386	391
386	392
386	393
386	396
386	827
386	853
387	390
387	809
387	996
388	392
388	790
388	855
389	390
389	396
389	404
390	392
390	396
390	400
390	404
390	427
390	668
391	441
392	392
392	527
392	538
392	643
393	394
393	395
393	447
393	653
394	713
394	859
395	442
395	567
395	880
396	459
396	660
396	911
397	599
397	605
397	807
398	704
398	833
399	551
399	886
399	938
400	404
400	421
400	436
400	444
400	455
400	459
400	461
400	467
400	472
400	473
400	474
400	475
400	487
400	488
400	494
400	948
401	403
401	406
401	420
401	421
401	426
401	429
401	441
401	457
401	461
401	465
401	466
401	471
401	480
401	482
401	491
401	493
401	495
401	496
401	551
401	737
401	833
401	893
402	402
402	414
402	430
402	433
402	475
402	490
402	494
402	495
402	499
403	404
403	408
403	410
403	424
403	428
403	430
403	452
403	454
403	469
403	537
403	623
403	810
403	840
404	417
404	425
404	437
404	439
404	440
404	450
404	454
404	455
404	461
404	472
404	473
404	480
404	482
404	491
404	497
404	595
405	407
405	413
405	439
405	445
405	446
405	451
405	452
405	460
405	484
405	488
405	489
405	658
406	411
406	412
406	417
406	422
406	424
406	437
406	461
406	472
406	479
406	485
406	488
406	491
406	492
406	515
407	410
407	413
407	419
407	431
407	434
407	436
407	446
407	450
407	466
407	468
407	472
407	473
407	479
407	485
407	493
407	495
407	571
407	581
407	998
408	417
408	420
408	425
408	431
408	433
408	434
408	435
408	436
408	452
408	458
408	465
408	468
408	475
408	484
408	495
408	726
409	431
409	436
409	447
409	454
409	456
409	460
409	465
409	471
409	482
409	491
409	492
409	513
409	748
409	975
409	979
410	419
410	422
410	424
410	437
410	445
410	446
410	452
410	454
410	455
410	467
410	484
410	485
410	489
410	493
410	736
410	938
411	425
411	433
411	455
411	456
411	462
411	466
411	489
411	490
411	493
411	497
411	664
411	763
411	975
412	413
412	421
412	427
412	446
412	449
412	454
412	461
412	470
412	471
412	478
412	479
412	487
412	492
412	496
412	497
412	991
413	414
413	416
413	434
413	435
413	439
413	440
413	444
413	447
413	458
413	460
413	472
413	481
413	497
413	530
414	415
414	421
414	425
414	428
414	430
414	441
414	451
414	461
414	462
414	472
414	486
414	491
414	492
414	493
415	420
415	421
415	424
415	440
415	441
415	455
415	459
415	469
415	474
415	481
415	485
415	487
415	875
416	419
416	422
416	439
416	452
416	460
416	463
416	466
416	470
416	472
416	473
416	474
416	484
416	489
416	492
416	493
416	499
416	787
417	423
417	426
417	432
417	434
417	436
417	437
417	448
417	453
417	457
417	463
417	466
417	468
417	470
417	471
417	485
417	486
417	487
417	488
417	491
417	656
417	812
417	867
417	991
418	427
418	428
418	429
418	437
418	444
418	447
418	463
418	498
418	737
418	901
419	429
419	430
419	444
419	445
419	447
419	455
419	461
419	462
419	467
419	468
419	469
419	481
419	486
419	492
419	494
419	571
420	422
420	425
420	430
420	450
420	452
420	469
420	473
420	478
420	484
420	486
420	793
420	843
421	427
421	433
421	434
421	439
421	440
421	443
421	455
421	458
421	464
421	474
421	490
421	492
421	493
421	496
421	497
421	570
421	692
421	740
421	853
422	429
422	432
422	435
422	442
422	446
422	453
422	454
422	456
422	458
422	473
422	483
422	489
422	494
422	531
422	715
422	756
423	432
423	434
423	441
423	444
423	451
423	457
423	460
423	471
423	472
423	478
423	479
423	483
423	492
423	495
423	564
424	436
424	437
424	441
424	442
424	451
424	469
424	471
424	472
424	476
424	478
424	489
424	494
424	498
424	523
425	433
425	445
425	448
425	463
425	466
425	468
425	471
425	480
425	486
425	488
425	490
425	493
425	523
425	779
426	442
426	448
426	453
426	458
426	471
426	479
426	484
426	491
426	492
426	493
426	499
426	549
426	775
427	427
427	428
427	431
427	450
427	455
427	457
427	466
427	468
427	471
427	474
427	478
427	484
427	494
427	497
428	430
428	438
428	440
428	442
428	451
428	452
428	477
428	482
428	484
428	485
428	491
428	499
428	589
428	623
428	704
428	741
428	859
429	430
429	445
429	446
429	452
429	478
429	484
429	488
429	492
429	495
429	496
430	431
430	442
430	479
430	480
430	489
430	612
430	772
430	815
431	432
431	449
431	450
431	455
431	457
431	473
431	483
431	487
431	496
431	499
431	556
431	560
431	632
431	735
432	436
432	449
432	471
432	477
432	484
432	487
432	518
432	521
432	943
433	434
433	436
433	437
433	441
433	472
433	485
433	492
433	494
433	892
433	958
434	436
434	440
434	445
434	446
434	453
434	462
434	473
434	478
434	489
434	494
434	497
434	499
434	652
434	808
434	831
435	436
435	440
435	443
435	447
435	448
435	450
435	451
435	467
435	468
435	469
435	477
435	480
435	484
435	491
435	492
435	499
435	505
435	679
435	757
436	455
436	460
436	463
436	806
437	438
437	439
437	442
437	444
437	454
437	456
437	473
437	484
437	487
437	498
437	595
437	708
438	441
438	444
438	452
438	453
438	456
438	477
438	481
438	483
438	484
438	497
438	498
438	499
439	445
439	450
439	453
439	455
439	461
439	471
439	481
439	488
439	493
439	494
439	572
439	674
439	896
439	928
440	454
440	456
440	463
440	474
440	475
440	480
440	481
440	482
440	495
440	496
440	498
441	453
441	458
441	462
441	491
441	495
442	442
442	445
442	453
442	457
442	481
442	483
442	489
442	540
442	586
442	596
442	982
443	444
443	452
443	460
443	478
443	482
443	488
443	495
443	497
443	499
443	628
443	649
443	964
444	446
444	453
444	454
444	456
444	467
444	469
444	479
444	482
444	484
444	487
444	492
444	498
444	526
444	602
444	649
444	875
444	905
445	452
445	472
445	474
445	477
445	492
445	493
445	494
445	497
445	610
446	451
446	459
446	467
446	472
446	473
446	482
446	484
446	488
446	496
446	624
447	447
447	457
447	463
447	468
447	470
447	472
447	473
447	475
447	476
447	481
447	491
447	498
447	654
447	856
448	450
448	451
448	464
449	467
449	473
449	475
449	480
449	482
449	488
449	786
449	951
450	455
450	459
450	488
450	491
450	493
450	495
451	459
451	460
451	471
451	475
451	477
451	481
451	488
451	844
451	857
452	462
452	464
452	470
452	491
452	846
453	462
453	465
453	467
453	474
453	475
453	476
453	481
453	488
453	496
453	497
454	458
454	464
454	473
454	474
454	480
454	481
454	487
454	492
454	493
454	956
455	456
455	457
455	475
455	480
455	482
455	486
455	487
455	498
455	507
455	542
455	558
455	629
455	679
455	822
456	462
456	478
456	479
456	483
456	484
456	608
457	462
457	464
457	465
457	475
457	491
457	714
458	458
458	467
458	474
458	487
458	490
458	494
458	497
458	499
458	642
458	862
459	467
459	470
459	478
459	483
459	485
459	496
459	684
459	691
460	465
460	470
460	474
460	490
460	493
460	496
460	590
461	464
461	465
461	474
461	475
461	486
461	489
461	494
461	690
462	463
462	471
462	483
462	490
462	496
462	497
462	865
463	467
463	469
463	484
463	487
463	498
463	643
463	729
464	470
464	473
464	474
464	490
464	493
464	799
464	807
464	824
465	466
465	471
465	473
465	476
465	480
465	482
465	483
465	491
465	495
465	830
465	841
466	475
466	482
466	673
467	471
467	474
467	478
467	481
467	485
467	494
467	619
467	974
468	469
468	472
468	484
468	492
468	494
468	714
468	824
468	981
469	473
469	477
469	483
469	488
469	614
469	669
470	474
470	477
470	478
470	479
470	492
470	497
470	607
470	766
471	483
471	490
471	494
471	498
471	849
472	477
472	480
472	482
472	484
472	493
472	495
472	497
472	643
473	486
473	490
473	680
473	682
473	803
473	963
474	486
474	490
474	684
474	913
475	479
475	483
475	490
475	497
475	499
475	942
476	483
476	488
476	491
476	497
476	499
476	501
476	787
477	482
477	488
477	498
477	629
477	670
477	779
477	840
478	480
478	484
478	494
478	496
478	661
478	919
479	490
479	496
479	828
479	839
479	877
480	491
480	523
480	565
481	697
481	735
482	489
482	491
482	497
483	484
483	487
483	696
484	485
484	493
484	494
484	495
484	498
484	564
484	630
484	858
484	998
485	487
485	496
485	497
485	630
485	686
485	786
485	991
486	487
486	493
486	495
486	499
486	693
486	906
486	913
487	491
487	499
487	563
487	645
487	686
487	774
487	869
488	495
488	649
488	685
489	491
489	496
489	859
490	583
490	795
490	840
491	497
491	783
491	850
492	493
492	495
492	900
493	494
493	499
494	583
494	722
494	945
495	496
495	545
495	550
496	497
496	499
496	576
496	747
497	498
497	812
497	981
498	601
498	696
499	660
499	870
499	985
500	501
500	505
500	506
500	517
500	518
500	525
500	529
500	532
500	545
500	553
500	557
500	567
500	577
500	578
500	582
500	584
500	586
500	588
500	598
500	741
501	509
501	513
501	520
501	524
501	536
501	539
501	540
501	545
501	547
501	550
501	561
501	570
501	574
501	580
501	587
501	592
501	597
501	680
501	789
501	875
502	505
502	508
502	509
502	510
502	527
502	530
502	540
502	548
502	793
502	833
502	851
502	940
503	517
503	522
503	524
503	526
503	527
503	528
503	529
503	535
503	576
503	580
503	585
504	520
504	521
504	525
504	528
504	531
504	543
504	545
504	554
504	556
504	561
504	563
504	569
504	571
504	572
504	581
504	586
504	589
504	590
504	599
505	507
505	511
505	512
505	514
505	515
505	517
505	523
505	527
505	529
505	534
505	540
505	542
505	543
505	545
505	557
505	558
505	561
505	567
505	571
505	594
505	874
505	971
506	523
506	526
506	531
506	542
506	551
506	554
506	556
506	560
506	568
506	571
506	572
506	575
506	579
506	581
506	588
506	592
507	520
507	532
507	537
507	538
507	550
507	560
507	573
507	582
507	586
507	867
508	510
508	511
508	512
508	525
508	529
508	537
508	540
508	542
508	546
508	561
508	572
508	573
508	574
508	575
508	589
508	598
508	648
508	837
508	981
509	509
509	513
509	515
509	528
509	534
509	545
509	550
509	555
509	558
509	561
509	564
509	568
509	570
509	572
509	573
509	577
509	581
509	588
509	592
510	522
510	523
510	525
510	536
510	537
510	541
510	543
510	545
510	553
510	554
510	564
510	571
510	574
510	575
510	589
510	599
510	694
511	518
511	521
511	528
511	533
511	538
511	548
511	550
511	555
511	556
511	559
511	560
511	561
511	563
511	578
511	580
511	586
511	598
511	759
512	520
512	521
512	535
512	536
512	554
512	560
512	562
512	568
512	575
512	592
512	598
512	739
512	875
512	890
512	971
513	523
513	529
513	530
513	531
513	535
513	536
513	538
513	546
513	548
513	560
513	569
513	571
513	575
513	583
513	597
513	599
513	744
514	516
514	517
514	521
514	528
514	535
514	553
514	555
514	560
514	561
514	576
514	578
514	582
514	592
514	659
514	745
515	518
515	540
515	541
515	545
515	549
515	550
515	566
515	572
515	581
515	587
515	592
515	680
516	519
516	531
516	534
516	536
516	542
516	573
516	574
516	575
516	577
516	580
516	589
516	597
516	863
517	520
517	521
517	531
517	534
517	535
517	549
517	562
517	579
517	593
517	598
517	604
517	808
518	521
518	551
518	561
518	566
518	579
518	583
518	586
518	590
519	537
519	543
519	549
519	567
519	571
519	573
519	574
519	575
519	587
519	843
520	521
520	523
520	525
520	534
520	537
520	548
520	550
520	557
520	562
520	571
520	573
520	579
520	585
520	589
520	599
520	678
520	913
520	943
521	523
521	535
521	543
521	552
521	555
521	558
521	563
521	564
521	565
521	568
521	570
521	573
521	705
521	871
521	876
521	950
522	524
522	530
522	534
522	545
522	547
522	555
522	560
522	561
522	563
522	573
522	576
522	579
522	593
522	594
522	596
522	729
522	973
523	533
523	548
523	553
523	576
523	578
523	581
523	596
523	645
523	832
524	526
524	528
524	537
524	554
524	560
524	562
524	571
524	572
524	573
524	576
524	588
524	761
525	526
525	531
525	543
525	558
525	566
525	572
525	575
525	579
525	583
525	592
525	593
525	683
525	759
525	933
525	992
526	528
526	529
526	550
526	554
526	557
526	567
526	570
526	574
526	575
526	576
526	579
526	598
526	772
527	531
527	538
527	542
527	544
527	547
527	562
527	567
527	568
527	569
527	574
527	581
527	582
527	597
527	881
528	530
528	534
528	539
528	541
528	550
528	551
528	564
528	567
528	569
528	572
528	575
528	597
528	599
528	643
528	872
528	957
528	972
528	990
529	530
529	533
529	535
529	536
529	549
529	555
529	556
529	560
529	561
529	562
529	581
529	588
529	592
529	594
529	595
529	642
529	677
530	543
530	546
530	561
530	562
530	573
530	576
530	579
530	582
530	584
530	597
530	954
530	956
531	535
531	538
531	565
531	582
531	588
531	726
531	736
531	798
531	809
532	572
532	577
532	693
532	776
533	538
533	540
533	558
533	559
533	564
533	566
533	576
533	577
533	578
533	587
533	588
533	589
533	811
534	547
534	552
534	556
534	560
534	572
534	625
534	749
534	837
535	546
535	556
535	569
535	571
535	575
535	588
535	591
535	598
535	984
536	536
536	538
536	553
536	561
536	563
536	565
536	570
536	574
536	576
536	578
536	581
536	586
536	596
536	597
536	929
537	541
537	543
537	547
537	552
537	556
537	564
537	570
537	572
537	580
537	586
537	599
537	732
537	878
538	539
538	542
538	551
538	552
538	553
538	568
538	570
538	578
538	583
538	587
538	590
538	591
538	592
538	599
538	662
538	988
539	547
539	548
539	556
539	558
539	573
539	581
539	593
539	638
539	799
540	540
540	543
540	544
540	549
540	551
540	552
540	556
540	569
540	572
540	581
540	586
540	594
540	595
540	596
540	599
540	983
540	997
540	999
541	542
541	547
541	548
541	554
541	565
541	572
541	587
541	589
541	596
541	597
542	548
542	553
542	572
542	574
542	578
542	582
542	589
542	592
542	595
542	599
542	831
543	548
543	558
543	569
543	580
543	584
543	585
543	587
543	595
543	982
544	551
544	568
544	586
544	589
544	590
544	746
544	826
544	959
544	968
545	573
545	577
545	578
545	583
545	809
546	551
546	587
546	589
546	590
546	831
546	892
546	972
547	574
547	576
547	580
547	582
547	589
547	592
547	596
547	597
547	711
547	774
547	799
548	549
548	552
548	564
548	577
548	579
548	580
548	582
548	586
548	590
548	680
548	886
549	555
549	558
549	562
549	570
549	572
549	578
549	589
549	593
549	596
549	597
549	858
550	551
550	554
550	555
550	556
550	561
550	566
550	584
550	587
550	590
550	592
550	598
550	731
550	926
551	551
551	552
551	553
551	569
551	575
551	577
551	582
551	584
551	586
551	589
551	591
551	599
551	783
552	568
552	569
552	572
552	573
552	576
552	580
552	597
552	694
553	554
553	557
553	559
553	577
553	579
553	592
553	694
554	560
554	569
554	584
554	585
554	587
555	568
555	572
555	576
555	591
556	562
556	564
556	567
556	571
556	574
556	598
557	557
557	561
557	568
557	578
557	580
557	584
557	592
557	599
557	746
557	826
557	901
557	931
558	562
558	564
558	567
558	575
558	578
558	594
558	986
559	560
559	563
559	569
559	591
559	592
559	615
559	894
559	979
560	566
560	568
560	569
560	579
560	582
560	583
560	587
560	588
560	712
560	955
561	578
561	580
561	584
561	738
562	570
562	571
562	581
562	585
562	586
562	593
562	595
562	597
562	802
563	577
563	584
563	591
563	594
563	598
563	599
563	611
563	711
563	972
564	584
564	585
564	591
565	577
565	581
565	590
565	597
565	993
566	567
566	568
566	569
566	581
566	591
566	595
566	596
567	572
567	574
567	580
567	585
567	593
567	596
567	708
567	779
567	794
567	921
568	575
568	625
568	760
568	808
569	576
569	577
569	581
569	586
569	780
569	843
569	861
570	578
570	581
570	593
570	594
570	598
570	719
571	574
571	578
571	580
571	584
571	594
571	599
571	693
572	577
572	578
572	580
572	591
572	598
572	605
572	768
572	847
573	580
573	582
573	597
573	599
573	683
574	581
574	585
574	676
574	797
574	869
574	874
574	912
575	585
575	595
575	755
576	587
576	591
576	598
576	599
576	619
576	907
576	966
577	580
577	586
577	599
577	709
578	587
578	588
578	595
578	671
578	684
578	726
579	581
579	582
579	583
579	598
579	839
579	919
580	583
580	588
580	722
580	748
581	584
581	588
581	590
581	984
582	594
582	637
582	657
582	775
582	840
583	584
583	595
583	601
583	870
584	592
584	599
584	867
585	585
585	591
585	921
587	593
587	604
587	902
588	590
588	594
588	883
589	597
589	764
590	606
590	910
591	599
591	685
591	916
591	932
592	595
592	596
592	643
592	982
593	596
593	599
594	859
595	707
595	755
595	821
595	868
596	596
596	740
596	827
598	673
598	686
598	695
599	853
600	616
600	624
600	630
600	638
600	640
600	650
600	654
600	657
600	658
600	662
600	664
600	672
600	676
600	683
600	691
600	694
600	927
601	607
601	608
601	614
601	616
601	625
601	626
601	632
601	644
601	649
601	651
601	662
601	663
601	686
601	695
601	770
601	833
601	852
602	606
602	615
602	619
602	625
602	626
602	632
602	633
602	640
602	642
602	659
602	660
602	665
602	667
602	669
602	682
602	688
602	693
602	695
602	698
602	699
602	934
602	961
603	608
603	613
603	622
603	628
603	640
603	649
603	656
603	662
603	663
603	676
603	679
603	736
604	612
604	614
604	620
604	622
604	623
604	633
604	656
604	657
604	666
604	668
604	669
604	674
604	678
604	680
604	681
604	690
605	606
605	612
605	620
605	621
605	623
605	627
605	630
605	631
605	640
605	643
605	645
605	656
605	658
605	665
605	666
605	667
605	677
605	684
605	691
605	699
606	607
606	609
606	616
606	619
606	639
606	640
606	655
606	656
606	658
606	670
606	671
606	693
606	695
606	697
607	607
607	609
607	614
607	628
607	635
607	644
607	646
607	649
607	652
607	658
607	664
607	735
608	608
608	620
608	623
608	633
608	645
608	660
608	666
608	672
608	679
608	689
608	934
608	985
609	610
609	623
609	624
609	635
609	641
609	642
609	647
609	648
609	652
609	668
609	670
609	672
609	677
609	685
609	695
609	873
609	940
610	618
610	619
610	624
610	630
610	631
610	634
610	637
610	641
610	649
610	655
610	672
610	674
610	676
610	679
610	688
610	695
610	897
611	613
611	631
611	637
611	639
611	661
611	680
611	683
611	685
612	612
612	619
612	631
612	646
612	663
612	667
612	683
612	686
612	689
612	694
612	898
613	617
613	623
613	627
613	633
613	647
613	648
613	654
613	659
613	666
613	678
613	698
613	726
614	619
614	625
614	630
614	641
614	642
614	651
614	653
614	657
614	661
614	664
614	665
614	670
614	671
614	674
614	679
614	683
614	695
614	698
614	927
615	620
615	627
615	634
615	643
615	646
615	653
615	659
615	682
615	688
615	817
615	881
616	617
616	618
616	620
616	645
616	662
616	671
616	672
616	675
616	678
616	687
616	691
617	623
617	635
617	638
617	640
617	656
617	659
617	674
617	683
617	687
617	688
617	696
617	697
617	771
618	621
618	622
618	624
618	638
618	662
618	665
618	670
618	683
618	688
618	692
619	630
619	634
619	645
619	662
619	663
619	665
619	676
619	683
619	688
619	689
619	695
619	696
619	698
619	724
620	623
620	629
620	630
620	632
620	634
620	640
620	646
620	650
620	651
620	661
620	666
620	686
620	691
620	693
620	797
621	622
621	639
621	648
621	658
621	659
621	660
621	661
621	667
621	681
621	683
621	684
621	685
621	687
621	688
621	693
621	717
621	830
622	634
622	644
622	651
622	654
622	656
622	658
622	663
622	669
622	677
622	683
622	687
622	689
622	695
622	699
622	807
622	924
623	624
623	634
623	646
623	651
623	656
623	674
623	693
623	696
623	856
623	908
623	913
624	624
624	626
624	642
624	645
624	651
624	653
624	657
624	660
624	661
624	663
624	667
624	676
624	681
624	684
624	689
624	694
624	696
624	854
625	625
625	626
625	633
625	637
625	638
625	647
625	654
625	656
625	660
625	662
625	666
625	671
625	673
625	676
625	679
625	687
625	690
625	698
625	717
626	626
626	632
626	634
626	635
626	637
626	650
626	666
626	668
626	669
626	674
626	686
626	688
626	692
626	841
626	928
627	650
627	670
627	673
627	675
627	679
627	694
627	825
628	629
628	636
628	643
628	646
628	647
628	650
628	652
628	667
628	671
628	672
628	679
628	680
628	696
629	634
629	645
629	656
629	657
629	661
629	669
629	670
629	677
629	678
629	684
629	686
629	687
629	691
629	698
630	646
630	648
630	666
630	675
630	680
630	695
630	734
631	634
631	636
631	640
631	642
631	650
631	657
631	664
631	668
631	672
631	694
631	818
632	635
632	639
632	645
632	646
632	665
632	667
632	669
632	671
632	672
632	675
632	676
632	699
632	897
632	899
633	634
633	646
633	657
633	662
633	664
633	691
633	730
634	634
634	640
634	644
634	647
634	669
634	678
634	682
634	686
634	695
634	696
634	697
635	635
635	639
635	647
635	669
635	674
635	686
635	702
635	713
635	795
636	640
636	651
636	665
636	670
636	678
636	691
636	699
636	966
637	647
637	648
637	649
637	664
637	668
637	674
637	676
637	680
637	696
637	793
637	892
638	639
638	640
638	641
638	648
638	653
638	660
638	662
638	675
638	676
638	677
638	679
638	681
638	682
638	795
638	923
639	653
639	658
639	660
639	666
639	675
639	678
639	683
639	691
639	696
639	764
639	921
639	943
640	643
640	668
640	686
640	690
640	691
640	692
640	776
641	644
641	649
641	651
641	658
641	659
641	663
641	668
641	673
641	676
641	682
641	689
641	690
641	698
641	716
642	645
642	651
642	654
642	662
642	663
642	675
642	686
642	688
642	699
642	736
643	649
643	657
643	674
643	680
643	683
643	685
643	695
643	774
644	645
644	663
644	677
644	678
644	687
644	694
644	701
644	724
644	972
645	645
645	651
645	664
645	665
645	680
645	682
645	683
645	699
646	658
646	669
646	670
646	695
646	781
646	847
647	658
647	659
647	660
647	663
647	676
647	678
647	688
647	695
647	712
647	980
648	657
648	658
648	671
648	679
648	681
648	687
648	976
649	651
649	654
649	660
649	665
649	669
649	673
649	966
650	656
650	657
650	658
650	666
650	672
650	677
650	681
650	682
650	693
650	966
651	660
651	663
651	673
651	698
652	654
652	658
652	664
652	673
652	676
652	682
652	683
652	686
652	690
652	696
652	699
652	858
652	986
653	661
653	662
653	672
653	681
653	682
653	697
653	847
654	660
654	661
654	664
654	665
654	677
654	685
654	695
654	696
654	735
655	655
655	659
655	661
655	664
655	673
655	676
655	684
655	689
655	692
656	658
656	665
656	667
656	687
656	692
656	693
656	697
656	893
656	982
657	670
657	675
657	679
657	681
657	682
657	683
657	690
657	696
658	658
658	659
658	673
658	674
658	675
658	696
659	661
659	662
659	671
659	678
659	685
659	686
659	687
659	690
659	696
659	698
659	841
660	661
660	672
660	674
660	681
660	683
660	686
660	699
661	665
661	667
661	680
661	681
661	689
661	690
661	693
662	663
662	674
662	675
662	677
662	680
662	693
662	695
662	699
662	845
663	666
663	672
663	673
663	675
663	681
663	691
663	699
663	732
663	757
663	949
664	667
664	669
664	680
664	684
664	688
664	689
664	691
664	692
664	695
664	751
665	673
665	680
665	682
666	677
666	686
666	689
666	697
667	672
667	678
667	687
667	691
667	696
667	947
667	950
668	669
668	670
668	671
668	686
668	699
668	891
668	946
668	990
669	671
669	679
669	686
669	696
670	679
670	680
670	690
671	688
672	679
672	688
672	699
672	740
672	859
672	979
673	680
673	683
673	686
673	689
673	692
674	691
674	694
674	696
674	699
674	961
675	682
675	686
676	678
676	682
676	683
676	687
676	693
676	697
677	680
677	689
677	692
677	695
678	683
678	688
678	689
678	690
678	691
678	695
679	683
679	684
679	688
679	693
680	687
680	688
680	690
680	693
680	694
680	810
681	698
681	964
682	690
682	696
682	699
682	855
683	696
683	811
684	688
684	689
684	695
684	696
684	697
684	701
684	885
684	940
685	691
685	695
685	766
685	849
685	977
686	688
686	797
686	889
687	690
688	694
688	806
689	694
689	933
690	691
690	694
690	697
690	793
691	698
691	787
691	991
692	695
692	699
692	923
693	693
694	695
695	909
696	738
696	761
696	806
696	886
697	738
697	753
698	996
699	711
699	799
699	997
700	703
700	715
700	716
700	725
700	745
700	750
700	751
700	773
700	785
700	788
700	793
700	794
700	795
700	983
701	703
701	716
701	724
701	730
701	735
701	737
701	743
701	768
701	770
701	774
701	793
701	797
701	799
701	981
702	703
702	705
702	706
702	713
702	720
702	721
702	722
702	725
702	726
702	727
702	731
702	732
702	755
702	761
702	765
702	776
702	777
702	780
702	782
702	787
702	788
702	790
703	705
703	707
703	722
703	724
703	731
703	733
703	738
703	754
703	760
703	772
703	782
703	786
703	796
703	985
704	710
704	713
704	714
704	716
704	730
704	749
704	756
704	757
704	761
704	764
704	766
704	774
704	781
704	785
704	792
704	793
705	715
705	717
705	719
705	720
705	721
705	733
705	735
705	744
705	750
705	751
705	756
705	758
705	770
705	772
705	783
705	784
705	790
706	709
706	724
706	737
706	738
706	756
706	761
706	769
706	774
706	776
706	778
706	781
706	873
707	726
707	728
707	737
707	741
707	748
707	752
707	754
707	756
707	757
707	760
707	773
707	774
707	775
707	784
707	787
707	789
707	790
707	792
707	793
707	794
707	992
708	716
708	719
708	723
708	726
708	727
708	728
708	730
708	755
708	762
708	765
708	769
708	770
708	774
708	778
708	797
709	710
709	724
709	725
709	733
709	739
709	740
709	746
709	775
709	776
709	777
709	779
709	785
709	798
710	711
710	714
710	717
710	725
710	731
710	735
710	754
710	769
710	772
710	777
710	778
710	783
710	785
710	791
711	713
711	714
711	718
711	722
711	723
711	727
711	732
711	755
711	757
711	767
711	769
711	771
711	776
711	788
711	797
711	799
712	722
712	724
712	725
712	727
712	735
712	739
712	742
712	745
712	747
712	750
712	757
712	758
712	767
712	771
712	772
712	798
713	718
713	722
713	723
713	732
713	733
713	739
713	744
713	747
713	761
713	770
713	783
713	794
713	797
713	799
713	835
713	896
714	717
714	731
714	736
714	740
714	743
714	748
714	772
714	774
714	923
714	936
715	715
715	722
715	742
715	750
715	752
715	756
715	758
715	771
715	774
715	783
715	792
715	798
715	940
715	962
715	986
716	721
716	726
716	731
716	735
716	742
716	745
716	752
716	761
716	770
716	773
716	778
716	794
716	795
716	796
716	917
717	722
717	727
717	731
717	736
717	741
717	753
717	762
717	776
717	781
717	787
717	791
717	794
717	850
718	722
718	733
718	740
718	747
718	759
718	765
718	780
718	789
718	792
718	800
718	995
719	722
719	730
719	732
719	734
719	740
719	745
719	746
719	761
719	762
719	776
720	732
720	733
720	738
720	741
720	743
720	748
720	766
720	769
720	772
720	774
720	775
720	786
720	795
720	796
720	799
721	722
721	733
721	746
721	747
721	748
721	750
721	761
721	763
721	764
721	777
721	796
721	797
721	799
721	907
721	947
721	980
722	723
722	737
722	738
722	740
722	751
722	761
722	765
722	766
722	768
722	773
722	774
722	783
722	786
722	798
722	873
722	997
723	729
723	732
723	740
723	752
723	760
723	777
723	784
723	794
723	796
723	797
723	798
724	739
724	771
724	781
724	795
724	813
725	735
725	752
725	779
725	787
725	793
725	794
726	729
726	733
726	738
726	748
726	764
726	765
726	766
726	776
726	941
727	729
727	730
727	739
727	740
727	744
727	745
727	754
727	778
727	779
727	785
727	786
727	797
727	799
727	891
728	729
728	734
728	735
728	747
728	760
728	761
728	762
728	769
728	771
728	796
728	937
728	980
729	737
729	738
729	745
729	764
729	772
729	777
729	782
729	785
729	794
730	739
730	743
730	761
730	775
730	789
730	793
730	797
731	740
731	743
731	751
731	754
731	759
731	762
731	764
731	766
731	769
731	777
731	789
731	790
731	791
731	793
731	794
731	796
732	735
732	743
732	744
732	761
732	767
732	770
732	774
732	794
733	738
733	746
733	758
733	760
733	763
733	773
733	787
733	797
734	735
734	755
734	764
734	768
734	777
734	787
734	789
734	792
734	867
735	736
735	740
735	745
735	746
735	749
735	755
735	764
735	766
735	768
735	781
735	784
735	790
736	757
736	760
736	761
736	767
736	777
736	790
736	794
736	796
736	798
736	927
737	753
737	770
737	780
737	783
737	788
737	793
738	740
738	741
738	744
738	748
738	753
738	755
738	758
738	764
738	768
738	774
738	781
738	789
738	791
738	793
739	744
739	748
739	749
739	770
739	771
739	777
739	778
739	779
739	781
739	786
739	790
739	798
739	927
740	743
740	754
740	761
740	768
740	784
740	785
740	793
741	750
741	751
741	757
741	758
741	761
741	762
741	764
741	776
741	785
741	799
741	941
741	989
742	746
742	761
742	766
742	771
742	773
742	779
742	786
742	787
742	798
742	909
742	915
742	917
743	750
743	762
743	767
743	770
743	774
743	775
743	793
743	974
744	751
744	752
744	760
744	765
744	780
744	788
744	789
744	796
744	797
745	746
745	747
745	751
745	753
745	762
745	766
745	768
745	775
745	777
745	789
745	790
745	794
745	824
745	958
746	748
746	749
746	764
746	767
746	783
746	794
746	823
746	879
746	958
747	749
747	750
747	754
747	766
747	776
747	777
747	783
747	784
747	789
747	792
748	748
748	749
748	759
748	768
748	783
748	788
749	764
749	767
749	795
749	796
749	797
749	855
749	885
750	754
750	764
750	765
750	784
750	788
750	792
750	922
751	753
751	755
751	767
751	768
751	769
751	770
751	776
751	787
751	794
751	796
751	830
751	976
752	754
752	755
752	757
752	769
752	773
752	778
752	785
752	786
752	789
752	790
752	796
752	799
753	771
753	772
753	795
753	798
754	757
754	763
754	776
754	779
754	783
754	786
754	790
754	797
754	799
754	941
755	761
755	766
755	771
755	786
755	788
755	791
755	842
756	756
756	758
756	770
756	782
756	785
756	793
756	987
757	757
757	758
757	766
757	774
757	781
757	782
757	788
758	759
758	779
758	790
758	792
758	941
758	963
759	764
759	769
759	770
759	771
759	772
759	773
759	789
759	790
759	794
759	798
759	821
759	940
760	767
760	769
760	770
760	777
760	792
760	797
760	962
760	976
761	764
761	776
761	779
761	782
761	783
761	787
761	790
761	794
761	795
762	765
762	766
762	767
762	776
762	779
762	831
763	765
763	772
763	777
763	779
763	788
763	823
763	826
765	782
765	793
765	831
765	997
766	769
766	771
766	773
766	784
766	785
766	787
766	790
766	792
766	799
767	767
767	773
767	778
767	779
767	780
767	782
767	784
767	787
767	797
767	876
767	889
768	774
768	780
768	786
768	788
768	789
768	794
769	775
769	777
769	778
769	782
769	796
770	770
770	773
770	774
770	790
771	777
771	781
771	783
771	795
771	955
772	774
772	775
772	780
772	786
772	790
772	793
773	791
773	794
773	798
773	812
774	775
774	795
774	905
775	780
775	781
775	788
775	966
776	781
776	793
776	796
777	781
777	787
777	789
777	796
777	836
777	911
778	784
778	787
778	788
778	790
778	792
778	794
778	811
778	855
779	781
779	784
779	787
779	797
779	939
779	974
780	781
780	789
781	786
781	936
782	784
782	785
782	788
782	790
782	791
782	794
782	862
782	977
782	983
783	790
783	793
784	785
784	790
784	791
784	923
784	967
785	787
785	789
785	790
785	794
785	841
786	798
786	838
786	898
787	791
787	793
787	797
787	798
787	799
788	813
789	792
789	794
789	796
790	791
791	792
791	794
791	865
791	997
792	795
792	798
792	875
793	816
793	866
794	876
795	857
795	906
795	960
797	943
797	999
798	982
799	860
800	803
800	811
800	815
800	818
800	820
800	823
800	824
800	825
800	828
800	834
800	835
800	836
800	839
800	851
800	858
800	859
800	871
800	881
800	887
800	891
800	895
800	897
801	811
801	812
801	813
801	816
801	821
801	822
801	825
801	837
801	841
801	843
801	846
801	849
801	857
801	869
801	871
801	885
801	890
801	891
801	896
801	969
802	802
802	803
802	805
802	808
802	812
802	813
802	816
802	818
802	829
802	844
802	846
802	860
802	866
802	872
802	874
802	885
802	892
802	895
802	899
803	806
803	814
803	827
803	830
803	832
803	837
803	848
803	854
803	870
803	874
803	877
803	883
803	887
803	893
804	804
804	813
804	819
804	822
804	824
804	839
804	851
804	852
804	858
804	863
804	872
804	883
804	888
804	892
804	895
804	897
805	813
805	823
805	825
805	827
805	831
805	832
805	834
805	835
805	862
805	872
805	875
805	876
805	883
805	887
805	894
805	955
806	806
806	816
806	820
806	826
806	839
806	841
806	851
806	852
806	868
806	869
806	879
806	883
806	888
806	896
807	812
807	817
807	820
807	823
807	828
807	829
807	833
807	835
807	836
807	847
807	849
807	851
807	858
807	880
807	881
807	882
807	892
807	893
807	896
808	811
808	812
808	822
808	831
808	836
808	837
808	845
808	854
808	856
808	860
808	861
808	864
808	868
808	873
808	881
808	885
808	886
808	891
808	896
809	824
809	841
809	843
809	845
809	860
809	861
809	865
809	878
809	886
809	888
810	812
810	813
810	814
810	825
810	836
810	840
810	847
810	856
810	881
810	882
810	895
811	818
811	823
811	826
811	827
811	833
811	845
811	846
811	848
811	850
811	869
811	871
811	874
811	876
811	884
811	886
811	890
811	895
812	821
812	824
812	830
812	832
812	833
812	843
812	845
812	848
812	861
812	863
812	878
812	888
812	893
812	896
812	898
813	827
813	828
813	837
813	840
813	843
813	847
813	858
813	859
813	860
813	865
813	867
813	875
813	876
813	880
814	814
814	815
814	816
814	824
814	829
814	830
814	835
814	849
814	856
814	860
814	866
814	869
814	871
814	887
814	889
814	899
814	939
815	816
815	838
815	852
815	865
815	871
815	875
815	876
815	897
816	816
816	835
816	851
816	857
816	861
816	862
816	878
816	884
816	892
816	895
817	818
817	824
817	826
817	828
817	833
817	839
817	855
817	871
817	877
817	880
817	885
817	886
817	887
817	894
818	831
818	833
818	835
818	842
818	844
818	849
818	855
818	856
818	866
819	821
819	822
819	823
819	827
819	828
819	840
819	841
819	845
819	846
819	851
819	857
819	858
819	864
819	873
819	881
819	886
820	824
820	826
820	833
820	834
820	840
820	845
820	847
820	850
820	852
820	867
820	871
820	875
820	878
820	884
820	886
821	825
821	826
821	837
821	849
821	856
821	868
821	871
821	876
821	891
821	979
822	825
822	831
822	852
822	853
822	859
822	864
822	865
822	876
822	877
822	881
822	883
822	894
822	895
822	897
823	823
823	834
823	840
823	844
823	846
823	854
823	857
823	865
823	868
823	874
823	879
823	889
824	838
824	843
824	844
824	852
824	854
824	857
824	861
824	864
824	866
824	872
824	879
824	880
825	831
825	837
825	838
825	844
825	851
825	855
825	856
825	858
825	862
825	866
825	869
825	880
825	888
825	890
826	833
826	840
826	855
826	867
826	873
826	883
827	831
827	849
827	850
827	866
827	867
827	877
827	879
827	881
827	883
827	889
827	892
827	898
827	980
828	833
828	847
828	848
828	854
828	859
828	860
828	864
828	872
828	877
828	880
828	886
828	896
828	920
829	832
829	842
829	852
829	855
829	858
829	861
829	862
829	878
829	881
829	882
829	888
829	898
829	900
830	835
830	840
830	844
830	845
830	852
830	854
830	858
830	859
830	862
830	867
830	876
830	880
830	887
830	899
831	840
831	841
831	865
831	870
831	871
831	878
831	883
831	889
832	856
832	858
832	866
832	874
832	889
832	898
833	837
833	850
833	891
833	892
834	838
834	850
834	856
834	859
834	861
834	873
834	882
834	893
834	896
835	844
835	854
835	858
835	874
835	877
835	879
835	941
836	838
836	840
836	855
836	865
836	883
836	885
836	888
836	896
836	997
837	846
837	849
837	859
837	860
837	880
837	883
837	885
837	892
837	898
838	840
838	842
838	843
838	871
839	850
839	857
839	871
839	894
840	841
840	861
840	863
840	876
840	899
841	843
841	845
841	848
841	853
841	884
841	899
842	859
842	863
842	877
842	880
842	887
843	844
843	853
843	860
843	865
843	866
843	869
843	881
843	898
843	899
844	844
844	845
844	851
844	864
844	867
844	875
844	888
844	889
845	845
845	847
845	848
845	859
845	872
845	877
845	878
845	882
845	887
845	889
845	895
845	897
845	899
845	994
846	849
846	850
846	852
846	868
846	871
846	873
846	887
846	896
846	900
847	861
847	866
847	871
847	877
847	883
847	896
847	934
848	851
848	853
848	863
848	864
848	881
848	891
848	896
849	851
849	866
849	872
849	876
849	887
849	891
849	937
850	852
850	853
850	858
850	860
850	861
850	865
850	883
850	896
850	897
850	899
851	858
851	860
851	864
851	893
851	899
851	981
852	853
852	854
852	859
852	861
852	880
852	881
852	897
852	944
852	989
853	855
853	858
853	859
853	869
853	872
853	884
853	890
853	923
854	858
854	859
854	862
854	866
854	870
854	872
854	877
854	880
854	894
854	895
856	863
856	865
856	874
856	876
856	881
856	883
856	888
856	898
856	916
856	962
857	875
857	880
857	881
857	896
857	995
858	858
858	862
858	869
858	881
858	887
858	941
858	961
859	863
859	865
859	875
859	881
859	888
859	930
860	870
860	881
860	884
860	887
860	896
861	881
862	884
862	886
863	879
863	882
863	883
863	886
863	892
863	893
864	872
864	875
864	892
864	894
864	912
865	869
865	870
865	893
866	867
866	875
866	887
867	868
867	882
867	892
867	897
868	874
868	878
869	872
869	875
869	876
869	880
869	884
869	896
870	878
870	883
870	894
870	897
871	881
871	890
871	893
871	894
871	895
871	897
872	874
872	881
872	882
872	889
872	896
873	885
873	889
873	899
874	874
874	878
874	892
874	899
874	959
875	877
875	878
875	882
875	884
875	889
875	890
875	893
875	894
875	898
876	880
876	895
876	897
876	898
877	878
877	886
877	897
878	881
878	884
878	886
878	887
878	923
878	941
878	945
878	949
878	965
879	886
879	898
880	881
880	883
880	884
880	897
880	898
881	882
881	892
881	894
881	943
883	884
883	891
883	892
883	894
883	930
883	986
884	885
884	886
885	892
885	895
885	896
885	897
886	890
886	893
887	958
888	892
888	895
888	897
888	964
889	896
890	895
890	901
890	938
891	894
891	896
891	899
892	893
892	896
892	899
893	895
893	897
893	898
894	896
895	895
895	898
895	977
896	928
899	961
899	964
900	915
900	934
900	937
900	945
900	951
900	953
900	959
900	963
900	969
900	971
900	973
900	977
901	907
901	909
901	918
901	931
901	942
901	944
901	949
901	950
901	953
901	959
901	960
901	961
901	978
901	979
901	980
902	910
902	914
902	915
902	919
902	932
902	936
902	938
902	949
902	957
902	969
902	975
902	989
903	903
903	910
903	926
903	945
903	949
903	952
903	956
903	964
903	969
903	971
903	975
903	982
903	983
903	984
903	985
903	994
904	909
904	910
904	912
904	913
904	919
904	920
904	926
904	928
904	931
904	935
904	941
904	944
904	947
904	948
904	976
904	977
904	991
905	905
905	915
905	916
905	922
905	944
905	967
905	976
905	992
905	994
905	997
906	909
906	913
906	915
906	921
906	927
906	931
906	938
906	944
906	973
906	982
906	991
907	910
907	915
907	917
907	928
907	931
907	941
907	959
907	963
907	964
907	968
907	969
907	974
907	980
907	983
907	991
907	997
908	913
908	916
908	919
908	924
908	925
908	928
908	937
908	952
908	957
908	962
908	967
908	970
908	971
908	973
908	974
908	978
908	990
908	994
909	911
909	913
909	936
909	941
909	943
909	948
909	951
909	962
909	963
909	968
909	972
909	975
909	976
909	983
909	984
909	998
910	916
910	926
910	927
910	942
910	943
910	946
910	951
910	964
910	965
910	971
910	999
911	917
911	945
911	958
911	962
911	974
911	993
911	996
911	998
911	999
912	913
912	915
912	916
912	920
912	924
912	933
912	943
912	949
912	954
912	955
912	959
912	980
912	987
913	917
913	929
913	945
913	963
913	964
913	966
914	915
914	918
914	924
914	925
914	929
914	931
914	932
914	948
914	953
914	960
914	961
914	971
914	992
915	922
915	942
915	948
915	952
915	955
915	961
915	963
915	964
915	968
915	983
915	998
916	917
916	924
916	932
916	935
916	947
916	958
916	959
916	962
916	966
916	971
916	983
916	984
916	988
916	999
917	920
917	926
917	930
917	938
917	939
917	942
917	954
917	956
917	963
917	965
917	971
917	978
917	983
917	989
917	992
917	998
917	999
918	945
918	962
918	968
918	975
918	984
918	988
918	992
918	993
918	994
919	922
919	925
919	926
919	929
919	930
919	932
919	938
919	940
919	958
919	959
919	966
919	968
919	976
919	990
919	997
920	931
920	934
920	938
920	944
920	946
920	964
920	975
920	982
920	984
920	999
921	922
921	933
921	934
921	935
921	944
921	945
921	946
921	957
921	965
921	974
921	990
921	992
921	994
921	995
921	998
922	922
922	923
922	926
922	929
922	932
922	938
922	941
922	953
922	958
922	970
922	971
922	972
922	975
922	977
922	987
922	999
923	924
923	929
923	932
923	933
923	938
923	940
923	948
923	957
923	971
923	974
923	979
923	981
923	983
923	991
923	996
923	997
924	931
924	932
924	950
924	953
924	965
924	971
924	985
924	989
924	990
924	999
925	926
925	944
925	945
925	947
925	950
925	954
925	970
925	992
925	995
925	996
926	949
926	959
926	968
926	974
926	980
926	981
926	983
926	985
926	996
926	999
927	937
927	938
927	947
927	955
927	956
927	967
927	975
927	977
927	992
927	994
928	928
928	943
928	945
928	948
928	953
928	954
928	958
928	968
928	970
928	971
928	979
928	985
928	989
928	991
928	993
928	999
929	936
929	937
929	939
929	943
929	974
929	981
929	982
929	986
929	996
930	932
930	937
930	942
930	949
930	972
930	979
930	982
930	985
930	987
930	990
930	997
931	950
931	966
931	968
931	972
931	977
931	978
931	981
931	984
931	985
931	997
932	935
932	940
932	957
932	959
932	964
932	973
932	976
932	977
932	979
932	981
933	935
933	942
933	943
933	945
933	952
933	966
933	973
933	975
933	978
933	982
933	984
933	988
933	989
933	990
933	992
933	994
934	935
934	938
934	940
934	942
934	956
934	977
934	979
934	984
934	986
935	949
935	981
935	984
935	990
935	994
936	939
936	940
936	942
936	944
936	945
936	946
936	953
936	955
936	957
936	961
936	963
936	964
936	966
936	967
936	970
936	973
936	974
936	991
936	996
937	961
937	970
937	972
937	992
938	962
938	974
938	982
939	940
939	941
939	947
939	951
939	953
939	964
939	968
939	976
939	991
939	994
939	996
940	945
940	953
940	956
940	957
940	964
940	966
940	973
940	976
940	982
940	988
941	945
941	946
941	948
941	968
941	973
941	980
941	981
942	945
942	968
942	983
942	985
942	988
943	944
943	946
943	959
943	963
943	965
943	971
943	975
943	979
943	988
943	990
944	949
944	950
944	953
944	968
944	969
944	981
944	984
944	997
945	947
945	957
945	961
945	963
945	973
945	983
945	985
945	990
946	949
946	952
946	954
946	959
946	977
946	979
946	981
946	984
946	990
947	954
947	967
947	971
947	992
947	993
948	950
948	955
948	956
948	958
948	967
948	972
948	981
948	982
948	993
948	997
949	951
949	956
949	961
949	962
949	963
949	969
949	972
949	979
949	983
949	985
949	988
950	954
950	965
950	969
950	977
950	984
950	987
950	990
950	991
950	994
951	955
951	958
951	963
951	984
951	986
951	989
952	972
952	977
952	988
952	991
952	995
952	998
953	963
953	967
953	985
953	991
954	962
954	963
954	971
954	980
954	988
954	996
954	999
955	959
955	966
955	968
955	978
955	996
955	998
956	956
956	959
956	963
956	965
956	966
956	969
956	981
956	986
957	969
957	972
957	973
957	985
957	992
957	996
957	999
958	960
958	974
958	991
958	993
958	997
959	961
959	965
959	969
959	970
959	974
959	982
959	991
959	993
959	997
960	963
960	967
960	968
960	984
960	991
961	970
961	972
961	984
961	987
961	994
961	997
962	972
962	977
962	979
962	982
962	989
962	990
962	994
963	977
963	979
963	986
963	988
963	994
964	972
964	983
964	997
965	966
965	968
965	969
965	970
965	983
965	987
966	968
966	970
966	981
966	986
966	988
966	989
966	999
967	974
967	980
968	979
968	985
968	990
968	994
969	973
969	976
969	980
969	983
969	989
969	991
970	971
970	975
970	980
970	985
970	995
970	996
971	972
971	974
971	977
971	991
972	981
972	983
972	985
972	989
972	996
973	973
973	975
973	976
973	982
973	983
973	989
973	990
974	976
975	980
975	987
975	993
975	999
976	979
976	981
976	982
976	985
976	986
976	998
977	979
977	985
977	989
977	992
977	997
978	983
978	996
979	981
979	990
979	992
980	988
981	986
981	990
981	999
982	993
982	996
982	998
983	984
983	989
984	986
984	990
985	995
985	998
987	989
987	997
988	996
988	997
989	990
989	995
991	994
992	993
992	996
992	997
992	998
993	997
994	995
995	999
997	997
