0	0
0	11
0	17
0	26
0	70
0	122
0	123
0	142
0	284
0	562
0	642
0	736
0	767
0	951
0	966
1	4
1	17
1	50
1	60
1	86
1	87
1	128
1	196
1	300
1	336
1	705
1	776
1	835
1	924
2	7
2	9
2	48
2	66
2	73
2	87
2	240
2	244
2	367
2	460
2	514
2	589
2	807
2	874
2	875
2	881
2	915
2	962
3	10
3	26
3	53
3	61
3	77
3	83
3	125
3	258
3	312
3	462
3	560
3	572
3	575
3	583
3	629
3	632
3	669
3	713
3	774
3	782
3	784
3	788
3	824
3	832
3	963
3	990
4	26
4	35
4	36
4	64
4	179
4	181
4	240
4	282
4	404
4	497
4	566
4	911
4	971
5	63
5	71
5	86
5	87
5	237
5	362
5	460
5	473
5	490
5	531
5	669
5	799
5	824
5	846
5	867
5	899
5	904
5	923
5	939
6	7
6	8
6	80
6	246
6	303
6	306
6	347
6	358
6	397
6	531
6	657
6	689
7	31
7	46
7	48
7	52
7	68
7	70
7	95
7	115
7	124
7	176
7	195
7	197
7	205
7	397
7	406
7	502
7	507
7	661
7	706
7	849
7	881
7	988
8	21
8	63
8	72
8	128
8	197
8	306
8	318
8	325
8	460
8	529
8	533
8	582
8	707
8	770
8	925
8	936
9	40
9	78
9	83
9	157
9	208
9	219
9	221
9	232
9	355
9	357
9	495
9	613
9	730
9	744
9	784
9	862
9	889
9	987
10	14
10	22
10	30
10	36
10	70
10	72
10	121
10	375
10	404
10	417
10	562
10	633
10	819
10	868
11	48
11	63
11	76
11	92
11	117
11	140
11	160
11	170
11	245
11	560
11	567
11	574
11	593
11	643
11	917
11	978
12	54
12	179
12	262
12	268
12	405
12	463
12	610
12	660
12	690
12	734
12	748
12	760
12	869
12	966
13	17
13	22
13	67
13	89
13	256
13	307
13	343
13	408
13	457
13	458
13	526
13	675
13	680
13	699
13	714
13	738
13	764
13	812
13	842
13	907
14	16
14	22
14	54
14	65
14	66
14	72
14	75
14	91
14	108
14	204
14	209
14	212
14	234
14	550
14	624
14	626
14	673
14	736
14	840
14	902
14	942
15	26
15	33
15	46
15	88
15	98
15	175
15	177
15	201
15	243
15	377
15	409
15	595
15	859
15	907
15	928
16	19
16	78
16	87
16	93
16	138
16	148
16	186
16	266
16	267
16	299
16	521
16	609
16	630
16	659
16	670
16	680
16	702
16	759
16	969
17	18
17	29
17	32
17	37
17	45
17	49
17	50
17	74
17	81
17	90
17	93
17	190
17	256
17	266
17	374
17	543
17	552
17	560
17	567
17	856
17	893
17	950
18	67
18	111
18	114
18	126
18	130
18	133
18	392
18	449
18	462
18	514
18	566
18	597
18	918
18	952
18	957
19	30
19	33
19	40
19	59
19	62
19	65
19	86
19	226
19	272
19	354
19	390
19	411
19	429
19	519
19	564
19	578
19	817
19	980
20	38
20	40
20	42
20	43
20	74
20	77
20	105
20	202
20	208
20	224
20	348
20	349
20	490
20	551
20	629
20	635
20	637
20	644
20	659
20	724
20	789
20	922
20	956
21	57
21	65
21	83
21	89
21	234
21	357
21	388
21	502
21	514
21	516
21	616
21	691
21	726
21	755
21	833
21	861
21	972
22	23
22	53
22	91
22	94
22	439
22	456
22	591
22	631
23	26
23	48
23	55
23	81
23	204
23	306
23	398
23	437
23	457
23	464
23	465
23	474
23	523
23	543
23	587
23	629
23	768
23	883
23	940
23	954
23	986
24	33
24	34
24	42
24	52
24	56
24	68
24	99
24	168
24	192
24	319
24	453
24	517
24	574
24	618
24	689
24	702
24	870
25	45
25	76
25	80
25	123
25	201
25	482
25	607
25	653
25	661
25	695
25	708
25	764
25	771
25	783
25	795
25	958
26	38
26	54
26	58
26	67
26	79
26	169
26	217
26	317
26	337
26	406
26	630
26	645
26	808
26	858
26	872
26	900
26	948
26	987
26	991
26	997
27	41
27	44
27	52
27	57
27	66
27	90
27	92
27	118
27	129
27	202
27	272
27	390
27	487
27	505
27	595
27	620
27	667
27	686
27	733
27	832
27	936
28	31
28	82
28	194
28	210
28	396
28	455
28	475
28	548
28	617
28	676
28	812
28	840
28	972
29	43
29	74
29	91
29	225
29	299
29	327
29	351
29	424
29	447
29	455
29	705
29	749
29	914
29	926
29	941
29	987
30	46
30	163
30	169
30	207
30	257
30	267
30	270
30	309
30	331
30	405
30	471
30	497
30	499
30	560
30	576
30	662
31	42
31	78
31	99
31	120
31	133
31	393
31	442
31	470
31	508
31	540
31	625
31	635
31	690
31	734
31	763
31	786
31	821
31	835
31	861
31	883
31	943
32	35
32	94
32	135
32	173
32	186
32	239
32	310
32	327
32	366
32	461
32	468
32	544
32	550
32	689
32	704
32	809
32	888
32	980
33	246
33	292
33	343
33	352
33	374
33	526
33	536
33	630
33	639
33	767
33	816
33	863
34	49
34	59
34	61
34	84
34	86
34	89
34	159
34	198
34	279
34	282
34	314
34	352
34	420
34	495
34	560
34	571
34	586
34	742
34	779
34	790
34	856
34	861
34	905
34	934
34	973
34	981
35	42
35	75
35	417
35	478
35	635
35	662
35	685
35	688
35	700
35	757
35	782
35	841
35	940
35	958
36	40
36	73
36	84
36	185
36	198
36	215
36	270
36	326
36	334
36	379
36	483
36	509
36	540
36	576
36	637
36	673
36	711
36	816
36	833
36	915
36	964
37	81
37	93
37	134
37	237
37	275
37	284
37	338
37	545
37	609
37	610
37	782
37	827
38	51
38	66
38	76
38	326
38	357
38	371
38	376
38	435
38	436
38	533
38	557
38	565
38	598
38	616
38	642
38	782
38	868
38	900
38	951
39	42
39	62
39	224
39	233
39	238
39	265
39	358
39	366
39	379
39	433
39	434
39	514
39	586
39	592
39	626
39	674
39	717
39	722
39	727
39	744
39	753
39	905
39	908
40	45
40	57
40	77
40	82
40	98
40	160
40	173
40	245
40	298
40	303
40	362
40	485
40	521
40	529
40	569
40	779
40	849
40	882
41	70
41	140
41	164
41	192
41	201
41	370
41	383
41	392
41	411
41	476
41	478
41	551
41	613
41	670
41	695
41	729
41	743
41	778
41	795
41	873
41	877
41	939
41	960
42	69
42	192
42	233
42	384
42	404
42	459
42	478
42	500
42	527
42	567
42	683
42	766
42	781
42	934
42	959
43	86
43	90
43	205
43	207
43	330
43	370
43	380
43	390
43	404
43	430
43	434
43	512
43	549
43	642
43	666
43	754
43	769
43	847
43	910
43	913
43	989
43	990
44	65
44	79
44	233
44	267
44	269
44	352
44	401
44	423
44	440
44	495
44	665
44	677
44	731
44	870
44	981
45	49
45	64
45	188
45	199
45	222
45	238
45	275
45	281
45	307
45	353
45	359
45	373
45	435
45	436
45	484
45	717
45	757
45	885
45	989
46	59
46	76
46	97
46	133
46	151
46	164
46	201
46	254
46	268
46	296
46	371
46	508
46	511
46	521
46	561
46	583
46	614
46	678
46	896
47	50
47	62
47	69
47	79
47	312
47	325
47	393
47	415
47	489
47	568
47	572
47	694
47	744
47	755
47	773
47	812
47	818
47	819
47	823
47	869
47	966
48	69
48	199
48	206
48	272
48	411
48	460
48	461
48	510
48	583
48	622
48	726
48	817
48	837
48	887
48	897
48	953
49	62
49	79
49	227
49	315
49	432
49	474
49	599
49	624
49	868
50	51
50	85
50	108
50	255
50	409
50	420
50	435
50	591
50	696
50	704
50	768
50	785
50	801
50	828
50	927
50	944
50	989
51	62
51	74
51	76
51	82
51	140
51	157
51	204
51	270
51	431
51	544
51	579
51	685
51	716
51	758
51	838
51	901
51	926
51	938
51	942
52	57
52	72
52	89
52	246
52	320
52	415
52	483
52	536
52	613
52	640
52	695
52	783
52	970
52	972
52	975
52	976
53	146
53	323
53	410
53	457
53	488
53	498
53	549
53	583
53	606
53	612
53	736
53	793
53	847
53	925
53	926
54	268
54	298
54	450
54	561
54	713
54	895
54	955
55	69
55	95
55	97
55	161
55	202
55	204
55	210
55	269
55	462
55	491
55	494
55	574
55	602
55	678
55	703
55	826
55	829
55	853
55	879
55	930
55	966
56	83
56	95
56	196
56	361
56	388
56	512
56	602
56	625
56	631
56	709
56	732
56	764
56	815
56	997
57	98
57	325
57	380
57	421
57	517
57	527
57	532
57	555
57	596
57	657
57	670
57	709
57	806
57	882
57	893
57	936
57	949
58	69
58	86
58	146
58	225
58	416
58	432
58	545
58	700
58	778
59	64
59	65
59	127
59	135
59	260
59	330
59	435
59	535
59	572
59	599
59	605
59	682
59	690
59	707
59	712
59	763
59	789
60	71
60	80
60	95
60	219
60	220
60	286
60	350
60	500
60	582
60	914
60	939
61	62
61	83
61	88
61	143
61	148
61	255
61	314
61	390
61	461
61	471
61	614
61	640
61	696
61	795
61	829
61	850
61	895
61	917
61	951
61	961
62	97
62	206
62	365
62	375
62	392
62	467
62	474
62	484
62	505
62	543
62	578
62	599
62	648
62	651
62	808
62	819
62	831
62	931
62	944
62	980
62	997
63	73
63	90
63	96
63	171
63	450
63	489
63	657
63	685
63	845
63	870
63	879
63	992
64	71
64	96
64	197
64	200
64	234
64	238
64	250
64	253
64	264
64	310
64	357
64	381
64	398
64	403
64	415
64	456
64	461
64	655
64	773
64	796
64	840
64	853
64	861
64	872
64	956
64	999
65	270
65	335
65	349
65	368
65	384
65	402
65	493
65	587
65	594
65	618
65	672
65	675
65	691
65	881
65	893
65	908
65	956
66	86
66	90
66	125
66	149
66	273
66	322
66	352
66	486
66	491
66	494
66	498
66	614
66	630
66	651
66	697
66	882
66	889
66	968
67	69
67	96
67	190
67	277
67	331
67	452
67	609
67	790
67	801
67	873
67	876
67	883
67	940
68	318
68	385
68	405
68	571
68	715
68	752
68	957
69	139
69	213
69	340
69	526
69	549
69	568
69	583
69	647
69	687
69	757
69	853
70	73
70	89
70	139
70	142
70	310
70	314
70	317
70	366
70	396
70	457
70	526
70	621
70	967
71	78
71	80
71	268
71	277
71	300
71	361
71	429
71	444
71	510
71	536
71	581
71	585
71	615
71	682
71	802
71	808
71	967
72	80
72	82
72	185
72	194
72	201
72	202
72	295
72	449
72	617
72	687
72	779
72	885
72	892
72	915
72	930
72	958
73	80
73	84
73	87
73	88
73	105
73	116
73	224
73	294
73	338
73	374
73	633
73	673
73	685
73	696
73	730
73	852
73	859
73	885
73	948
74	79
74	162
74	268
74	315
74	541
74	583
74	673
74	685
74	749
74	758
74	763
74	773
74	779
74	898
74	900
75	124
75	184
75	198
75	260
75	324
75	596
75	606
75	619
75	659
75	673
75	686
75	715
75	742
75	762
75	780
75	792
75	812
75	820
75	889
75	896
75	936
75	970
76	88
76	92
76	95
76	99
76	160
76	237
76	244
76	340
76	397
76	532
76	547
76	586
76	666
76	680
76	757
76	803
76	855
76	860
76	863
76	975
77	81
77	88
77	140
77	264
77	406
77	408
77	444
77	493
77	529
77	554
77	619
77	696
77	722
77	727
77	861
77	919
77	971
78	98
78	148
78	150
78	197
78	225
78	253
78	339
78	377
78	389
78	440
78	531
78	626
78	630
78	677
78	733
78	795
78	812
78	909
78	955
78	967
79	90
79	118
79	134
79	147
79	205
79	361
79	386
79	436
79	517
79	540
79	611
79	701
79	782
79	830
79	850
79	875
79	887
79	936
80	120
80	148
80	206
80	233
80	240
80	378
80	513
80	516
80	575
80	596
80	648
80	707
80	817
80	835
80	865
80	959
81	93
81	153
81	177
81	332
81	360
81	398
81	568
81	607
81	881
81	927
81	945
81	966
82	87
82	104
82	137
82	201
82	209
82	328
82	355
82	358
82	362
82	429
82	445
82	496
82	542
82	612
82	671
82	756
82	952
83	96
83	97
83	122
83	142
83	227
83	236
83	273
83	346
83	365
83	392
83	586
83	588
83	708
83	844
84	118
84	133
84	169
84	264
84	308
84	460
84	568
84	706
84	878
84	944
85	122
85	264
85	274
85	287
85	313
85	342
85	392
85	437
85	478
85	550
85	591
85	706
85	779
85	861
85	930
86	149
86	155
86	180
86	253
86	316
86	451
86	467
86	561
86	651
86	657
86	666
86	712
86	782
86	812
86	837
86	990
87	109
87	206
87	270
87	314
87	405
87	437
87	587
87	659
87	667
87	668
87	796
87	953
88	98
88	174
88	196
88	291
88	364
88	460
88	574
88	584
88	612
88	629
88	637
88	682
88	688
88	712
88	817
88	844
88	860
88	897
88	964
89	439
89	452
89	538
89	570
89	676
89	716
89	731
89	781
89	870
89	993
90	303
90	359
90	455
90	491
90	502
90	531
90	697
90	701
90	808
90	923
90	936
91	142
91	256
91	288
91	307
91	444
91	467
91	474
91	519
91	523
91	571
91	718
91	791
91	817
91	837
91	855
91	911
91	980
92	95
92	256
92	260
92	276
92	307
92	379
92	393
92	439
92	508
92	523
92	593
92	624
92	693
92	753
92	826
92	837
92	853
92	918
92	950
92	970
93	106
93	127
93	134
93	154
93	300
93	503
93	531
93	532
93	626
93	647
93	685
93	733
93	805
93	963
93	990
93	993
93	994
94	158
94	328
94	355
94	382
94	436
94	506
94	536
94	540
94	682
94	758
94	867
94	902
94	944
94	946
95	125
95	327
95	412
95	437
95	473
95	568
95	597
95	605
95	678
95	870
95	877
95	879
95	920
95	960
96	145
96	173
96	212
96	215
96	235
96	258
96	293
96	408
96	433
96	455
96	502
96	547
96	604
96	640
96	680
96	824
97	128
97	155
97	206
97	244
97	285
97	330
97	493
97	541
97	776
97	791
97	805
97	868
97	882
97	987
98	118
98	192
98	202
98	277
98	306
98	765
98	793
98	863
98	987
99	108
99	237
99	287
99	449
99	490
99	562
99	577
99	603
99	614
99	668
99	883
100	104
100	121
100	129
100	142
100	155
100	188
100	192
100	283
100	293
100	305
100	481
100	488
100	503
100	779
100	789
101	118
101	128
101	133
101	147
101	199
101	261
101	270
101	299
101	378
101	465
101	783
101	842
102	106
102	112
102	131
102	134
102	139
102	140
102	144
102	164
102	189
102	222
102	236
102	247
102	266
102	364
102	432
102	530
102	538
102	864
102	904
102	915
102	953
102	973
103	117
103	124
103	130
103	140
103	163
103	178
103	215
103	350
103	409
103	488
103	534
103	593
103	618
103	629
103	638
103	708
103	838
104	106
104	427
104	516
104	604
104	648
104	790
104	797
104	815
104	986
105	116
105	146
105	160
105	189
105	195
105	333
105	363
105	441
105	508
105	523
105	640
105	746
105	765
105	969
105	978
106	120
106	126
106	147
106	150
106	168
106	197
106	300
106	355
106	359
106	505
106	570
106	606
106	841
106	852
106	897
107	124
107	139
107	146
107	151
107	173
107	190
107	199
107	209
107	211
107	269
107	313
107	376
107	527
107	558
107	651
107	757
107	771
107	944
107	950
107	977
108	119
108	127
108	130
108	151
108	164
108	167
108	189
108	190
108	192
108	284
108	307
108	328
108	906
108	988
109	147
109	263
109	318
109	352
109	434
109	496
109	521
109	526
109	527
109	565
109	579
109	598
109	609
109	627
109	740
109	958
109	998
110	146
110	190
110	287
110	376
110	422
110	437
110	515
110	565
110	599
110	635
110	652
110	787
110	873
110	875
110	912
110	933
110	953
110	971
111	137
111	140
111	149
111	150
111	161
111	184
111	235
111	254
111	269
111	275
111	300
111	301
111	306
111	343
111	391
111	408
111	549
111	577
111	622
111	719
111	835
111	853
112	122
112	124
112	128
112	243
112	281
112	333
112	348
112	430
112	432
112	448
112	481
112	490
112	585
112	739
112	794
112	804
112	849
112	959
113	134
113	144
113	166
113	201
113	216
113	273
113	287
113	375
113	377
113	423
113	448
113	476
113	585
113	617
113	637
113	791
114	117
114	134
114	144
114	159
114	164
114	243
114	330
114	369
114	405
114	440
114	493
114	550
114	718
114	788
114	812
114	825
114	922
115	132
115	150
115	163
115	225
115	226
115	615
115	695
115	760
115	802
115	882
115	894
115	965
116	123
116	125
116	134
116	144
116	147
116	150
116	176
116	184
116	191
116	195
116	294
116	336
116	414
116	434
116	474
116	495
116	513
116	518
116	550
116	585
116	589
116	640
116	778
116	797
116	798
116	870
116	880
116	882
116	909
116	921
116	932
116	974
116	979
116	998
117	132
117	138
117	148
117	171
117	348
117	376
117	562
117	656
117	960
118	140
118	174
118	178
118	196
118	201
118	212
118	260
118	366
118	479
118	513
118	520
118	528
118	587
118	642
118	663
118	863
118	970
119	164
119	184
119	187
119	191
119	198
119	288
119	438
119	496
119	500
119	609
119	743
119	977
120	125
120	139
120	169
120	198
120	354
120	512
120	531
120	718
120	769
120	866
121	128
121	135
121	163
121	166
121	170
121	194
121	231
121	232
121	259
121	303
121	308
121	396
121	538
121	541
121	552
121	580
121	682
121	750
121	898
121	996
122	143
122	144
122	166
122	291
122	358
122	379
122	394
122	451
122	482
122	483
122	534
122	594
122	781
122	806
122	866
122	895
122	985
123	124
123	126
123	134
123	148
123	159
123	160
123	162
123	258
123	368
123	423
123	457
123	575
123	656
123	803
123	817
123	818
123	829
123	894
123	977
123	988
124	135
124	148
124	183
124	185
124	327
124	404
124	547
124	582
124	638
124	724
124	740
124	871
124	892
124	899
124	910
124	957
124	980
124	986
125	148
125	185
125	217
125	246
125	345
125	384
125	482
125	486
125	526
125	563
125	653
125	671
125	681
125	762
125	829
126	129
126	149
126	178
126	181
126	182
126	184
126	215
126	262
126	279
126	334
126	491
126	531
126	575
126	640
126	821
126	848
127	149
127	155
127	158
127	174
127	181
127	191
127	320
127	484
127	488
127	576
127	610
127	774
127	834
127	877
127	901
127	908
128	166
128	168
128	169
128	175
128	181
128	266
128	314
128	383
128	567
128	657
128	756
128	927
129	138
129	196
129	254
129	276
129	346
129	504
129	597
129	675
129	733
129	778
129	837
129	928
130	130
130	137
130	146
130	170
130	175
130	238
130	250
130	373
130	399
130	529
130	550
130	570
130	632
130	644
130	723
130	841
130	859
130	870
130	874
130	912
130	985
130	987
131	172
131	186
131	193
131	231
131	302
131	356
131	426
131	434
131	463
131	562
131	568
131	683
131	720
131	799
131	833
131	968
131	990
132	146
132	159
132	186
132	188
132	279
132	301
132	320
132	342
132	370
132	431
132	516
132	527
132	554
132	611
132	625
132	772
132	799
132	818
132	879
132	887
132	888
132	896
132	899
132	957
132	989
133	133
133	149
133	154
133	229
133	399
133	596
133	626
133	705
133	731
133	736
133	887
133	904
133	949
134	283
134	286
134	416
134	502
134	529
134	539
134	670
134	681
134	974
135	149
135	174
135	176
135	191
135	193
135	194
135	195
135	247
135	251
135	318
135	415
135	633
135	750
135	754
135	775
135	822
135	867
135	871
135	957
135	958
135	965
136	139
136	149
136	151
136	160
136	168
136	170
136	175
136	337
136	348
136	445
136	480
136	530
136	579
136	644
136	709
136	729
136	849
136	877
136	902
137	138
137	142
137	155
137	179
137	220
137	325
137	334
137	389
137	414
137	470
137	473
137	786
138	180
138	205
138	255
138	260
138	332
138	351
138	456
138	526
138	534
138	541
138	570
138	600
138	685
138	718
138	881
138	899
138	983
139	140
139	148
139	186
139	192
139	195
139	223
139	236
139	255
139	319
139	421
139	537
139	865
140	200
140	203
140	222
140	346
140	368
140	369
140	395
140	519
140	782
140	785
140	806
140	942
141	148
141	170
141	409
141	434
141	571
141	592
141	609
141	800
141	806
141	808
142	177
142	191
142	196
142	274
142	309
142	314
142	393
142	464
142	497
142	560
142	651
142	725
142	749
142	911
142	986
143	179
143	202
143	235
143	261
143	311
143	317
143	388
143	452
143	507
143	555
143	657
143	671
143	698
143	718
143	724
143	732
143	771
143	788
143	828
143	841
143	856
143	913
143	957
143	981
144	168
144	173
144	297
144	343
144	413
144	433
144	547
144	593
144	677
144	694
144	759
144	763
144	773
144	851
144	891
144	893
144	947
145	158
145	189
145	253
145	280
145	333
145	354
145	395
145	397
145	404
145	440
145	548
145	574
145	585
145	640
145	673
145	738
145	829
145	906
145	914
146	159
146	385
146	418
146	547
146	626
146	643
146	697
146	698
146	888
146	968
147	158
147	165
147	173
147	179
147	185
147	188
147	196
147	323
147	342
147	359
147	392
147	538
147	551
147	681
147	785
147	878
147	899
147	924
148	166
148	180
148	181
148	236
148	248
148	346
148	364
148	375
148	476
148	491
148	498
148	615
148	640
148	662
148	689
148	725
148	831
149	319
149	445
149	536
149	736
149	744
149	826
149	870
149	945
149	977
150	177
150	190
150	391
150	467
150	491
150	510
150	664
150	729
150	848
150	887
150	904
150	973
150	994
151	154
151	171
151	198
151	263
151	316
151	319
151	381
151	407
151	633
151	677
151	788
151	902
151	998
152	186
152	283
152	322
152	356
152	383
152	498
152	516
152	619
152	687
152	729
152	889
152	890
152	939
152	977
153	213
153	271
153	293
153	304
153	316
153	341
153	448
153	507
153	564
153	632
153	666
153	720
153	773
153	775
153	794
153	885
153	978
153	981
154	165
154	166
154	170
154	187
154	265
154	295
154	314
154	411
154	434
154	616
154	692
154	751
154	785
154	815
154	915
155	184
155	196
155	370
155	394
155	404
155	558
155	639
155	652
155	671
155	693
155	761
155	872
155	891
155	922
156	170
156	199
156	205
156	225
156	256
156	279
156	421
156	590
156	622
156	661
156	817
156	913
156	946
156	988
157	161
157	227
157	300
157	304
157	311
157	456
157	518
157	651
157	781
157	812
157	889
157	924
158	167
158	187
158	190
158	360
158	368
158	372
158	402
158	466
158	488
158	491
158	684
158	739
158	840
158	901
158	949
158	953
159	194
159	197
159	215
159	337
159	362
159	363
159	488
159	516
159	569
159	591
159	689
159	712
159	740
159	808
159	835
159	837
159	986
160	188
160	210
160	228
160	250
160	280
160	291
160	313
160	338
160	369
160	436
160	479
160	513
160	593
160	602
160	694
160	754
160	889
160	948
161	181
161	197
161	231
161	242
161	269
161	299
161	351
161	530
161	571
161	795
161	798
161	814
161	888
162	170
162	174
162	190
162	442
162	463
162	506
162	552
162	650
162	685
162	808
162	842
162	887
162	937
163	195
163	198
163	206
163	222
163	226
163	236
163	248
163	431
163	447
163	456
163	458
163	489
163	511
163	662
164	173
164	180
164	188
164	191
164	196
164	275
164	280
164	332
164	409
164	513
164	596
164	683
164	702
164	755
164	895
164	947
164	996
165	175
165	181
165	189
165	216
165	234
165	263
165	290
165	294
165	345
165	441
165	852
165	889
165	906
166	174
166	176
166	186
166	209
166	244
166	283
166	310
166	376
166	437
166	496
166	610
166	650
166	665
166	728
166	749
166	829
166	854
167	181
167	191
167	198
167	390
167	407
167	433
167	473
167	556
167	581
167	587
167	607
167	608
167	646
167	658
167	697
167	729
167	775
168	199
168	233
168	242
168	278
168	597
168	638
168	666
168	688
168	782
168	815
168	877
168	934
168	949
168	990
168	997
169	169
169	175
169	246
169	330
169	348
169	536
169	551
169	579
169	636
169	686
169	957
169	970
169	992
170	171
170	204
170	231
170	368
170	428
170	429
170	460
170	490
170	672
170	673
170	720
170	730
170	776
170	817
170	864
171	184
171	192
171	198
171	221
171	431
171	534
171	655
171	660
171	782
171	805
172	327
172	424
172	464
172	513
172	524
172	621
172	711
172	807
172	880
172	907
173	183
173	206
173	225
173	378
173	445
173	463
173	476
173	634
173	638
173	699
173	741
173	753
173	823
174	249
174	430
174	440
174	519
174	542
174	640
174	678
174	799
174	881
174	900
174	922
174	941
174	958
174	996
175	355
175	478
175	483
175	730
175	912
176	198
176	204
176	266
176	307
176	418
176	479
176	500
176	623
176	669
176	722
176	769
176	903
176	959
177	181
177	227
177	375
177	378
177	380
177	461
177	742
177	827
177	974
178	199
178	282
178	368
178	414
178	437
178	462
178	488
178	549
178	595
178	598
178	632
178	727
178	774
178	828
178	902
179	192
179	361
179	406
179	436
179	494
179	538
179	559
179	641
179	842
179	860
179	877
180	194
180	198
180	199
180	208
180	219
180	270
180	290
180	311
180	364
180	380
180	387
180	491
180	493
180	631
180	736
180	782
180	803
180	885
181	204
181	286
181	447
181	472
181	567
181	662
181	671
181	980
182	187
182	189
182	213
182	239
182	360
182	376
182	383
182	392
182	394
182	460
182	469
182	482
182	621
182	625
182	792
182	818
182	849
183	337
183	457
183	514
183	554
183	608
183	645
183	655
183	745
183	845
183	884
183	893
184	209
184	224
184	356
184	370
184	373
184	382
184	496
184	514
184	731
184	742
184	885
184	902
185	194
185	212
185	264
185	289
185	428
185	446
185	571
185	662
185	679
185	727
185	736
185	774
185	821
185	864
186	368
186	376
186	644
186	701
186	799
186	810
186	828
186	941
187	214
187	307
187	453
187	483
187	493
187	498
187	507
187	557
187	601
187	633
187	711
187	718
187	758
187	771
187	849
187	851
187	902
187	916
187	981
188	265
188	352
188	411
188	489
188	540
188	544
188	585
188	598
188	645
188	650
188	782
188	785
188	786
188	855
188	887
188	889
189	295
189	363
189	405
189	407
189	408
189	529
189	565
189	567
189	603
189	660
189	699
189	725
189	774
189	875
189	881
189	916
189	936
189	938
189	945
190	255
190	300
190	313
190	342
190	412
190	440
190	448
190	530
190	584
190	601
190	725
190	770
190	771
190	933
190	950
190	982
191	201
191	241
191	253
191	418
191	431
191	438
191	615
191	653
191	732
191	743
191	762
191	873
191	970
192	253
192	332
192	556
192	624
192	731
192	756
192	757
192	759
192	761
192	823
192	904
193	199
193	458
193	649
193	774
193	875
193	885
193	886
193	953
194	461
194	539
194	618
194	625
194	713
194	769
194	998
195	216
195	303
195	313
195	354
195	358
195	394
195	501
195	545
195	598
195	616
195	631
195	666
195	697
195	736
195	947
195	991
196	205
196	262
196	263
196	299
196	320
196	359
196	393
196	608
196	653
196	691
196	842
196	971
196	978
197	199
197	204
197	254
197	348
197	352
197	383
197	565
197	683
197	692
197	695
197	741
197	831
197	840
197	858
197	865
197	891
197	920
197	946
198	242
198	388
198	700
198	904
198	932
198	967
198	994
199	205
199	244
199	349
199	381
199	451
199	563
199	592
199	613
199	670
199	798
199	896
199	944
200	240
200	293
200	325
200	351
200	416
200	468
200	469
200	475
200	647
200	763
200	926
201	205
201	212
201	216
201	217
201	260
201	517
201	607
201	608
201	643
201	719
201	752
201	753
201	816
201	882
201	927
201	979
201	990
202	212
202	260
202	315
202	348
202	538
202	656
202	670
202	694
202	726
202	751
202	833
203	256
203	272
203	290
203	321
203	454
203	489
203	493
203	581
203	720
203	791
203	838
203	931
203	971
204	211
204	266
204	277
204	281
204	288
204	291
204	361
204	459
204	496
204	516
204	517
204	573
204	580
204	639
204	672
204	794
204	863
204	902
204	924
204	955
205	258
205	268
205	273
205	370
205	390
205	561
205	753
205	833
205	866
205	898
205	919
205	924
205	938
205	945
206	222
206	285
206	303
206	384
206	450
206	483
206	488
206	523
206	602
206	716
206	730
206	774
206	870
207	221
207	254
207	270
207	273
207	292
207	316
207	338
207	366
207	380
207	542
207	584
207	586
207	718
207	858
207	859
207	912
207	991
208	249
208	258
208	261
208	269
208	350
208	387
208	465
208	476
208	493
208	497
208	530
208	540
208	568
208	669
208	711
208	733
208	856
208	889
209	242
209	243
209	289
209	359
209	363
209	377
209	457
209	467
209	499
209	634
209	847
209	891
209	902
209	926
210	210
210	246
210	360
210	467
210	474
210	685
210	700
210	736
210	745
210	752
211	330
211	337
211	375
211	413
211	471
211	504
211	566
211	599
211	742
211	770
211	815
212	272
212	293
212	318
212	343
212	401
212	532
212	580
212	665
212	672
212	765
212	792
212	812
212	836
212	870
212	892
212	994
212	998
213	215
213	221
213	229
213	271
213	277
213	278
213	280
213	286
213	312
213	353
213	364
213	421
213	469
213	484
213	513
213	664
213	668
213	691
213	698
213	774
213	868
213	879
213	912
213	922
213	925
213	988
213	991
214	236
214	237
214	278
214	287
214	296
214	318
214	342
214	447
214	514
214	608
214	670
214	703
214	721
214	902
214	940
214	983
215	217
215	244
215	247
215	280
215	310
215	365
215	396
215	415
215	479
215	507
215	676
215	683
215	773
215	899
216	225
216	273
216	284
216	420
216	423
216	477
216	492
216	528
216	540
216	570
216	696
216	865
216	956
216	963
217	222
217	245
217	265
217	451
217	514
217	606
217	613
217	733
217	766
217	777
218	219
218	246
218	253
218	275
218	283
218	293
218	299
218	307
218	317
218	426
218	433
218	512
218	607
218	618
218	699
218	704
218	721
218	777
218	937
219	220
219	223
219	231
219	239
219	243
219	250
219	264
219	265
219	293
219	296
219	312
219	333
219	503
219	562
219	635
219	660
219	665
219	713
219	793
219	899
219	968
219	980
220	243
220	255
220	258
220	259
220	276
220	306
220	408
220	412
220	418
220	432
220	450
220	496
220	545
220	686
220	741
220	757
220	885
220	896
220	948
220	976
221	250
221	262
221	266
221	273
221	279
221	283
221	307
221	452
221	669
221	677
221	831
221	869
221	884
221	901
221	939
221	957
221	995
222	233
222	243
222	265
222	268
222	296
222	297
222	302
222	305
222	318
222	322
222	342
222	359
222	441
222	465
222	548
222	556
222	677
222	729
222	770
222	835
223	273
223	356
223	410
223	417
223	541
223	618
223	740
223	752
223	799
223	928
224	233
224	277
224	297
224	321
224	370
224	392
224	429
224	440
224	509
224	547
224	736
224	780
224	801
224	852
224	915
225	233
225	346
225	360
225	504
225	509
225	526
225	587
225	593
225	614
225	657
225	771
225	789
225	796
225	850
225	895
225	905
225	953
225	981
226	284
226	286
226	288
226	362
226	382
226	398
226	399
226	413
226	450
226	476
226	509
226	549
226	625
226	739
226	796
226	818
226	906
226	928
226	956
227	254
227	257
227	271
227	273
227	277
227	291
227	295
227	299
227	438
227	506
227	537
227	582
227	664
227	717
227	831
227	852
228	232
228	264
228	282
228	315
228	392
228	557
228	616
228	696
228	719
228	778
228	788
228	864
229	245
229	263
229	271
229	281
229	286
229	293
229	294
229	451
229	542
229	577
229	726
229	817
229	878
229	885
229	974
230	278
230	285
230	291
230	297
230	340
230	569
230	573
230	620
230	677
231	248
231	260
231	324
231	325
231	380
231	387
231	425
231	529
231	613
231	640
231	702
231	715
231	722
231	964
231	966
231	968
232	243
232	255
232	259
232	296
232	298
232	338
232	515
232	655
232	691
232	719
232	756
232	787
232	887
232	902
233	237
233	255
233	289
233	308
233	354
233	358
233	394
233	426
233	471
233	506
233	598
233	623
233	626
233	680
233	690
233	707
233	755
233	797
233	872
233	889
233	930
233	968
234	236
234	246
234	253
234	267
234	270
234	339
234	396
234	403
234	415
234	417
234	440
234	572
234	712
234	788
234	913
235	259
235	271
235	292
235	337
235	434
235	599
235	693
235	758
235	837
235	857
235	895
235	905
235	934
236	236
236	251
236	288
236	292
236	350
236	396
236	398
236	412
236	538
236	665
236	717
236	805
236	821
236	981
237	263
237	273
237	300
237	343
237	391
237	527
237	659
237	781
237	783
237	789
238	244
238	282
238	424
238	447
238	463
238	497
238	509
238	691
238	757
238	817
238	823
238	863
238	866
238	932
238	934
239	244
239	246
239	265
239	277
239	330
239	373
239	485
239	680
239	686
239	723
239	735
239	765
239	774
239	915
240	261
240	299
240	334
240	377
240	414
240	415
240	487
240	519
240	555
240	600
240	635
240	670
240	678
240	689
240	741
240	751
240	770
240	848
240	863
240	933
241	290
241	332
241	373
241	488
241	530
241	533
241	544
241	582
241	693
241	742
241	903
242	243
242	245
242	273
242	281
242	284
242	364
242	387
242	463
242	497
242	521
242	530
242	578
242	665
242	694
242	703
242	951
242	971
242	981
243	285
243	474
243	513
243	521
243	550
243	553
243	561
243	568
243	601
243	690
243	717
243	849
243	889
243	900
244	249
244	266
244	273
244	287
244	303
244	353
244	384
244	469
244	524
244	559
244	598
244	608
244	626
244	851
244	894
244	952
245	320
245	346
245	366
245	490
245	624
245	673
245	894
246	293
246	300
246	728
246	777
246	872
246	929
246	933
247	276
247	306
247	348
247	370
247	568
247	587
247	648
247	669
247	752
247	755
247	853
248	270
248	284
248	288
248	378
248	479
248	483
248	558
248	587
248	605
248	657
248	677
248	980
249	263
249	349
249	614
249	651
249	834
249	863
250	255
250	262
250	283
250	295
250	319
250	339
250	361
250	446
250	517
250	567
250	579
250	629
250	759
250	842
250	861
250	874
250	890
250	904
250	906
250	995
251	267
251	290
251	294
251	319
251	333
251	468
251	498
251	529
251	540
251	546
251	694
251	814
252	264
252	270
252	272
252	291
252	328
252	372
252	428
252	475
252	492
252	495
252	655
252	804
252	815
252	823
252	911
252	927
252	928
252	948
253	260
253	267
253	282
253	284
253	360
253	536
253	660
253	774
253	775
253	824
253	857
254	328
254	345
254	422
254	564
254	565
254	635
254	715
254	718
254	729
254	743
254	824
254	901
254	930
254	946
254	996
255	264
255	281
255	326
255	359
255	424
255	467
255	510
255	526
255	562
255	578
255	593
255	646
255	674
255	717
255	735
255	756
255	811
255	831
255	932
255	962
255	974
256	265
256	275
256	296
256	390
256	463
256	653
256	784
256	862
256	868
256	959
257	279
257	298
257	335
257	381
257	423
257	460
257	603
257	666
257	672
257	715
257	821
257	843
257	947
258	274
258	280
258	282
258	297
258	340
258	482
258	536
258	560
258	653
258	749
258	900
258	907
258	911
258	947
258	994
259	265
259	269
259	272
259	420
259	620
259	695
259	781
259	856
259	897
259	930
259	933
260	293
260	379
260	537
260	688
260	804
260	834
260	839
260	952
261	262
261	268
261	283
261	286
261	356
261	367
261	449
261	453
261	581
261	591
261	656
261	694
261	758
261	935
262	302
262	306
262	376
262	377
262	379
262	399
262	405
262	470
262	497
262	743
262	793
262	808
262	829
262	867
262	873
263	524
263	665
263	669
263	688
263	736
263	793
263	801
263	819
263	905
263	907
263	968
264	296
264	328
264	371
264	476
264	600
264	703
264	711
264	755
264	840
264	942
264	945
265	285
265	292
265	299
265	338
265	370
265	534
265	682
265	693
265	782
265	791
266	455
266	486
266	518
266	528
266	607
266	624
266	719
266	834
266	877
266	886
266	901
266	924
266	946
266	973
267	280
267	286
267	294
267	355
267	493
267	545
267	565
267	590
267	767
267	783
267	954
267	961
267	980
267	993
268	289
268	380
268	463
268	485
268	560
268	592
268	681
268	687
268	746
268	769
268	953
269	275
269	310
269	404
269	546
269	553
269	554
269	680
269	730
269	780
269	820
269	823
269	857
269	960
269	977
269	992
270	278
270	282
270	382
270	538
270	539
270	541
270	546
270	586
270	606
270	616
270	630
270	631
270	647
270	715
270	745
270	748
270	780
270	925
270	927
270	933
271	284
271	291
271	306
271	387
271	628
271	634
271	670
271	822
271	831
271	918
271	933
272	281
272	306
272	373
272	412
272	459
272	633
272	646
272	647
272	659
272	858
272	948
272	975
273	276
273	291
273	310
273	439
273	476
273	535
273	536
273	564
273	607
273	667
273	677
273	701
273	817
273	896
273	955
273	987
274	293
274	383
274	530
274	567
274	601
274	649
274	698
274	807
274	844
274	970
275	384
275	603
275	623
275	693
275	747
275	757
275	760
275	821
276	303
276	311
276	322
276	355
276	407
276	519
276	527
276	779
276	827
276	883
276	885
277	280
277	296
277	341
277	368
277	415
277	517
277	640
277	708
277	725
277	784
277	804
277	831
277	856
278	285
278	317
278	397
278	434
278	455
278	548
278	584
278	586
278	594
278	611
278	754
278	994
279	400
279	433
279	482
279	591
279	697
279	742
279	912
279	977
280	292
280	331
280	347
280	376
280	462
280	477
280	644
280	669
280	739
280	796
280	854
280	880
280	959
280	991
281	298
281	377
281	464
281	466
281	586
281	630
281	661
281	724
281	899
282	284
282	286
282	301
282	352
282	354
282	365
282	388
282	397
282	422
282	533
282	546
282	581
282	613
282	633
282	699
282	703
282	881
282	956
283	293
283	373
283	458
283	525
283	595
283	609
283	645
283	650
283	684
283	789
283	856
283	963
284	285
284	289
284	295
284	459
284	628
284	647
284	650
284	852
284	884
284	907
285	348
285	363
285	375
285	533
285	750
285	844
285	866
286	292
286	412
286	508
286	663
286	787
286	791
286	833
286	845
286	883
286	893
286	939
286	959
287	580
287	626
287	727
287	784
287	882
287	941
288	292
288	293
288	342
288	367
288	413
288	445
288	456
288	603
288	847
288	879
288	945
288	974
289	437
289	440
289	706
289	725
289	731
289	842
289	895
289	990
290	338
290	501
290	562
290	591
290	617
290	627
290	757
290	790
290	856
290	876
290	906
291	342
291	367
291	501
291	577
291	638
291	673
291	695
291	810
291	879
291	964
292	295
292	296
292	358
292	455
292	604
292	664
292	690
292	698
292	913
292	958
293	312
293	375
293	453
293	499
293	504
293	580
293	779
293	816
293	900
293	949
293	983
294	346
294	366
294	382
294	394
294	460
294	502
294	613
294	642
294	660
294	676
294	753
294	767
294	808
294	826
294	954
295	348
295	405
295	425
295	445
295	638
295	764
295	805
295	837
296	303
296	304
296	326
296	429
296	452
296	466
296	497
296	537
296	540
296	609
296	610
296	856
297	332
297	514
297	575
297	682
297	695
297	822
297	875
297	888
297	912
297	932
297	936
298	375
298	658
298	733
298	757
298	780
298	795
298	823
298	839
298	843
298	882
298	943
299	303
299	319
299	416
299	450
299	468
299	495
299	595
299	686
299	954
300	316
300	326
300	373
300	382
300	394
300	433
300	468
300	489
300	505
300	519
300	530
300	577
300	714
300	819
300	855
300	872
300	880
301	324
301	334
301	337
301	338
301	356
301	364
301	393
301	466
301	519
301	532
301	580
301	583
301	605
301	626
301	691
301	700
301	720
301	771
301	797
301	803
301	913
301	926
301	956
301	984
302	326
302	357
302	386
302	389
302	667
302	685
302	712
302	723
302	811
302	990
303	311
303	317
303	365
303	368
303	425
303	466
303	509
303	555
303	588
303	692
303	724
303	744
303	969
304	327
304	338
304	344
304	352
304	361
304	387
304	412
304	425
304	684
304	766
304	775
304	778
304	939
304	986
305	342
305	345
305	397
305	462
305	526
305	541
305	567
305	798
305	837
305	961
306	311
306	343
306	365
306	408
306	460
306	481
306	657
306	741
306	832
306	905
306	964
307	333
307	339
307	366
307	380
307	387
307	468
307	530
307	538
307	668
307	682
307	699
307	792
307	880
307	890
308	317
308	325
308	342
308	391
308	646
308	750
308	813
308	838
308	891
308	934
309	311
309	333
309	358
309	363
309	534
309	582
309	671
309	967
310	344
310	351
310	365
310	388
310	393
310	394
310	407
310	493
310	795
310	819
310	906
310	956
310	979
311	322
311	328
311	336
311	383
311	414
311	549
311	561
311	630
311	666
311	682
311	686
311	752
311	849
311	871
311	889
312	317
312	357
312	360
312	379
312	382
312	386
312	391
312	431
312	448
312	462
312	554
312	653
312	759
312	772
312	808
312	972
313	320
313	330
313	349
313	353
313	367
313	458
313	500
313	555
313	561
313	677
313	717
313	832
313	867
313	871
313	918
314	322
314	344
314	368
314	460
314	482
314	613
314	633
314	806
314	825
314	889
314	905
314	965
314	969
315	315
315	383
315	399
315	450
315	668
315	747
315	798
315	913
315	956
316	319
316	325
316	342
316	353
316	367
316	377
316	387
316	391
316	431
316	531
316	544
316	702
316	971
317	395
317	426
317	470
317	475
317	509
317	534
317	595
317	678
317	701
317	711
317	748
317	800
317	846
317	853
317	970
317	977
318	322
318	330
318	352
318	354
318	391
318	553
318	563
318	616
318	801
318	846
319	329
319	342
319	346
319	356
319	375
319	390
319	394
319	427
319	496
319	497
319	504
319	506
319	531
319	603
319	720
319	879
319	890
319	931
319	963
320	334
320	339
320	350
320	359
320	388
320	458
320	483
320	525
320	574
320	639
320	850
320	871
321	504
321	543
321	728
321	734
321	763
321	874
321	925
322	325
322	384
322	407
322	495
322	519
322	597
322	645
322	706
322	810
322	849
322	923
323	328
323	335
323	361
323	370
323	394
323	476
323	592
323	596
323	871
323	964
323	982
323	997
324	392
324	405
324	417
324	515
324	532
324	685
324	717
324	829
324	875
324	897
324	974
324	982
325	334
325	336
325	352
325	363
325	380
325	385
325	594
325	637
325	657
325	665
325	765
325	838
325	847
325	871
325	944
326	334
326	381
326	392
326	407
326	447
326	452
326	517
326	663
326	689
326	707
326	735
326	792
326	846
326	847
326	986
327	381
327	545
327	638
327	659
327	674
327	724
327	749
327	848
327	875
327	878
327	897
327	950
328	328
328	346
328	349
328	368
328	408
328	421
328	452
328	476
328	546
328	591
328	628
328	769
328	790
328	798
328	883
328	902
328	957
328	979
329	349
329	350
329	360
329	364
329	380
329	402
329	407
329	439
329	520
329	571
329	582
329	639
329	773
330	355
330	362
330	366
330	370
330	378
330	447
330	482
330	498
330	644
330	749
330	785
330	790
330	804
330	863
330	902
331	365
331	473
331	518
331	535
331	683
331	703
331	705
331	832
331	863
332	335
332	349
332	355
332	356
332	366
332	374
332	379
332	388
332	393
332	442
332	559
332	658
332	711
332	946
333	362
333	430
333	466
333	518
333	578
333	579
333	614
333	652
333	679
333	684
333	689
333	747
333	923
334	343
334	368
334	380
334	381
334	388
334	396
334	397
334	456
334	726
334	780
334	806
334	895
334	918
334	928
334	963
334	979
335	347
335	393
335	397
335	424
335	470
335	503
335	570
335	622
335	684
335	746
335	758
335	891
336	397
336	442
336	659
336	719
336	746
336	813
336	895
336	943
337	386
337	795
337	838
337	935
338	363
338	396
338	502
338	553
338	597
338	666
338	675
338	680
338	737
338	812
338	822
338	908
338	941
338	945
339	349
339	358
339	361
339	384
339	419
339	520
339	531
339	634
339	647
339	794
339	802
339	839
339	894
339	897
339	954
340	341
340	384
340	393
340	397
340	407
340	491
340	553
340	586
340	605
340	624
340	630
340	659
340	702
340	771
340	989
341	366
341	380
341	422
341	445
341	486
341	528
341	533
341	568
341	670
341	757
341	759
341	772
341	773
341	839
341	873
341	881
341	924
341	937
341	945
341	977
341	986
342	353
342	360
342	381
342	384
342	385
342	394
342	463
342	488
342	519
342	540
342	609
342	669
342	771
342	832
342	857
342	868
342	952
343	347
343	371
343	372
343	379
343	383
343	397
343	471
343	557
343	586
343	669
343	752
343	786
343	888
343	939
343	979
344	367
344	379
344	581
344	588
344	607
344	616
344	632
344	643
344	709
344	731
344	767
344	778
344	849
344	862
344	947
344	950
345	356
345	434
345	478
345	643
345	667
345	679
345	684
345	719
345	799
345	883
345	895
345	896
345	900
345	958
346	350
346	449
346	537
346	550
346	691
346	708
346	917
346	920
346	962
346	990
346	994
347	367
347	373
347	388
347	393
347	398
347	467
347	477
347	485
347	682
347	729
347	761
347	765
347	818
347	826
347	860
347	954
347	973
348	440
348	475
348	560
348	586
348	599
348	684
348	776
348	808
348	809
348	855
348	869
348	871
348	879
348	914
349	362
349	383
349	387
349	390
349	425
349	444
349	447
349	587
349	663
349	694
349	706
349	730
349	735
349	767
349	814
349	840
349	895
349	967
349	970
349	975
350	377
350	385
350	388
350	486
350	540
350	552
350	571
350	623
350	787
350	822
350	829
350	832
350	911
350	929
350	968
351	404
351	415
351	430
351	445
351	528
351	569
351	579
351	580
351	623
351	678
351	730
351	761
351	910
351	938
351	957
352	369
352	370
352	377
352	380
352	382
352	385
352	403
352	507
352	561
352	687
352	926
353	354
353	549
353	686
353	724
353	729
353	738
353	793
353	831
353	882
354	373
354	377
354	378
354	396
354	398
354	464
354	550
354	601
354	679
354	715
354	803
354	833
354	874
354	875
354	914
354	917
354	930
354	961
355	364
355	371
355	372
355	380
355	389
355	537
355	546
355	997
356	374
356	384
356	394
356	396
356	483
356	496
356	512
356	677
356	735
356	809
356	833
356	837
356	848
356	924
356	926
356	933
356	957
357	377
357	625
357	681
357	701
357	981
358	394
358	454
358	718
358	818
358	893
359	371
359	609
359	610
359	621
359	625
359	651
359	693
359	714
359	730
359	740
359	783
359	921
359	933
360	361
360	380
360	399
360	488
360	500
360	524
360	620
360	742
360	847
360	916
360	922
360	965
360	990
361	371
361	373
361	376
361	387
361	445
361	495
361	695
361	719
361	762
361	782
361	972
362	373
362	539
362	544
362	558
362	621
362	685
362	696
362	721
362	811
362	821
362	822
362	823
363	391
363	406
363	505
363	530
363	632
363	806
363	825
363	915
364	365
364	399
364	413
364	437
364	443
364	444
364	452
364	462
364	674
364	676
364	954
364	959
365	375
365	382
365	390
365	426
365	455
365	570
365	602
365	657
365	736
365	861
365	894
365	934
366	369
366	379
366	484
366	497
366	511
366	520
366	552
366	572
366	697
366	737
366	837
366	850
367	432
367	433
367	453
367	487
367	497
367	559
367	608
367	610
367	639
367	653
367	760
367	889
367	923
367	949
367	956
367	979
368	391
368	417
368	581
368	611
368	722
368	733
368	767
368	790
368	793
368	811
368	836
368	897
368	901
368	904
368	979
369	386
369	388
369	399
369	416
369	433
369	440
369	473
369	539
369	541
369	588
369	640
369	642
369	658
369	674
369	769
369	833
369	880
370	374
370	385
370	516
370	593
370	637
370	716
370	753
370	787
370	935
370	948
371	399
371	459
371	732
371	856
372	374
372	380
372	404
372	511
372	515
372	536
372	645
372	658
372	667
372	737
372	741
372	749
372	787
372	827
372	829
372	833
372	846
372	866
372	970
373	398
373	446
373	543
373	585
373	617
373	677
373	722
373	833
373	844
373	887
374	384
374	396
374	692
374	695
374	862
374	868
374	878
374	913
374	960
375	400
375	430
375	463
375	471
375	722
375	812
375	890
375	978
375	982
376	384
376	397
376	513
376	593
376	652
376	668
376	691
376	712
376	994
377	419
377	494
377	549
377	760
377	797
377	817
377	834
377	884
377	904
377	921
377	953
378	381
378	447
378	554
378	564
378	636
378	672
378	677
378	691
378	801
378	842
378	851
379	381
379	382
379	393
379	503
379	528
379	647
379	698
379	726
379	779
379	812
379	831
379	984
379	993
380	387
380	388
380	394
380	398
380	402
380	461
380	476
380	482
380	546
380	556
380	608
380	697
380	782
380	790
380	826
380	848
380	884
380	908
381	381
381	388
381	393
381	401
381	411
381	451
381	478
381	492
381	536
381	612
381	875
381	888
381	918
382	418
382	579
382	592
382	663
382	852
382	906
382	909
382	981
383	451
383	456
383	484
383	534
383	770
383	869
384	392
384	596
384	746
384	776
384	821
385	393
385	423
385	570
385	702
385	729
385	756
385	801
385	935
386	390
386	417
386	429
386	505
386	612
386	642
386	651
386	688
386	745
386	812
386	851
386	874
386	992
387	392
387	399
387	408
387	428
387	463
387	484
387	557
387	577
387	670
387	683
387	708
387	992
388	462
388	489
388	514
388	515
388	533
388	573
388	971
389	485
389	667
389	771
389	789
389	925
389	966
389	976
390	418
390	428
390	520
390	575
390	634
390	638
390	656
390	691
390	730
390	761
391	397
391	400
391	436
391	580
391	683
391	752
391	854
391	871
391	876
391	901
391	978
392	400
392	455
392	489
392	509
392	574
392	615
392	659
392	733
392	795
392	935
392	940
393	397
393	507
393	564
393	662
393	719
393	775
393	817
393	952
394	396
394	535
394	558
394	578
394	582
394	600
394	800
394	825
394	921
394	963
395	411
395	433
395	434
395	444
395	474
395	545
395	613
395	632
395	635
395	655
395	676
395	812
395	817
395	835
395	920
395	999
396	437
396	450
396	530
396	563
396	581
396	629
396	737
396	742
396	755
396	827
396	929
396	934
397	397
397	410
397	488
397	498
397	688
397	773
397	812
397	851
397	888
397	889
397	908
398	532
398	534
398	608
398	619
398	748
398	771
398	806
398	831
398	849
399	413
399	417
399	440
399	578
399	610
399	653
399	655
399	667
399	694
399	706
399	717
399	760
399	856
399	908
399	998
400	412
400	431
400	524
400	649
400	697
400	818
400	957
400	976
400	992
401	430
401	438
401	449
401	502
401	530
401	553
401	621
401	677
401	681
401	773
401	939
402	443
402	510
402	648
402	810
402	935
402	962
403	458
403	462
403	464
403	468
403	480
403	487
403	612
403	615
403	646
403	704
403	718
403	797
403	821
403	845
403	853
403	854
403	870
403	899
403	999
404	408
404	413
404	414
404	440
404	473
404	476
404	514
404	521
404	594
404	912
404	918
405	431
405	493
405	556
405	623
405	705
405	823
405	830
405	836
405	928
406	436
406	448
406	449
406	491
406	501
406	565
406	639
406	694
406	755
406	772
406	838
406	841
407	427
407	441
407	446
407	449
407	463
407	484
407	552
407	596
407	621
407	666
407	697
407	768
407	776
407	808
407	829
407	868
407	907
407	911
407	941
407	983
407	991
408	435
408	436
408	441
408	461
408	480
408	481
408	647
408	686
408	701
408	724
408	739
408	786
408	852
409	422
409	434
409	445
409	450
409	454
409	459
409	460
409	510
409	515
409	523
409	532
409	534
409	551
409	556
409	596
409	606
409	679
409	680
409	695
409	739
409	753
409	835
409	841
409	847
409	963
410	419
410	446
410	451
410	469
410	490
410	523
410	579
410	620
410	640
410	737
410	781
410	792
410	857
410	913
410	939
410	946
410	955
410	971
410	975
410	999
411	422
411	428
411	442
411	444
411	449
411	451
411	458
411	529
411	663
411	682
411	768
411	819
411	969
411	970
412	413
412	422
412	426
412	431
412	437
412	444
412	477
412	577
412	634
412	816
412	853
412	869
413	423
413	426
413	437
413	462
413	466
413	522
413	659
413	676
413	694
413	701
413	793
414	415
414	429
414	440
414	457
414	462
414	468
414	473
414	479
414	550
414	641
414	667
414	752
414	760
414	783
414	796
414	829
414	926
415	428
415	434
415	435
415	438
415	439
415	441
415	448
415	451
415	461
415	486
415	494
415	499
415	593
415	664
415	727
415	742
415	789
415	869
415	929
415	995
415	999
416	423
416	493
416	516
416	536
416	761
416	821
416	838
416	841
416	983
417	448
417	484
417	491
417	541
417	650
417	695
417	750
417	797
418	468
418	469
418	482
418	499
418	549
418	700
418	747
418	779
418	790
418	793
418	806
418	817
418	826
418	891
418	906
419	430
419	434
419	472
419	497
419	529
419	546
419	579
419	610
419	714
419	826
419	955
420	447
420	475
420	476
420	489
420	494
420	497
420	530
420	741
420	844
420	898
421	444
421	471
421	490
421	511
421	517
421	577
421	709
421	746
421	767
421	840
421	948
421	980
422	432
422	439
422	440
422	462
422	464
422	469
422	485
422	575
422	692
422	722
422	769
422	775
422	829
422	839
422	896
422	966
423	430
423	433
423	471
423	479
423	482
423	554
423	720
423	739
423	816
423	817
423	891
423	917
423	939
423	947
424	433
424	445
424	490
424	494
424	495
424	519
424	538
424	544
424	751
424	813
424	839
424	878
425	430
425	440
425	445
425	494
425	498
425	502
425	676
425	699
425	757
425	766
425	864
425	900
425	944
426	435
426	457
426	465
426	472
426	477
426	673
426	787
426	865
427	459
427	466
427	529
427	550
427	743
427	846
427	982
428	444
428	494
428	508
428	532
428	579
428	691
428	761
428	764
428	785
428	836
428	871
429	474
429	485
429	545
429	773
429	981
430	458
430	576
430	596
430	597
430	647
430	660
430	687
430	776
430	852
430	952
430	974
431	446
431	451
431	452
431	456
431	487
431	593
431	698
431	775
431	815
431	832
431	897
431	917
432	440
432	455
432	459
432	470
432	473
432	490
432	533
432	567
432	667
432	696
432	765
432	771
432	884
432	889
432	996
433	442
433	451
433	457
433	481
433	486
433	496
433	612
433	699
433	793
433	832
433	846
433	856
434	487
434	584
434	721
434	729
434	734
434	952
435	460
435	462
435	476
435	490
435	495
435	551
435	591
435	720
435	782
435	871
435	927
436	469
436	478
436	483
436	485
436	497
436	498
436	513
436	541
436	592
436	652
436	720
436	846
436	923
436	979
436	983
437	450
437	556
437	580
437	603
437	622
437	668
437	761
437	779
437	790
437	818
437	899
437	955
437	978
438	457
438	459
438	469
438	537
438	582
438	701
438	787
438	812
438	872
438	909
438	960
438	977
439	443
439	460
439	463
439	578
439	587
439	707
439	771
439	803
439	814
439	894
439	942
440	459
440	493
440	496
440	508
440	529
440	888
440	950
441	459
441	470
441	478
441	489
441	496
441	548
441	560
441	651
441	721
441	828
441	839
441	919
441	954
441	970
442	453
442	458
442	488
442	531
442	535
442	611
442	803
442	828
442	850
443	475
443	659
443	880
443	940
444	553
444	653
444	658
444	683
444	684
444	776
444	880
444	903
444	910
445	463
445	480
445	498
445	583
445	643
445	683
445	686
445	714
445	764
445	882
446	449
446	479
446	544
446	657
446	745
446	746
446	804
446	817
446	850
446	875
446	958
447	452
447	454
447	469
447	526
447	667
447	906
447	998
448	468
448	474
448	480
448	485
448	488
448	568
448	663
448	671
448	680
448	742
448	776
448	810
449	480
449	506
449	545
449	574
449	587
449	631
449	650
449	768
449	876
449	976
450	465
450	511
450	568
450	662
450	700
450	711
450	750
450	863
450	966
451	454
451	459
451	492
451	510
451	582
451	778
451	830
451	851
451	910
452	456
452	464
452	467
452	496
452	588
452	867
452	874
452	881
452	886
452	902
453	456
453	464
453	492
453	528
453	556
453	632
453	678
453	731
453	749
453	827
453	847
454	457
454	464
454	467
454	475
454	510
454	556
454	756
454	853
454	897
455	478
455	484
455	491
455	516
455	574
455	613
455	664
455	788
455	834
455	841
455	891
455	911
456	460
456	462
456	470
456	472
456	476
456	484
456	497
456	538
456	710
456	755
456	795
456	819
456	947
456	982
456	987
457	474
457	475
457	494
457	516
457	522
457	562
457	581
457	683
457	730
457	785
457	985
458	477
458	509
458	510
458	580
458	648
458	716
458	719
458	759
458	890
458	938
458	948
458	980
459	476
459	498
459	544
459	588
459	679
459	817
460	469
460	470
460	479
460	545
460	726
460	825
460	850
460	941
461	485
461	489
461	490
461	499
461	509
461	587
461	746
461	750
461	784
461	786
461	801
461	836
461	958
461	974
461	995
462	602
462	753
462	864
462	877
462	991
463	464
463	479
463	497
463	608
463	729
463	796
463	811
463	944
463	969
463	994
464	467
464	470
464	474
464	482
464	517
464	547
464	608
464	637
464	646
464	668
464	675
464	722
464	942
464	968
465	470
465	497
465	588
465	602
465	627
465	631
465	804
465	824
465	933
465	983
466	469
466	481
466	482
466	487
466	492
466	493
466	498
466	520
466	592
466	628
466	660
466	689
466	778
466	803
466	828
466	951
466	955
467	477
467	481
467	483
467	524
467	536
467	590
467	656
467	664
467	779
467	819
467	894
467	966
468	485
468	695
468	827
468	947
468	971
469	474
469	489
469	514
469	525
469	613
469	626
469	651
469	654
469	662
469	663
469	797
469	836
469	900
469	952
470	581
470	715
470	732
470	762
470	772
470	798
470	849
470	900
470	918
470	978
471	494
471	534
471	540
471	594
471	600
471	673
471	837
471	984
472	474
472	617
472	652
472	692
472	903
473	475
473	485
473	729
473	760
473	784
473	821
473	912
474	503
474	519
474	587
474	702
474	761
474	832
474	870
474	913
475	486
475	496
475	551
475	589
475	701
475	763
475	828
475	877
475	923
475	926
475	964
475	988
476	484
476	573
476	587
476	713
476	727
476	746
476	836
476	864
476	976
477	498
477	550
477	560
477	631
477	637
477	860
477	900
477	961
478	481
478	496
478	500
478	515
478	538
478	576
478	682
478	726
478	727
479	482
479	677
479	712
479	780
479	919
479	942
479	944
480	482
480	502
480	526
480	584
480	613
480	614
480	630
480	669
480	706
480	712
480	867
480	960
481	490
481	524
481	789
481	842
481	929
482	487
482	491
482	539
482	733
482	798
482	809
482	844
482	879
482	897
482	966
483	491
483	616
483	631
483	658
483	999
484	580
484	633
484	827
484	836
484	925
484	997
485	502
485	539
485	555
485	610
485	645
485	658
485	662
485	663
485	697
485	902
486	522
486	554
486	615
486	640
486	745
486	792
486	828
486	835
487	494
487	531
487	554
487	756
487	968
488	648
488	683
488	712
488	778
488	827
489	497
489	638
489	670
489	729
489	906
489	936
489	949
490	490
490	546
490	573
490	631
490	717
490	741
490	757
490	781
490	804
490	952
490	960
490	974
491	634
491	642
491	694
491	853
491	887
491	967
492	554
492	765
492	789
492	833
493	762
493	788
493	797
493	830
493	895
493	899
493	914
493	927
493	992
494	499
494	516
494	549
494	596
494	599
494	613
494	665
494	675
494	691
494	784
494	825
494	954
494	996
495	544
495	688
495	738
495	755
495	759
495	781
495	782
495	857
496	499
496	645
496	773
496	865
496	947
497	578
497	610
497	613
497	656
497	739
497	746
497	757
497	978
497	991
497	998
498	514
498	518
498	599
498	687
498	703
498	779
498	798
498	813
498	920
498	969
498	988
499	526
499	606
499	669
499	812
499	943
499	960
500	506
500	519
500	521
500	530
500	540
500	551
500	578
500	589
500	613
500	744
500	978
501	559
501	570
501	583
501	586
501	588
501	645
501	648
501	707
501	834
501	993
502	549
502	557
502	559
502	720
502	728
502	766
502	817
502	873
502	891
502	944
502	978
503	505
503	545
503	582
503	594
503	789
503	996
504	535
504	545
504	638
504	765
504	775
504	884
504	957
505	510
505	519
505	523
505	549
505	558
505	593
505	615
505	663
505	669
505	704
505	790
505	867
505	873
505	914
506	520
506	577
506	595
506	637
506	653
506	673
506	746
506	805
506	812
506	874
506	940
507	510
507	539
507	575
507	593
507	671
507	766
507	798
507	908
507	983
507	990
508	516
508	528
508	554
508	624
508	658
508	759
508	890
508	892
508	895
508	915
508	963
509	563
509	588
509	640
509	715
509	766
509	773
509	833
509	856
509	931
509	961
509	969
510	522
510	542
510	553
510	590
510	592
510	596
510	629
510	643
510	664
510	732
510	748
510	824
510	848
510	910
510	913
510	969
511	534
511	546
511	550
511	559
511	560
511	570
511	590
511	666
511	692
511	736
511	776
511	785
511	858
511	892
511	936
512	531
512	592
512	593
512	595
512	602
512	677
512	697
512	985
513	528
513	559
513	562
513	567
513	587
513	598
513	605
513	691
513	723
513	759
513	766
513	782
513	795
514	533
514	551
514	642
514	673
514	771
514	783
514	875
514	876
514	956
515	515
515	516
515	521
515	557
515	563
515	564
515	570
515	572
515	576
515	592
515	681
515	684
515	795
515	873
515	949
515	978
516	518
516	533
516	547
516	735
516	784
516	909
516	964
517	529
517	536
517	540
517	548
517	558
517	577
517	584
517	592
517	675
517	708
517	821
517	877
517	942
518	518
518	526
518	536
518	559
518	830
518	853
518	990
519	531
519	575
519	588
519	593
519	727
519	742
519	750
519	782
519	803
519	830
519	916
519	992
520	550
520	555
520	562
520	569
520	589
520	603
520	605
520	670
520	692
520	693
520	741
520	784
520	883
521	566
521	631
521	685
521	783
521	903
521	996
522	542
522	547
522	551
522	584
522	657
522	708
522	737
522	779
522	866
522	883
522	957
522	985
522	999
523	535
523	558
523	568
523	577
523	681
523	692
523	946
523	995
524	532
524	547
524	553
524	590
524	593
524	595
524	599
524	622
524	623
524	634
524	842
524	858
524	878
525	535
525	557
525	583
525	592
525	709
525	752
525	880
525	938
525	974
525	988
525	992
526	530
526	539
526	558
526	586
526	652
526	741
526	770
526	779
526	802
526	817
526	874
526	944
527	535
527	536
527	582
527	585
527	958
528	531
528	561
528	587
528	656
528	664
528	812
528	954
528	987
529	555
529	562
529	566
529	581
529	688
529	706
529	744
529	758
530	567
530	580
530	659
530	829
530	873
530	878
531	532
531	544
531	547
531	565
531	567
531	583
531	586
531	603
531	635
531	934
532	538
532	551
532	561
532	572
532	581
532	588
532	685
532	856
532	867
532	886
532	929
532	985
533	554
533	560
533	591
533	636
533	811
533	818
533	827
533	973
534	541
534	553
534	651
534	747
534	827
534	979
535	746
535	755
535	930
535	964
536	540
536	563
536	564
536	567
536	568
536	583
536	617
536	632
536	680
536	785
536	817
536	857
536	862
536	958
537	556
537	691
537	799
537	838
537	839
537	973
538	541
538	546
538	564
538	588
538	598
538	613
538	643
538	681
538	713
538	777
538	940
539	553
539	569
539	586
539	598
539	602
539	613
539	684
539	685
539	704
539	705
539	720
539	788
540	544
540	551
540	561
540	563
540	593
540	599
540	790
540	796
540	815
540	913
540	961
540	991
541	553
541	554
541	690
541	792
541	809
541	942
542	547
542	581
542	621
542	625
542	642
542	775
542	795
542	906
542	908
542	999
543	550
543	575
543	605
543	642
543	657
543	775
543	785
543	868
543	897
544	590
544	629
544	679
544	686
544	732
544	733
544	779
544	808
544	847
544	864
544	870
545	558
545	560
545	577
545	626
545	632
545	715
546	564
546	582
546	583
546	588
546	679
546	719
546	745
546	777
546	811
546	845
546	848
546	871
546	896
546	957
546	969
547	567
547	592
547	615
547	631
547	787
547	795
547	836
547	872
547	897
547	911
548	571
548	593
548	599
548	655
548	798
548	852
548	857
548	905
548	994
549	560
549	565
549	571
549	650
549	656
549	689
549	813
549	862
549	880
549	914
549	945
550	560
550	566
550	776
550	933
550	946
551	585
551	601
551	687
551	850
551	872
551	932
551	934
552	559
552	593
552	643
552	903
552	904
552	916
552	948
552	963
553	561
553	587
553	596
553	637
553	692
553	742
553	967
554	562
554	569
554	584
554	589
554	658
554	679
554	701
554	748
554	810
554	833
554	835
554	873
554	948
554	991
555	565
555	568
555	581
555	597
555	598
555	605
555	642
555	664
555	735
555	968
556	575
556	597
556	600
556	819
556	831
556	880
556	910
556	953
557	563
557	619
557	622
557	677
557	723
557	819
558	606
558	648
558	680
558	688
558	871
558	972
558	974
559	658
559	685
559	721
559	738
559	857
559	925
559	952
560	572
560	651
560	737
560	745
560	770
560	799
560	810
560	877
560	910
561	573
561	583
561	590
561	600
561	618
561	666
561	803
562	579
562	585
562	593
562	616
562	629
562	646
562	653
562	667
562	861
562	863
562	891
562	944
563	585
563	587
563	597
563	615
563	655
563	664
563	746
563	785
563	801
563	985
563	993
564	564
564	569
564	648
564	787
564	852
564	914
565	580
565	591
565	628
565	639
565	897
565	907
565	908
565	917
565	994
566	583
566	591
566	648
566	649
566	710
566	791
566	879
566	882
566	905
567	569
567	597
567	672
567	686
567	886
568	575
568	580
568	588
568	643
568	671
569	571
569	576
569	583
569	695
569	770
569	811
569	867
569	922
570	588
570	722
570	726
570	777
570	826
570	961
571	573
571	584
571	590
571	649
571	664
571	675
571	740
571	776
571	781
571	919
571	973
571	999
572	573
572	579
572	581
572	590
572	598
572	600
572	605
572	626
572	665
572	742
572	852
572	861
573	579
573	593
573	670
573	696
573	728
573	729
573	938
573	944
574	579
574	589
574	597
574	707
574	806
574	907
574	921
574	975
574	980
575	704
575	815
575	878
575	904
575	937
576	579
576	581
576	629
576	654
576	733
576	759
576	820
576	871
576	881
577	591
577	628
577	862
577	869
577	870
577	946
578	583
578	590
578	641
578	713
578	717
578	869
579	652
579	821
579	894
580	603
580	732
580	786
580	831
580	872
580	943
581	582
581	587
581	599
581	618
581	707
581	753
581	818
581	888
581	899
581	935
582	584
582	662
582	671
582	731
582	737
582	775
582	874
582	908
583	644
583	803
583	942
583	964
583	986
583	987
584	590
584	595
584	685
584	725
584	776
584	999
585	597
585	599
585	600
585	603
585	680
585	720
585	797
585	811
585	931
586	708
586	717
586	755
586	766
586	945
587	588
587	590
587	593
587	632
587	633
587	703
587	718
587	980
588	671
588	713
588	902
588	928
589	648
589	730
589	763
589	784
589	869
589	878
590	590
590	703
590	967
591	620
591	647
591	712
591	750
591	777
591	882
591	910
591	916
592	649
592	734
592	748
592	756
592	848
592	867
592	915
592	969
593	624
593	647
593	704
593	739
593	819
593	831
593	893
593	942
594	599
594	614
594	662
594	705
594	724
594	754
594	819
594	889
594	903
595	614
595	707
595	766
595	995
596	601
596	694
596	726
596	784
596	800
596	884
596	992
597	722
597	783
597	810
598	610
598	630
598	674
598	711
598	716
598	745
598	778
598	811
598	887
598	963
599	604
599	632
599	674
599	835
599	928
599	944
599	956
600	606
600	626
600	628
600	630
600	647
600	651
600	656
600	657
600	669
600	676
600	864
600	914
600	929
600	957
601	616
601	620
601	633
601	662
601	671
601	682
601	698
601	699
601	846
601	957
602	624
602	631
602	636
602	645
602	653
602	669
602	681
602	736
602	765
602	768
602	846
603	613
603	654
603	668
603	679
603	705
603	741
603	798
603	848
604	621
604	675
604	684
604	819
604	924
604	991
604	995
605	624
605	640
605	649
605	668
605	698
605	700
605	749
605	907
605	927
606	651
606	800
606	834
606	875
606	928
606	988
607	620
607	632
607	633
607	635
607	639
607	640
607	685
607	687
607	689
607	736
607	881
607	883
607	978
608	618
608	631
608	647
608	662
608	702
608	714
608	731
608	751
608	789
608	857
609	623
609	634
609	639
609	649
609	650
609	659
609	666
609	667
609	676
610	618
610	631
610	633
610	738
610	742
610	760
610	772
610	782
610	795
610	885
610	904
611	634
611	635
611	644
611	661
611	662
611	664
611	694
611	698
611	852
611	898
611	973
612	630
612	663
612	840
612	845
612	856
612	859
612	974
612	988
612	989
613	617
613	647
613	657
613	664
613	694
613	696
613	698
613	731
613	821
613	851
613	912
613	947
614	670
614	680
614	894
615	619
615	629
615	649
615	719
615	776
615	896
615	951
616	618
616	630
616	646
616	647
616	659
616	689
616	696
616	724
616	754
617	619
617	627
617	631
617	677
617	681
617	688
617	722
617	803
617	851
617	860
618	625
618	642
618	655
618	673
618	767
618	886
618	905
618	974
618	984
618	991
619	649
619	653
619	679
619	682
619	683
619	695
619	799
619	800
619	816
619	823
619	853
619	892
619	896
619	898
619	916
619	938
620	622
620	657
620	678
620	797
620	853
620	860
621	630
621	656
621	677
621	678
621	686
621	742
621	746
621	750
621	890
621	961
622	636
622	665
622	666
622	674
622	691
622	744
622	786
622	798
622	825
622	857
622	965
622	979
623	628
623	644
623	676
623	680
623	688
623	696
623	836
623	852
623	951
624	630
624	649
624	735
624	748
624	768
624	828
625	640
625	717
625	750
625	785
625	803
625	810
625	914
626	641
626	682
626	685
626	775
626	782
626	862
626	921
626	931
626	962
626	984
626	988
627	630
627	666
627	667
627	672
627	756
627	779
627	850
627	916
627	990
628	633
628	634
628	675
628	724
628	735
628	770
628	835
628	986
629	673
629	847
629	994
630	630
630	643
630	659
630	671
630	699
630	749
630	885
630	924
630	925
630	947
630	973
631	638
631	646
631	670
631	689
631	692
631	705
631	900
631	915
631	918
631	974
631	977
632	661
632	672
632	676
632	697
632	775
632	792
632	824
633	637
633	646
633	680
633	693
633	698
633	707
633	714
633	759
633	794
633	921
633	945
633	982
633	999
634	656
634	666
634	691
634	697
634	734
634	767
634	913
634	944
634	985
634	990
635	653
635	672
635	843
635	870
635	891
636	646
636	659
636	660
636	670
636	679
636	690
636	698
636	713
636	717
636	731
636	819
636	837
636	895
636	914
636	953
636	955
637	655
637	660
637	661
637	734
637	872
638	642
638	667
638	684
638	777
638	807
638	846
638	882
638	903
638	919
638	936
638	954
638	969
639	656
639	680
639	693
640	689
640	841
640	926
640	933
641	644
641	665
641	667
641	681
641	708
641	718
641	723
641	725
641	850
641	993
642	647
642	648
642	691
642	695
642	741
642	785
642	804
642	832
642	875
642	898
642	936
643	660
643	671
643	687
643	697
643	788
643	931
643	999
644	663
644	669
644	673
644	836
644	900
644	931
645	696
646	685
646	699
646	718
646	724
646	785
647	648
647	654
647	685
647	706
647	752
647	763
647	781
647	995
648	649
648	653
648	661
648	669
648	671
648	675
648	691
648	697
648	703
648	726
648	864
648	956
649	692
649	699
649	915
649	940
650	657
650	671
650	674
650	677
650	699
650	724
650	733
650	741
650	751
650	997
651	654
651	682
651	718
651	794
651	940
651	944
652	660
652	679
652	684
652	815
652	882
652	886
652	902
652	986
653	662
653	666
653	689
653	691
653	779
653	846
653	867
653	919
653	947
654	661
654	664
654	681
654	712
654	736
654	756
654	867
654	887
655	657
655	689
655	708
655	712
655	781
655	929
655	950
656	668
656	669
656	785
656	802
657	718
657	769
657	803
657	908
657	921
657	956
658	664
658	671
658	757
658	795
658	832
658	836
658	951
659	670
659	674
659	687
659	715
659	738
659	822
659	877
660	676
660	677
660	729
660	889
660	936
661	666
661	667
661	685
661	728
661	737
661	879
661	935
662	673
662	742
662	758
662	760
662	821
662	887
662	934
662	947
663	681
663	690
663	697
663	768
663	772
663	873
663	949
664	664
664	668
664	671
664	679
664	684
664	744
664	757
664	944
665	720
665	742
665	777
665	788
665	927
665	974
666	669
666	696
666	910
667	668
667	679
667	683
667	685
667	724
667	951
668	671
668	674
668	677
668	684
668	817
668	844
668	961
668	982
669	701
669	730
669	742
669	832
669	839
669	846
669	853
670	678
670	701
670	748
670	886
670	936
671	692
671	697
671	733
671	737
671	853
671	867
671	932
672	727
672	792
672	985
672	994
673	673
673	779
673	867
673	909
673	955
674	676
674	740
674	785
674	813
674	911
674	932
674	991
674	998
675	686
675	774
675	820
675	834
675	893
675	896
675	901
675	938
676	685
676	810
676	926
677	691
677	772
677	786
677	792
677	798
677	913
678	688
678	695
678	697
678	724
678	736
678	756
678	825
678	855
678	892
678	953
678	984
678	994
678	995
679	679
679	694
679	718
679	758
679	764
679	803
679	837
679	926
680	720
680	871
681	691
681	776
681	794
681	963
681	975
681	999
682	748
682	802
682	805
682	992
683	698
683	732
683	761
683	764
683	806
683	847
683	889
683	890
683	901
683	954
684	698
684	704
684	710
684	731
684	811
684	824
685	695
685	793
685	875
685	903
685	937
685	969
685	981
686	757
686	797
686	904
686	934
686	963
686	965
687	779
687	860
687	865
687	913
687	917
687	959
688	696
688	697
688	736
688	799
688	820
688	917
688	921
689	689
689	711
689	729
689	810
689	856
689	868
689	897
689	958
689	985
690	793
690	828
690	859
690	952
691	703
691	747
691	939
691	951
692	695
692	697
692	996
693	706
693	747
693	773
693	808
693	843
693	852
693	888
694	695
694	721
694	775
694	824
694	841
694	919
694	921
694	978
695	712
695	721
695	785
695	797
695	816
695	833
695	836
695	895
695	941
695	949
695	982
696	708
696	736
696	749
696	788
696	812
696	877
696	886
696	921
696	992
697	699
697	770
697	809
697	820
697	830
697	860
697	891
697	947
698	703
698	954
699	731
699	765
699	805
700	757
700	784
700	793
700	810
700	916
701	716
701	728
701	756
701	774
701	787
701	808
701	828
701	854
701	861
701	876
701	960
701	961
702	713
702	722
702	733
702	737
702	782
702	814
702	831
703	709
703	713
703	752
703	755
703	758
703	769
703	788
703	791
703	808
703	958
703	964
704	704
704	726
704	738
704	740
704	749
704	758
704	762
704	763
704	776
704	780
704	789
704	858
704	863
704	901
704	920
704	959
704	960
704	992
705	708
705	768
705	772
705	815
705	924
705	952
706	717
706	728
706	729
706	736
706	792
706	895
706	933
707	735
707	764
707	778
707	799
707	820
707	851
707	875
708	719
708	794
708	834
708	938
708	944
708	956
708	996
709	722
709	725
709	764
709	813
710	718
710	840
710	887
710	992
711	720
711	721
711	737
711	752
711	778
711	907
711	912
711	958
711	997
712	731
712	750
712	754
713	743
713	747
713	753
713	755
713	766
713	775
713	780
713	781
713	961
714	752
714	760
714	764
714	771
714	772
714	787
714	845
714	846
714	880
714	963
714	985
715	746
715	763
715	767
715	769
715	771
715	789
715	791
715	799
715	984
716	780
716	781
716	804
716	893
716	949
716	960
717	718
717	720
717	743
717	749
717	755
717	777
717	866
717	888
717	953
717	996
718	727
718	752
718	767
718	770
718	773
718	820
718	828
718	860
718	865
718	869
718	883
718	900
719	768
719	774
719	782
719	783
719	896
719	927
720	726
720	738
720	739
720	909
720	915
720	971
721	723
721	789
721	790
721	797
721	813
721	846
721	865
721	885
721	926
721	928
721	981
722	732
722	733
722	809
722	897
722	929
723	725
723	739
723	752
723	789
723	804
723	816
723	962
724	725
724	728
724	736
724	758
724	791
724	833
724	873
724	953
724	955
725	726
725	743
725	777
725	790
725	835
725	888
725	938
725	991
726	743
726	752
726	753
726	770
726	793
726	830
726	960
726	980
727	746
727	757
727	855
727	882
727	887
727	934
727	948
727	953
727	971
728	740
728	748
728	770
728	832
728	833
728	931
728	974
729	749
729	768
729	773
729	777
729	780
729	788
729	791
729	795
729	805
729	855
729	941
730	749
730	768
730	839
730	850
730	874
730	877
731	734
731	749
731	758
731	763
731	796
731	833
731	934
731	969
732	735
732	736
732	739
732	740
732	794
732	804
732	920
733	733
733	759
733	769
733	776
733	781
733	862
733	900
733	990
734	739
734	741
734	744
734	762
734	782
734	792
734	798
734	848
734	874
734	915
734	978
735	740
735	762
735	796
735	902
735	912
736	745
736	784
736	790
736	818
736	898
736	908
736	972
737	744
737	784
737	869
738	756
738	764
738	801
738	899
738	911
738	927
738	928
739	767
739	768
739	835
739	836
740	756
740	771
740	773
740	797
740	912
740	973
741	743
741	766
741	790
741	797
741	871
741	918
742	747
742	762
743	748
743	755
744	756
744	770
744	774
744	785
744	796
744	962
745	762
745	772
745	795
746	756
746	757
746	771
746	789
746	830
746	874
746	913
746	979
747	750
747	761
747	774
747	790
747	817
747	931
748	748
748	767
748	778
748	783
748	790
748	849
748	914
748	975
748	983
749	753
749	755
749	760
749	761
749	788
750	750
750	781
750	794
750	872
750	989
751	763
751	766
751	772
751	794
751	854
751	949
751	959
751	985
752	765
752	770
752	798
752	822
752	903
752	954
752	978
752	993
753	779
753	783
753	785
753	842
753	854
753	964
753	965
754	828
754	833
754	885
754	891
754	911
754	946
755	773
755	774
755	786
755	799
755	806
755	836
755	906
755	981
756	756
756	769
756	776
756	782
756	868
756	973
756	978
757	784
757	941
757	952
757	955
758	767
758	780
758	945
758	996
759	761
759	771
759	772
759	782
759	793
759	892
760	780
760	786
760	788
760	789
760	855
761	768
761	769
761	792
761	798
761	883
761	900
761	969
762	768
762	791
762	837
762	890
763	781
763	787
763	796
763	799
763	831
763	975
763	990
764	773
764	778
764	784
764	791
764	826
764	844
764	888
764	907
765	818
765	907
765	945
766	769
766	774
766	776
766	781
766	788
766	845
766	915
766	982
767	768
767	812
767	952
767	989
768	793
768	803
768	929
768	973
769	791
769	826
769	908
770	772
770	774
770	813
770	825
770	955
771	775
771	854
771	951
772	780
772	990
773	787
773	810
773	897
773	920
773	964
773	975
774	776
774	785
774	875
774	889
774	891
774	900
774	904
774	946
775	781
775	808
775	833
775	879
776	796
776	799
776	812
776	907
776	924
776	972
776	993
777	848
777	908
778	800
778	858
778	971
779	783
779	795
779	797
779	807
779	837
779	865
780	784
780	798
780	822
780	949
781	817
781	965
782	787
782	794
782	824
782	862
782	952
782	975
782	987
783	799
783	816
783	829
783	868
784	788
784	795
784	860
784	871
785	856
785	946
786	799
786	907
786	920
786	977
786	986
786	989
787	798
787	837
787	904
787	915
788	803
788	834
788	913
788	939
789	792
789	798
789	885
789	978
790	794
790	927
790	993
791	792
791	797
791	825
791	836
791	882
791	993
792	925
792	932
792	994
793	832
793	884
793	931
793	959
794	811
794	826
794	838
794	978
795	798
795	810
795	903
795	992
796	852
796	855
797	800
797	804
797	813
797	831
797	878
797	967
797	971
798	859
798	913
798	916
798	929
798	968
798	976
798	978
799	833
799	930
799	954
800	812
800	817
800	837
800	862
800	876
800	898
800	945
800	978
801	821
801	883
801	888
802	830
802	876
802	884
802	890
802	910
802	934
802	962
802	999
803	806
803	824
803	832
803	844
803	856
803	863
803	865
803	883
803	884
803	962
803	982
803	983
803	994
804	832
804	851
804	858
804	928
804	978
805	806
805	808
805	812
805	817
805	825
805	905
806	807
806	815
806	818
806	851
806	856
806	866
806	867
806	908
806	909
806	986
807	824
807	847
807	851
807	906
807	910
807	924
807	945
808	825
808	840
808	859
808	882
808	888
808	921
808	962
808	966
809	817
809	850
809	884
809	886
809	914
810	959
811	811
811	827
811	828
811	836
811	850
811	868
811	869
811	881
811	897
811	909
812	837
812	859
812	869
812	870
812	991
813	833
813	849
813	871
813	907
814	843
814	848
814	873
814	893
815	817
815	897
815	957
816	885
816	888
817	819
817	823
817	875
817	876
817	886
817	892
817	925
817	926
817	938
818	819
818	829
818	838
818	897
818	972
819	836
819	872
819	880
819	881
819	882
819	888
819	931
819	989
819	999
820	824
820	844
820	875
820	986
821	891
821	990
822	834
822	839
822	856
822	879
822	884
822	947
823	831
823	841
823	845
823	853
823	930
824	832
824	878
824	939
825	830
825	833
825	847
825	848
825	858
825	873
825	879
825	890
826	855
826	857
826	880
826	895
826	966
827	859
827	939
827	954
828	833
828	845
828	850
828	872
828	879
828	887
828	939
828	969
828	996
829	869
829	877
829	889
829	895
829	896
829	977
830	847
830	880
830	911
830	942
830	982
831	847
831	851
831	860
831	883
831	958
831	975
832	842
832	843
832	892
832	898
832	958
832	977
833	855
833	857
833	870
833	896
834	858
834	876
834	949
835	968
835	974
836	851
836	875
836	894
836	995
837	847
837	860
837	877
837	881
837	898
837	959
837	968
838	871
838	885
838	922
838	925
839	848
839	877
839	934
839	977
840	847
840	869
840	945
840	965
841	855
841	871
841	890
841	891
842	847
842	864
842	868
842	870
842	881
842	885
842	916
842	925
843	867
843	873
844	860
844	878
844	885
844	887
844	963
844	975
844	998
845	889
845	892
845	900
845	915
845	986
846	857
846	859
846	913
846	936
846	967
847	849
847	853
847	869
847	881
847	908
848	851
848	871
848	883
848	887
848	947
849	876
849	896
849	971
849	986
849	989
850	862
850	887
850	897
850	898
850	931
850	974
850	977
851	933
851	971
852	858
852	964
853	855
853	856
853	866
853	871
854	857
854	865
854	893
854	985
855	863
855	865
855	888
855	931
855	933
856	871
856	881
856	886
857	884
857	885
857	895
857	915
857	943
857	976
857	985
857	987
858	867
858	873
858	949
859	863
859	876
859	942
859	952
860	899
861	861
861	876
861	887
861	897
862	876
862	884
862	896
862	900
863	866
863	869
863	871
863	893
863	945
864	885
864	916
864	938
865	891
865	892
865	914
865	970
865	973
865	999
866	912
867	874
867	878
867	881
867	908
867	970
867	974
868	875
869	871
869	874
869	881
869	904
869	906
869	972
870	977
871	873
871	875
871	882
871	898
871	938
872	969
872	997
873	874
874	877
874	892
874	960
875	887
875	894
875	933
876	878
876	881
876	930
876	976
876	979
876	980
877	889
877	975
878	918
878	938
878	948
878	954
878	982
879	887
879	962
880	892
880	910
881	886
881	895
883	955
883	962
883	997
884	941
885	887
885	897
885	947
887	895
887	935
887	975
889	909
889	926
889	954
889	981
889	993
890	896
890	927
890	970
891	904
891	942
891	959
892	928
892	936
892	962
892	976
893	956
894	948
894	953
895	898
895	945
896	998
897	898
897	925
897	984
898	952
898	958
899	995
900	911
900	931
900	950
900	977
900	989
901	931
901	936
901	953
901	972
901	976
901	981
901	992
902	924
903	940
903	966
903	967
904	906
904	969
905	908
905	910
905	911
905	914
905	939
905	997
906	907
906	908
906	925
907	914
907	941
907	961
907	970
907	971
907	978
907	989
907	999
908	928
908	940
908	943
908	944
908	969
908	981
908	983
909	915
909	923
909	949
909	952
909	958
910	997
911	915
911	937
911	943
911	976
911	982
911	997
912	920
912	940
912	944
912	974
912	990
913	940
914	925
914	938
914	951
914	973
915	944
915	963
915	967
916	924
916	937
916	958
917	925
917	957
917	960
917	963
918	930
918	941
918	945
918	956
918	962
918	971
918	974
918	978
919	922
919	923
919	944
919	945
919	957
919	986
919	989
919	992
919	993
919	999
920	922
920	981
922	935
922	949
922	991
923	943
923	948
923	963
923	974
923	979
923	994
924	926
925	928
925	955
925	980
925	985
926	935
926	941
926	955
926	967
926	995
927	936
927	950
927	986
927	996
927	997
928	936
928	944
929	931
929	943
929	998
930	975
931	943
931	950
931	955
931	968
931	986
931	995
932	945
932	990
933	944
933	993
934	945
934	960
934	964
934	965
934	972
935	988
936	940
936	953
936	956
936	959
936	961
937	943
937	989
937	994
938	939
938	951
938	967
938	994
939	951
939	963
939	978
939	987
940	941
940	956
940	962
940	994
942	956
942	961
942	987
944	944
944	945
944	981
944	992
946	974
946	996
946	999
947	948
947	959
947	998
948	985
949	950
949	954
949	958
949	971
950	980
950	998
951	982
952	955
952	966
952	978
953	970
953	981
953	993
953	999
954	956
954	986
954	987
954	994
954	998
955	971
955	990
955	998
956	966
956	998
957	965
957	990
957	993
958	978
959	987
960	988
961	994
962	962
963	964
963	978
963	983
964	978
966	985
966	988
967	977
967	990
968	970
968	971
968	996
968	998
969	969
969	973
969	977
969	982
970	971
970	979
970	984
971	975
971	990
972	990
973	976
976	981
977	986
977	996
978	986
979	983
980	995
982	982
982	983
982	990
983	999
984	988
984	990
985	990
989	990
989	996
989	998
991	997
993	999
994	998
996	997
