0	2
0	8
0	9
0	13
0	15
0	17
0	19
0	25
0	35
0	36
0	37
0	41
0	42
0	45
0	55
0	56
0	61
0	62
0	68
0	80
0	84
0	86
0	95
0	383
0	779
1	30
1	31
1	46
1	57
1	58
1	68
1	70
1	78
1	82
1	83
1	91
1	93
1	97
1	475
1	699
2	5
2	7
2	8
2	19
2	28
2	29
2	39
2	46
2	49
2	50
2	52
2	53
2	58
2	61
2	65
2	85
2	87
2	92
2	93
2	99
2	148
2	322
3	11
3	13
3	23
3	26
3	37
3	55
3	57
3	63
3	64
3	75
3	79
3	83
3	92
3	204
3	263
3	465
3	498
3	665
4	12
4	18
4	22
4	23
4	31
4	32
4	33
4	37
4	38
4	54
4	57
4	63
4	67
4	68
4	70
4	71
4	75
4	78
4	79
4	82
4	83
4	88
4	91
5	7
5	9
5	19
5	36
5	37
5	42
5	47
5	62
5	67
5	68
5	69
5	72
5	77
5	81
5	84
5	86
5	89
5	342
5	752
6	10
6	13
6	15
6	24
6	28
6	37
6	43
6	49
6	50
6	62
6	77
6	80
6	84
6	89
6	91
6	560
7	9
7	31
7	40
7	41
7	48
7	54
7	56
7	57
7	67
7	69
7	78
7	81
7	84
7	89
7	94
7	773
8	11
8	13
8	19
8	22
8	23
8	29
8	30
8	34
8	40
8	47
8	48
8	51
8	57
8	64
8	83
8	95
9	22
9	23
9	30
9	38
9	39
9	43
9	45
9	64
9	67
9	70
9	78
9	81
9	86
9	89
9	99
9	363
9	391
10	21
10	24
10	43
10	48
10	65
10	69
10	80
10	90
10	92
10	99
10	435
11	18
11	20
11	24
11	25
11	30
11	43
11	44
11	59
11	64
11	68
11	679
12	13
12	16
12	19
12	29
12	35
12	44
12	53
12	55
12	57
12	58
12	67
12	69
12	73
12	79
12	81
12	88
12	96
12	99
12	266
12	448
13	14
13	26
13	35
13	39
13	46
13	49
13	55
13	60
13	76
13	77
13	81
13	97
13	180
13	406
14	27
14	39
14	41
14	44
14	47
14	64
14	70
14	75
14	85
14	91
14	97
14	98
14	365
14	417
15	16
15	27
15	29
15	43
15	44
15	61
15	66
15	77
15	83
15	85
15	89
15	92
15	95
15	215
15	319
15	463
16	16
16	21
16	33
16	45
16	54
16	58
16	64
16	70
16	71
16	72
16	77
16	80
16	81
16	85
16	96
16	373
16	574
16	982
17	21
17	26
17	27
17	30
17	36
17	39
17	46
17	48
17	50
17	60
17	65
17	68
17	71
17	73
17	82
17	86
17	88
17	96
17	300
17	314
17	891
17	955
18	30
18	33
18	41
18	47
18	49
18	55
18	60
18	65
18	80
18	82
18	87
18	494
18	544
18	994
19	25
19	27
19	32
19	33
19	36
19	37
19	39
19	51
19	53
19	57
19	61
19	62
19	65
19	67
19	74
19	75
19	78
19	82
19	86
20	29
20	34
20	37
20	38
20	57
20	59
20	63
20	85
20	90
20	93
20	98
20	604
21	22
21	23
21	26
21	27
21	28
21	32
21	44
21	46
21	47
21	48
21	49
21	55
21	70
21	76
21	93
21	98
21	234
21	460
22	24
22	27
22	32
22	41
22	50
22	51
22	54
22	56
22	57
22	62
22	68
22	75
22	93
22	98
22	770
23	26
23	40
23	42
23	51
23	58
23	60
23	72
23	78
23	83
23	86
23	87
23	93
24	26
24	38
24	42
24	50
24	53
24	55
24	63
24	69
24	72
24	77
24	86
24	89
24	90
24	91
24	92
24	97
24	100
24	511
24	698
25	28
25	36
25	43
25	44
25	71
25	93
25	95
25	101
25	531
25	661
26	27
26	28
26	34
26	39
26	41
26	47
26	50
26	56
26	61
26	68
26	77
26	87
26	88
26	89
27	30
27	35
27	38
27	56
27	60
27	73
27	78
27	81
27	83
28	52
28	57
28	66
28	70
28	82
28	87
28	91
28	93
28	94
28	99
28	537
28	609
28	859
28	861
29	32
29	33
29	50
29	59
29	69
29	76
29	79
29	82
29	85
29	88
29	90
29	92
29	97
29	98
29	99
29	393
29	605
30	32
30	33
30	43
30	46
30	49
30	54
30	63
30	77
30	79
30	85
30	87
30	92
30	698
31	40
31	49
31	52
31	53
31	63
31	66
31	70
31	77
31	459
31	640
31	904
32	33
32	40
32	43
32	45
32	48
32	57
32	63
32	76
32	77
32	82
32	84
32	89
32	328
32	764
33	44
33	46
33	48
33	50
33	52
33	65
33	74
33	75
33	88
33	91
33	92
33	93
33	98
33	661
33	768
33	991
34	45
34	47
34	52
34	60
34	62
34	75
34	83
34	92
34	95
34	717
34	776
35	39
35	43
35	48
35	54
35	60
35	62
35	64
35	69
35	76
35	82
35	85
35	87
35	99
35	270
35	893
35	904
36	38
36	45
36	49
36	50
36	52
36	54
36	63
36	68
36	69
36	76
36	81
36	84
36	85
36	453
36	474
36	532
37	40
37	49
37	51
37	57
37	68
37	73
37	83
37	84
37	91
37	99
37	121
37	453
38	43
38	46
38	48
38	56
38	60
38	64
38	65
38	74
38	75
38	88
38	89
38	90
38	95
38	114
38	443
38	618
38	769
39	49
39	53
39	55
39	65
39	70
39	84
39	85
39	99
39	142
39	211
40	43
40	55
40	59
40	64
40	83
40	85
40	93
40	230
41	44
41	45
41	50
41	66
41	79
41	91
41	93
41	97
41	318
41	419
41	420
41	793
42	42
42	43
42	46
42	47
42	55
42	63
42	65
42	68
42	72
42	74
42	75
42	76
42	80
42	82
42	465
43	48
43	51
43	52
43	56
43	61
43	68
43	69
43	74
43	75
43	85
43	88
43	94
43	95
43	885
44	47
44	70
44	74
44	77
44	413
44	600
45	46
45	47
45	49
45	51
45	55
45	62
45	67
45	71
45	73
45	87
45	88
45	89
45	97
45	591
46	48
46	53
46	54
46	59
46	84
46	85
46	86
46	92
46	323
46	364
46	837
46	901
47	48
47	52
47	58
47	61
47	67
47	72
47	91
47	95
47	96
47	98
47	343
47	375
47	440
48	55
48	69
48	74
48	84
48	95
48	97
48	98
48	140
48	212
48	215
48	573
49	65
49	69
49	80
49	86
49	99
49	176
49	692
49	704
50	52
50	53
50	59
50	69
50	71
50	72
50	84
50	92
50	94
50	99
50	419
50	555
51	56
51	59
51	68
51	77
51	78
51	80
51	86
51	97
51	489
51	567
51	787
51	801
52	58
52	65
52	69
52	74
52	76
52	79
52	83
52	85
52	89
52	186
52	732
53	54
53	58
53	59
53	62
53	64
53	352
53	621
53	687
53	716
54	62
54	70
54	79
54	83
54	85
54	86
54	88
54	92
54	99
54	236
55	57
55	60
55	61
55	70
55	73
55	77
55	85
55	86
55	96
55	99
55	466
56	56
56	58
56	62
56	66
56	75
56	81
56	87
56	89
56	99
57	62
57	76
57	77
57	79
57	81
57	84
57	91
57	93
57	592
57	595
57	638
58	59
58	67
58	71
58	72
58	87
58	93
58	620
58	626
58	711
59	60
59	68
59	70
59	77
59	84
59	86
59	91
59	98
59	232
60	65
60	67
60	71
60	74
60	79
60	88
60	91
60	358
60	397
60	941
61	61
61	76
61	77
61	86
61	88
61	92
61	95
62	63
62	70
62	77
62	78
62	84
62	86
62	88
62	90
62	94
62	95
62	96
62	99
63	67
63	74
63	76
63	77
63	78
63	79
63	83
63	94
63	97
63	99
63	373
63	466
63	951
64	67
64	79
64	82
64	85
64	86
64	88
64	89
64	93
64	95
65	66
65	67
65	71
65	81
65	82
65	87
65	89
65	90
65	91
65	98
65	317
65	792
66	77
66	78
66	79
66	257
66	623
66	794
67	70
67	72
67	83
67	89
67	92
67	95
67	705
67	714
68	69
68	77
68	78
68	82
68	86
68	93
68	94
68	96
68	97
68	351
68	682
69	80
69	83
69	738
70	71
70	74
70	79
70	87
70	88
70	97
71	72
71	74
71	77
71	94
71	438
72	81
72	82
72	86
72	89
72	310
73	80
73	88
73	99
73	100
73	429
74	77
74	81
74	83
74	90
74	91
74	95
74	98
74	239
75	97
75	98
75	221
75	599
75	934
75	954
76	87
76	330
77	92
77	94
78	89
78	97
78	379
78	410
78	462
79	80
79	82
79	95
79	196
80	84
80	92
80	95
80	330
80	592
80	963
80	973
81	84
81	87
81	88
81	90
81	91
81	93
81	95
81	96
81	179
81	431
81	478
81	769
82	93
82	215
82	667
82	858
82	929
83	93
83	95
83	161
83	968
84	94
84	462
84	690
84	994
85	85
85	95
85	99
85	370
85	505
86	90
86	97
87	89
87	629
88	910
89	92
89	96
89	622
90	91
90	93
90	95
90	449
91	94
91	589
92	92
92	94
92	110
93	95
93	420
93	434
93	913
93	990
94	94
94	108
94	152
94	305
95	96
95	111
95	207
95	448
96	97
96	599
97	97
97	508
97	894
99	440
99	649
99	707
100	103
100	104
100	111
100	121
100	128
100	130
100	154
100	159
100	175
100	184
100	187
100	192
100	199
100	279
100	782
101	129
101	145
101	158
101	161
101	162
101	164
101	169
101	176
101	184
101	185
101	186
101	188
101	193
101	258
102	105
102	126
102	128
102	143
102	149
102	160
102	168
102	171
102	172
102	174
102	180
102	181
102	194
102	195
102	285
102	564
102	577
103	105
103	109
103	119
103	132
103	139
103	140
103	153
103	155
103	158
103	165
103	166
103	169
103	180
103	182
103	185
103	187
103	195
103	198
103	712
103	949
104	105
104	114
104	121
104	142
104	148
104	150
104	153
104	162
104	167
104	168
104	170
104	175
104	177
104	183
104	193
104	194
104	195
104	842
105	106
105	111
105	116
105	134
105	136
105	141
105	148
105	152
105	154
105	156
105	163
105	185
105	186
105	188
105	199
105	963
106	118
106	127
106	128
106	131
106	132
106	136
106	139
106	141
106	144
106	152
106	156
106	158
106	162
106	174
106	186
106	548
106	979
107	107
107	117
107	123
107	124
107	130
107	133
107	145
107	160
107	163
107	164
107	166
107	170
107	176
107	179
107	194
107	374
107	746
107	762
107	908
108	113
108	114
108	115
108	117
108	124
108	137
108	140
108	146
108	148
108	158
108	160
108	162
108	166
108	169
108	172
108	173
108	179
108	187
108	191
108	194
108	198
108	630
108	788
109	111
109	122
109	125
109	131
109	148
109	152
109	156
109	162
109	163
109	164
109	177
109	182
109	183
109	190
109	195
109	197
109	199
109	355
109	624
109	885
110	125
110	126
110	131
110	152
110	153
110	155
110	160
110	166
110	169
110	174
110	175
110	177
110	180
110	190
110	194
110	195
110	198
110	649
110	893
110	904
111	122
111	125
111	127
111	129
111	132
111	139
111	152
111	167
111	171
111	174
111	181
111	183
111	187
111	189
111	477
111	940
112	113
112	114
112	117
112	122
112	125
112	126
112	138
112	140
112	144
112	157
112	164
112	166
112	172
112	181
112	185
112	190
112	194
112	198
113	116
113	117
113	120
113	129
113	130
113	134
113	142
113	147
113	148
113	153
113	154
113	156
113	157
113	167
113	181
113	187
113	190
113	195
113	769
113	912
114	117
114	122
114	124
114	133
114	135
114	138
114	155
114	157
114	158
114	159
114	161
114	169
114	175
114	177
114	179
114	184
114	193
114	199
114	366
114	507
114	700
115	116
115	118
115	120
115	129
115	132
115	134
115	139
115	140
115	141
115	143
115	156
115	161
115	168
115	186
115	194
115	195
115	568
115	619
115	895
115	945
116	120
116	123
116	135
116	141
116	145
116	146
116	149
116	158
116	163
116	175
116	176
116	179
116	183
116	187
116	192
116	259
116	263
116	303
116	526
116	678
117	118
117	124
117	127
117	130
117	131
117	149
117	151
117	163
117	166
117	172
117	180
117	194
117	196
117	995
118	119
118	141
118	150
118	155
118	157
118	170
118	185
118	190
118	193
118	217
118	369
118	728
119	125
119	127
119	129
119	131
119	135
119	149
119	155
119	159
119	172
119	174
119	175
119	191
119	197
119	554
119	902
119	971
120	121
120	135
120	154
120	156
120	159
120	161
120	167
120	179
120	189
120	506
121	124
121	126
121	129
121	130
121	140
121	142
121	155
121	168
121	170
121	181
121	183
121	185
121	190
121	194
121	195
121	567
121	873
122	124
122	132
122	136
122	137
122	138
122	145
122	154
122	160
122	171
122	178
122	181
122	189
122	199
122	849
122	913
123	130
123	137
123	143
123	148
123	156
123	164
123	168
123	173
123	177
123	184
123	198
123	447
124	130
124	138
124	142
124	143
124	158
124	162
124	170
124	175
124	178
124	181
124	182
124	191
124	195
124	198
124	325
124	344
124	685
124	784
124	838
125	129
125	132
125	141
125	142
125	146
125	148
125	153
125	156
125	157
125	166
125	168
125	170
125	177
125	178
125	183
125	187
126	128
126	130
126	139
126	143
126	145
126	147
126	149
126	153
126	164
126	181
126	263
126	356
126	771
127	128
127	146
127	169
127	174
127	176
127	179
127	186
127	187
127	188
127	193
128	141
128	143
128	154
128	156
128	164
128	178
128	187
128	189
128	192
128	267
128	707
129	139
129	154
129	161
129	164
129	165
129	187
129	195
129	452
129	523
129	660
129	754
130	135
130	138
130	144
130	151
130	159
130	171
130	177
130	180
130	187
130	189
130	323
130	363
130	896
131	133
131	135
131	136
131	150
131	152
131	156
131	170
131	182
131	183
131	186
131	198
131	985
132	136
132	154
132	155
132	156
132	161
132	162
132	167
132	175
132	180
132	182
132	183
132	185
132	187
132	189
132	197
132	199
133	134
133	136
133	142
133	153
133	166
133	178
133	179
133	189
133	193
133	195
133	197
133	486
133	775
134	140
134	144
134	152
134	157
134	170
134	178
134	190
134	354
134	735
135	140
135	143
135	155
135	162
135	164
135	167
135	180
135	195
136	138
136	140
136	141
136	144
136	146
136	153
136	164
136	179
136	184
136	187
136	189
136	196
136	199
136	562
137	141
137	156
137	159
137	161
137	166
137	183
137	185
137	188
137	190
137	197
137	608
137	812
137	824
138	140
138	141
138	143
138	148
138	154
138	158
138	166
138	167
138	178
138	185
138	194
138	196
138	197
138	361
139	145
139	152
139	159
139	172
139	177
140	151
140	155
140	158
140	162
140	175
140	176
140	185
140	190
140	193
140	780
140	991
141	149
141	155
141	159
141	165
141	176
141	181
141	183
141	191
141	226
141	879
142	145
142	151
142	171
142	193
143	155
143	164
143	166
143	170
143	180
143	183
143	197
143	611
143	914
144	146
144	148
144	156
144	159
144	160
144	169
144	175
144	183
144	188
144	189
144	190
144	196
144	197
144	199
144	219
144	662
144	663
144	795
144	951
145	151
145	154
145	179
145	192
145	193
145	194
145	196
145	198
145	214
145	699
145	713
146	150
146	158
146	160
146	188
146	190
146	195
146	600
146	883
147	167
147	170
147	175
147	177
148	151
148	157
148	171
148	179
148	191
148	192
148	195
148	456
148	500
148	828
149	153
149	162
149	163
149	166
149	176
149	177
149	178
149	179
149	182
149	188
149	190
149	196
150	159
150	164
150	176
150	182
150	190
150	192
150	197
151	152
151	153
151	159
151	161
151	162
151	163
151	164
151	167
151	169
151	174
151	178
151	179
151	191
151	337
151	688
152	157
152	168
152	171
152	174
152	175
152	178
152	181
152	189
152	193
152	199
152	207
152	246
152	300
153	165
153	177
153	186
153	189
153	190
153	195
153	196
153	197
153	582
154	162
154	163
154	165
154	176
154	183
154	184
154	185
154	193
154	194
155	156
155	159
155	167
155	179
155	180
155	184
155	185
155	186
155	187
155	188
155	193
155	194
155	279
155	914
156	157
156	162
156	181
156	184
156	194
156	759
157	166
157	167
157	170
157	182
157	186
157	192
157	194
157	195
157	198
157	254
158	159
158	178
158	179
158	180
158	194
159	160
159	171
159	177
159	178
159	179
159	181
159	184
159	186
159	187
159	190
160	161
160	165
160	181
160	189
160	197
161	173
161	174
161	179
161	181
161	186
161	187
161	189
161	193
161	194
161	195
161	197
161	524
161	567
162	167
162	173
162	176
162	181
162	183
162	193
162	198
162	199
162	259
163	166
163	170
163	171
163	186
163	224
163	382
164	164
164	166
164	168
164	172
164	184
164	188
164	191
164	912
165	166
165	170
165	171
165	177
165	182
165	188
165	233
165	343
165	344
165	730
165	896
166	171
166	174
166	179
166	186
166	594
166	948
167	168
167	178
167	186
167	192
167	193
167	198
168	182
168	197
168	198
169	171
169	173
169	184
169	190
169	194
169	312
169	339
169	443
170	181
170	187
170	198
171	171
171	296
171	309
171	628
172	179
172	180
172	182
172	185
172	186
172	191
172	195
172	197
172	280
172	786
172	822
172	977
173	179
173	183
173	189
173	190
173	198
173	422
173	453
173	712
173	891
174	179
174	195
174	464
175	181
175	187
175	188
175	193
175	197
175	199
175	452
176	178
176	179
176	180
176	182
176	183
176	191
176	193
176	198
176	791
177	181
177	182
177	185
177	194
177	199
177	298
177	626
177	937
177	987
178	191
178	193
178	195
178	198
179	191
179	608
179	939
180	188
180	191
180	195
180	399
181	183
181	251
181	760
181	905
182	182
182	189
182	192
182	418
183	184
183	189
183	198
183	694
183	762
184	187
184	194
184	195
184	198
184	326
184	382
185	189
185	192
185	195
185	196
185	456
185	585
185	758
186	187
186	195
186	198
186	199
186	372
186	710
187	188
187	190
187	191
187	197
188	213
188	651
188	934
189	197
189	344
189	497
190	192
190	644
190	756
191	192
191	199
191	312
191	491
191	561
191	646
191	736
191	793
192	195
192	198
192	708
193	194
193	196
195	197
195	774
196	533
196	705
197	198
197	351
197	369
197	454
198	214
198	723
199	871
200	201
200	206
200	208
200	209
200	214
200	215
200	224
200	251
200	258
200	259
200	268
200	276
200	281
200	283
200	289
200	707
201	202
201	219
201	224
201	231
201	232
201	233
201	237
201	241
201	247
201	255
201	261
201	264
201	265
201	275
201	280
201	286
201	293
201	297
202	204
202	210
202	216
202	218
202	228
202	236
202	237
202	243
202	245
202	248
202	255
202	261
202	264
202	270
202	274
202	291
202	293
202	294
202	417
202	679
203	222
203	228
203	231
203	232
203	233
203	235
203	236
203	240
203	247
203	254
203	267
203	268
203	273
203	274
203	277
203	278
203	282
203	285
203	292
203	297
203	299
203	356
203	626
203	890
203	911
204	205
204	206
204	210
204	211
204	226
204	231
204	235
204	243
204	244
204	248
204	258
204	261
204	264
204	267
204	283
204	285
204	287
204	296
204	713
205	207
205	209
205	213
205	215
205	221
205	241
205	243
205	246
205	247
205	249
205	250
205	263
205	285
205	293
205	454
206	216
206	228
206	229
206	233
206	236
206	241
206	243
206	244
206	251
206	256
206	266
206	272
206	283
206	291
207	215
207	216
207	218
207	225
207	228
207	231
207	242
207	248
207	249
207	270
207	273
207	280
207	282
207	285
208	223
208	231
208	237
208	248
208	250
208	253
208	257
208	260
208	267
208	269
208	280
208	290
208	292
208	296
208	299
208	319
208	590
208	787
209	209
209	210
209	213
209	215
209	219
209	221
209	222
209	223
209	224
209	226
209	231
209	241
209	246
209	251
209	271
209	274
209	278
209	279
209	282
209	290
209	298
209	435
209	479
210	214
210	216
210	222
210	224
210	227
210	248
210	262
210	269
210	274
210	275
210	280
210	285
210	290
210	291
210	298
210	901
211	213
211	214
211	217
211	219
211	221
211	226
211	243
211	258
211	262
211	264
211	267
211	269
211	270
211	271
211	276
211	280
211	282
211	288
211	291
211	294
211	678
212	216
212	222
212	226
212	243
212	247
212	261
212	268
212	274
212	297
213	215
213	219
213	227
213	230
213	234
213	238
213	241
213	279
213	285
213	286
213	288
213	299
213	535
213	815
214	231
214	243
214	245
214	254
214	256
214	260
214	271
214	274
214	287
214	290
214	294
214	299
214	417
214	908
215	220
215	226
215	237
215	243
215	250
215	255
215	257
215	272
215	274
215	283
215	292
215	294
215	301
215	447
215	853
216	220
216	227
216	228
216	234
216	245
216	247
216	251
216	255
216	257
216	261
216	262
216	266
216	270
216	272
216	275
216	279
216	288
216	331
217	221
217	222
217	225
217	227
217	231
217	233
217	236
217	241
217	244
217	248
217	254
217	256
217	257
217	261
217	274
217	276
217	283
217	289
217	296
217	299
217	553
217	796
218	223
218	228
218	231
218	232
218	233
218	234
218	243
218	244
218	247
218	251
218	254
218	255
218	256
218	263
218	265
218	279
218	284
218	286
218	299
218	529
218	567
219	220
219	227
219	228
219	231
219	236
219	239
219	258
219	267
219	272
219	291
219	298
219	865
220	220
220	225
220	243
220	247
220	251
220	259
220	260
220	272
220	273
220	274
220	278
220	289
220	291
220	293
220	297
220	299
220	776
221	221
221	224
221	236
221	239
221	240
221	255
221	287
221	288
221	295
221	390
221	526
222	224
222	226
222	237
222	240
222	242
222	245
222	251
222	264
222	268
222	271
222	273
222	292
222	298
222	353
223	231
223	235
223	241
223	250
223	256
223	273
223	282
223	296
223	509
223	568
224	236
224	241
224	243
224	267
224	271
224	291
224	296
224	695
225	227
225	233
225	237
225	240
225	242
225	260
225	265
225	270
225	283
225	285
225	286
225	296
225	297
225	344
225	624
226	229
226	241
226	242
226	265
226	266
226	272
226	273
226	287
226	291
226	396
227	229
227	238
227	239
227	258
227	259
227	261
227	268
227	276
227	282
227	284
227	293
227	555
227	648
228	231
228	234
228	250
228	256
228	261
228	264
228	267
228	269
228	277
228	278
228	279
229	242
229	244
229	254
229	259
229	262
229	266
229	268
229	276
229	289
229	296
229	297
230	230
230	231
230	239
230	250
230	255
230	268
230	272
230	273
230	276
230	281
230	283
230	286
230	290
230	291
230	297
230	299
231	235
231	250
231	251
231	253
231	254
231	264
231	266
231	284
231	286
231	289
231	293
231	297
231	382
232	239
232	247
232	256
232	257
232	262
232	271
232	272
232	278
232	280
232	285
232	288
232	298
232	620
232	688
233	239
233	246
233	250
233	258
233	273
233	282
233	284
233	291
233	293
234	247
234	249
234	260
234	263
234	266
234	269
234	283
234	295
234	297
235	237
235	243
235	248
235	259
235	265
235	267
235	273
235	283
235	618
235	784
235	964
236	239
236	245
236	250
236	252
236	253
236	254
236	257
236	262
236	273
236	283
236	284
236	291
236	295
237	243
237	251
237	253
237	261
237	264
237	265
237	268
237	269
237	270
237	277
237	280
237	286
237	287
237	288
237	291
237	295
237	457
237	538
237	669
238	240
238	242
238	243
238	261
238	263
238	265
238	267
238	270
238	271
238	295
238	463
238	984
239	248
239	250
239	253
239	256
239	260
239	261
239	266
239	267
239	270
239	278
239	281
239	289
239	419
239	469
240	244
240	256
240	257
240	282
240	285
240	287
240	291
240	295
240	299
240	471
240	654
241	266
241	271
241	280
241	282
241	285
241	686
242	245
242	252
242	255
242	275
242	276
242	281
242	286
242	288
242	292
242	299
243	246
243	249
243	250
243	255
243	256
243	264
243	268
243	274
243	276
243	290
243	292
243	297
243	575
244	259
244	263
244	267
244	272
244	273
244	277
244	280
244	286
244	467
244	536
245	252
245	260
245	263
245	264
245	273
245	292
245	295
245	296
245	576
245	633
245	986
246	251
246	253
246	256
246	271
246	287
246	289
246	290
246	297
246	525
247	251
247	258
247	262
247	264
247	268
247	272
247	274
247	275
247	277
247	278
247	280
247	283
247	285
247	294
247	295
247	297
247	856
248	249
248	260
248	262
248	277
248	285
248	711
249	267
249	281
249	291
249	296
249	299
249	929
249	933
250	252
250	263
250	266
250	269
250	274
250	275
250	285
250	289
250	290
250	291
250	295
250	297
251	263
251	266
251	270
251	271
251	273
251	297
251	333
252	262
252	276
252	277
252	278
252	279
252	282
252	288
252	289
252	839
253	257
253	265
253	268
253	276
253	283
253	288
253	294
253	298
253	620
254	255
254	257
254	262
254	264
254	265
254	266
254	280
254	285
254	286
254	289
255	260
255	261
255	262
255	265
255	273
255	274
255	277
255	295
255	299
255	887
256	284
256	287
256	291
256	292
256	295
256	296
256	848
257	258
257	274
257	275
257	281
257	283
257	289
257	298
257	666
258	258
258	266
258	273
258	275
258	277
258	284
258	292
258	295
258	298
258	707
259	263
259	266
259	267
259	269
259	271
259	279
259	280
259	288
259	293
259	297
259	719
260	268
260	275
260	285
260	295
261	263
261	265
261	272
261	287
261	289
261	297
261	954
261	982
262	267
262	269
262	271
262	273
262	274
262	277
262	280
262	290
262	292
262	297
262	299
263	265
263	266
263	270
263	275
263	276
263	281
263	286
263	287
263	295
263	296
263	600
263	908
264	270
264	275
264	278
264	282
264	290
264	299
264	312
264	343
264	938
265	265
265	268
265	279
265	282
265	285
265	286
265	289
265	299
266	267
266	274
266	276
266	280
266	286
266	290
266	291
267	268
267	270
267	272
267	277
267	281
267	290
267	298
267	733
268	277
268	284
268	294
268	298
268	299
268	866
269	272
269	274
269	281
269	289
269	297
269	316
269	430
269	568
269	600
269	656
269	837
270	277
270	288
270	294
270	546
271	275
271	278
271	279
271	284
271	286
271	288
271	291
271	834
271	994
272	273
272	293
272	295
272	296
272	298
273	280
273	282
273	291
273	294
273	377
274	292
274	296
274	721
274	846
275	277
275	278
275	289
276	285
276	525
277	280
277	289
277	293
277	334
278	283
278	290
278	292
278	411
278	427
279	286
279	290
279	294
279	299
279	579
279	840
280	281
280	288
280	290
280	788
281	289
281	290
281	293
281	294
281	470
282	284
282	290
282	291
282	550
283	292
284	289
284	292
284	295
284	405
284	587
284	896
285	369
286	293
286	299
286	453
286	490
287	289
287	294
287	773
287	828
288	291
288	292
288	558
288	583
289	289
289	293
290	291
290	293
291	530
291	975
293	294
293	297
293	636
293	905
294	298
294	795
295	297
295	712
295	827
295	839
296	297
296	393
296	725
296	745
296	764
297	298
297	755
298	298
298	877
299	686
299	925
300	302
300	314
300	315
300	319
300	327
300	331
300	332
300	343
300	344
300	355
300	358
300	359
300	365
300	369
300	370
300	371
300	382
300	391
300	392
300	394
300	398
300	480
301	308
301	314
301	315
301	317
301	318
301	319
301	330
301	331
301	335
301	336
301	338
301	346
301	351
301	352
301	355
301	359
301	363
301	391
301	395
302	308
302	323
302	330
302	334
302	335
302	336
302	339
302	342
302	351
302	352
302	360
302	367
302	368
302	369
302	382
302	398
302	803
303	309
303	311
303	315
303	317
303	319
303	320
303	325
303	332
303	336
303	338
303	349
303	351
303	352
303	358
303	365
303	370
303	379
303	382
303	395
303	399
303	849
303	853
304	307
304	310
304	312
304	320
304	321
304	379
304	381
304	542
305	317
305	318
305	319
305	321
305	326
305	327
305	329
305	342
305	348
305	352
305	356
305	360
305	361
305	372
305	374
305	376
305	383
305	389
305	391
305	396
305	397
306	318
306	324
306	327
306	336
306	337
306	339
306	342
306	351
306	352
306	355
306	358
306	363
306	372
306	394
307	309
307	322
307	332
307	335
307	338
307	345
307	346
307	347
307	348
307	350
307	368
307	376
307	377
307	397
308	320
308	322
308	324
308	325
308	335
308	336
308	340
308	341
308	343
308	349
308	359
308	370
308	380
308	381
308	397
309	324
309	328
309	330
309	338
309	349
309	352
309	362
309	371
309	379
309	380
310	312
310	325
310	327
310	331
310	338
310	352
310	361
310	365
310	368
310	369
310	376
310	382
310	389
310	393
310	807
310	854
311	315
311	324
311	329
311	330
311	335
311	336
311	337
311	340
311	350
311	388
311	392
311	393
311	398
311	590
312	315
312	321
312	322
312	338
312	356
312	357
312	373
312	374
312	381
312	392
312	393
312	947
313	313
313	314
313	319
313	320
313	324
313	332
313	336
313	338
313	341
313	345
313	362
313	369
313	385
313	387
314	314
314	327
314	328
314	335
314	342
314	344
314	353
314	363
314	371
314	384
314	395
314	397
314	398
315	315
315	322
315	328
315	333
315	336
315	337
315	344
315	347
315	352
315	359
315	368
315	371
315	382
315	387
315	916
315	978
316	316
316	317
316	321
316	331
316	336
316	349
316	350
316	354
316	360
316	367
316	368
316	369
316	382
316	387
316	391
316	468
316	524
316	650
316	966
317	324
317	329
317	336
317	349
317	351
317	366
317	372
317	376
317	385
317	388
317	389
317	390
318	320
318	329
318	343
318	345
318	349
318	351
318	357
318	362
318	365
318	367
318	368
318	381
318	388
318	392
318	500
319	334
319	341
319	346
319	357
319	359
319	367
319	371
319	380
319	390
319	392
319	394
319	686
320	321
320	322
320	334
320	360
320	384
320	387
320	398
320	470
320	561
320	717
320	931
321	322
321	326
321	327
321	328
321	332
321	351
321	352
321	358
321	361
321	365
321	368
321	369
321	371
321	373
321	376
321	380
321	389
321	392
322	326
322	328
322	332
322	335
322	336
322	338
322	343
322	349
322	353
322	357
322	360
322	361
322	378
322	381
322	382
322	383
322	388
322	391
322	396
323	343
323	346
323	351
323	354
323	370
323	381
323	385
323	387
323	392
323	398
324	324
324	331
324	332
324	335
324	347
324	353
324	361
324	370
324	377
324	382
324	390
324	391
325	326
325	327
325	332
325	340
325	342
325	350
325	352
325	356
325	360
325	379
325	380
325	387
325	388
325	391
325	394
325	411
325	970
326	331
326	334
326	336
326	337
326	346
326	366
326	379
326	382
326	388
326	391
326	396
326	397
326	398
326	625
327	328
327	332
327	347
327	349
327	376
327	378
327	390
327	394
327	397
327	399
328	341
328	354
328	364
328	370
328	374
328	383
328	399
329	333
329	334
329	335
329	336
329	337
329	340
329	345
329	348
329	349
329	351
329	353
329	356
329	359
329	370
329	371
329	375
329	382
329	383
329	385
329	391
329	397
329	673
329	702
329	732
330	332
330	345
330	368
330	374
330	380
330	386
330	389
330	392
331	334
331	335
331	342
331	346
331	348
331	357
331	370
331	372
331	374
331	381
331	398
331	399
331	461
331	771
331	927
332	338
332	349
332	350
332	368
332	383
332	389
332	390
332	396
332	415
333	341
333	343
333	346
333	347
333	353
333	355
333	362
333	364
333	367
333	368
333	370
333	372
333	375
333	379
333	381
333	383
333	390
333	399
334	334
334	349
334	351
334	353
334	364
334	366
334	367
334	368
334	389
334	392
334	394
334	396
334	640
335	337
335	344
335	350
335	351
335	360
335	372
335	375
335	377
335	381
335	404
336	336
336	337
336	341
336	345
336	346
336	347
336	352
336	358
336	359
336	366
336	368
336	371
336	377
336	378
336	379
336	384
336	391
336	395
336	398
336	959
337	338
337	346
337	347
337	348
337	365
337	368
337	371
337	380
337	384
337	393
337	394
337	398
337	885
338	343
338	345
338	346
338	355
338	357
338	366
338	371
338	378
338	385
338	387
338	397
338	697
339	341
339	342
339	347
339	353
339	358
339	365
339	375
339	378
339	380
339	385
339	389
340	349
340	355
340	356
340	358
340	360
340	370
340	373
340	377
340	385
340	386
340	394
340	395
340	396
340	471
341	350
341	356
341	357
341	362
341	364
341	368
341	371
341	398
341	399
342	347
342	373
342	374
342	385
342	387
342	636
343	353
343	373
343	383
343	387
343	389
343	393
343	398
344	359
344	364
344	368
344	369
344	373
344	380
344	384
344	386
344	392
344	608
345	349
345	353
345	355
345	360
345	365
345	366
345	375
345	387
346	350
346	356
346	362
346	364
346	375
346	378
346	382
346	389
346	391
346	397
347	349
347	362
347	363
347	365
347	374
347	377
347	380
347	383
347	386
347	389
348	355
348	364
348	367
348	383
348	386
348	392
348	394
348	396
348	602
349	354
349	363
349	369
349	376
349	385
349	387
349	390
349	392
349	395
349	399
350	352
350	354
350	380
350	388
350	393
350	398
350	573
350	679
351	355
351	357
351	367
351	370
351	378
351	379
351	380
351	386
351	394
351	397
352	352
352	353
352	361
352	367
352	373
352	375
352	376
352	378
352	393
352	394
353	354
353	361
353	371
353	377
353	383
353	788
354	356
354	359
354	362
354	364
354	372
354	373
354	375
354	386
354	392
354	393
354	394
354	844
355	356
355	357
355	362
355	364
355	374
355	379
355	381
355	388
355	422
356	368
356	369
356	373
356	374
356	376
356	383
356	386
356	388
356	389
356	395
356	556
357	359
357	367
357	372
357	378
357	384
357	388
357	393
357	395
357	731
358	371
358	376
358	392
358	393
358	395
358	440
358	508
358	866
358	886
359	362
359	364
359	365
359	374
359	379
359	382
359	385
359	386
359	392
359	398
359	399
360	363
360	365
360	374
360	376
360	377
360	379
360	387
360	390
360	396
360	445
360	806
361	369
361	375
361	376
361	384
361	385
361	390
361	519
361	620
361	899
361	911
362	368
362	377
362	386
362	388
362	394
362	684
363	379
363	380
363	381
364	366
364	367
364	372
364	382
364	389
364	392
365	372
365	377
365	384
365	385
365	387
365	388
365	602
366	366
366	368
366	379
366	381
366	384
366	386
366	387
366	388
366	396
366	399
366	495
366	614
366	672
366	705
367	373
367	379
367	387
367	388
367	393
367	395
367	969
368	372
368	379
368	381
368	389
368	390
369	370
369	385
369	387
369	396
369	449
370	373
370	384
370	385
370	389
370	452
370	494
370	622
370	684
370	955
371	375
371	378
371	386
371	387
371	392
371	393
371	394
371	398
372	375
372	379
372	392
372	393
372	399
372	789
373	387
373	391
373	397
373	927
374	379
374	381
374	387
374	395
374	397
375	377
375	380
375	381
375	386
375	396
375	398
375	399
375	572
375	661
375	730
376	380
376	381
376	382
376	388
376	396
377	385
377	388
377	391
377	421
377	603
378	378
378	381
378	384
378	385
378	866
378	975
379	383
379	386
379	389
379	391
379	784
379	858
380	387
380	397
380	579
380	581
381	384
381	386
381	387
381	394
381	397
381	910
381	960
382	397
382	484
382	628
382	739
382	915
383	387
383	388
383	391
383	393
383	398
383	733
383	740
384	386
384	391
384	421
384	995
385	391
385	393
385	395
385	688
385	743
385	992
386	393
386	887
387	395
387	519
387	951
388	392
388	396
388	397
389	394
389	396
389	397
389	671
389	977
390	396
390	940
391	391
391	392
391	510
391	778
392	393
392	622
392	695
392	915
393	396
393	397
393	506
393	558
394	694
395	529
395	616
395	859
396	396
396	675
397	670
398	398
398	598
398	861
398	928
400	402
400	404
400	412
400	413
400	416
400	422
400	428
400	440
400	445
400	447
400	449
400	452
400	453
400	460
400	467
400	485
400	486
400	488
400	493
400	498
400	794
401	409
401	410
401	425
401	441
401	447
401	449
401	451
401	452
401	453
401	461
401	462
401	485
401	490
401	493
401	494
401	498
401	586
402	402
402	412
402	413
402	419
402	428
402	445
402	449
402	452
402	457
402	476
402	492
402	494
402	497
403	407
403	413
403	417
403	419
403	426
403	427
403	432
403	441
403	470
403	479
403	483
403	484
403	485
403	488
403	490
404	407
404	411
404	413
404	430
404	436
404	438
404	439
404	442
404	445
404	448
404	450
404	455
404	461
404	463
404	466
404	474
404	475
404	490
405	406
405	416
405	420
405	421
405	428
405	430
405	434
405	444
405	446
405	448
405	453
405	454
405	461
405	462
405	467
405	474
405	475
405	486
405	487
405	488
405	492
405	496
406	429
406	434
406	436
406	453
406	454
406	470
406	473
406	487
406	491
406	495
406	735
407	411
407	418
407	430
407	438
407	459
407	465
407	467
407	495
407	727
408	412
408	419
408	424
408	425
408	452
408	454
408	455
408	460
408	463
408	474
408	478
408	486
408	494
408	495
408	497
408	498
409	412
409	413
409	419
409	421
409	423
409	436
409	452
409	453
409	458
409	459
409	462
409	466
409	469
409	472
409	476
409	480
409	484
409	487
409	488
409	489
409	495
409	779
410	417
410	420
410	421
410	425
410	430
410	446
410	447
410	448
410	452
410	470
410	471
410	474
410	490
410	493
410	497
411	413
411	425
411	433
411	439
411	441
411	444
411	460
411	467
411	468
411	470
411	471
411	474
411	476
411	479
411	486
411	488
411	490
411	492
412	428
412	431
412	433
412	434
412	460
412	461
412	467
412	468
412	476
412	499
413	414
413	417
413	420
413	422
413	427
413	428
413	433
413	441
413	443
413	444
413	453
413	468
413	470
413	472
413	477
413	480
413	482
413	487
413	495
413	499
413	524
413	767
414	414
414	420
414	428
414	440
414	443
414	461
414	463
414	464
414	477
414	484
414	498
414	647
414	683
415	419
415	431
415	432
415	433
415	436
415	443
415	446
415	447
415	452
415	463
415	473
415	475
415	477
415	478
415	487
415	489
415	498
415	662
416	416
416	419
416	421
416	422
416	434
416	445
416	446
416	452
416	456
416	461
416	476
416	480
416	484
416	485
416	498
417	429
417	438
417	440
417	453
417	466
417	468
417	469
417	470
417	473
417	479
417	481
417	487
417	491
417	497
417	499
417	620
417	636
417	870
418	421
418	428
418	438
418	443
418	457
418	460
418	461
418	470
418	489
418	800
419	419
419	421
419	423
419	427
419	452
419	469
419	486
419	489
419	499
420	421
420	427
420	432
420	433
420	435
420	444
420	446
420	464
420	474
420	497
420	564
420	863
421	426
421	429
421	434
421	440
421	453
421	461
421	464
421	467
421	480
421	481
421	488
421	966
421	970
422	423
422	424
422	442
422	444
422	446
422	455
422	459
422	462
422	464
422	467
422	485
422	499
422	726
422	990
423	428
423	442
423	444
423	450
423	451
423	453
423	454
423	461
423	463
423	476
423	481
423	483
423	690
424	427
424	428
424	433
424	439
424	440
424	460
424	462
424	464
424	474
424	476
424	483
424	485
424	492
424	493
424	494
424	498
424	844
424	937
425	426
425	437
425	441
425	444
425	446
425	450
425	460
425	477
425	490
426	428
426	451
426	452
426	453
426	462
426	468
426	471
426	488
427	434
427	436
427	437
427	443
427	447
427	448
427	452
427	461
427	466
427	482
427	485
427	488
427	489
427	493
427	497
427	498
427	977
428	430
428	438
428	445
428	453
428	468
428	481
428	486
428	489
428	493
428	499
428	507
428	633
428	709
428	775
429	429
429	432
429	440
429	442
429	446
429	456
429	482
429	490
429	491
429	497
429	499
429	507
430	430
430	436
430	451
430	452
430	457
430	459
430	461
430	464
430	474
430	475
430	476
430	488
430	496
431	431
431	439
431	448
431	452
431	466
431	493
431	496
431	497
431	766
432	434
432	436
432	438
432	442
432	449
432	454
432	456
432	459
432	484
432	485
432	497
432	745
433	433
433	440
433	442
433	446
433	450
433	454
433	462
433	465
433	468
433	469
433	484
433	499
433	703
434	463
434	475
434	479
434	482
434	493
434	494
434	496
435	445
435	453
435	460
435	475
435	476
435	477
435	478
435	488
435	492
435	497
435	540
435	949
435	975
436	444
436	446
436	450
436	452
436	459
436	463
436	464
436	468
436	470
436	472
436	474
436	475
436	476
436	485
436	492
436	499
436	614
437	438
437	447
437	452
437	458
437	460
437	462
437	466
437	475
437	486
437	494
437	496
437	497
437	657
438	440
438	453
438	463
438	470
438	471
438	473
438	477
438	479
438	486
438	497
438	498
438	611
438	946
439	442
439	444
439	447
439	448
439	451
439	477
439	482
439	484
439	485
439	487
439	494
439	496
439	498
439	499
439	590
439	616
439	655
440	441
440	449
440	450
440	458
440	464
440	477
440	480
440	483
440	487
440	489
440	490
440	492
441	446
441	447
441	448
441	451
441	453
441	459
441	468
441	474
441	478
441	482
441	484
441	487
441	493
441	499
441	722
441	818
442	447
442	456
442	463
442	464
442	472
442	480
442	481
442	482
442	488
442	489
442	498
442	499
443	447
443	463
444	445
444	466
444	472
444	473
444	480
444	490
444	491
444	494
444	498
445	447
445	465
445	468
445	470
445	485
445	487
445	494
445	940
446	449
446	461
446	463
446	468
446	484
446	498
446	873
447	450
447	456
447	464
447	470
447	474
447	477
447	486
447	498
448	452
448	456
448	460
448	461
448	462
448	464
448	472
448	473
448	475
448	481
448	486
448	488
448	494
448	495
448	930
449	452
449	462
449	475
449	479
449	497
450	453
450	455
450	457
450	461
450	463
450	469
450	482
450	485
450	488
451	452
451	459
451	463
451	470
451	480
451	481
451	732
452	456
452	459
452	483
453	467
453	468
453	474
453	480
453	487
453	493
453	494
454	461
454	467
454	471
454	497
454	498
454	499
454	556
454	692
454	834
454	931
455	456
455	457
455	458
455	462
455	468
455	475
455	477
455	479
455	489
455	492
455	498
456	459
456	460
456	472
456	477
456	479
456	482
456	483
456	490
456	493
456	499
456	634
457	463
457	485
457	494
457	496
457	498
458	468
458	471
458	479
458	488
458	489
458	499
458	778
458	947
459	459
459	461
459	463
459	472
459	485
459	491
459	494
459	671
459	761
459	872
460	464
460	483
460	492
460	494
460	545
461	467
461	469
461	479
461	483
461	485
461	487
461	497
461	893
461	996
462	479
462	484
462	487
462	488
462	493
462	570
462	599
462	694
462	954
463	475
463	483
463	484
463	486
463	494
464	468
464	476
464	480
464	481
464	491
464	496
465	473
465	483
465	492
465	497
465	499
465	503
466	467
466	470
466	471
466	476
466	483
466	484
466	486
466	493
466	498
466	627
466	747
466	853
467	469
467	470
467	471
467	475
467	478
467	482
467	487
467	496
468	471
468	479
468	496
468	528
468	698
469	472
469	474
469	475
469	484
469	486
469	488
469	491
469	907
469	998
470	471
470	472
470	491
470	492
471	479
471	490
471	496
471	699
471	805
471	970
472	484
472	494
472	497
472	499
472	565
473	484
473	488
473	492
474	474
474	478
474	482
474	485
474	497
475	481
475	488
475	492
475	495
475	749
476	477
476	482
476	486
476	487
476	489
476	491
476	493
476	982
477	479
477	482
477	487
477	490
477	492
477	680
477	698
478	489
478	492
478	494
479	479
479	481
479	492
479	534
479	769
480	488
480	493
480	497
481	483
482	489
482	491
482	494
483	485
483	490
483	493
483	496
483	782
484	671
485	487
485	493
485	498
486	494
486	496
486	541
486	774
488	495
488	669
488	942
489	793
489	916
490	492
490	493
491	499
491	523
491	741
491	848
492	495
493	773
493	918
494	497
494	687
495	532
497	883
498	499
498	701
498	756
498	807
499	716
500	502
500	505
500	515
500	517
500	535
500	548
500	551
500	554
500	556
500	561
500	573
500	576
500	577
500	583
500	591
500	595
501	511
501	520
501	525
501	527
501	533
501	535
501	536
501	537
501	541
501	544
501	550
501	568
501	579
501	583
501	585
501	591
501	597
501	598
502	506
502	509
502	517
502	518
502	521
502	527
502	530
502	532
502	534
502	539
502	540
502	542
502	555
502	556
502	563
502	572
502	591
502	593
502	597
502	598
502	755
503	504
503	508
503	513
503	517
503	525
503	527
503	543
503	550
503	564
503	573
503	576
503	597
503	599
503	970
504	509
504	511
504	514
504	521
504	523
504	564
504	567
504	572
504	594
504	595
504	996
505	506
505	509
505	512
505	531
505	540
505	545
505	547
505	552
505	554
505	559
505	562
505	563
505	576
505	579
505	587
505	592
505	599
506	507
506	510
506	517
506	519
506	528
506	529
506	535
506	541
506	550
506	552
506	554
506	561
506	563
506	568
506	569
506	571
506	573
506	574
506	580
506	581
506	583
506	587
506	594
506	599
506	981
507	509
507	512
507	530
507	531
507	536
507	538
507	542
507	544
507	548
507	551
507	552
507	557
507	562
507	568
507	578
507	581
507	586
507	596
507	635
507	780
508	519
508	525
508	531
508	535
508	536
508	563
508	571
508	573
508	575
508	577
508	578
508	581
508	591
508	596
508	597
508	599
508	831
509	515
509	516
509	521
509	522
509	526
509	544
509	559
509	566
509	575
509	577
509	579
509	596
509	598
509	641
509	935
510	513
510	514
510	529
510	530
510	538
510	551
510	560
510	576
510	578
510	586
510	591
510	592
510	594
510	595
510	597
510	668
510	688
511	514
511	523
511	530
511	535
511	537
511	550
511	551
511	553
511	564
511	570
511	573
511	578
511	581
511	586
511	592
511	598
511	599
512	512
512	515
512	519
512	521
512	531
512	534
512	536
512	538
512	550
512	551
512	558
512	565
512	566
512	567
512	572
512	573
512	579
512	581
512	597
512	669
513	514
513	517
513	519
513	528
513	533
513	535
513	538
513	541
513	555
513	558
513	560
513	562
513	563
513	568
513	578
513	585
513	590
513	598
513	745
513	888
514	524
514	526
514	531
514	549
514	551
514	552
514	555
514	565
514	568
514	569
514	570
514	575
514	578
514	580
514	582
514	588
514	590
514	594
515	520
515	529
515	533
515	536
515	540
515	561
515	574
515	576
515	583
515	585
515	586
515	596
515	597
515	837
515	850
516	522
516	525
516	527
516	528
516	533
516	534
516	543
516	549
516	557
516	560
516	565
516	571
516	577
516	585
516	590
516	591
516	597
516	749
516	774
517	517
517	519
517	523
517	538
517	543
517	545
517	549
517	551
517	562
517	571
517	579
517	580
517	586
517	588
517	842
517	914
518	524
518	533
518	534
518	554
518	555
518	556
518	569
518	581
518	586
518	591
519	525
519	529
519	531
519	534
519	536
519	541
519	563
519	570
519	571
519	572
519	588
519	590
519	595
520	525
520	526
520	531
520	534
520	542
520	543
520	549
520	566
520	586
520	591
521	525
521	526
521	530
521	539
521	555
521	558
521	561
521	571
521	574
521	582
521	585
521	586
521	594
521	599
522	530
522	538
522	557
522	574
522	596
522	978
523	529
523	530
523	540
523	541
523	552
523	587
523	594
523	598
523	807
524	536
524	539
524	541
524	542
524	547
524	549
524	551
524	552
524	553
524	561
524	562
524	565
524	567
524	574
524	799
525	526
525	527
525	528
525	529
525	532
525	534
525	536
525	544
525	570
525	574
525	579
525	587
525	593
525	595
525	597
526	526
526	530
526	535
526	538
526	539
526	549
526	550
526	554
526	565
526	583
526	587
526	589
526	592
526	593
526	597
527	527
527	529
527	531
527	537
527	540
527	557
527	559
527	572
527	575
527	584
527	585
527	745
528	530
528	537
528	540
528	542
528	543
528	545
528	546
528	565
528	571
528	585
528	592
528	596
528	730
528	775
528	803
529	563
529	564
529	565
529	567
529	569
529	575
529	578
529	584
529	587
529	594
530	532
530	543
530	558
530	559
530	561
530	563
530	567
530	573
530	576
530	577
530	578
530	580
530	593
530	595
530	597
530	705
531	531
531	537
531	548
531	550
531	551
531	552
531	556
531	558
531	569
531	578
531	580
531	584
531	586
531	599
531	845
532	538
532	545
532	560
532	564
532	569
532	571
532	576
532	584
532	593
532	594
532	598
532	708
533	533
533	545
533	547
533	562
533	563
533	565
533	570
533	579
533	581
533	582
533	584
533	590
533	595
533	821
534	542
534	543
534	545
534	546
534	550
534	551
534	558
534	578
534	590
534	593
535	538
535	554
535	557
535	562
535	566
535	577
535	587
535	588
535	591
535	598
535	599
535	634
535	768
536	537
536	547
536	553
536	555
536	559
536	568
536	575
536	576
536	581
536	583
536	585
536	586
536	598
536	599
536	668
537	551
537	556
537	560
537	566
537	571
537	574
537	579
537	585
537	587
537	590
538	539
538	544
538	554
538	565
538	568
538	569
538	570
538	573
538	576
538	581
538	587
539	551
539	554
539	576
539	580
539	587
539	598
539	603
539	689
539	771
540	556
540	563
540	571
540	575
540	576
540	581
540	582
540	591
540	679
540	802
541	541
541	574
541	579
541	582
541	586
541	591
541	593
541	597
542	542
542	563
542	567
542	571
542	575
542	578
542	580
542	590
542	595
542	596
543	554
543	561
543	571
543	575
543	580
543	583
543	591
543	599
543	676
543	682
544	548
544	555
544	587
544	590
544	593
544	723
544	985
545	547
545	548
545	572
545	577
545	587
545	592
545	596
545	998
546	562
546	566
546	590
546	594
546	596
546	678
547	550
547	572
547	577
547	580
547	581
547	738
548	551
548	562
548	572
548	574
548	585
548	587
548	588
549	550
549	553
549	558
549	571
549	573
549	583
549	588
549	590
550	564
550	595
550	597
550	599
551	555
551	573
551	583
551	592
551	593
551	597
552	552
552	556
552	559
552	561
552	562
552	567
552	578
552	581
552	599
552	628
553	554
553	556
553	564
553	565
553	567
553	570
553	579
553	584
553	590
553	594
553	595
553	597
553	598
553	779
553	893
554	557
554	567
554	585
554	586
554	592
554	597
554	678
554	994
555	562
555	578
555	583
555	584
555	586
555	596
555	598
556	570
556	573
556	575
556	580
556	584
556	585
556	587
556	589
556	593
556	596
557	559
557	562
557	564
557	566
557	579
557	591
557	592
557	595
557	629
558	562
558	567
558	570
558	581
558	582
558	584
558	585
558	593
558	598
559	578
559	587
559	589
559	594
559	596
560	566
560	571
560	573
560	579
560	582
560	583
560	584
560	585
560	598
560	684
561	564
561	569
561	574
561	579
561	580
561	583
561	585
561	588
561	597
561	680
562	567
562	575
562	581
562	585
562	591
562	597
562	600
562	781
563	563
563	565
563	567
563	577
563	580
563	584
563	586
563	597
563	599
564	575
564	585
564	589
564	593
564	599
565	567
565	572
565	578
565	582
565	590
565	892
566	566
566	567
566	577
566	579
566	585
566	596
566	598
567	573
567	595
567	596
567	598
567	778
568	575
568	577
568	581
568	583
568	584
568	585
568	591
568	594
568	778
568	934
569	574
569	597
570	582
570	586
570	592
570	599
570	815
571	579
571	580
571	585
571	586
571	587
571	591
571	592
571	593
571	809
571	885
571	937
572	573
572	575
572	578
572	587
572	590
572	592
572	594
572	597
572	599
573	574
573	575
573	578
573	587
573	598
573	713
573	803
573	890
574	596
574	599
574	902
575	578
575	583
575	584
575	593
575	991
576	579
576	583
576	590
576	595
576	596
576	599
576	601
577	580
577	582
577	587
577	595
577	685
577	951
578	583
578	587
578	588
578	592
579	581
579	970
580	596
580	677
581	583
581	593
581	598
581	599
582	583
583	586
583	588
583	596
583	694
583	883
584	584
584	589
584	599
584	603
584	777
584	969
585	592
585	598
585	776
585	879
586	587
586	590
586	593
586	596
586	619
586	982
586	984
587	588
588	979
589	589
589	591
589	936
590	594
590	750
591	597
592	593
592	594
592	595
592	596
592	598
592	787
592	931
593	593
593	598
593	885
594	595
596	789
597	598
599	828
600	601
600	607
600	611
600	618
600	633
600	636
600	641
600	645
600	647
600	657
600	658
600	660
600	661
600	663
600	670
600	673
600	675
600	692
600	693
600	694
600	697
600	698
600	999
601	608
601	620
601	622
601	628
601	636
601	640
601	647
601	651
601	657
601	664
601	684
601	690
601	696
601	935
602	603
602	605
602	609
602	613
602	620
602	622
602	628
602	635
602	640
602	641
602	642
602	647
602	658
602	672
602	677
602	682
602	683
602	687
602	688
602	696
602	697
603	613
603	614
603	615
603	616
603	618
603	620
603	627
603	643
603	649
603	661
603	686
603	690
603	695
604	605
604	624
604	626
604	633
604	636
604	641
604	643
604	645
604	660
604	661
604	662
604	670
604	671
604	677
604	678
604	682
604	683
604	685
604	689
604	692
604	694
604	696
604	699
605	606
605	608
605	609
605	610
605	613
605	625
605	628
605	633
605	642
605	644
605	653
605	657
605	665
605	670
605	672
605	673
605	677
605	682
605	684
605	687
605	690
606	615
606	625
606	642
606	651
606	652
606	659
606	661
606	667
606	687
606	688
606	689
606	783
607	607
607	608
607	609
607	616
607	617
607	629
607	635
607	636
607	644
607	649
607	652
607	658
607	669
607	697
607	839
608	609
608	619
608	636
608	642
608	643
608	645
608	657
608	659
608	680
608	692
608	938
609	617
609	622
609	635
609	636
609	639
609	659
609	660
609	661
609	662
609	669
609	683
609	687
609	694
609	699
610	610
610	622
610	628
610	631
610	639
610	641
610	651
610	657
610	660
610	671
610	678
610	684
610	687
610	690
610	693
610	696
610	698
611	613
611	617
611	621
611	628
611	629
611	632
611	641
611	645
611	647
611	652
611	660
611	668
611	672
611	674
611	675
611	677
611	684
611	687
611	688
611	690
611	692
611	898
611	948
612	613
612	614
612	617
612	620
612	630
612	632
612	633
612	635
612	636
612	641
612	650
612	661
612	663
612	668
612	669
612	676
612	677
612	683
612	686
612	689
612	691
612	694
612	696
612	697
612	698
612	772
613	616
613	630
613	632
613	635
613	636
613	645
613	664
613	665
613	666
613	671
613	674
613	694
614	617
614	623
614	629
614	633
614	646
614	652
614	655
614	663
614	670
614	673
614	678
614	679
614	690
614	692
614	693
615	620
615	624
615	628
615	637
615	640
615	642
615	653
615	654
615	657
615	663
615	671
615	680
615	682
615	683
615	696
615	697
616	617
616	620
616	621
616	626
616	634
616	637
616	638
616	639
616	649
616	655
616	657
616	663
616	665
616	666
616	679
616	684
616	691
616	697
616	862
617	620
617	628
617	630
617	634
617	636
617	643
617	650
617	660
617	669
617	671
617	674
617	675
617	676
617	685
617	686
617	695
617	696
618	618
618	620
618	622
618	624
618	626
618	627
618	631
618	632
618	642
618	649
618	660
618	664
618	668
618	669
618	672
618	680
618	684
618	687
618	688
618	692
618	693
619	625
619	640
619	661
619	662
619	682
619	686
619	690
619	693
619	698
619	699
619	726
619	772
620	626
620	628
620	642
620	646
620	649
620	652
620	656
620	666
620	670
620	680
620	682
620	695
621	623
621	642
621	648
621	663
621	681
621	689
621	693
621	698
622	624
622	629
622	632
622	634
622	639
622	643
622	644
622	657
622	675
622	677
622	682
622	687
622	697
623	631
623	634
623	640
623	643
623	648
623	652
623	653
623	663
623	673
623	675
623	677
623	678
623	690
623	695
623	827
624	626
624	640
624	649
624	651
624	658
624	659
624	660
624	663
624	667
624	669
624	682
624	692
624	693
624	699
625	628
625	632
625	633
625	638
625	643
625	646
625	649
625	651
625	663
625	670
625	671
625	673
625	676
625	681
625	687
625	692
625	761
625	842
625	859
626	627
626	650
626	652
626	657
626	670
626	673
626	677
626	682
626	685
626	687
626	692
626	696
626	699
627	629
627	645
627	649
627	653
627	654
627	656
627	658
627	660
627	665
627	666
627	668
627	681
627	682
627	683
627	692
627	695
627	883
628	641
628	644
628	662
628	665
628	666
628	679
628	684
628	685
628	686
628	691
628	696
628	776
628	906
629	632
629	636
629	639
629	643
629	646
629	651
629	661
629	662
629	663
629	667
629	671
629	677
629	681
629	686
629	691
629	695
629	697
630	636
630	644
630	645
630	647
630	648
630	651
630	664
630	673
630	679
630	696
630	697
631	648
631	654
631	655
631	656
631	672
631	682
631	689
631	691
631	699
632	633
632	637
632	638
632	640
632	645
632	648
632	649
632	655
632	661
632	667
632	668
632	682
632	684
632	688
632	689
632	693
633	635
633	641
633	642
633	645
633	648
633	649
633	657
633	675
633	678
633	682
633	683
633	685
633	690
633	695
633	779
634	634
634	638
634	649
634	654
634	657
634	667
634	670
634	678
634	680
634	683
634	692
635	636
635	644
635	645
635	646
635	650
635	661
635	662
635	670
635	683
635	688
635	697
635	698
635	699
635	836
636	641
636	644
636	646
636	664
636	672
636	677
636	684
636	686
636	687
636	691
636	696
636	801
636	903
636	932
636	963
637	643
637	647
637	649
637	655
637	660
637	664
637	670
637	672
637	681
637	685
637	690
637	691
637	717
637	762
637	833
638	640
638	645
638	651
638	660
638	664
638	669
638	671
638	673
638	674
638	681
638	682
638	691
638	695
638	697
639	641
639	644
639	646
639	650
639	654
639	656
639	663
639	676
639	685
639	689
639	693
639	694
639	961
640	645
640	647
640	655
640	657
640	670
640	677
640	683
640	770
641	646
641	653
641	658
641	659
641	668
641	669
641	682
641	695
641	696
641	829
642	651
642	654
642	663
642	675
642	688
642	692
642	695
642	696
643	652
643	661
643	664
643	667
643	668
643	674
643	682
643	683
643	688
643	693
643	898
643	971
644	651
644	652
644	653
644	655
644	658
644	674
644	676
644	677
644	683
644	685
644	687
644	688
644	692
644	897
645	649
645	655
645	661
645	665
645	666
645	673
645	681
645	683
645	689
645	693
645	699
645	751
646	648
646	658
646	660
646	675
646	683
646	686
646	689
646	692
646	966
647	649
647	650
647	653
647	657
647	659
647	661
647	666
647	669
647	672
647	681
647	688
647	698
648	658
648	660
648	661
648	667
648	681
648	682
648	684
648	685
648	686
648	688
649	650
649	654
649	657
649	658
649	659
649	660
649	667
649	671
649	676
649	679
649	683
649	688
649	690
649	699
650	653
650	656
650	676
650	686
650	975
651	652
651	661
651	662
651	667
651	671
651	686
651	691
651	693
651	697
651	741
652	658
652	663
652	668
652	671
652	682
652	685
652	692
652	694
653	655
653	657
653	669
653	672
653	678
653	693
653	698
653	731
654	655
654	657
654	666
654	667
654	672
654	677
654	678
654	687
655	659
655	661
655	665
655	668
655	670
655	674
655	876
655	947
656	660
656	661
656	682
656	685
656	687
657	672
657	673
657	684
657	688
657	689
657	690
658	660
658	677
658	678
658	679
658	681
658	682
658	684
658	693
658	699
658	761
659	668
659	679
659	684
659	691
659	693
660	665
660	670
660	675
660	681
660	684
660	688
660	695
660	882
661	661
661	662
661	665
661	671
661	672
661	684
661	691
661	692
661	694
661	699
662	674
662	680
662	682
662	689
662	778
662	787
663	666
663	670
663	674
663	675
663	682
663	688
664	664
664	673
664	681
664	687
664	689
664	813
665	667
665	676
665	695
665	696
665	697
665	879
666	671
666	686
666	687
666	691
666	693
667	671
667	672
667	674
667	676
667	679
667	680
667	688
667	694
667	696
668	671
668	674
668	679
668	680
668	682
668	684
668	695
669	670
669	673
669	676
669	691
669	693
670	675
670	679
670	693
670	835
671	673
671	678
671	688
671	694
671	924
672	675
672	678
672	680
672	682
672	690
672	693
672	697
673	679
673	680
673	682
673	683
673	694
673	920
674	680
674	682
674	686
674	688
674	689
674	747
674	766
674	852
675	680
675	681
676	686
676	687
676	688
676	690
676	691
676	692
676	958
677	684
677	699
677	756
677	799
678	682
678	687
678	694
678	695
678	709
678	764
679	680
679	685
679	699
680	683
680	688
680	690
680	697
681	697
681	733
682	836
683	684
683	687
683	764
683	948
684	705
685	687
685	690
685	694
685	695
685	696
685	713
685	784
685	945
686	695
686	698
686	699
686	709
686	725
686	731
687	691
687	695
687	698
687	977
688	691
688	693
688	695
688	733
689	769
689	869
689	892
689	948
689	968
690	692
693	694
693	698
693	813
693	874
694	699
694	788
694	966
695	697
695	748
696	698
696	699
698	915
699	907
700	701
700	725
700	727
700	730
700	736
700	741
700	742
700	751
700	754
700	755
700	761
700	777
700	780
700	790
700	795
700	950
701	726
701	733
701	753
701	761
701	762
701	776
701	785
701	792
701	794
701	911
702	705
702	708
702	709
702	723
702	736
702	740
702	741
702	749
702	750
702	752
702	757
702	760
702	763
702	768
702	781
702	791
702	792
702	793
702	798
702	923
702	937
703	704
703	711
703	712
703	716
703	717
703	718
703	721
703	726
703	735
703	741
703	743
703	744
703	756
703	771
703	781
703	783
703	784
703	790
703	793
704	707
704	709
704	726
704	730
704	731
704	741
704	764
704	766
704	773
704	778
704	779
704	781
704	794
704	798
705	713
705	716
705	723
705	730
705	739
705	740
705	744
705	754
705	760
705	762
705	765
705	766
705	771
705	772
705	782
705	793
705	795
705	851
706	712
706	737
706	739
706	748
706	757
706	762
706	763
706	770
706	774
706	779
706	791
707	709
707	717
707	719
707	726
707	732
707	741
707	744
707	747
707	762
707	769
707	774
707	776
707	790
707	791
707	799
707	887
708	712
708	720
708	734
708	736
708	737
708	738
708	741
708	743
708	747
708	751
708	754
708	761
708	770
708	779
708	780
708	783
708	799
708	870
709	717
709	724
709	731
709	735
709	738
709	748
709	756
709	769
709	770
709	785
709	788
709	794
710	731
710	733
710	741
710	746
710	750
710	751
710	754
710	758
710	766
710	780
710	783
710	789
710	793
710	990
711	718
711	719
711	724
711	726
711	736
711	739
711	741
711	744
711	751
711	777
711	778
711	794
711	797
712	715
712	729
712	735
712	736
712	741
712	751
712	753
712	758
712	764
712	766
712	770
712	776
712	791
712	792
712	795
713	721
713	745
713	757
713	775
713	791
713	902
714	716
714	727
714	749
714	752
714	755
714	758
714	759
714	766
714	768
714	771
714	776
714	777
714	778
714	779
714	783
714	786
714	787
714	788
715	724
715	731
715	749
715	757
715	771
715	775
715	787
715	798
715	799
715	835
715	892
715	922
716	719
716	726
716	732
716	735
716	736
716	743
716	747
716	748
716	749
716	758
716	759
716	763
716	766
716	771
716	774
716	781
717	724
717	726
717	735
717	737
717	740
717	747
717	748
717	770
717	791
717	797
718	720
718	727
718	730
718	735
718	737
718	746
718	752
718	758
718	761
718	762
718	772
718	775
718	794
718	864
719	719
719	722
719	727
719	734
719	740
719	743
719	751
719	753
719	775
719	785
719	786
719	787
719	789
719	797
719	799
720	731
720	744
720	759
720	763
720	774
720	787
720	795
720	797
720	799
721	731
721	740
721	745
721	746
721	749
721	751
721	753
721	770
721	778
721	786
721	788
721	798
722	723
722	742
722	772
722	777
722	784
722	789
722	798
722	799
722	942
723	732
723	750
723	751
723	754
723	756
723	760
723	768
723	769
723	790
723	834
723	915
724	730
724	732
724	737
724	744
724	746
724	748
724	753
724	754
724	756
724	760
724	773
724	774
724	775
724	776
724	777
724	779
724	789
724	796
725	728
725	736
725	742
725	744
725	745
725	748
725	752
725	760
725	771
725	774
725	788
725	790
725	792
725	793
725	797
725	798
725	937
726	727
726	729
726	730
726	737
726	752
726	756
726	758
726	760
726	763
726	764
726	767
726	769
726	774
726	776
726	780
726	783
726	784
726	793
727	736
727	738
727	751
727	756
727	758
727	759
727	774
727	778
727	780
727	782
727	791
727	795
728	736
728	744
728	760
728	770
728	774
728	775
728	789
728	791
728	874
729	734
729	737
729	741
729	746
729	748
729	750
729	751
729	758
729	759
729	771
729	774
729	777
729	778
729	779
729	782
729	783
729	790
729	791
729	792
730	730
730	740
730	746
730	750
730	754
730	762
730	764
730	767
730	773
730	780
730	785
730	787
730	788
730	796
730	863
730	964
731	734
731	743
731	745
731	746
731	747
731	751
731	756
731	758
731	763
731	786
731	791
732	734
732	735
732	736
732	743
732	746
732	751
732	755
732	757
732	765
732	768
732	771
732	772
732	781
732	788
732	802
733	735
733	750
733	762
733	764
733	769
733	784
733	900
733	901
734	735
734	756
734	769
734	776
734	787
734	789
734	792
734	797
734	799
735	740
735	759
735	761
735	776
735	781
735	789
735	797
736	738
736	741
736	744
736	753
736	761
736	762
736	768
736	771
736	772
736	775
736	787
736	788
736	791
736	794
736	797
737	740
737	743
737	755
737	775
737	776
737	777
737	778
737	779
737	783
737	787
737	790
737	795
737	796
738	740
738	743
738	746
738	767
738	773
738	778
738	779
738	784
738	785
738	787
738	789
738	795
738	871
739	750
739	751
739	761
739	768
739	772
739	782
739	788
739	791
739	792
740	743
740	751
740	763
740	765
740	781
740	792
740	794
740	797
741	745
741	748
741	751
741	754
741	756
741	757
741	758
741	768
741	773
741	778
741	784
741	788
741	792
742	747
742	756
742	768
742	783
742	789
742	795
742	796
742	798
743	754
743	768
743	773
743	774
743	786
743	793
743	797
743	810
744	746
744	747
744	750
744	755
744	758
744	761
744	763
744	777
744	778
744	790
744	791
744	936
744	988
745	754
745	765
745	767
745	775
745	776
745	778
745	780
745	784
745	787
745	793
745	952
746	764
746	770
746	776
746	784
746	785
746	795
746	796
747	748
747	752
747	758
747	781
747	783
747	989
748	753
748	754
748	756
748	763
748	766
748	774
748	775
748	792
748	794
749	751
749	753
749	766
749	768
749	788
749	793
749	799
750	764
750	765
750	781
750	792
750	795
750	797
750	798
751	756
751	760
751	765
751	772
751	786
751	791
751	984
752	758
752	765
752	769
752	770
752	774
752	775
752	780
752	788
752	981
753	761
753	765
753	775
753	776
753	781
753	789
753	792
753	993
754	756
754	758
754	759
754	760
754	762
754	764
754	772
754	799
755	755
755	767
755	768
755	775
755	793
755	798
756	763
756	768
756	773
756	779
756	791
756	795
756	798
757	760
757	762
757	778
757	785
757	787
757	791
757	798
757	990
758	759
758	764
758	769
758	770
758	773
758	780
758	790
758	797
759	761
759	768
759	772
759	776
759	783
759	785
759	789
759	794
759	799
760	764
760	770
760	774
760	775
760	776
760	777
760	781
760	787
760	794
760	796
760	799
761	763
761	769
761	770
761	773
761	778
761	787
761	794
762	769
762	779
762	789
762	791
763	764
763	768
763	770
763	773
763	780
763	792
764	767
764	777
764	779
764	780
764	794
764	796
764	798
764	867
765	773
765	783
765	785
765	789
765	974
766	771
766	780
766	787
766	788
766	795
767	767
767	769
767	788
768	770
768	778
768	779
768	782
768	787
768	791
768	794
768	798
768	915
769	772
769	786
769	788
769	792
769	793
769	795
769	937
770	774
770	777
770	789
770	793
770	794
770	795
770	797
771	787
772	781
772	787
772	797
772	999
773	776
773	777
773	790
773	791
773	794
773	909
774	779
774	781
774	784
774	796
775	783
775	787
775	793
775	853
776	776
776	777
776	780
776	782
776	795
776	944
777	784
777	788
777	796
778	778
778	792
778	799
779	795
780	780
780	793
780	795
780	796
780	926
781	785
781	787
781	792
781	794
781	796
781	878
782	788
782	798
783	786
784	786
784	790
784	793
784	794
785	786
785	795
785	798
786	786
786	791
786	792
786	793
786	798
787	790
787	791
787	792
788	799
789	793
790	791
790	794
790	795
790	816
791	793
791	794
791	795
792	794
793	799
795	796
796	799
796	970
797	797
798	798
800	801
800	803
800	807
800	809
800	815
800	818
800	824
800	829
800	835
800	842
800	863
800	868
800	878
800	884
800	887
800	889
800	891
801	802
801	807
801	811
801	813
801	816
801	817
801	818
801	822
801	823
801	824
801	826
801	827
801	830
801	831
801	848
801	850
801	851
801	856
801	863
801	866
801	873
802	826
802	831
802	833
802	835
802	848
802	861
802	867
802	870
802	871
802	873
802	884
802	897
803	803
803	807
803	810
803	819
803	827
803	829
803	837
803	840
803	845
803	851
803	856
803	864
803	867
803	873
803	876
803	889
803	950
804	810
804	816
804	823
804	846
804	848
804	850
804	852
804	862
804	879
804	881
804	882
804	886
804	888
804	889
804	897
805	809
805	818
805	826
805	827
805	835
805	837
805	844
805	846
805	853
805	855
805	858
805	869
805	872
805	876
805	879
805	880
805	891
805	898
806	810
806	811
806	828
806	831
806	834
806	849
806	856
806	857
806	858
806	863
806	875
806	876
806	877
806	882
806	893
806	894
806	899
807	808
807	814
807	819
807	841
807	849
807	871
807	888
807	889
807	895
808	822
808	827
808	834
808	835
808	844
808	847
808	855
808	861
808	862
808	865
808	870
808	872
808	896
808	898
809	811
809	812
809	817
809	832
809	847
809	848
809	852
809	865
809	868
809	871
809	872
809	888
809	891
809	898
809	985
810	818
810	819
810	820
810	825
810	826
810	833
810	835
810	838
810	847
810	850
810	853
810	855
810	863
810	873
810	875
810	884
810	885
810	891
810	892
810	894
811	815
811	818
811	831
811	832
811	834
811	841
811	846
811	853
811	857
811	861
811	868
811	872
811	879
811	884
811	885
811	894
811	898
812	813
812	824
812	836
812	837
812	843
812	848
812	851
812	861
812	862
812	869
812	874
812	876
812	877
812	878
812	881
812	883
812	884
812	885
812	890
812	894
812	897
813	839
813	845
813	849
813	851
813	857
813	868
813	873
813	879
813	890
813	893
813	896
813	898
814	818
814	821
814	830
814	834
814	842
814	844
814	847
814	854
814	856
814	857
814	858
814	865
814	872
814	875
814	879
814	886
814	887
815	835
815	837
815	854
815	856
815	857
815	859
815	883
815	887
815	889
815	890
815	896
816	823
816	843
816	844
816	854
816	862
816	864
816	872
816	873
816	875
816	877
816	884
816	886
816	889
816	923
817	820
817	825
817	829
817	859
817	861
817	874
817	878
817	880
817	889
817	890
817	896
817	898
818	818
818	824
818	829
818	834
818	836
818	838
818	841
818	849
818	854
818	864
818	874
818	885
818	886
818	939
819	823
819	825
819	826
819	829
819	833
819	836
819	839
819	846
819	853
819	870
819	881
819	897
820	827
820	830
820	837
820	839
820	849
820	850
820	858
820	862
820	869
820	887
820	890
820	899
821	826
821	828
821	832
821	844
821	846
821	857
821	862
821	865
821	866
821	874
821	877
821	880
821	884
821	889
821	894
821	896
821	997
822	833
822	843
822	869
822	871
822	872
822	873
822	874
822	880
822	894
822	897
822	898
823	824
823	825
823	845
823	874
823	879
823	895
823	899
823	921
824	828
824	829
824	831
824	864
824	875
824	877
824	884
825	830
825	835
825	838
825	843
825	862
825	864
825	865
825	889
825	892
825	895
826	838
826	841
826	846
826	851
826	856
826	862
826	864
826	870
826	894
826	895
826	898
826	923
826	932
827	829
827	837
827	848
827	852
827	866
827	869
827	890
827	894
828	828
828	845
828	853
828	855
828	857
828	861
828	862
828	863
828	864
828	881
828	885
828	895
829	829
829	840
829	848
829	851
829	852
829	853
829	862
829	874
829	879
829	881
829	883
829	894
829	895
829	897
829	898
830	832
830	845
830	853
830	858
830	870
830	872
830	875
830	885
830	899
830	919
830	983
831	831
831	842
831	850
831	868
831	870
831	876
831	886
832	838
832	841
832	849
832	850
832	852
832	869
832	875
832	877
832	881
832	882
832	885
832	888
832	889
832	895
832	915
833	837
833	838
833	841
833	843
833	860
833	862
833	867
833	880
833	889
833	896
834	848
834	849
834	850
834	866
834	868
834	871
834	872
834	879
834	888
834	890
834	898
835	838
835	843
835	846
835	847
835	855
835	856
835	857
835	870
835	877
835	885
835	887
835	899
836	837
836	848
836	850
836	852
836	853
836	854
836	890
836	895
837	838
837	840
837	843
837	850
837	851
837	857
837	866
837	869
837	878
837	891
837	892
837	894
838	839
838	846
838	848
838	849
838	856
838	866
838	868
838	872
838	878
838	881
838	884
838	892
838	898
839	846
839	847
839	851
839	862
839	863
839	868
839	886
839	891
840	846
840	851
840	856
840	870
840	874
840	878
840	880
840	883
840	894
840	895
840	896
841	850
841	861
841	866
841	867
841	876
841	885
841	887
841	889
841	891
841	894
842	850
842	853
842	854
842	859
842	874
842	879
842	880
842	885
842	890
842	898
843	847
843	850
843	854
843	859
843	860
843	869
843	876
843	878
843	952
843	967
844	845
844	848
844	858
844	876
844	889
844	899
844	976
845	853
845	856
845	857
845	861
845	875
845	880
845	892
846	849
846	852
846	855
846	856
846	862
846	863
846	865
846	874
846	875
846	876
846	888
846	892
846	896
847	853
847	867
847	869
847	887
848	851
848	853
848	862
848	863
848	865
848	866
848	867
848	877
848	889
848	891
848	898
849	849
849	850
849	852
849	864
849	866
849	867
849	869
849	886
849	887
850	851
850	854
850	861
850	873
850	877
850	884
850	893
851	857
851	863
851	865
851	873
851	878
851	886
851	887
851	899
852	853
852	859
852	869
852	872
852	880
852	882
852	883
852	884
852	886
853	863
853	868
853	889
853	890
854	870
854	871
854	882
854	892
854	897
854	993
855	867
855	869
855	870
855	876
855	898
855	899
855	933
856	860
856	870
856	877
856	881
856	886
856	892
856	895
856	898
857	860
857	873
857	875
857	880
857	881
857	883
857	895
857	899
857	906
858	866
858	873
858	878
858	886
858	890
858	894
858	898
859	863
859	875
859	880
859	881
859	884
859	886
859	887
859	891
859	899
860	867
860	874
860	875
860	876
860	880
860	884
860	888
860	889
860	893
860	894
860	895
860	896
861	871
861	873
861	878
861	880
861	887
861	890
861	891
861	892
861	893
861	897
862	864
862	872
862	879
862	885
862	889
862	894
862	895
862	896
862	991
863	865
863	866
863	869
863	870
863	885
863	887
863	894
863	899
863	911
864	879
864	880
864	881
864	890
864	891
864	892
864	893
864	894
864	897
864	932
865	865
865	867
865	870
865	873
865	883
865	889
865	896
866	870
866	876
866	877
866	888
866	894
866	898
867	872
867	874
867	881
867	884
867	891
867	896
867	899
868	882
868	886
868	888
868	897
869	873
869	880
869	884
869	890
870	877
870	883
870	885
871	872
871	877
871	879
871	881
871	890
872	872
872	875
872	876
872	881
872	893
872	894
873	878
873	886
873	897
874	883
874	885
874	897
875	878
875	881
875	883
875	890
875	895
875	896
876	883
876	896
877	888
877	898
877	899
878	879
878	896
878	995
879	885
879	887
879	889
879	892
879	894
880	883
880	886
880	889
880	890
880	897
880	899
882	887
882	889
882	932
883	894
884	892
884	895
885	887
885	888
885	889
885	890
885	899
886	894
886	897
888	896
888	959
890	891
890	892
890	894
890	898
892	892
892	894
893	894
899	951
900	908
900	923
900	924
900	930
900	932
900	937
900	944
900	954
900	962
900	963
900	986
900	990
900	991
900	995
901	902
901	906
901	907
901	910
901	911
901	917
901	919
901	923
901	924
901	925
901	933
901	937
901	942
901	944
901	968
901	969
901	978
901	980
901	994
902	913
902	916
902	917
902	922
902	931
902	934
902	936
902	937
902	938
902	948
902	953
902	966
902	976
902	980
902	997
903	905
903	915
903	923
903	929
903	930
903	932
903	946
903	961
903	965
903	967
903	978
903	987
903	989
903	995
903	997
904	908
904	912
904	916
904	921
904	922
904	928
904	930
904	931
904	937
904	942
904	956
904	961
904	971
904	981
904	987
904	989
904	992
904	996
905	912
905	919
905	920
905	921
905	928
905	929
905	931
905	942
905	946
905	970
905	974
905	975
905	978
905	988
905	990
905	991
905	993
905	995
905	997
905	998
906	910
906	920
906	929
906	936
906	941
906	947
906	951
906	953
906	956
906	960
906	961
906	970
906	972
906	976
906	980
906	994
907	911
907	916
907	924
907	927
907	930
907	934
907	943
907	952
907	955
907	958
907	966
907	971
907	980
907	982
908	908
908	910
908	913
908	917
908	922
908	926
908	931
908	940
908	941
908	947
908	952
908	954
908	967
908	970
908	972
908	997
909	912
909	916
909	918
909	920
909	928
909	932
909	935
909	940
909	946
909	950
909	955
909	956
909	959
909	960
909	962
909	966
909	969
909	985
909	992
910	923
910	930
910	945
910	948
910	951
910	958
910	960
910	973
910	982
910	988
910	989
910	992
911	912
911	918
911	923
911	924
911	928
911	930
911	935
911	951
911	958
911	959
911	963
911	968
911	972
911	979
911	987
911	990
911	991
911	996
912	914
912	918
912	926
912	932
912	943
912	946
912	955
912	961
912	973
912	977
912	984
912	993
912	994
912	996
912	998
913	932
913	938
913	944
913	947
913	951
913	953
913	962
913	975
913	976
914	916
914	919
914	923
914	934
914	963
914	976
914	997
915	939
915	942
915	945
915	951
915	953
915	958
915	961
915	966
915	971
915	974
915	978
915	979
915	980
915	981
915	987
915	989
915	996
915	998
916	919
916	938
916	941
916	943
916	947
916	958
916	960
916	964
916	983
916	997
917	926
917	930
917	937
917	939
917	950
917	960
917	966
917	969
917	987
917	990
917	991
917	992
917	998
917	999
918	924
918	926
918	927
918	930
918	945
918	959
918	968
918	974
918	986
918	998
918	999
919	924
919	929
919	939
919	957
919	962
919	969
919	972
919	977
919	983
919	984
919	989
919	998
920	926
920	927
920	930
920	953
920	960
920	976
920	980
920	994
920	998
921	922
921	931
921	932
921	937
921	946
921	949
921	952
921	954
921	957
921	961
921	969
921	979
921	987
921	990
922	924
922	935
922	937
922	938
922	956
922	968
922	981
923	928
923	934
923	937
923	951
923	954
923	963
923	966
923	969
923	977
923	981
923	985
923	998
924	932
924	934
924	950
924	960
924	967
924	983
924	985
924	986
925	932
925	941
925	945
925	951
925	955
925	956
925	958
925	961
925	962
925	963
925	965
925	973
925	977
925	979
925	984
925	988
925	990
925	994
925	998
926	927
926	939
926	954
926	964
926	983
926	986
926	987
926	990
926	997
927	929
927	930
927	950
927	952
927	954
927	960
927	961
927	978
927	994
928	938
928	939
928	944
928	947
928	953
928	954
928	959
928	961
928	962
928	964
928	966
928	967
928	977
928	985
928	990
928	993
929	940
929	967
929	972
929	974
929	980
929	981
929	983
929	991
929	997
929	999
930	937
930	940
930	948
930	956
930	957
930	965
930	972
930	976
930	978
930	982
930	983
930	985
930	987
930	993
930	998
930	999
931	939
931	952
931	962
931	979
931	982
931	988
932	939
932	950
932	955
932	959
932	969
932	970
932	976
932	987
932	993
932	995
933	941
933	948
933	955
933	963
933	966
933	973
933	974
933	978
933	979
933	999
934	943
934	950
934	951
934	958
934	961
934	962
934	976
934	983
934	988
934	996
935	939
935	943
935	946
935	947
935	948
935	960
935	963
935	966
935	969
935	970
935	971
935	974
935	981
935	983
935	989
935	998
936	943
936	954
936	957
936	966
936	971
936	972
936	976
936	977
936	978
936	982
936	986
937	937
937	943
937	947
937	948
937	950
937	952
937	956
937	966
937	967
937	973
937	982
937	998
937	999
938	943
938	946
938	951
938	956
938	965
938	972
938	973
938	975
938	981
938	983
938	984
938	998
939	944
939	956
939	963
939	968
939	970
939	986
939	993
939	999
940	942
940	949
940	952
940	959
940	976
940	989
940	991
940	994
941	941
941	948
941	950
941	953
941	974
941	980
942	946
942	962
942	964
942	975
942	980
942	995
942	997
943	945
943	951
943	959
943	963
943	974
943	977
943	991
943	993
943	997
944	946
944	951
944	952
944	961
944	962
944	963
944	976
944	978
944	983
944	990
944	993
944	996
945	952
945	955
945	957
945	965
945	969
945	971
945	979
945	995
945	998
946	956
946	963
946	968
946	979
946	986
946	988
946	991
946	995
946	996
946	997
947	955
947	956
947	964
947	971
947	982
947	997
948	950
948	953
948	962
948	969
948	977
948	986
948	994
949	955
949	956
949	959
949	960
949	965
949	967
949	975
949	976
949	979
949	982
949	990
950	953
950	954
950	955
950	957
950	991
950	995
950	999
951	956
951	957
951	961
951	974
951	976
951	983
951	985
951	994
951	996
952	956
952	964
952	968
952	974
952	975
952	976
952	979
953	956
953	957
953	959
953	968
953	984
953	985
953	987
953	995
953	997
954	954
954	960
954	966
954	979
954	983
954	988
955	959
955	962
955	965
955	975
955	976
955	978
955	984
955	985
955	986
956	969
956	970
956	972
956	980
956	985
956	988
956	993
957	959
957	968
957	969
957	979
957	983
957	984
957	986
957	993
957	996
958	961
958	962
958	963
958	966
958	971
958	976
958	987
958	990
958	991
958	996
959	960
959	964
959	969
959	982
959	983
959	993
960	967
960	987
960	993
960	999
961	962
961	970
961	971
961	972
961	981
961	984
961	989
962	966
962	974
962	985
962	994
962	998
962	999
963	966
963	975
963	984
963	985
963	994
963	995
964	966
964	970
964	984
964	987
964	994
964	995
964	999
965	972
965	979
965	999
966	967
966	972
966	973
966	974
966	984
966	985
966	986
966	992
966	993
967	970
967	973
967	981
967	982
967	995
968	972
968	976
968	981
968	982
968	984
968	988
968	994
968	996
969	997
969	999
970	977
970	982
970	987
970	999
971	972
971	974
971	982
971	984
972	977
972	985
972	987
972	997
973	981
973	990
973	993
973	999
974	976
974	979
974	981
974	982
974	984
974	989
974	996
974	999
975	978
975	981
975	992
976	983
976	993
977	983
977	989
977	992
977	996
978	983
978	984
978	987
978	988
978	997
978	998
979	979
979	980
979	985
980	983
980	985
980	990
980	993
981	985
981	992
982	984
982	992
982	996
983	990
983	995
984	985
984	986
984	987
984	992
984	995
985	986
985	992
986	987
986	988
986	990
986	996
987	996
988	990
988	994
991	999
992	993
992	999
993	996
993	998
993	999
994	997
995	999
