0	1
0	4
0	21
0	29
0	31
0	51
0	60
0	61
0	64
0	73
0	97
0	343
0	365
0	440
0	856
1	4
1	7
1	20
1	24
1	25
1	38
1	54
1	59
1	89
1	97
1	227
1	671
1	709
1	868
1	969
2	5
2	22
2	24
2	27
2	29
2	40
2	44
2	45
2	61
2	62
2	76
2	86
2	95
2	125
2	167
2	288
2	373
2	398
2	510
2	575
2	577
2	719
2	822
2	866
2	946
3	4
3	7
3	17
3	53
3	60
3	66
3	70
3	71
3	72
3	88
3	565
3	600
3	668
3	763
3	915
4	11
4	25
4	27
4	35
4	68
4	84
4	97
4	99
4	269
4	330
4	466
4	606
4	609
4	611
4	839
4	843
4	860
4	910
4	993
5	15
5	18
5	21
5	23
5	28
5	36
5	53
5	58
5	64
5	78
5	83
5	87
5	95
5	97
5	98
5	99
5	221
5	327
5	330
5	502
5	617
5	697
5	761
5	811
5	892
5	907
5	977
6	24
6	45
6	46
6	50
6	85
6	226
6	316
6	447
6	704
6	847
7	18
7	25
7	33
7	43
7	62
7	64
7	65
7	70
7	84
7	88
7	98
7	99
7	182
7	515
7	601
7	704
7	905
8	12
8	20
8	21
8	30
8	37
8	56
8	57
8	61
8	73
8	75
8	76
8	83
8	89
8	90
8	95
8	179
8	534
8	808
8	849
8	889
8	903
8	968
8	971
9	10
9	39
9	82
9	84
9	90
9	91
9	272
9	282
9	476
9	547
9	635
9	784
9	828
9	874
9	905
9	939
9	979
9	985
10	14
10	29
10	47
10	50
10	57
10	60
10	72
10	75
10	107
10	386
10	599
10	689
10	770
10	790
10	905
11	13
11	16
11	17
11	21
11	27
11	29
11	35
11	43
11	44
11	58
11	60
11	64
11	76
11	78
11	84
11	93
11	106
11	142
11	203
11	316
11	363
11	645
11	670
11	718
11	779
11	835
11	884
12	20
12	32
12	36
12	47
12	62
12	70
12	75
12	85
12	87
12	90
12	97
12	187
12	315
12	719
13	15
13	16
13	40
13	52
13	69
13	86
13	94
13	407
13	482
13	776
13	783
14	18
14	21
14	31
14	34
14	42
14	51
14	59
14	72
14	77
14	78
14	87
14	220
14	227
14	324
14	370
14	491
14	587
14	615
14	748
14	836
14	917
14	926
15	27
15	29
15	38
15	46
15	48
15	75
15	83
15	96
15	98
15	99
15	275
15	884
15	932
16	28
16	35
16	36
16	46
16	55
16	68
16	80
16	83
16	87
16	98
16	270
16	281
16	685
16	693
17	27
17	47
17	56
17	64
17	71
17	72
17	97
17	99
17	242
17	422
17	456
17	552
17	596
17	649
17	736
17	812
18	32
18	68
18	80
18	81
18	91
18	97
18	227
18	336
18	475
18	570
18	635
18	653
19	20
19	24
19	50
19	58
19	60
19	61
19	68
19	77
19	79
19	81
19	84
19	380
19	411
19	414
19	453
19	482
19	562
19	674
19	687
19	844
19	874
19	897
20	24
20	33
20	58
20	61
20	72
20	75
20	91
20	98
20	99
20	303
20	478
20	539
20	681
20	752
20	850
20	882
20	923
21	26
21	31
21	36
21	43
21	45
21	47
21	55
21	60
21	65
21	81
21	88
21	91
21	93
21	95
21	96
21	484
21	541
21	668
21	696
21	738
21	867
22	24
22	26
22	32
22	35
22	52
22	66
22	76
22	77
22	80
22	83
22	84
22	108
22	148
22	160
22	400
22	463
23	44
23	54
23	61
23	76
23	77
23	84
23	97
23	157
23	288
23	343
23	639
23	674
23	837
23	864
23	928
23	939
24	32
24	34
24	36
24	42
24	74
24	75
24	84
24	89
24	174
24	235
24	415
24	499
24	725
24	929
25	27
25	56
25	59
25	66
25	69
25	74
25	83
25	84
25	99
25	342
25	458
25	625
25	636
25	740
25	779
25	785
26	32
26	62
26	83
26	89
26	97
26	98
26	100
26	283
26	360
26	378
26	625
26	638
26	657
26	674
26	824
26	857
26	866
26	973
27	40
27	54
27	63
27	71
27	85
27	371
27	420
27	423
27	443
27	488
27	535
27	660
27	697
27	848
27	967
28	29
28	31
28	35
28	44
28	53
28	55
28	60
28	62
28	65
28	70
28	76
28	84
28	93
28	408
28	572
28	649
28	790
28	829
28	864
28	915
29	40
29	51
29	76
29	80
29	81
29	84
29	87
29	98
29	194
29	318
29	672
29	696
29	793
29	809
29	965
30	33
30	37
30	51
30	58
30	68
30	79
30	99
30	143
30	186
30	249
30	475
30	577
30	590
30	614
30	675
30	857
31	31
31	52
31	56
31	63
31	84
31	91
31	92
31	247
31	527
31	577
31	698
31	703
31	714
31	920
32	34
32	41
32	51
32	56
32	58
32	59
32	65
32	70
32	73
32	92
32	95
32	397
32	527
32	785
32	896
33	39
33	43
33	53
33	74
33	79
33	83
33	88
33	99
33	125
33	190
33	333
33	415
33	548
33	737
33	826
33	973
34	39
34	43
34	56
34	80
34	87
34	89
34	95
34	131
34	304
34	340
34	374
34	377
34	479
34	504
34	551
34	696
34	924
35	44
35	47
35	52
35	70
35	72
35	74
35	82
35	182
35	596
35	597
35	601
35	880
35	991
36	57
36	63
36	72
36	74
36	84
36	86
36	162
36	245
36	310
36	676
36	696
36	905
36	925
37	43
37	72
37	77
37	232
37	475
37	655
37	788
38	40
38	45
38	53
38	67
38	81
38	95
38	167
38	184
38	362
38	671
39	41
39	55
39	59
39	75
39	78
39	93
39	99
39	102
39	320
39	434
39	593
40	43
40	46
40	55
40	58
40	68
40	93
40	97
40	234
40	311
40	438
40	563
40	674
40	796
40	800
40	907
40	923
41	52
41	53
41	65
41	72
41	77
41	98
41	123
41	328
41	775
41	919
42	53
42	63
42	64
42	74
42	76
42	82
42	89
42	92
42	763
42	819
43	44
43	65
43	91
43	93
43	99
43	371
43	400
43	445
43	466
43	826
43	850
43	880
44	48
44	51
44	55
44	68
44	82
44	85
44	92
44	94
44	189
44	538
44	755
44	834
44	883
44	933
45	46
45	52
45	53
45	57
45	71
45	80
45	100
45	166
45	269
45	358
45	462
45	486
45	502
45	581
45	616
45	653
45	719
45	888
45	927
45	957
46	57
46	59
46	61
46	79
46	87
46	199
46	560
46	618
46	706
46	990
47	47
47	49
47	52
47	53
47	55
47	59
47	63
47	67
47	79
47	98
47	172
47	233
47	392
47	444
47	582
48	67
48	87
48	89
48	98
48	135
48	198
48	312
48	356
48	465
48	648
48	874
49	53
49	55
49	72
49	91
49	215
49	383
49	745
49	767
49	850
49	937
49	989
50	62
50	63
50	75
50	78
50	84
50	85
50	107
50	712
50	715
50	742
50	783
51	56
51	75
51	84
51	94
51	98
51	99
51	229
51	903
52	57
52	79
52	89
52	154
52	191
52	241
52	838
53	56
53	60
53	67
53	75
53	85
53	86
53	98
53	270
53	281
53	665
53	684
53	709
53	988
53	989
54	61
54	66
54	82
54	88
54	347
54	403
54	412
54	575
54	584
54	607
54	647
54	930
55	55
55	59
55	64
55	69
55	71
55	78
55	87
55	95
55	99
55	406
55	472
55	639
55	956
56	69
56	208
56	438
56	634
56	808
56	923
57	64
57	65
57	85
57	86
57	170
57	324
57	651
57	855
58	68
58	76
58	77
58	82
58	93
58	200
58	317
58	338
58	455
58	491
58	675
58	709
58	800
58	858
59	60
59	79
59	88
59	91
59	96
59	249
59	392
59	422
59	429
59	513
59	613
60	65
60	70
60	71
60	84
60	87
60	399
60	504
60	637
60	734
60	756
60	895
61	71
61	76
61	80
61	87
61	94
61	517
61	843
62	66
62	75
62	94
62	97
62	98
62	379
62	516
62	550
62	644
62	693
63	76
63	84
63	86
63	89
63	94
63	113
63	125
63	217
63	623
63	635
63	761
63	952
63	989
64	64
64	71
64	73
64	80
64	87
64	93
64	95
64	98
64	99
64	171
64	263
64	281
64	300
64	361
64	404
64	439
64	508
64	621
64	713
64	780
65	177
65	270
65	294
66	76
66	78
66	89
66	93
66	428
66	867
67	69
67	90
67	93
67	95
67	98
67	153
67	337
67	376
67	711
68	83
68	187
68	330
68	388
68	549
68	582
68	737
68	808
68	875
69	69
69	71
69	96
69	98
69	123
69	261
69	447
69	650
69	709
69	772
69	816
70	72
70	78
70	81
70	82
70	182
70	332
70	334
70	481
70	804
70	920
70	962
70	967
71	82
71	86
71	87
71	91
71	99
71	159
71	172
71	272
71	404
71	812
72	74
72	83
72	84
72	85
72	123
72	259
72	282
72	314
72	320
72	533
72	573
72	750
73	81
73	95
73	373
73	395
73	528
73	617
73	782
73	948
73	998
74	78
74	80
74	83
74	85
74	94
74	96
74	97
74	136
74	388
74	416
74	692
74	817
74	936
74	972
74	989
75	88
75	91
75	92
75	96
75	673
76	93
76	398
76	436
76	540
76	632
76	874
76	904
77	317
77	442
77	491
77	617
78	87
78	93
78	97
78	160
78	242
78	413
78	632
78	662
78	813
78	869
78	976
78	995
79	88
79	92
79	94
79	102
79	482
79	562
79	615
79	693
79	761
79	787
79	912
80	113
80	272
80	286
80	291
80	396
80	437
80	519
80	805
80	874
80	965
81	86
81	313
81	341
81	352
81	394
81	506
81	655
81	705
81	941
82	86
82	94
82	322
82	477
82	637
82	675
83	252
83	346
83	415
83	430
83	541
83	889
84	85
84	92
84	146
84	412
85	89
85	197
85	218
85	220
85	271
85	293
85	294
85	662
85	815
85	860
85	917
85	940
85	985
86	93
86	95
86	97
86	124
86	144
86	277
86	392
86	425
86	462
86	486
86	681
86	768
86	910
87	216
87	572
87	637
87	682
87	780
88	90
88	92
88	151
88	368
88	407
88	476
88	710
88	754
88	757
88	954
89	218
89	488
89	495
90	94
90	136
90	295
90	572
90	629
90	656
90	696
90	738
90	779
90	833
90	923
90	938
90	983
91	99
91	139
91	153
91	159
91	199
91	240
91	268
91	336
91	359
91	886
91	919
91	987
92	96
92	97
92	98
92	287
92	341
92	927
93	243
93	281
93	554
93	585
93	803
93	807
93	864
94	274
94	286
94	488
94	588
94	754
94	883
95	99
95	159
95	263
95	423
95	441
95	459
95	502
95	635
95	689
95	856
96	98
96	255
96	486
96	617
96	681
96	716
96	795
96	841
96	952
97	245
97	267
97	276
97	313
97	457
97	463
97	565
97	591
97	640
97	642
97	647
97	739
97	861
97	879
97	976
98	306
98	329
98	427
98	658
98	879
98	885
98	894
99	127
99	151
99	153
99	601
99	808
99	935
99	972
100	110
100	112
100	116
100	122
100	129
100	136
100	139
100	175
100	181
100	190
100	199
100	254
100	551
100	557
100	785
100	822
101	112
101	115
101	119
101	124
101	127
101	128
101	129
101	136
101	138
101	142
101	145
101	154
101	159
101	182
101	195
101	249
101	416
101	527
101	608
101	759
102	107
102	116
102	129
102	134
102	139
102	180
102	188
102	197
102	276
102	347
102	968
103	107
103	131
103	141
103	154
103	155
103	163
103	193
103	194
103	425
103	531
103	584
103	604
103	883
104	112
104	113
104	121
104	127
104	133
104	134
104	140
104	143
104	155
104	160
104	164
104	165
104	187
104	195
104	333
104	399
104	412
104	547
104	591
104	644
104	833
104	882
104	941
105	107
105	117
105	120
105	130
105	141
105	159
105	172
105	178
105	181
105	247
105	437
105	555
106	111
106	115
106	116
106	123
106	126
106	157
106	160
106	162
106	172
106	178
106	180
106	199
106	273
106	642
106	741
106	856
107	115
107	120
107	145
107	151
107	166
107	173
107	179
107	180
107	188
107	199
107	248
107	437
107	464
107	563
107	640
107	677
107	695
107	752
107	754
107	760
108	110
108	126
108	129
108	140
108	141
108	152
108	156
108	164
108	168
108	179
108	181
108	184
108	185
108	590
108	632
108	670
108	697
108	797
108	986
109	122
109	125
109	126
109	128
109	136
109	141
109	158
109	180
109	181
109	193
109	266
109	327
109	352
109	669
109	714
109	897
109	957
109	963
110	113
110	116
110	120
110	134
110	143
110	145
110	154
110	156
110	157
110	162
110	172
110	176
110	186
110	286
110	290
110	449
110	801
110	844
110	903
110	914
111	118
111	128
111	129
111	138
111	171
111	175
111	186
111	187
111	188
111	189
111	196
111	343
111	464
111	766
111	899
111	934
112	115
112	125
112	126
112	128
112	138
112	140
112	141
112	168
112	170
112	175
112	179
112	188
112	215
112	242
112	287
112	321
112	378
112	548
112	626
112	680
112	735
112	757
112	782
112	810
113	116
113	121
113	135
113	143
113	170
113	183
113	187
113	191
113	196
113	282
113	582
113	630
113	839
113	881
114	115
114	117
114	121
114	124
114	129
114	151
114	159
114	175
114	183
114	185
114	215
114	224
114	300
114	632
114	657
114	745
115	120
115	127
115	134
115	145
115	147
115	154
115	164
115	167
115	171
115	189
115	191
115	320
115	599
115	622
115	788
115	802
116	122
116	124
116	129
116	131
116	144
116	153
116	166
116	168
116	170
116	188
116	190
116	198
116	226
116	243
116	488
116	535
116	860
117	120
117	124
117	135
117	139
117	151
117	153
117	170
117	171
117	172
117	184
117	188
117	193
117	210
117	533
117	689
117	739
117	831
117	864
118	124
118	137
118	139
118	141
118	146
118	149
118	160
118	170
118	177
118	179
118	186
118	191
118	231
118	261
118	276
118	391
118	630
118	695
118	852
118	855
118	882
118	944
118	952
118	954
119	139
119	153
119	157
119	165
119	176
119	177
119	180
119	185
119	199
119	239
119	548
119	615
119	745
119	817
120	127
120	135
120	140
120	154
120	186
120	194
120	251
120	445
120	534
120	545
120	553
120	596
120	653
120	692
120	917
121	122
121	136
121	146
121	158
121	161
121	168
121	169
121	170
121	177
121	190
121	193
121	199
121	240
121	272
121	495
121	595
121	708
121	711
121	753
121	952
121	979
122	126
122	131
122	133
122	144
122	151
122	172
122	176
122	196
122	218
122	323
122	530
122	572
122	635
122	648
122	652
122	864
122	891
122	905
122	915
122	965
123	139
123	142
123	149
123	176
123	182
123	191
123	196
123	197
123	244
123	450
123	452
123	690
123	715
124	125
124	128
124	131
124	137
124	145
124	160
124	167
124	173
124	178
124	196
124	199
124	214
124	345
124	367
124	382
124	534
124	640
124	669
124	849
124	986
125	138
125	142
125	146
125	149
125	152
125	175
125	642
125	795
125	953
126	127
126	146
126	156
126	159
126	165
126	184
126	187
126	198
126	199
126	424
126	513
126	619
126	622
126	642
126	763
126	958
126	985
127	128
127	140
127	146
127	170
127	182
127	189
127	196
127	226
127	337
127	442
127	613
127	619
127	672
127	698
127	739
127	825
127	880
127	923
128	129
128	131
128	139
128	144
128	152
128	154
128	158
128	166
128	183
128	191
128	196
128	313
128	336
128	429
128	538
128	542
128	658
128	703
128	823
128	836
128	897
129	137
129	142
129	148
129	161
129	164
129	172
129	183
129	190
129	197
129	242
129	258
129	319
129	512
129	538
129	871
129	929
130	135
130	145
130	153
130	158
130	162
130	167
130	174
130	189
130	190
130	290
130	303
130	365
130	734
130	804
131	131
131	132
131	138
131	144
131	149
131	168
131	174
131	181
131	182
131	197
131	256
131	338
131	418
131	454
131	527
131	540
131	586
131	600
131	695
131	782
132	132
132	136
132	144
132	147
132	153
132	169
132	177
132	183
132	185
132	190
132	194
132	198
132	208
132	272
132	364
132	413
132	450
132	614
132	932
133	149
133	155
133	157
133	169
133	191
133	197
133	207
133	406
133	436
133	483
133	964
133	991
134	142
134	144
134	169
134	198
134	241
134	553
134	631
134	682
134	823
134	848
135	140
135	141
135	157
135	159
135	167
135	183
135	191
135	192
135	194
135	197
135	271
135	368
135	520
135	573
135	606
135	660
135	759
135	788
135	848
136	151
136	162
136	174
136	175
136	176
136	185
136	187
136	189
136	349
136	355
136	449
136	489
136	585
136	631
137	146
137	150
137	155
137	164
137	171
137	177
137	182
137	192
137	198
137	250
137	274
137	345
137	365
137	483
137	544
137	550
137	750
137	813
137	901
137	920
137	921
138	139
138	140
138	144
138	156
138	158
138	161
138	171
138	187
138	266
138	306
138	325
138	513
138	798
138	801
138	859
139	143
139	146
139	151
139	155
139	175
139	176
139	184
139	190
139	242
139	256
139	269
139	439
139	466
139	720
140	150
140	167
140	172
140	177
140	181
140	255
140	430
140	623
140	836
140	954
141	154
141	159
141	180
141	186
141	224
141	239
141	525
141	799
141	804
141	875
142	142
142	144
142	157
142	165
142	166
142	172
142	176
142	193
142	198
142	301
142	364
142	368
142	607
142	772
142	780
142	872
142	907
143	162
143	163
143	167
143	173
143	190
143	207
143	236
143	249
143	619
143	680
143	922
143	935
144	154
144	159
144	169
144	173
144	178
144	185
144	186
144	193
144	457
144	731
144	772
144	844
144	999
145	162
145	180
145	183
145	188
145	192
145	199
145	704
145	720
145	833
145	974
146	148
146	182
146	183
146	189
146	301
146	482
146	498
146	570
146	598
146	636
146	837
146	923
146	940
147	150
147	156
147	168
147	172
147	175
147	180
147	185
147	193
147	232
147	383
147	615
147	854
147	933
147	984
147	990
148	148
148	153
148	181
148	183
148	286
148	287
148	446
148	643
148	690
148	866
149	154
149	158
149	159
149	161
149	163
149	177
149	190
149	192
149	196
149	676
149	786
149	802
149	827
149	840
150	166
150	168
150	170
150	193
150	195
150	204
150	412
150	466
150	488
150	586
150	618
150	667
151	172
151	181
151	184
151	197
151	198
151	214
151	584
151	622
151	838
151	853
151	975
152	154
152	167
152	172
152	177
152	178
152	375
152	379
152	510
152	598
152	608
152	617
152	647
152	751
152	812
152	889
152	918
153	167
153	177
153	179
153	186
153	197
153	283
153	323
153	731
153	909
154	154
154	165
154	172
154	174
154	184
154	188
154	192
154	359
154	556
154	689
154	723
154	771
154	871
155	170
155	173
155	178
155	185
155	188
155	198
155	242
155	460
155	752
155	834
156	172
156	176
156	178
156	189
156	193
156	198
156	200
156	229
156	312
156	421
156	516
156	563
156	590
156	619
156	923
157	185
157	189
157	467
157	500
157	818
157	945
158	174
158	181
158	187
158	188
158	189
158	195
158	196
158	203
158	326
158	505
158	646
158	674
159	163
159	166
159	176
159	181
159	487
159	488
159	670
159	888
159	909
159	964
160	169
160	171
160	190
160	361
160	479
160	518
160	767
160	818
160	875
161	165
161	171
161	175
161	184
161	196
161	211
161	320
161	517
161	524
161	543
161	561
161	707
161	724
161	958
162	162
162	166
162	170
162	175
162	179
162	183
162	189
162	223
162	266
162	273
162	311
162	325
162	596
162	598
163	167
163	179
163	184
163	190
163	321
163	603
163	615
163	617
163	776
163	845
163	848
163	950
164	167
164	192
164	276
164	310
164	425
164	430
164	616
164	714
164	919
165	168
165	180
165	181
165	186
165	194
165	196
165	226
165	228
165	250
165	274
165	326
165	364
165	398
165	419
165	560
165	573
166	171
166	176
166	178
166	185
166	287
166	338
166	381
166	418
166	448
166	462
166	500
166	542
166	758
166	807
166	924
167	173
167	181
167	193
167	199
167	231
167	285
167	417
167	428
167	483
167	628
167	645
167	754
167	767
167	951
167	982
168	173
168	177
168	180
168	187
168	194
168	341
168	347
168	359
168	481
168	582
168	630
168	649
169	180
169	184
169	189
169	262
169	294
169	518
169	648
169	792
169	811
169	844
169	875
169	913
169	985
170	179
170	188
170	197
170	331
170	387
170	426
170	455
170	459
170	509
170	543
170	696
170	716
170	791
170	860
170	871
170	875
170	893
171	180
171	186
171	228
171	267
171	395
171	445
171	881
172	179
172	183
172	198
172	199
172	260
172	540
172	701
172	800
172	887
172	899
173	184
173	190
173	191
173	296
173	315
173	704
173	756
173	848
173	871
173	872
173	918
173	965
174	182
174	199
174	250
174	307
174	484
174	561
175	176
175	383
175	443
175	686
175	811
175	822
175	981
176	177
176	181
176	184
176	188
176	220
176	234
176	328
176	373
176	552
176	636
176	660
176	871
176	882
176	944
177	178
177	189
177	314
177	322
177	323
177	368
177	848
178	188
178	192
178	487
178	503
178	521
178	597
178	601
178	674
178	725
179	190
179	236
179	389
179	416
179	461
179	636
179	773
179	841
179	872
179	890
180	180
180	183
180	198
180	288
180	301
180	326
180	364
180	428
180	625
180	627
180	714
180	843
180	884
181	184
181	191
181	196
181	198
181	229
181	292
181	372
181	473
181	658
181	862
181	938
182	199
182	212
182	218
182	407
182	413
182	612
182	631
182	689
182	853
183	184
183	185
183	186
183	187
183	234
183	245
183	281
183	328
183	633
183	677
183	688
183	867
183	905
183	934
183	943
184	196
184	198
184	575
184	652
185	189
185	297
185	320
185	324
185	547
185	628
185	645
185	690
185	972
186	187
186	214
186	331
186	446
186	476
186	554
186	686
186	902
187	213
187	653
187	691
187	800
187	836
187	881
187	941
188	247
188	261
188	301
188	413
188	513
188	579
188	900
189	190
189	350
189	364
189	454
189	468
189	512
189	649
189	655
189	664
189	816
189	837
189	903
189	959
190	192
190	502
190	569
190	696
190	831
190	873
191	193
191	565
191	583
191	678
191	814
192	195
192	233
192	242
192	254
192	710
192	771
192	894
192	928
193	246
193	267
193	520
193	665
193	803
193	928
193	953
194	195
194	197
194	325
194	485
194	516
194	680
194	994
195	196
195	421
195	460
195	505
195	579
195	678
196	211
196	236
196	325
196	368
196	480
196	537
196	737
196	879
196	907
197	197
197	251
197	299
197	593
197	631
197	640
197	669
197	685
197	715
197	946
197	982
198	365
198	560
198	578
198	892
199	327
199	464
199	566
199	599
199	806
199	872
199	919
199	926
199	986
200	207
200	211
200	223
200	243
200	246
200	275
200	285
200	296
200	298
200	555
200	613
200	833
200	881
200	983
201	205
201	212
201	213
201	215
201	252
201	256
201	260
201	267
201	273
201	280
201	282
201	286
201	293
201	294
201	296
201	413
202	205
202	208
202	211
202	215
202	231
202	251
202	259
202	262
202	264
202	273
202	352
202	395
202	486
202	969
202	981
203	227
203	230
203	245
203	253
203	257
203	272
203	281
203	298
203	811
203	838
204	219
204	227
204	240
204	241
204	242
204	245
204	251
204	255
204	267
204	268
204	271
204	526
204	597
204	619
204	656
204	877
204	971
205	222
205	240
205	245
205	259
205	262
205	264
205	299
205	559
205	800
205	872
205	952
206	211
206	219
206	227
206	229
206	234
206	238
206	249
206	252
206	253
206	256
206	261
206	264
206	297
206	320
206	356
206	414
206	579
206	639
206	718
207	217
207	234
207	261
207	263
207	267
207	268
207	272
207	273
207	283
207	287
207	288
207	296
207	337
207	521
207	877
207	954
208	216
208	218
208	226
208	241
208	243
208	262
208	278
208	285
208	290
208	537
208	590
208	622
208	777
209	212
209	213
209	219
209	228
209	241
209	248
209	257
209	272
209	276
209	290
209	295
209	516
209	628
209	671
209	755
209	878
209	899
210	212
210	218
210	219
210	220
210	222
210	231
210	247
210	248
210	264
210	275
210	292
210	303
210	333
210	675
210	691
210	762
210	829
211	226
211	244
211	247
211	254
211	256
211	273
211	276
211	286
211	297
211	299
211	311
211	340
211	417
211	448
211	450
211	452
211	536
211	766
211	930
212	215
212	217
212	220
212	223
212	229
212	234
212	251
212	254
212	270
212	272
212	273
212	288
212	364
212	452
212	708
212	883
212	935
213	218
213	221
213	238
213	240
213	247
213	253
213	254
213	256
213	258
213	266
213	267
213	272
213	287
213	291
213	292
213	296
213	529
213	609
213	611
213	658
213	661
213	667
213	711
213	883
214	216
214	223
214	228
214	230
214	231
214	234
214	241
214	242
214	255
214	262
214	295
214	428
214	486
214	494
214	543
214	820
215	241
215	252
215	260
215	269
215	273
215	319
215	366
215	408
215	445
215	477
215	657
215	710
215	844
215	903
215	929
216	218
216	255
216	261
216	273
216	289
216	290
216	291
216	323
216	357
216	454
216	472
216	673
216	689
216	715
216	816
216	846
217	218
217	257
217	277
217	290
217	293
217	299
217	530
217	567
217	607
217	616
217	722
217	733
217	748
217	902
218	218
218	229
218	234
218	236
218	248
218	249
218	256
218	258
218	262
218	263
218	655
218	670
218	754
219	224
219	239
219	243
219	245
219	246
219	257
219	264
219	275
219	285
219	289
219	291
219	745
219	785
219	814
219	914
219	985
220	234
220	242
220	251
220	255
220	260
220	264
220	271
220	275
220	284
220	286
220	297
220	303
220	464
220	487
220	515
220	677
220	800
220	819
220	889
221	221
221	228
221	235
221	244
221	259
221	267
221	275
221	283
221	292
221	293
221	312
221	660
221	768
221	866
221	934
222	234
222	256
222	259
222	273
222	275
222	277
222	280
222	286
222	291
222	292
222	299
222	428
222	562
222	627
222	781
222	873
223	226
223	228
223	244
223	261
223	299
223	423
223	480
223	541
223	897
223	958
224	232
224	235
224	237
224	241
224	252
224	253
224	261
224	286
224	416
224	582
224	606
224	726
224	862
224	996
225	242
225	249
225	289
225	299
225	735
225	825
226	237
226	242
226	243
226	250
226	256
226	268
226	277
226	287
226	291
226	297
226	353
226	354
226	419
226	570
226	639
226	719
226	986
227	236
227	257
227	264
227	268
227	269
227	278
227	299
227	579
227	668
227	913
228	231
228	249
228	252
228	253
228	256
228	263
228	285
228	295
228	296
228	299
228	447
228	970
228	976
229	233
229	234
229	235
229	236
229	242
229	260
229	270
229	277
229	278
229	286
229	292
229	299
229	429
229	693
229	712
229	804
229	950
230	265
230	280
230	362
230	405
230	441
230	443
230	611
230	719
231	238
231	269
231	270
231	273
231	283
231	291
231	431
231	474
231	486
231	502
232	235
232	246
232	250
232	257
232	269
232	273
232	279
232	283
232	286
232	416
232	457
232	991
233	235
233	237
233	249
233	266
233	271
233	292
233	297
233	298
233	299
233	470
233	476
233	484
233	514
233	719
233	994
234	246
234	250
234	251
234	253
234	256
234	261
234	273
234	282
234	287
234	374
234	584
234	591
234	648
234	724
234	750
234	820
234	840
234	857
235	249
235	251
235	265
235	266
235	270
235	273
235	278
235	292
235	298
235	455
235	530
235	536
235	913
235	915
236	240
236	255
236	272
236	286
236	289
236	381
236	458
236	497
236	615
237	247
237	266
237	270
237	281
237	289
237	305
237	405
237	535
237	791
237	867
237	995
238	241
238	244
238	247
238	248
238	261
238	266
238	271
238	290
238	297
238	363
238	441
238	564
238	634
239	242
239	249
239	256
239	261
239	276
239	287
239	357
239	405
239	593
239	628
239	666
239	687
239	807
239	967
240	264
240	272
240	273
240	280
240	285
240	289
240	295
240	299
240	326
240	436
240	544
240	676
240	686
240	714
240	741
240	782
240	825
240	865
240	922
240	960
241	247
241	253
241	256
241	266
241	272
241	278
241	292
241	297
241	607
241	640
241	738
241	874
241	957
242	243
242	245
242	247
242	250
242	269
242	290
242	294
242	296
242	385
242	685
242	698
242	761
242	942
242	967
243	249
243	251
243	273
243	295
243	356
243	438
243	507
243	658
243	784
243	890
243	943
244	251
244	257
244	260
244	268
244	272
244	278
244	280
244	286
244	291
244	294
244	296
244	369
244	421
244	428
244	455
244	506
244	594
244	722
244	821
244	897
244	977
245	251
245	268
245	289
245	291
245	297
245	298
245	411
245	495
245	633
245	654
245	723
245	859
246	258
246	265
246	266
246	268
246	285
246	287
246	294
246	295
246	451
246	788
246	799
246	936
246	955
246	982
247	249
247	250
247	261
247	262
247	270
247	272
247	275
247	293
247	352
247	402
247	626
247	633
247	819
247	872
248	255
248	263
248	266
248	267
248	272
248	285
248	288
248	291
248	293
248	296
248	379
248	521
248	804
248	866
249	261
249	280
249	283
249	290
249	295
249	298
249	358
249	504
249	510
249	589
249	857
249	911
250	256
250	260
250	270
250	277
250	280
250	281
250	291
250	299
250	646
250	694
250	733
250	755
250	863
250	931
250	941
250	955
251	251
251	258
251	262
251	272
251	286
251	296
251	297
251	305
251	420
251	544
251	762
251	858
251	918
251	944
251	957
251	994
252	261
252	265
252	266
252	276
252	282
252	285
252	288
252	296
252	322
252	351
252	530
252	573
252	830
252	833
252	971
253	274
253	297
253	353
253	374
253	732
253	786
253	860
253	936
254	268
254	293
254	298
254	413
254	455
254	618
254	674
254	728
254	874
255	279
255	280
255	291
255	297
255	298
255	403
255	436
255	462
255	724
255	857
255	899
255	959
256	258
256	267
256	273
256	281
256	289
256	296
256	297
256	298
256	442
256	542
256	739
256	744
256	855
256	915
257	258
257	271
257	272
257	288
257	336
257	827
258	262
258	287
258	293
258	297
258	622
258	920
259	264
259	270
259	271
259	277
259	285
259	290
259	292
259	346
259	462
259	845
260	273
260	281
260	282
260	287
260	291
260	294
260	435
260	542
260	677
260	794
261	274
261	281
261	291
261	293
261	294
261	366
261	777
262	263
262	273
262	281
262	282
262	293
262	295
262	321
262	476
262	767
263	272
263	273
263	288
263	457
263	656
263	713
263	753
264	266
264	276
264	289
264	292
264	293
264	311
264	688
264	771
264	784
264	999
265	288
265	295
265	563
265	750
265	852
265	920
266	269
266	276
266	279
266	280
266	298
266	438
266	470
266	472
266	473
266	604
266	613
266	748
266	854
267	275
267	293
267	296
267	309
267	484
267	592
267	610
267	731
267	735
267	900
267	904
268	276
268	286
268	349
268	457
268	665
268	829
269	273
269	278
269	289
269	293
269	299
269	491
269	695
270	276
270	278
270	280
270	282
270	290
270	299
270	475
270	481
270	526
271	278
271	630
271	684
272	297
272	389
272	541
272	635
272	761
272	843
272	917
273	290
273	292
273	297
273	395
273	599
274	276
274	283
274	292
274	296
274	297
274	523
274	612
274	772
274	813
274	845
274	923
275	279
275	281
275	287
275	289
275	292
275	569
275	722
275	812
275	854
275	866
275	885
275	921
275	936
276	277
276	280
276	282
276	284
276	289
276	308
276	365
276	612
276	823
277	299
277	471
277	580
277	726
277	870
278	285
278	408
278	415
278	442
278	487
278	512
278	838
278	868
278	870
278	881
278	945
279	289
279	290
279	298
279	412
279	461
279	560
279	582
279	762
279	844
279	984
280	290
280	299
280	446
280	453
280	483
280	514
280	569
280	607
280	819
280	922
280	952
281	293
281	538
281	596
281	736
281	935
282	286
282	291
282	292
282	445
282	531
282	538
282	619
282	851
282	922
282	989
283	285
283	286
283	288
283	292
283	298
283	368
283	415
283	518
283	633
283	759
283	957
284	287
284	291
284	294
284	331
284	372
284	704
284	782
284	822
284	871
284	885
284	887
285	285
285	295
285	299
285	623
285	702
285	784
285	947
285	958
286	291
286	295
286	422
286	671
286	680
286	874
286	910
286	974
286	989
287	292
287	296
287	343
287	465
287	590
287	717
287	727
287	870
288	427
288	526
288	542
288	676
288	687
288	917
289	294
289	298
289	343
289	452
289	511
289	571
289	583
289	636
289	667
289	696
289	820
290	298
290	450
290	679
291	294
291	529
291	802
291	839
292	295
292	299
292	342
292	465
292	577
292	612
292	631
292	801
292	895
292	974
292	975
292	977
293	293
293	295
293	298
293	365
293	555
293	849
293	923
293	999
294	298
294	392
294	412
294	517
294	546
294	658
294	679
294	917
295	300
295	308
295	314
295	580
295	777
296	338
296	456
296	633
296	700
297	384
297	385
297	418
297	569
297	652
297	770
297	785
297	895
297	896
297	984
298	568
298	586
298	602
298	861
299	314
299	430
299	436
299	596
299	708
299	723
299	755
299	766
299	881
300	302
300	303
300	313
300	316
300	327
300	335
300	341
300	350
300	352
300	354
300	369
300	377
300	390
300	712
300	832
300	865
300	929
301	302
301	303
301	311
301	312
301	345
301	347
301	348
301	352
301	363
301	366
301	370
301	372
301	373
301	376
301	384
301	389
301	397
301	497
301	619
301	802
302	302
302	305
302	312
302	313
302	314
302	316
302	317
302	318
302	320
302	322
302	323
302	326
302	339
302	341
302	366
302	379
302	383
302	399
302	403
302	676
302	745
303	306
303	326
303	354
303	357
303	365
303	374
303	377
303	379
303	383
303	391
303	398
303	437
303	522
303	556
303	577
303	598
303	731
303	810
303	938
304	307
304	309
304	311
304	324
304	333
304	366
304	380
304	381
304	390
304	396
304	397
304	424
304	447
304	559
304	726
304	735
305	315
305	316
305	321
305	323
305	333
305	341
305	349
305	351
305	355
305	364
305	367
305	373
305	374
305	376
305	379
305	385
305	392
305	398
305	442
305	556
305	566
305	700
305	954
306	312
306	320
306	337
306	338
306	351
306	355
306	356
306	366
306	370
306	376
306	377
306	553
306	692
306	960
307	311
307	320
307	336
307	344
307	349
307	371
307	374
307	377
307	380
307	384
307	385
307	393
307	396
307	482
307	489
307	505
307	508
307	549
307	727
307	813
307	886
307	920
308	315
308	317
308	320
308	348
308	372
308	385
308	389
308	395
308	409
308	565
308	860
308	921
309	313
309	326
309	327
309	330
309	334
309	336
309	344
309	354
309	356
309	376
309	379
309	381
309	384
309	387
309	388
309	391
309	522
309	611
309	791
309	796
310	310
310	318
310	320
310	340
310	342
310	356
310	360
310	370
310	380
310	384
310	399
310	562
310	621
310	640
310	732
310	812
310	882
311	327
311	329
311	333
311	350
311	356
311	377
311	378
311	383
311	390
311	578
311	768
311	831
311	878
311	931
312	317
312	318
312	327
312	337
312	339
312	342
312	357
312	363
312	368
312	378
312	380
312	385
312	391
312	456
312	726
312	866
312	867
312	890
313	314
313	322
313	330
313	338
313	342
313	350
313	359
313	379
313	385
313	398
313	399
313	728
313	745
313	827
313	925
313	971
314	318
314	324
314	327
314	341
314	348
314	371
314	388
314	389
314	398
314	399
314	825
315	318
315	336
315	339
315	342
315	344
315	348
315	352
315	372
315	379
315	380
315	382
315	389
315	399
315	427
315	702
315	724
315	746
316	317
316	320
316	334
316	337
316	355
316	373
316	375
316	382
316	507
316	517
316	519
316	537
316	731
316	748
316	879
317	320
317	344
317	351
317	355
317	362
317	369
317	374
317	375
317	378
317	384
317	392
317	394
317	395
317	703
317	779
317	978
318	320
318	322
318	341
318	344
318	366
318	368
318	373
318	379
318	383
318	395
319	325
319	335
319	347
319	365
319	383
319	534
319	560
319	883
320	321
320	326
320	333
320	348
320	353
320	369
320	378
320	379
320	380
320	387
320	409
320	677
320	771
320	788
320	810
320	817
320	876
321	332
321	348
321	353
321	355
321	381
321	382
321	388
321	391
321	396
321	397
321	399
321	471
321	529
321	851
321	853
321	959
322	322
322	329
322	330
322	337
322	347
322	350
322	352
322	354
322	374
322	385
322	389
322	396
322	397
322	399
322	434
322	495
322	573
322	776
322	798
323	325
323	338
323	341
323	353
323	356
323	357
323	359
323	373
323	385
323	389
323	398
323	436
323	558
323	599
323	636
323	659
323	864
323	916
324	331
324	333
324	337
324	344
324	350
324	353
324	387
324	415
324	423
324	642
324	777
324	780
324	843
325	335
325	344
325	362
325	365
325	367
325	389
325	484
325	592
325	616
325	839
325	880
326	329
326	344
326	346
326	350
326	369
326	372
326	373
326	378
326	387
326	388
326	389
326	390
326	395
326	641
326	929
327	330
327	342
327	343
327	352
327	357
327	377
327	389
327	396
327	397
327	399
327	451
327	502
327	641
327	842
327	878
327	953
328	329
328	333
328	336
328	344
328	353
328	355
328	356
328	357
328	370
328	375
328	382
328	396
328	401
328	729
329	359
329	369
329	386
329	388
329	393
329	397
329	545
329	655
329	683
329	734
330	337
330	348
330	352
330	366
330	374
330	389
330	398
330	449
330	547
330	793
330	822
330	959
330	966
331	339
331	348
331	350
331	352
331	358
331	360
331	372
331	376
331	380
331	385
331	391
331	411
331	516
331	637
331	743
331	802
331	880
332	343
332	350
332	360
332	361
332	366
332	368
332	375
332	384
332	386
332	387
332	391
332	871
332	908
333	334
333	346
333	349
333	355
333	356
333	366
333	369
333	370
333	382
333	389
333	392
333	393
333	398
333	465
333	495
333	515
333	587
333	759
333	848
334	344
334	358
334	372
334	396
334	567
334	672
334	676
334	728
334	762
335	358
335	372
335	376
335	379
335	528
336	340
336	348
336	358
336	366
336	367
336	371
336	373
336	374
336	392
336	451
336	587
336	612
336	624
336	951
337	337
337	343
337	384
337	389
337	582
337	601
337	719
337	735
337	785
337	901
337	928
338	340
338	348
338	349
338	360
338	364
338	366
338	376
338	379
338	384
338	389
338	392
338	396
338	418
338	474
338	515
338	552
338	607
338	620
338	660
338	721
338	744
338	793
339	355
339	359
339	371
339	376
339	388
339	392
339	394
339	671
339	731
339	742
339	761
340	347
340	349
340	356
340	364
340	366
340	373
340	387
340	388
340	599
340	862
340	975
341	349
341	354
341	361
341	370
341	373
341	384
341	385
341	395
341	496
341	558
342	342
342	347
342	360
342	396
342	475
342	497
342	717
343	344
343	345
343	359
343	373
343	393
343	477
343	502
343	562
343	720
343	914
344	351
344	354
344	361
344	378
344	380
344	386
344	392
344	398
344	497
344	601
344	687
344	701
344	797
344	844
344	991
345	352
345	356
345	359
345	365
345	387
345	407
345	521
345	584
345	700
345	942
345	990
346	356
346	370
346	383
346	391
346	395
346	431
346	472
346	517
346	562
346	635
346	992
347	352
347	362
347	363
347	379
347	388
347	549
347	667
347	727
347	791
348	363
348	373
348	374
348	377
348	381
348	384
348	395
348	741
348	766
348	863
348	960
349	350
349	352
349	361
349	364
349	368
349	382
349	384
349	395
349	397
349	496
349	650
349	706
349	730
350	354
350	361
350	368
350	386
350	390
350	393
350	464
350	609
350	790
350	890
350	972
351	357
351	367
351	369
351	387
351	393
351	395
351	433
351	667
351	826
351	964
351	988
352	355
352	375
352	378
353	374
353	381
353	383
353	386
353	391
353	396
353	436
353	437
353	499
353	607
353	676
353	728
353	864
353	949
354	366
354	377
354	383
354	389
354	397
354	478
354	594
354	603
354	640
354	645
354	689
354	714
354	722
354	880
355	376
355	381
355	383
355	386
355	395
355	448
355	618
355	720
355	781
355	784
355	895
355	900
356	360
356	364
356	372
356	379
356	390
356	392
356	874
357	358
357	364
357	373
357	380
357	396
357	590
357	846
358	360
358	363
358	382
358	383
358	518
358	540
358	592
358	785
358	864
358	988
359	366
359	383
359	389
359	395
359	435
359	558
359	702
359	753
359	881
359	924
360	362
360	364
360	369
360	371
360	374
360	385
360	389
360	396
360	432
360	513
361	366
361	376
361	377
361	380
361	399
361	451
361	452
361	632
361	894
362	399
362	441
362	573
362	630
362	716
362	729
362	841
362	877
362	972
363	396
363	457
363	462
363	470
363	497
363	634
363	853
363	854
363	926
363	962
364	369
364	391
364	399
364	421
364	423
364	839
364	883
365	372
365	384
365	394
365	397
365	462
365	911
366	368
366	376
366	382
366	395
366	397
366	420
366	485
366	581
366	666
366	724
366	832
366	918
367	387
367	391
367	396
367	401
367	580
367	620
367	777
367	807
368	389
368	394
368	395
368	396
368	418
368	515
368	631
368	866
368	894
368	928
369	378
369	394
369	395
369	451
369	486
369	733
370	376
370	567
371	375
371	376
371	385
371	393
371	433
371	857
371	994
372	378
372	395
372	559
372	571
372	616
372	824
373	378
373	384
373	427
373	686
373	756
373	892
374	380
374	384
374	397
374	434
374	541
374	546
374	595
374	669
374	705
374	872
374	989
375	399
375	598
375	630
375	925
376	685
376	780
377	382
377	383
377	408
377	410
377	524
377	601
377	641
377	927
378	397
378	398
378	536
378	643
378	674
378	692
378	834
378	906
378	923
379	402
379	416
379	512
379	951
380	399
380	643
380	651
380	813
380	948
380	954
381	383
381	386
381	391
381	403
381	556
381	722
381	787
381	821
382	388
382	390
382	392
382	393
382	399
382	409
382	473
382	633
382	921
382	959
383	388
383	392
383	394
383	409
383	465
383	756
383	964
384	388
384	395
384	667
384	734
384	963
385	387
385	402
385	448
385	454
385	463
385	559
385	604
385	662
385	724
385	877
385	905
385	911
385	920
385	989
386	389
386	810
386	842
386	858
387	392
387	396
387	562
387	588
387	668
387	715
387	717
387	723
387	875
387	954
388	394
388	417
388	540
388	796
388	956
388	992
389	390
389	472
389	563
389	612
389	659
389	690
389	710
390	397
390	562
391	394
391	426
391	481
391	560
391	724
391	882
392	452
392	466
392	499
392	748
392	761
392	952
392	968
393	488
393	789
393	891
393	954
394	399
394	530
394	545
394	553
394	556
394	629
394	631
394	854
395	396
395	473
395	642
396	398
396	410
396	660
396	679
396	717
396	869
396	974
397	436
397	472
397	506
397	514
397	589
397	673
397	830
398	563
398	594
398	747
398	836
398	858
398	916
399	445
399	645
399	849
400	409
400	410
400	412
400	413
400	420
400	438
400	443
400	456
400	462
400	478
400	492
400	556
400	582
400	614
400	630
400	693
400	699
400	809
400	903
400	913
400	940
401	405
401	413
401	418
401	425
401	434
401	435
401	453
401	461
401	467
401	468
401	479
401	499
401	563
401	948
402	412
402	417
402	422
402	426
402	429
402	437
402	449
402	455
402	457
402	466
402	468
402	473
402	476
402	477
402	478
402	837
402	929
402	965
403	413
403	428
403	431
403	434
403	436
403	455
403	457
403	464
403	470
403	472
403	477
403	480
403	490
403	498
403	499
403	517
403	855
403	863
404	429
404	435
404	450
404	456
404	457
404	461
404	463
404	473
404	475
404	491
404	494
404	498
404	534
404	619
404	800
404	862
404	940
404	941
404	948
405	433
405	438
405	459
405	462
405	465
405	466
405	488
405	521
405	632
405	681
405	954
406	409
406	410
406	413
406	415
406	420
406	421
406	425
406	426
406	427
406	433
406	447
406	448
406	455
406	458
406	469
406	476
406	478
406	480
406	487
406	489
406	494
406	497
406	539
406	578
406	608
406	839
406	893
406	915
407	415
407	416
407	417
407	419
407	420
407	454
407	455
407	474
407	489
407	585
407	632
407	654
407	688
407	716
407	842
407	857
407	894
407	988
408	413
408	416
408	421
408	456
408	472
408	489
408	497
408	516
408	558
408	634
408	704
408	755
408	972
409	412
409	414
409	419
409	425
409	437
409	440
409	443
409	446
409	447
409	452
409	463
409	465
409	468
409	471
409	475
409	667
409	704
409	713
409	724
409	754
409	784
409	855
409	889
410	414
410	438
410	452
410	463
410	464
410	469
410	688
410	700
410	924
411	416
411	421
411	423
411	431
411	436
411	441
411	443
411	444
411	455
411	457
411	458
411	463
411	492
411	493
411	494
411	496
411	580
411	698
411	815
411	920
412	432
412	436
412	440
412	448
412	479
412	483
412	487
412	492
412	498
412	511
412	591
412	675
412	719
412	789
412	950
413	417
413	429
413	433
413	444
413	446
413	470
413	480
413	561
413	587
413	677
413	767
413	821
413	864
414	420
414	423
414	430
414	444
414	445
414	448
414	452
414	453
414	454
414	464
414	475
414	488
414	497
414	498
414	526
414	574
414	872
415	428
415	429
415	444
415	456
415	458
415	480
415	714
416	419
416	430
416	433
416	436
416	447
416	471
416	484
416	486
416	488
416	494
416	496
416	564
416	647
416	680
417	434
417	435
417	436
417	439
417	441
417	445
417	447
417	462
417	470
417	474
417	478
417	484
417	496
417	554
417	671
417	695
417	824
418	429
418	434
418	439
418	456
418	458
418	466
418	485
418	492
418	496
418	732
418	803
418	892
419	425
419	434
419	447
419	450
419	453
419	457
419	470
419	473
419	475
419	486
419	495
419	496
419	499
419	528
419	943
419	967
419	968
420	434
420	438
420	439
420	445
420	470
420	491
420	496
420	515
420	668
420	879
420	907
421	424
421	427
421	428
421	441
421	445
421	454
421	483
421	502
421	535
421	564
421	700
422	425
422	428
422	434
422	444
422	460
422	474
422	487
422	491
422	621
422	794
422	989
422	995
423	429
423	444
423	448
423	465
423	468
423	477
423	484
423	550
423	664
423	799
423	823
424	435
424	446
424	451
424	460
424	462
424	467
424	471
424	477
424	486
424	498
424	643
424	962
425	429
425	440
425	441
425	448
425	449
425	456
425	457
425	459
425	464
425	483
425	487
425	496
425	534
425	649
425	775
425	865
425	942
426	427
426	430
426	439
426	449
426	459
426	471
426	478
426	479
426	493
426	494
426	588
426	794
426	926
426	974
427	461
427	468
427	469
427	621
427	697
427	706
427	819
427	821
427	966
428	431
428	434
428	449
428	452
428	463
428	466
428	472
428	474
428	475
428	484
428	485
428	488
428	642
428	649
428	665
428	715
428	811
428	821
428	918
429	436
429	438
429	447
429	452
429	453
429	456
429	458
429	468
429	482
429	488
429	709
429	814
429	865
430	440
430	445
430	453
430	455
430	458
430	462
430	466
430	467
430	480
430	492
430	497
430	543
430	637
430	664
430	807
430	809
430	911
431	434
431	443
431	450
431	464
431	471
431	476
431	477
431	485
431	495
431	539
431	601
431	623
431	675
431	777
432	438
432	445
432	448
432	463
432	479
432	488
432	502
432	714
432	767
432	768
432	786
432	996
433	435
433	451
433	454
433	483
433	498
433	499
433	523
433	556
433	731
433	864
434	441
434	466
434	485
434	486
434	619
434	854
434	975
435	440
435	460
435	487
435	490
435	548
435	622
435	642
435	751
435	767
435	894
436	437
436	439
436	452
436	453
436	466
436	485
436	489
436	491
436	493
436	496
436	498
437	437
437	438
437	448
437	449
437	450
437	456
437	480
437	482
437	493
437	560
437	583
437	639
437	641
437	748
437	763
438	439
438	440
438	441
438	458
438	463
438	479
438	481
438	482
438	488
438	494
438	496
438	499
438	550
438	915
439	439
439	455
439	489
439	492
439	493
439	499
439	510
439	610
439	625
439	664
439	786
439	925
440	444
440	454
440	458
440	461
440	481
440	487
440	499
440	529
440	578
440	766
440	841
440	900
440	945
440	988
441	444
441	449
441	466
441	469
441	477
441	478
441	483
441	488
441	497
441	600
441	606
441	674
441	837
442	456
442	461
442	470
442	473
442	535
442	697
442	724
442	740
442	757
442	818
442	847
442	958
442	982
443	473
443	484
443	490
443	508
443	514
443	552
443	562
443	665
443	702
443	731
443	943
443	966
444	453
444	459
444	463
444	466
444	468
444	481
444	488
444	491
444	493
444	573
444	592
444	608
444	654
444	934
445	445
445	464
445	468
445	471
445	480
445	492
445	646
445	748
445	764
445	837
445	960
446	455
446	461
446	462
446	465
446	468
446	492
446	494
446	542
446	671
446	765
447	453
447	459
447	477
447	484
447	491
447	492
447	495
447	821
447	905
448	457
448	460
448	464
448	475
448	478
448	494
448	495
448	499
448	660
448	693
448	868
449	450
449	451
449	461
449	468
449	472
449	478
449	479
449	483
449	492
449	520
449	766
450	451
450	456
450	470
450	474
450	483
450	494
450	551
450	946
450	967
451	455
451	459
451	468
451	471
451	472
451	475
451	487
451	494
451	660
451	757
451	777
451	791
452	456
452	486
452	491
452	512
452	543
452	604
452	832
452	912
452	957
453	453
453	457
453	459
453	467
453	469
453	472
453	479
453	487
453	490
453	685
453	790
453	909
454	467
454	471
454	472
454	477
454	487
454	652
454	759
454	862
454	911
455	459
455	482
455	483
455	488
455	489
455	497
455	592
455	648
455	753
455	875
455	931
456	459
456	475
456	496
456	497
456	620
456	665
456	947
457	458
457	461
457	465
457	466
457	469
457	470
457	477
457	483
457	489
457	492
457	499
458	466
458	498
458	499
458	666
458	909
459	468
459	476
459	477
459	503
460	467
460	480
460	485
460	487
460	488
460	494
460	740
460	794
461	491
461	595
461	688
461	957
462	474
462	477
462	480
462	497
462	547
462	622
462	675
462	760
463	464
463	465
463	471
463	481
463	487
463	514
463	585
463	945
464	474
464	484
464	489
464	491
464	497
464	591
464	702
464	792
464	807
465	480
465	483
465	484
465	487
465	490
465	493
465	495
465	496
465	497
465	498
465	535
465	573
465	677
465	759
465	864
466	469
466	471
466	482
466	483
466	485
466	498
466	581
466	705
466	724
466	739
466	821
466	880
466	966
467	468
467	576
467	721
468	474
468	480
468	486
468	686
468	867
468	882
468	904
469	480
469	485
469	487
469	494
469	498
469	680
469	926
470	483
470	490
470	552
470	709
470	799
470	835
471	489
471	510
471	667
471	670
471	676
471	697
471	700
471	811
471	910
471	914
471	928
471	974
472	475
472	486
472	497
472	777
472	911
473	478
473	493
473	497
473	501
473	639
473	665
473	760
473	812
473	915
474	474
474	479
474	486
474	498
474	499
474	649
474	795
474	818
475	480
475	483
475	485
475	489
475	492
475	586
475	587
475	812
475	847
476	476
476	489
476	493
476	494
476	496
476	807
476	946
477	486
477	491
477	499
477	549
477	696
477	712
477	728
478	485
478	487
478	527
478	555
478	578
478	627
478	982
478	999
479	488
479	491
479	492
479	496
479	499
479	600
479	993
480	480
480	483
480	486
480	489
480	490
480	508
480	563
480	590
480	932
480	936
480	951
481	495
481	502
481	514
481	636
481	750
481	786
481	793
481	864
481	906
482	482
482	492
482	493
482	494
482	499
482	521
482	702
482	753
482	809
482	814
483	864
483	955
484	489
484	498
484	499
485	486
485	499
485	884
486	491
486	506
486	530
486	536
486	669
486	825
486	871
486	904
486	926
486	980
487	496
487	631
487	720
487	805
487	852
487	894
488	515
488	557
488	992
489	507
489	541
489	650
489	743
489	931
489	983
490	497
490	511
490	558
490	698
490	858
490	859
491	634
491	869
491	909
491	988
492	617
492	816
492	955
492	962
493	509
493	547
493	614
493	645
493	869
494	499
494	705
494	763
494	804
494	899
494	905
494	942
494	946
494	986
495	541
495	622
495	677
495	829
495	946
496	521
496	704
496	862
496	924
497	508
497	517
497	575
497	840
497	850
497	939
498	586
498	588
498	749
499	521
499	752
499	799
500	524
500	529
500	539
500	548
500	554
500	558
500	563
500	565
500	571
500	580
500	585
500	589
500	598
500	630
500	821
500	826
501	514
501	515
501	555
501	564
501	572
501	654
502	503
502	521
502	523
502	524
502	527
502	528
502	537
502	554
502	563
502	567
502	569
502	579
502	584
502	587
502	592
502	621
502	804
502	864
503	504
503	511
503	521
503	535
503	537
503	542
503	551
503	553
503	568
503	582
503	583
503	591
503	595
503	623
503	860
503	891
503	967
504	524
504	527
504	528
504	533
504	554
504	561
504	593
504	596
504	726
504	800
504	851
504	954
504	999
505	510
505	519
505	528
505	531
505	541
505	551
505	573
505	591
505	596
505	740
505	968
505	994
506	512
506	515
506	526
506	527
506	530
506	540
506	547
506	551
506	557
506	578
506	597
506	712
506	720
506	849
506	928
507	516
507	518
507	526
507	528
507	542
507	543
507	544
507	548
507	559
507	562
507	563
507	571
507	574
507	577
507	579
507	593
507	594
507	595
507	596
507	598
507	634
507	766
507	868
507	898
508	511
508	520
508	522
508	539
508	546
508	548
508	549
508	574
508	594
508	791
508	869
509	518
509	539
509	551
509	561
509	562
509	565
509	573
509	581
509	583
509	610
510	513
510	532
510	534
510	538
510	553
510	565
510	579
510	581
510	586
510	628
510	724
510	787
510	883
511	513
511	516
511	527
511	528
511	529
511	530
511	532
511	538
511	557
511	561
511	583
511	586
512	516
512	530
512	533
512	541
512	575
512	579
512	592
512	596
512	597
512	905
512	923
512	960
513	518
513	525
513	535
513	551
513	563
513	575
513	577
513	675
513	738
513	757
513	861
513	863
514	532
514	536
514	539
514	544
514	556
514	568
514	581
514	588
515	517
515	522
515	523
515	527
515	548
515	557
515	566
515	574
515	581
515	586
515	589
515	595
516	516
516	517
516	519
516	525
516	528
516	540
516	542
516	551
516	567
516	591
516	593
516	598
516	663
516	920
517	530
517	541
517	543
517	549
517	560
517	575
517	579
517	583
517	590
517	836
517	918
518	537
518	538
518	540
518	546
518	551
518	562
518	573
518	589
518	611
518	613
518	661
518	748
518	808
518	991
519	539
519	545
519	550
519	551
519	553
519	554
519	572
519	577
519	581
519	582
519	583
519	826
519	829
519	845
520	523
520	527
520	539
520	541
520	542
520	555
520	559
520	563
520	572
520	573
520	585
520	592
520	593
520	643
520	693
520	852
520	985
520	995
521	526
521	530
521	550
521	575
521	581
521	589
521	630
521	668
521	720
521	750
522	522
522	527
522	528
522	530
522	536
522	545
522	552
522	565
522	570
522	577
522	579
522	794
522	838
522	939
523	536
523	544
523	551
523	553
523	563
523	584
523	587
523	589
523	595
523	596
523	848
524	556
524	559
524	561
524	565
524	573
524	588
524	592
524	601
524	739
524	774
524	992
525	527
525	529
525	535
525	547
525	554
525	562
525	566
525	567
525	571
525	573
525	578
525	586
525	588
525	595
525	631
525	726
525	743
525	766
525	921
526	534
526	547
526	564
526	567
526	568
526	574
526	594
526	597
526	598
526	853
526	867
526	924
527	528
527	533
527	562
527	585
527	589
527	593
527	595
527	598
527	622
527	806
527	842
528	529
528	549
528	552
528	554
528	559
528	561
528	568
528	572
528	586
528	588
528	593
528	609
528	703
528	769
528	911
529	551
529	564
529	575
529	581
529	703
529	873
529	908
529	994
530	536
530	551
530	554
530	562
530	564
530	570
530	571
530	581
530	582
530	619
530	681
531	534
531	538
531	544
531	545
531	549
531	554
531	557
531	559
531	563
531	573
531	576
531	595
531	822
531	882
531	889
532	534
532	535
532	547
532	550
532	557
532	559
532	562
532	574
532	580
532	801
532	950
532	953
533	551
533	558
533	565
533	567
533	595
533	611
533	730
534	541
534	542
534	562
534	573
534	580
534	583
534	592
534	598
534	784
534	798
534	893
534	898
535	535
535	551
535	552
535	554
535	574
535	588
535	591
535	784
535	819
535	884
535	885
535	942
535	971
536	545
536	558
536	570
536	575
536	586
536	589
536	590
536	650
536	734
536	774
536	795
536	924
537	538
537	543
537	548
537	553
537	554
537	565
537	567
537	569
537	577
537	585
537	597
537	725
537	767
537	806
537	828
537	861
537	967
538	543
538	568
538	583
538	586
538	609
538	928
538	959
539	539
539	541
539	551
539	567
539	579
539	590
539	601
539	676
539	812
539	855
539	933
540	548
540	555
540	562
540	568
540	577
540	585
540	597
540	885
540	931
540	959
540	997
541	545
541	552
541	561
541	568
541	571
541	575
541	576
541	578
541	580
541	581
541	587
541	589
541	591
541	592
541	632
541	801
541	899
541	963
541	987
542	546
542	551
542	568
542	571
542	573
542	591
542	719
542	723
542	794
542	844
543	571
543	573
543	575
543	578
543	585
543	593
543	596
543	670
543	847
544	561
544	579
544	583
544	584
544	585
544	589
544	597
544	598
544	656
544	938
545	546
545	557
545	559
545	565
545	580
545	588
545	599
545	724
546	560
546	561
546	562
546	564
546	570
546	573
546	574
546	577
546	583
546	585
546	592
546	593
546	744
546	907
547	550
547	551
547	555
547	561
547	573
547	582
547	583
547	599
547	897
548	548
548	550
548	570
548	590
548	599
548	616
548	792
548	949
548	978
549	551
549	552
549	553
549	569
549	577
549	578
549	579
549	585
549	587
549	647
549	657
549	793
549	907
549	943
550	554
550	568
550	569
550	572
550	583
550	592
550	598
550	599
550	708
550	731
550	796
550	895
550	983
551	551
551	561
551	562
551	574
551	582
551	587
551	588
551	589
552	567
552	656
552	770
552	907
552	956
552	974
553	554
553	562
553	563
553	565
553	579
553	580
553	581
553	584
553	704
554	554
554	558
554	562
554	563
554	569
554	580
554	594
554	605
554	609
554	694
554	760
554	839
554	925
554	984
554	991
554	997
555	560
555	562
555	582
555	584
555	591
555	596
555	786
555	797
555	852
555	969
556	563
556	579
556	594
556	685
556	817
556	965
557	559
557	579
557	589
557	592
557	598
557	813
557	857
557	913
557	941
557	958
558	566
558	567
558	573
558	589
558	593
559	569
559	586
559	642
559	773
559	832
559	983
560	561
560	569
560	576
560	582
560	592
560	598
560	755
560	772
560	895
560	937
561	564
561	577
561	581
561	583
561	686
561	782
562	582
562	591
562	597
562	886
563	567
563	582
563	590
563	598
563	632
563	642
563	717
563	883
563	948
563	953
564	565
564	568
564	569
564	578
564	583
564	589
564	595
564	623
564	837
564	868
564	939
564	957
565	566
565	574
565	576
565	623
565	646
565	702
566	567
566	575
566	583
566	585
566	592
566	731
566	953
567	585
567	596
567	794
567	918
568	568
568	576
568	628
568	833
568	929
569	579
569	581
569	584
569	587
569	592
569	593
569	594
569	603
569	669
569	670
569	743
569	771
570	588
570	597
570	631
570	678
570	897
571	573
571	580
571	594
571	679
571	735
571	889
571	949
571	984
572	573
572	593
572	594
572	714
572	732
572	879
572	900
573	597
573	612
573	746
573	976
574	575
574	594
574	595
574	597
574	841
575	576
575	588
575	590
575	591
575	599
575	791
575	885
575	889
575	926
575	931
576	586
576	591
576	596
576	599
576	874
576	947
577	594
577	616
577	655
577	668
577	768
577	902
578	584
578	598
578	611
578	656
578	759
578	918
578	954
579	580
579	592
579	596
579	675
579	714
579	865
580	586
580	592
580	634
580	696
580	776
581	592
581	599
581	807
581	815
581	832
582	592
582	593
582	598
582	599
582	619
583	583
583	585
583	586
583	591
583	592
583	680
583	717
583	804
583	840
583	856
583	896
584	587
584	696
584	790
584	807
584	892
585	589
585	752
585	881
586	686
586	911
587	594
587	596
587	827
588	594
588	647
589	786
589	872
589	942
590	594
590	670
590	707
591	742
591	831
591	863
592	599
592	622
592	806
592	813
592	837
592	997
593	599
593	616
593	619
593	680
593	758
593	853
593	893
593	984
594	662
594	909
595	598
595	770
595	779
595	901
595	920
595	922
596	608
596	636
596	737
596	818
596	842
597	653
597	671
597	901
597	952
598	679
598	709
598	798
598	806
598	807
599	751
599	767
599	869
600	600
600	606
600	611
600	613
600	623
600	628
600	636
600	643
600	654
600	655
600	656
600	660
600	678
600	680
600	689
600	699
600	700
600	907
601	601
601	612
601	644
601	647
601	672
601	676
601	679
601	691
601	693
601	696
602	603
602	607
602	613
602	623
602	633
602	634
602	654
602	658
602	667
602	681
602	692
602	694
602	752
602	956
603	604
603	615
603	641
603	644
603	646
603	662
603	663
603	687
603	691
603	964
604	606
604	625
604	636
604	637
604	648
604	650
604	660
604	697
604	878
605	607
605	610
605	623
605	650
605	658
605	660
605	661
605	688
605	693
605	696
605	699
605	761
605	845
606	610
606	626
606	628
606	639
606	648
606	656
606	668
606	682
606	683
606	689
606	691
606	692
607	623
607	624
607	633
607	638
607	642
607	651
607	655
607	663
607	664
607	674
607	675
607	684
607	688
607	705
607	936
608	613
608	614
608	617
608	627
608	635
608	644
608	650
608	656
608	664
608	672
608	679
608	698
608	743
608	787
608	845
608	922
608	923
608	946
608	970
609	625
609	628
609	643
609	659
609	669
609	670
609	674
609	675
609	676
609	680
609	685
609	689
609	690
609	693
609	697
609	974
610	610
610	617
610	632
610	639
610	644
610	648
610	658
610	668
610	688
610	696
610	741
610	745
610	758
610	772
611	626
611	629
611	630
611	633
611	662
611	687
611	694
611	697
611	698
612	638
612	642
612	658
612	662
612	672
612	677
612	687
612	786
612	997
613	621
613	622
613	632
613	633
613	640
613	647
613	661
613	662
613	667
613	669
613	671
613	680
613	684
613	692
614	614
614	619
614	620
614	624
614	638
614	641
614	650
614	659
614	662
614	663
614	672
614	675
614	686
614	697
614	774
614	788
614	818
614	849
614	861
615	619
615	620
615	630
615	667
615	672
615	916
615	937
615	987
616	623
616	625
616	634
616	655
616	657
616	667
616	668
616	678
616	679
616	681
616	684
616	696
616	699
616	891
616	940
617	628
617	632
617	636
617	638
617	641
617	650
617	652
617	653
617	654
617	656
617	665
617	687
617	696
617	698
617	858
617	958
618	618
618	630
618	633
618	639
618	641
618	644
618	663
618	697
618	921
618	983
619	623
619	631
619	632
619	646
619	648
619	653
619	654
619	655
619	660
619	666
619	671
619	676
619	679
619	687
619	694
619	871
620	621
620	622
620	626
620	631
620	664
620	671
620	685
620	686
620	693
620	696
620	697
620	797
621	625
621	633
621	646
621	669
621	684
621	686
621	698
621	733
621	831
621	947
621	964
621	972
622	622
622	623
622	627
622	632
622	636
622	645
622	646
622	654
622	665
622	667
622	669
622	675
622	680
622	683
622	687
622	747
622	809
623	624
623	626
623	637
623	643
623	649
623	661
623	668
623	677
623	682
623	797
624	627
624	638
624	651
624	697
624	913
625	634
625	635
625	637
625	638
625	640
625	641
625	642
625	650
625	666
625	668
625	670
625	672
625	674
625	679
625	686
625	701
626	642
626	665
626	671
626	675
626	686
626	699
626	807
626	944
627	636
627	648
627	658
627	660
627	669
627	685
627	719
627	740
627	870
627	983
627	984
628	644
628	652
628	654
628	666
628	672
628	684
628	802
628	869
628	883
628	915
629	637
629	646
629	651
629	653
629	656
629	669
629	674
629	677
629	681
629	690
629	693
629	694
629	775
629	964
629	984
630	643
630	650
630	652
630	658
630	659
630	674
630	680
630	698
630	757
630	758
630	808
630	829
631	637
631	649
631	664
631	672
631	821
631	831
631	988
632	633
632	640
632	643
632	647
632	663
632	685
632	688
632	841
632	853
632	970
633	651
633	654
633	657
633	661
633	671
633	673
633	677
633	686
633	687
633	890
633	957
634	637
634	648
634	654
634	655
634	675
634	681
634	690
634	694
635	647
635	665
635	685
635	686
635	693
635	699
635	781
635	846
635	931
636	637
636	646
636	650
636	653
636	654
636	677
636	680
636	692
636	698
636	766
637	644
637	645
637	648
637	667
637	668
637	674
637	681
637	684
637	689
637	722
637	980
638	645
638	664
638	676
638	683
638	688
638	695
638	897
639	640
639	643
639	653
639	655
639	667
639	674
639	688
639	689
639	691
639	693
639	699
639	846
639	938
639	997
640	645
640	646
640	653
640	654
640	678
640	679
640	682
640	721
640	837
640	887
640	895
641	646
641	649
641	651
641	654
641	658
641	688
641	695
641	699
641	739
641	800
642	648
642	653
642	668
642	670
642	674
642	675
642	690
642	692
642	694
642	695
642	821
642	911
643	645
643	651
643	657
643	665
643	674
643	677
643	680
643	682
643	683
643	745
643	982
644	644
644	651
644	653
644	665
644	676
644	683
644	685
644	689
644	696
644	699
644	843
644	887
645	668
645	671
645	672
645	683
645	697
645	794
645	892
645	956
645	978
646	660
646	671
646	672
646	680
646	693
646	697
646	839
646	881
646	896
647	655
647	660
647	677
647	678
647	681
647	683
647	686
647	689
647	693
647	697
647	731
647	826
648	664
648	684
648	691
648	937
649	650
649	652
649	655
649	667
649	682
649	690
649	719
649	828
649	842
650	657
650	675
650	689
650	696
650	897
650	954
651	653
651	656
651	674
651	679
651	688
651	689
651	693
651	698
651	711
651	911
651	941
651	961
651	999
652	655
652	679
652	681
652	685
652	757
653	664
653	670
653	673
653	674
653	688
653	689
653	690
653	717
653	728
653	835
654	674
654	684
654	686
654	725
654	833
654	971
655	662
655	665
655	673
655	680
655	690
655	730
655	785
655	812
655	866
655	948
655	976
656	656
656	659
656	662
656	685
656	697
656	699
656	827
656	999
657	657
657	660
657	661
657	663
657	664
657	669
657	678
657	687
657	697
657	739
657	926
657	942
658	674
658	690
658	697
658	813
658	844
659	670
659	673
659	686
659	696
659	904
660	678
660	681
660	684
660	690
660	692
660	730
660	753
660	858
660	987
661	697
661	727
661	873
661	949
661	954
662	663
662	665
662	668
662	670
662	673
662	674
662	676
662	681
662	687
662	697
662	781
662	862
662	871
662	923
663	666
663	668
663	671
663	672
663	682
663	692
663	697
663	771
663	798
664	668
664	670
664	692
664	922
665	673
665	678
665	693
665	745
665	901
665	963
666	673
666	676
666	680
666	682
666	686
666	934
667	671
667	683
667	693
667	876
667	901
668	669
668	670
668	677
668	679
668	680
668	681
668	686
668	688
668	689
668	697
668	699
668	985
669	670
669	694
669	699
669	974
670	673
670	675
670	697
670	984
671	672
671	681
671	683
671	684
671	688
671	690
671	807
672	688
672	723
672	808
673	675
673	680
673	691
673	718
673	782
673	877
673	891
673	992
674	686
674	696
674	699
674	854
674	869
674	960
675	677
675	697
675	760
675	812
675	859
675	884
676	684
676	688
676	694
677	689
677	690
677	693
677	694
677	699
677	826
677	904
677	915
678	682
678	685
678	697
678	745
678	860
679	687
679	688
679	765
679	844
679	862
679	925
680	687
680	696
680	697
680	699
680	723
681	694
681	698
682	684
682	692
682	699
682	875
682	887
682	908
682	911
682	919
682	988
682	995
683	686
683	692
683	884
684	687
684	763
684	863
684	916
684	946
685	688
685	695
685	895
685	916
686	689
686	697
687	763
689	697
689	705
690	694
690	697
690	732
690	865
691	899
692	699
692	775
692	953
693	694
693	699
693	705
693	829
694	695
694	698
694	824
694	853
694	969
695	699
695	741
695	770
696	704
696	714
696	717
696	835
697	700
697	782
697	993
698	698
698	717
698	798
699	732
699	745
699	813
699	856
699	946
700	709
700	710
700	715
700	720
700	731
700	738
700	743
700	751
700	753
700	768
700	771
700	797
700	798
700	892
701	701
701	707
701	722
701	726
701	731
701	735
701	738
701	741
701	756
701	758
701	759
701	771
701	789
701	801
701	861
702	704
702	722
702	724
702	739
702	754
702	765
702	769
702	787
702	788
702	797
702	811
702	883
703	706
703	708
703	711
703	717
703	728
703	731
703	733
703	744
703	747
703	750
703	756
703	764
703	778
703	783
703	793
703	795
704	710
704	725
704	734
704	742
704	745
704	747
704	749
704	753
704	761
704	765
704	768
704	777
704	784
704	787
704	879
705	710
705	721
705	725
705	732
705	741
705	746
705	750
705	763
705	765
705	766
705	767
705	781
705	783
705	785
705	790
705	798
705	885
705	916
706	707
706	712
706	716
706	722
706	728
706	731
706	736
706	739
706	745
706	758
706	765
706	793
706	799
706	899
706	901
706	937
706	989
707	719
707	720
707	721
707	723
707	734
707	741
707	756
707	759
707	771
707	772
707	775
707	778
707	786
707	789
707	795
707	848
708	716
708	718
708	737
708	765
708	776
708	782
708	786
708	789
708	981
709	719
709	722
709	731
709	752
709	754
709	758
709	759
709	769
709	775
709	779
709	792
709	793
709	797
709	943
709	982
709	997
710	711
710	729
710	738
710	748
710	749
710	764
710	775
710	785
710	787
710	849
710	868
711	730
711	735
711	752
711	757
711	761
711	762
711	771
711	775
711	778
711	784
711	847
711	935
712	715
712	720
712	727
712	729
712	734
712	744
712	745
712	753
712	754
712	760
712	772
712	783
712	789
712	795
712	798
712	814
713	717
713	730
713	746
713	747
713	749
713	770
713	781
713	789
713	797
713	799
714	737
714	739
714	755
714	767
714	788
714	902
715	720
715	723
715	726
715	733
715	734
715	735
715	739
715	743
715	754
715	768
715	769
715	772
715	778
715	779
715	782
715	791
715	902
716	717
716	728
716	735
716	746
716	759
716	776
716	787
716	791
716	793
716	794
716	796
716	845
717	719
717	720
717	723
717	724
717	727
717	749
717	751
717	754
717	758
717	765
717	770
717	771
717	774
717	792
717	935
718	723
718	727
718	731
718	736
718	740
718	747
718	750
718	756
718	757
718	759
718	772
718	774
718	779
718	893
719	722
719	740
719	747
719	774
719	780
719	783
719	784
719	791
719	792
719	803
719	834
720	720
720	721
720	723
720	760
720	768
720	785
720	788
720	793
720	797
721	725
721	727
721	742
721	756
721	757
721	770
721	791
721	793
721	798
722	739
722	756
722	766
722	767
722	771
722	780
722	783
722	787
722	789
722	794
722	922
723	726
723	730
723	739
723	742
723	745
723	747
723	750
723	757
723	776
723	792
723	794
723	796
724	748
724	756
724	760
724	762
724	771
724	772
724	773
724	774
724	792
724	796
724	990
725	738
725	760
725	773
725	777
725	779
725	780
725	786
725	794
725	888
726	737
726	765
726	779
726	786
726	790
726	792
726	805
726	894
727	743
727	747
727	757
727	771
727	773
727	778
727	863
728	735
728	736
728	739
728	742
728	744
728	754
728	761
728	773
729	732
729	733
729	755
729	759
729	767
729	801
729	816
729	878
729	910
730	731
730	739
730	749
730	754
730	762
730	765
730	770
730	777
730	858
730	903
730	927
731	736
731	752
731	764
731	773
731	774
731	790
731	842
732	734
732	742
732	749
732	760
732	770
732	774
732	797
733	742
733	744
733	750
733	760
733	762
733	766
733	781
733	785
733	814
733	823
733	964
734	737
734	738
734	743
734	748
734	754
734	755
734	770
734	786
734	789
734	790
734	796
734	832
734	913
735	743
735	744
735	752
735	756
735	759
735	763
735	764
735	772
735	792
735	931
736	738
736	739
736	743
736	755
736	767
736	778
736	803
736	899
736	929
736	948
737	764
737	768
737	771
737	781
737	942
738	750
738	760
738	762
738	765
738	776
738	786
738	796
738	798
739	746
739	756
739	758
739	784
739	789
739	795
739	797
739	798
739	836
739	881
740	745
740	746
740	749
740	754
740	762
740	764
740	774
740	787
740	819
740	950
740	959
740	967
741	741
741	743
741	747
741	757
741	759
741	763
741	776
741	787
741	792
741	793
741	819
741	880
742	745
742	749
742	752
742	757
742	758
742	770
742	779
742	786
742	789
742	797
742	857
743	748
743	750
743	764
743	794
743	798
743	942
744	750
744	753
744	758
744	765
744	774
744	790
745	751
745	754
745	759
745	769
745	775
745	776
745	779
745	783
745	790
745	799
745	845
745	989
746	746
746	751
746	754
746	757
746	768
746	773
747	749
747	763
747	766
747	784
747	795
747	837
747	971
748	750
748	770
748	786
748	794
748	797
748	798
748	830
748	857
748	995
749	799
749	824
749	857
749	981
750	758
750	760
750	771
750	772
750	774
750	781
750	782
750	791
750	795
750	798
751	767
751	768
751	775
751	776
751	777
751	790
751	825
751	859
751	928
751	941
751	986
752	888
752	993
753	763
753	774
753	794
753	871
753	919
753	968
753	984
754	762
754	774
754	793
754	797
754	805
754	824
754	985
755	781
755	788
755	791
755	795
755	799
755	807
755	869
755	892
755	929
756	766
756	769
756	779
756	782
756	785
756	788
756	793
756	799
756	860
757	783
757	952
758	766
758	769
758	787
758	946
759	766
759	770
759	773
759	777
759	783
759	794
759	795
759	817
760	761
760	764
760	767
760	770
760	775
760	776
760	777
760	783
760	795
760	867
760	985
761	763
761	781
761	785
761	794
761	797
761	891
761	981
762	765
762	768
762	771
762	783
762	792
762	913
762	977
763	776
763	779
763	797
763	798
763	981
764	767
764	772
764	784
764	786
764	794
764	799
764	874
764	947
765	777
765	789
765	791
765	799
766	770
766	786
766	795
766	797
766	798
766	799
766	806
766	904
766	942
766	946
767	773
767	779
767	792
767	819
767	844
767	901
767	943
768	775
768	782
768	783
768	798
768	935
768	960
769	774
769	795
769	798
769	909
770	772
770	782
770	787
770	824
770	910
771	776
771	783
771	784
771	786
771	794
771	857
772	795
772	968
773	793
773	976
774	790
774	792
774	793
774	819
774	870
775	775
775	778
775	782
775	783
775	788
775	798
775	889
776	777
776	779
776	782
776	790
776	793
776	796
776	828
777	778
777	785
777	795
778	793
778	794
778	837
779	779
779	783
779	795
779	796
779	798
779	799
780	782
780	787
780	788
780	796
780	802
780	885
781	787
781	789
781	793
781	925
781	928
782	786
782	790
782	812
782	902
783	797
783	799
784	786
784	791
784	797
784	884
784	898
786	787
786	789
786	848
786	966
787	789
787	822
788	793
788	795
788	863
788	936
788	986
789	790
789	793
789	799
789	905
789	980
790	812
790	888
790	937
790	976
791	795
791	796
791	973
792	918
793	798
793	834
793	952
794	795
794	856
795	798
796	848
797	811
797	876
797	885
797	985
797	993
798	844
799	805
799	814
799	895
799	936
800	803
800	808
800	815
800	832
800	835
800	846
800	856
800	872
800	877
801	817
801	832
801	859
801	860
801	871
801	872
801	874
801	875
801	881
801	890
801	895
801	972
802	824
802	843
802	852
802	856
802	861
802	865
802	872
802	877
802	881
802	883
802	967
802	970
802	978
803	803
803	804
803	805
803	826
803	827
803	831
803	841
803	843
803	862
803	878
803	884
803	885
803	889
803	926
804	818
804	819
804	825
804	828
804	846
804	858
804	859
804	873
804	887
804	889
804	958
805	810
805	824
805	830
805	844
805	852
805	869
805	892
805	896
806	820
806	823
806	827
806	828
806	841
806	843
806	844
806	862
806	887
806	893
806	966
806	997
807	810
807	815
807	817
807	829
807	844
807	845
807	865
807	876
807	881
808	818
808	820
808	830
808	849
808	898
809	815
809	822
809	836
809	850
809	852
809	866
809	868
809	870
809	873
809	885
809	890
809	898
810	822
810	835
810	848
810	857
810	863
810	867
810	870
810	873
810	875
810	881
810	884
810	888
810	891
810	929
810	974
811	827
811	837
811	838
811	845
811	846
811	857
811	861
811	873
811	879
811	892
811	909
811	931
812	823
812	832
812	833
812	855
812	860
812	863
812	864
812	867
812	871
812	875
812	879
812	887
812	889
812	891
812	894
812	899
813	814
813	817
813	820
813	837
813	839
813	845
813	863
813	870
813	881
813	897
813	950
813	983
814	815
814	817
814	821
814	837
814	843
814	845
814	846
814	851
814	853
814	858
814	874
814	884
814	885
814	886
815	825
815	827
815	829
815	860
815	875
815	876
815	885
815	886
815	894
815	986
816	816
816	849
816	852
816	854
816	861
816	863
816	865
816	867
816	877
816	879
816	887
816	892
816	895
816	977
817	830
817	845
817	850
817	859
817	867
817	891
817	972
818	832
818	835
818	841
818	842
818	847
818	850
818	861
818	865
818	873
818	889
819	827
819	830
819	839
819	842
819	845
819	846
819	847
819	848
819	853
819	854
819	876
819	897
820	823
820	828
820	836
820	847
820	858
820	859
820	862
820	868
820	875
820	884
820	893
820	896
820	898
820	946
821	824
821	826
821	840
821	849
821	866
821	875
821	876
821	880
821	891
821	892
822	839
822	847
822	860
822	887
822	891
822	893
822	967
823	833
823	835
823	845
823	848
823	852
823	853
823	856
823	860
823	888
823	899
824	831
824	848
824	864
824	890
824	892
824	932
825	831
825	836
825	845
825	847
825	858
825	868
825	884
825	891
825	892
826	830
826	833
826	847
826	849
826	861
826	863
826	883
826	884
826	892
826	898
826	992
827	846
827	847
827	852
827	855
827	859
827	863
827	873
827	874
827	875
827	887
827	927
828	837
828	839
828	840
828	843
828	848
828	863
828	886
828	892
829	836
829	837
829	838
829	844
829	845
829	857
829	858
829	862
829	877
829	879
829	893
829	908
829	992
830	831
830	835
830	838
830	840
830	842
830	853
830	855
830	858
830	866
830	893
831	834
831	839
831	842
831	853
831	856
831	862
831	869
831	879
831	896
831	932
832	836
832	842
832	859
832	865
832	868
832	871
832	873
832	877
832	890
832	896
832	897
833	847
833	851
833	857
833	863
833	867
833	872
833	894
833	919
833	969
834	834
834	836
834	855
834	935
834	957
835	848
835	857
835	879
835	883
835	887
835	994
836	838
836	842
836	887
836	892
837	838
837	858
837	883
837	897
837	930
838	841
838	862
838	877
838	885
838	892
838	949
839	841
839	862
839	874
839	879
839	915
839	958
839	981
840	842
840	846
840	852
840	876
840	888
840	889
840	999
841	843
841	847
841	856
841	879
841	883
841	887
841	888
842	844
842	856
842	861
842	863
842	876
842	877
842	882
842	887
842	895
843	845
843	860
843	870
843	882
843	883
843	891
844	844
844	849
844	853
844	867
844	879
844	894
844	913
845	856
845	857
845	858
845	863
845	878
845	881
845	893
845	971
846	857
846	858
846	860
846	879
846	896
846	897
846	968
847	848
847	875
847	880
847	889
847	892
847	897
848	863
848	867
848	874
848	877
848	891
848	926
849	856
849	869
849	968
849	983
850	854
850	862
850	879
850	880
850	885
850	898
850	956
851	854
851	858
851	860
851	873
851	881
851	887
852	856
852	866
852	870
852	884
852	892
853	854
853	894
853	896
853	940
853	957
854	857
854	860
854	872
854	879
854	882
854	899
855	855
855	856
855	867
855	873
855	970
856	857
856	877
856	888
856	891
856	892
856	895
857	862
857	875
857	878
857	894
857	906
857	959
858	860
858	869
858	878
858	882
858	884
858	894
858	969
859	868
859	870
859	883
859	886
859	891
859	897
859	899
859	959
859	995
860	867
860	877
860	882
860	897
861	867
861	870
861	872
861	878
861	884
861	885
861	888
861	934
862	863
862	877
862	879
862	898
862	919
862	990
863	867
863	869
863	877
863	885
863	886
863	889
863	893
863	896
864	884
864	887
864	897
865	870
865	875
865	879
865	882
865	885
865	888
866	868
866	872
866	896
866	898
866	906
866	956
866	984
867	886
867	892
868	877
868	878
868	879
868	896
869	879
869	883
869	889
869	961
870	885
870	952
870	958
871	878
871	882
871	887
871	891
871	895
872	884
872	885
872	895
872	897
872	928
872	956
873	874
873	876
873	881
873	884
873	892
873	893
873	894
873	895
873	897
873	917
874	878
874	883
874	891
874	897
874	933
874	995
875	879
875	882
875	904
876	876
876	879
876	887
876	888
876	941
877	880
877	884
877	886
877	890
877	891
877	899
878	881
878	893
878	895
878	963
879	893
879	965
879	971
879	996
880	880
881	883
881	885
881	887
881	892
881	957
882	882
882	886
882	889
882	896
882	964
883	884
883	889
883	890
883	898
883	904
883	907
884	896
884	985
886	889
886	890
886	899
886	905
887	892
888	892
888	899
888	959
889	897
889	984
890	899
890	922
892	897
892	961
893	893
895	896
895	897
895	986
896	897
896	995
897	933
897	993
898	898
898	935
898	985
900	905
900	912
900	926
900	933
900	942
900	946
900	950
900	953
900	955
900	956
900	965
900	966
900	968
900	984
900	985
900	986
901	904
901	907
901	922
901	932
901	934
901	938
901	940
901	947
901	950
901	951
901	956
901	964
901	968
901	970
901	979
902	902
902	905
902	912
902	924
902	945
902	949
902	951
902	956
902	976
902	978
902	979
902	981
903	904
903	905
903	917
903	922
903	924
903	925
903	929
903	931
903	934
903	948
903	964
903	971
903	973
903	986
903	990
903	991
903	994
904	921
904	923
904	926
904	929
904	978
904	984
904	988
905	914
905	926
905	934
905	940
905	957
905	961
905	964
905	970
905	988
905	991
905	994
905	999
906	908
906	912
906	927
906	932
906	977
906	979
906	981
907	919
907	947
907	957
907	966
907	967
907	968
907	974
907	999
908	910
908	918
908	935
908	938
908	953
908	968
908	975
908	994
909	943
909	952
909	972
909	976
909	977
909	984
909	994
909	996
909	997
910	913
910	922
910	982
911	918
911	947
911	963
911	974
911	982
911	990
912	917
912	929
912	936
912	938
912	950
912	951
912	952
912	955
912	966
912	967
912	968
912	969
912	984
912	988
912	989
912	990
912	999
913	925
913	928
913	934
913	950
913	952
913	957
913	958
913	960
913	971
913	973
913	984
914	927
914	931
914	946
914	949
914	968
914	977
914	978
914	985
915	920
915	939
915	944
915	952
915	959
915	963
915	980
915	981
915	982
915	987
915	988
915	994
915	996
916	918
916	925
916	950
916	957
916	961
916	968
916	979
916	988
916	991
916	999
917	925
917	937
917	946
917	949
917	950
917	953
917	957
917	962
917	975
917	976
917	994
918	919
918	923
918	931
918	963
918	972
918	973
918	974
918	984
918	986
919	921
919	922
919	923
919	927
919	945
919	946
919	962
919	966
919	979
920	921
920	924
920	928
920	930
920	932
920	935
920	946
920	986
920	987
920	993
921	926
921	931
921	937
921	951
921	972
921	979
921	982
921	984
921	990
921	996
921	997
922	947
922	951
922	952
922	969
922	977
922	978
922	992
922	993
922	994
923	927
923	931
923	936
923	941
923	945
923	948
923	956
923	963
923	973
923	978
923	980
923	983
924	932
924	937
924	967
924	979
924	982
924	988
924	996
925	928
925	932
925	946
925	965
925	970
925	975
925	980
925	986
926	955
926	966
926	985
926	988
926	996
926	999
927	927
927	934
927	939
927	942
927	943
927	954
927	959
927	969
927	972
927	980
927	982
927	989
927	992
927	996
928	938
928	942
928	949
928	959
928	965
928	972
928	981
928	985
928	991
928	996
929	962
929	966
929	971
929	973
929	977
929	979
929	983
929	999
930	938
930	939
930	966
930	968
930	971
930	982
930	994
930	998
931	938
931	946
931	955
931	960
931	973
931	983
931	987
931	992
932	939
932	954
932	956
932	960
932	963
932	971
932	984
932	991
932	992
933	933
933	959
933	966
933	967
933	984
933	990
934	942
934	950
934	957
934	966
934	967
934	968
934	980
935	936
935	943
935	965
935	976
935	978
935	986
935	994
935	999
936	938
936	942
936	943
936	944
936	953
936	955
936	958
936	961
936	963
936	971
936	980
936	986
936	996
937	959
937	960
937	962
937	997
938	943
938	953
938	964
938	972
938	977
938	984
938	987
939	942
939	945
939	947
939	951
939	960
939	962
939	967
939	976
939	989
939	991
939	994
939	995
940	955
940	965
940	981
940	991
941	955
941	963
941	964
941	967
941	998
942	955
942	964
942	973
942	981
942	985
942	989
942	991
942	993
943	944
943	983
943	988
943	998
944	955
944	981
945	950
945	951
945	960
945	962
945	971
945	982
945	995
945	996
946	959
946	961
946	976
946	987
946	990
946	991
947	953
947	958
947	971
947	976
947	978
947	982
947	987
947	988
947	998
947	999
948	970
948	973
948	978
948	980
948	982
948	986
948	988
949	960
949	976
949	988
949	991
950	973
950	979
950	988
950	998
950	999
951	953
951	959
951	978
952	960
952	974
952	983
952	986
952	994
952	995
953	955
953	964
953	974
953	980
953	996
954	957
954	960
954	976
954	978
954	979
954	997
955	972
955	975
955	982
955	983
955	995
955	997
956	964
956	973
956	991
956	995
957	967
957	975
957	977
957	978
957	996
958	962
958	978
958	983
958	985
959	961
959	977
959	978
959	979
959	991
959	998
960	977
960	978
960	983
960	986
960	996
961	961
961	986
961	991
961	996
962	965
962	970
962	990
962	993
963	974
963	976
963	978
964	968
964	982
964	985
965	968
965	971
965	975
965	977
965	980
965	984
966	971
966	981
966	989
966	994
967	971
967	979
967	989
967	991
968	973
968	984
968	993
969	972
969	974
969	993
970	975
970	977
970	981
970	985
970	989
970	993
971	987
971	989
972	975
972	976
972	980
972	989
972	990
972	992
972	994
972	997
973	978
973	982
973	999
974	990
975	982
975	983
975	987
975	989
975	994
976	976
976	978
976	980
976	991
977	979
977	990
977	993
977	995
978	982
978	991
980	997
981	996
981	998
982	991
983	992
985	986
985	994
986	987
986	988
986	992
986	993
987	991
988	992
988	994
988	996
989	990
989	998
992	993
995	995
995	997
