0	13
0	20
0	38
0	39
0	51
0	83
0	84
0	93
0	94
0	107
0	136
0	185
0	190
0	267
0	302
0	439
0	449
0	578
0	636
0	674
0	749
1	22
1	27
1	38
1	64
1	77
1	82
1	93
1	159
1	283
1	321
1	471
1	570
1	642
1	847
1	994
2	2
2	15
2	24
2	43
2	46
2	72
2	97
2	144
2	210
2	237
2	240
2	242
2	326
2	361
2	374
2	417
2	428
2	633
2	658
2	788
2	867
2	943
2	989
3	14
3	15
3	36
3	43
3	77
3	103
3	173
3	423
3	453
3	455
3	463
3	666
3	690
3	845
3	866
3	954
3	973
4	15
4	23
4	25
4	72
4	77
4	78
4	98
4	206
4	333
4	473
4	545
4	593
4	618
4	934
5	18
5	21
5	55
5	63
5	65
5	81
5	82
5	237
5	265
5	302
5	663
5	687
5	692
5	758
5	903
5	939
5	953
6	17
6	52
6	54
6	69
6	71
6	72
6	200
6	336
6	859
6	890
6	922
6	952
6	961
7	14
7	15
7	18
7	27
7	29
7	31
7	37
7	41
7	62
7	72
7	80
7	91
7	175
7	176
7	191
7	260
7	263
7	360
7	535
7	573
7	762
7	865
7	934
8	10
8	15
8	31
8	35
8	37
8	42
8	50
8	57
8	62
8	64
8	78
8	84
8	88
8	92
8	94
8	96
8	97
8	146
8	240
8	290
8	440
8	494
8	509
8	689
8	799
8	830
8	879
9	11
9	20
9	29
9	47
9	81
9	89
9	93
9	97
9	116
9	157
9	162
9	190
9	191
9	197
9	218
9	748
9	773
9	845
9	876
9	926
9	946
10	10
10	48
10	54
10	62
10	78
10	83
10	94
10	108
10	110
10	155
10	424
10	470
10	492
10	535
10	627
10	760
10	858
10	908
10	934
11	14
11	55
11	60
11	73
11	77
11	243
11	318
11	464
11	492
11	505
11	578
11	606
11	670
11	726
11	935
11	954
11	996
12	51
12	53
12	57
12	62
12	75
12	88
12	117
12	125
12	283
12	391
12	453
12	482
12	608
12	818
12	850
12	925
13	15
13	19
13	30
13	59
13	82
13	83
13	96
13	97
13	98
13	162
13	239
13	348
13	541
13	612
13	628
13	632
13	661
13	788
13	814
13	928
14	18
14	25
14	26
14	36
14	39
14	52
14	59
14	95
14	304
14	313
14	349
14	390
14	405
14	640
14	661
14	677
14	704
14	777
14	790
14	814
14	823
14	939
15	53
15	60
15	62
15	327
15	493
15	503
15	538
15	621
15	653
15	735
15	830
16	19
16	23
16	25
16	33
16	65
16	67
16	90
16	143
16	210
16	213
16	323
16	355
16	495
16	712
16	752
16	801
16	822
16	919
16	937
17	19
17	26
17	36
17	44
17	48
17	69
17	75
17	85
17	118
17	436
17	454
17	533
17	714
17	768
17	793
17	861
17	882
17	948
18	37
18	46
18	73
18	82
18	99
18	120
18	360
18	411
18	563
18	639
18	844
19	24
19	28
19	41
19	48
19	50
19	52
19	53
19	55
19	65
19	77
19	98
19	374
19	407
19	426
19	473
19	579
19	588
19	790
19	991
20	20
20	38
20	51
20	69
20	75
20	93
20	96
20	206
20	252
20	291
20	315
20	411
20	583
20	635
20	712
20	727
20	807
21	47
21	56
21	60
21	64
21	66
21	88
21	92
21	119
21	149
21	331
21	389
21	488
21	586
21	705
21	768
21	900
21	906
21	922
22	23
22	51
22	62
22	74
22	88
22	92
22	93
22	110
22	121
22	255
22	266
22	323
22	413
22	423
22	434
22	500
22	527
22	618
22	636
22	641
22	777
22	983
23	37
23	51
23	52
23	57
23	63
23	64
23	77
23	83
23	86
23	92
23	121
23	161
23	287
23	296
23	457
23	535
23	584
23	593
23	748
23	913
23	942
23	991
24	28
24	32
24	44
24	45
24	50
24	72
24	82
24	126
24	129
24	138
24	206
24	334
24	349
24	430
24	548
24	830
25	44
25	46
25	65
25	68
25	81
25	89
25	104
25	131
25	156
25	455
25	472
25	600
25	610
25	629
25	696
25	798
25	996
26	31
26	59
26	65
26	80
26	264
26	346
26	639
26	663
26	765
26	800
27	31
27	39
27	41
27	54
27	59
27	94
27	159
27	258
27	265
27	273
27	475
27	502
27	527
27	763
27	859
28	32
28	40
28	56
28	82
28	129
28	175
28	226
28	236
28	559
28	593
28	600
28	740
28	752
28	811
28	812
28	890
28	925
28	960
29	33
29	34
29	62
29	66
29	79
29	299
29	408
29	469
29	536
29	661
29	672
29	715
29	719
29	814
29	825
29	968
30	60
30	62
30	66
30	70
30	77
30	83
30	84
30	88
30	96
30	97
30	129
30	164
30	180
30	200
30	305
30	461
30	485
30	509
30	611
30	656
30	688
30	764
30	844
30	995
31	31
31	43
31	50
31	73
31	97
31	254
31	258
31	287
31	347
31	431
31	450
31	471
31	480
31	654
31	801
31	882
31	909
32	58
32	73
32	85
32	88
32	98
32	99
32	160
32	324
32	327
32	445
32	483
32	597
32	686
32	767
32	843
32	943
32	944
32	967
33	44
33	48
33	65
33	72
33	91
33	190
33	231
33	289
33	691
33	712
33	854
33	880
33	941
33	959
34	34
34	41
34	62
34	65
34	71
34	72
34	94
34	126
34	184
34	223
34	286
34	317
34	515
34	668
34	669
34	862
34	968
34	980
35	39
35	77
35	83
35	98
35	203
35	222
35	359
35	476
35	523
35	554
35	563
35	600
35	691
35	703
35	752
35	947
36	49
36	64
36	72
36	92
36	94
36	215
36	424
36	457
36	490
36	498
36	499
36	552
36	677
36	776
36	777
36	822
36	871
36	940
37	39
37	40
37	43
37	99
37	186
37	363
37	401
37	420
37	713
37	859
37	882
37	954
37	983
38	44
38	47
38	49
38	56
38	59
38	60
38	82
38	85
38	155
38	180
38	239
38	269
38	464
38	492
38	617
38	799
38	836
39	43
39	60
39	62
39	73
39	87
39	96
39	98
39	121
39	139
39	183
39	228
39	275
39	276
39	302
39	360
39	485
39	526
39	605
39	711
39	779
39	798
39	813
40	68
40	88
40	93
40	423
40	509
40	566
40	739
40	747
40	782
40	894
40	921
41	48
41	52
41	56
41	57
41	111
41	140
41	209
41	376
41	406
41	548
41	574
41	828
41	834
41	855
41	894
41	918
41	940
41	943
41	986
42	47
42	60
42	67
42	91
42	189
42	242
42	248
42	411
42	640
42	646
42	691
42	740
42	815
42	859
42	861
42	955
43	46
43	60
43	75
43	77
43	99
43	331
43	581
43	617
43	794
43	795
43	832
43	949
43	984
44	54
44	64
44	68
44	75
44	100
44	371
44	412
44	775
44	820
44	840
44	943
45	48
45	50
45	64
45	68
45	74
45	148
45	177
45	308
45	503
45	544
45	706
45	770
46	58
46	60
46	81
46	87
46	215
46	247
46	253
46	379
46	485
46	653
46	937
46	962
46	963
46	971
46	998
47	69
47	73
47	87
47	295
47	334
47	546
47	579
47	583
47	632
47	838
47	866
47	881
47	889
47	895
47	974
48	51
48	59
48	68
48	75
48	91
48	104
48	213
48	239
48	254
48	513
48	564
48	730
48	733
48	777
48	789
48	872
48	987
48	999
49	55
49	60
49	210
49	277
49	333
49	459
49	485
49	577
49	874
49	913
50	57
50	71
50	81
50	83
50	91
50	96
50	108
50	171
50	230
50	272
50	276
50	357
50	557
50	602
50	644
50	784
50	845
50	996
51	54
51	61
51	62
51	68
51	74
51	84
51	172
51	208
51	309
51	327
51	352
51	403
51	456
51	754
51	827
51	880
51	977
52	54
52	70
52	80
52	89
52	203
52	243
52	255
52	363
52	364
52	374
52	404
52	424
52	487
52	524
52	545
52	582
52	626
52	674
53	64
53	65
53	76
53	83
53	85
53	96
53	101
53	114
53	118
53	129
53	256
53	263
53	284
53	412
53	427
53	441
53	459
53	464
53	491
53	583
53	949
53	973
53	983
53	989
54	56
54	96
54	158
54	244
54	345
54	350
54	360
54	436
54	526
54	537
54	605
54	644
54	692
54	739
54	744
54	807
54	877
55	92
55	219
55	270
55	447
55	462
55	497
55	614
55	915
55	926
56	76
56	90
56	93
56	296
56	400
56	409
56	477
56	522
56	613
56	958
57	69
57	72
57	203
57	227
57	468
57	556
57	660
57	781
57	799
57	835
57	887
57	892
58	75
58	77
58	78
58	87
58	121
58	259
58	339
58	689
58	729
58	793
58	894
59	75
59	79
59	85
59	89
59	93
59	213
59	347
59	418
59	434
59	446
59	600
59	698
59	721
59	738
59	806
59	860
60	72
60	77
60	78
60	88
60	92
60	93
60	390
60	465
60	503
60	525
60	579
60	611
60	621
60	775
60	789
60	826
60	984
61	74
61	145
61	182
61	370
61	490
61	587
61	765
61	768
61	913
61	979
61	999
62	72
62	81
62	130
62	153
62	286
62	322
62	403
62	433
62	446
62	472
62	480
62	530
62	684
62	705
62	713
63	71
63	155
63	469
63	491
63	588
63	609
63	673
63	756
63	841
63	865
63	898
63	951
64	67
64	84
64	85
64	90
64	273
64	316
64	372
64	407
64	627
64	680
64	960
65	72
65	80
65	86
65	115
65	189
65	444
65	656
65	659
65	701
65	757
65	827
65	990
66	68
66	73
66	77
66	83
66	85
66	92
66	161
66	252
66	286
66	330
66	425
66	513
66	713
66	729
66	885
66	952
67	72
67	76
67	122
67	133
67	190
67	320
67	543
67	552
67	573
67	587
67	600
67	616
67	680
67	737
67	846
67	988
68	69
68	81
68	99
68	339
68	384
68	419
68	513
68	538
68	571
68	666
68	715
68	868
68	970
68	971
68	997
69	99
69	130
69	293
69	365
69	386
69	468
69	523
69	633
69	638
69	768
69	858
69	874
69	906
69	920
69	955
69	974
70	74
70	77
70	81
70	92
70	193
70	253
70	374
70	716
70	748
70	829
70	915
70	930
70	974
71	82
71	89
71	98
71	108
71	304
71	326
71	443
71	564
71	873
71	939
71	960
72	96
72	571
72	609
72	614
72	629
72	637
72	708
72	749
72	790
72	802
73	84
73	86
73	249
73	330
73	357
73	381
73	398
73	676
73	727
73	973
73	978
74	81
74	91
74	144
74	178
74	188
74	258
74	293
74	301
74	405
74	611
74	639
74	856
74	876
75	89
75	95
75	119
75	204
75	213
75	244
75	334
75	534
75	575
75	579
75	743
75	757
75	832
75	893
76	85
76	95
76	122
76	152
76	363
76	380
76	531
76	617
76	627
76	725
76	739
76	828
76	849
76	875
76	980
77	79
77	90
77	535
77	537
77	844
78	90
78	92
78	147
78	174
78	328
78	373
78	533
78	628
78	658
78	737
78	915
78	941
78	958
79	84
79	147
79	165
79	380
79	471
79	526
79	578
79	757
79	822
79	862
79	909
79	945
80	91
80	92
80	93
80	277
80	536
80	647
80	660
80	702
80	838
80	843
80	902
80	928
80	988
81	82
81	86
81	89
81	96
81	139
81	413
81	589
81	719
81	742
81	749
81	815
81	993
82	96
82	107
82	130
82	146
82	156
82	182
82	238
82	338
82	382
82	422
82	492
82	662
83	94
83	98
83	520
83	682
83	773
83	817
84	251
84	434
84	494
84	520
84	577
84	789
84	813
85	94
85	184
85	345
85	389
85	407
85	568
85	641
85	995
86	98
86	99
86	272
86	315
86	376
86	442
86	483
86	527
86	538
86	703
86	708
86	867
86	909
87	88
87	91
87	104
87	195
87	216
87	221
87	333
87	364
87	448
87	488
87	508
87	643
87	644
87	652
87	770
87	777
87	805
88	125
88	133
88	136
88	180
88	353
88	365
88	504
88	506
88	787
88	845
89	93
89	110
89	143
89	214
89	251
89	303
89	345
89	493
89	559
89	592
89	595
89	625
89	641
89	692
89	827
89	912
90	120
90	121
90	264
90	375
90	381
90	481
90	532
90	632
90	679
90	717
91	95
91	246
91	397
91	456
91	635
91	644
91	680
91	734
91	768
91	806
91	810
91	836
91	849
91	877
91	970
92	98
92	99
92	225
92	351
92	404
92	590
92	608
92	610
92	625
92	641
92	764
92	781
92	838
93	165
93	181
93	196
93	203
93	274
93	536
93	543
93	550
93	652
93	654
93	662
93	736
93	739
93	747
93	820
93	900
93	907
94	132
94	154
94	166
94	296
94	309
94	317
94	384
94	493
94	497
94	628
94	664
94	684
94	808
94	850
94	869
95	95
95	181
95	200
95	268
95	424
95	425
95	474
95	585
95	600
95	604
95	713
95	888
95	890
95	969
96	153
96	283
96	315
96	339
96	384
96	441
96	478
96	547
96	559
96	615
96	633
96	634
96	657
96	819
96	843
97	99
97	126
97	356
97	377
97	420
97	600
97	649
97	672
97	676
97	718
97	729
97	866
98	201
98	276
98	280
98	484
98	794
98	807
98	903
98	957
99	196
99	259
99	337
99	520
99	545
99	833
99	991
100	104
100	110
100	124
100	126
100	128
100	138
100	143
100	165
100	167
100	181
100	188
100	191
100	197
100	234
100	473
100	526
100	560
100	628
100	676
100	741
100	846
100	847
100	946
100	968
101	111
101	137
101	140
101	155
101	156
101	164
101	172
101	174
101	181
101	183
101	184
101	195
101	344
101	378
101	389
101	431
101	484
101	508
101	555
101	615
101	913
101	935
101	973
102	104
102	130
102	145
102	175
102	176
102	179
102	225
102	486
102	508
102	528
102	548
102	613
102	634
102	673
102	695
102	743
102	853
102	854
102	884
103	113
103	123
103	133
103	151
103	189
103	238
103	261
103	293
103	423
103	451
103	453
103	458
103	493
103	565
103	684
103	695
103	750
103	783
103	855
103	926
103	964
103	967
104	115
104	135
104	138
104	140
104	191
104	193
104	294
104	425
104	884
105	113
105	120
105	121
105	131
105	143
105	150
105	154
105	192
105	307
105	418
105	480
105	570
105	591
105	598
105	614
105	673
105	714
105	742
105	749
105	812
105	822
105	912
106	106
106	117
106	121
106	123
106	124
106	131
106	148
106	162
106	176
106	187
106	192
106	286
106	419
106	503
106	508
106	617
106	752
107	125
107	133
107	143
107	146
107	147
107	154
107	163
107	167
107	198
107	229
107	242
107	377
107	393
107	438
107	455
107	539
107	717
107	889
108	118
108	123
108	139
108	149
108	153
108	172
108	190
108	191
108	199
108	251
108	305
108	449
108	474
108	492
108	547
109	109
109	174
109	187
109	200
109	211
109	247
109	275
109	299
109	377
109	439
109	444
109	586
109	596
109	633
109	760
109	800
109	801
109	933
110	111
110	118
110	121
110	123
110	124
110	128
110	188
110	190
110	200
110	381
110	592
110	594
110	794
110	872
111	115
111	134
111	137
111	153
111	154
111	156
111	163
111	177
111	336
111	370
111	559
111	659
111	724
111	740
111	825
112	134
112	146
112	165
112	168
112	187
112	197
112	199
112	306
112	309
112	452
112	462
112	469
112	474
112	584
112	660
112	737
112	774
112	835
112	905
112	997
113	117
113	134
113	142
113	145
113	183
113	189
113	226
113	250
113	403
113	421
113	448
113	465
113	467
113	491
113	633
113	673
113	731
113	746
113	767
113	806
114	132
114	149
114	174
114	187
114	188
114	303
114	321
114	332
114	334
114	502
114	537
114	670
114	676
114	741
114	745
114	798
114	943
115	121
115	153
115	159
115	283
115	488
115	531
115	605
115	606
115	772
115	832
115	974
115	989
116	138
116	145
116	174
116	181
116	185
116	187
116	276
116	294
116	605
116	624
116	705
116	881
117	135
117	146
117	149
117	152
117	165
117	166
117	167
117	187
117	193
117	230
117	378
117	435
117	444
117	666
117	687
117	697
117	721
117	825
117	903
118	124
118	140
118	151
118	168
118	170
118	176
118	193
118	275
118	284
118	363
118	422
118	604
118	821
118	829
118	906
118	940
118	973
119	129
119	145
119	146
119	153
119	167
119	169
119	173
119	205
119	278
119	678
119	689
119	735
119	787
119	846
119	882
119	886
119	971
120	125
120	146
120	166
120	186
120	270
120	277
120	280
120	336
120	421
120	425
120	691
120	711
120	716
120	753
120	756
120	780
120	793
120	796
121	153
121	184
121	187
121	611
121	719
121	836
122	142
122	185
122	187
122	287
122	332
122	337
122	500
122	511
122	548
122	591
122	738
122	826
122	874
122	934
122	974
122	985
123	127
123	132
123	134
123	143
123	145
123	146
123	167
123	168
123	171
123	180
123	181
123	192
123	229
123	353
123	382
123	539
123	548
123	552
123	705
123	754
123	898
123	982
123	988
124	126
124	179
124	182
124	191
124	195
124	343
124	492
124	611
124	647
124	726
124	733
124	955
125	133
125	146
125	159
125	162
125	166
125	193
125	378
125	534
125	695
125	776
125	896
125	909
125	988
126	132
126	134
126	150
126	158
126	176
126	178
126	185
126	209
126	280
126	377
126	385
126	415
126	543
126	674
126	712
126	780
126	804
126	823
126	926
127	132
127	170
127	172
127	178
127	195
127	198
127	231
127	362
127	405
127	443
127	472
127	629
127	713
127	776
127	777
127	929
127	979
128	144
128	150
128	151
128	155
128	185
128	199
128	215
128	319
128	533
128	632
128	694
128	697
128	771
128	815
128	922
128	995
129	152
129	175
129	187
129	190
129	197
129	480
129	506
129	572
129	693
129	722
129	736
129	784
129	995
130	134
130	138
130	165
130	174
130	224
130	272
130	346
130	356
130	395
130	596
130	621
130	687
130	728
130	837
130	851
130	888
130	998
131	160
131	162
131	166
131	186
131	242
131	418
131	459
131	637
131	684
131	711
131	786
131	842
131	982
132	136
132	141
132	156
132	172
132	181
132	182
132	191
132	198
132	299
132	490
132	678
132	711
132	713
132	714
132	732
132	945
132	953
132	969
133	136
133	140
133	145
133	161
133	173
133	190
133	196
133	274
133	299
133	317
133	334
133	348
133	362
133	529
133	550
133	610
133	677
133	714
133	726
133	741
133	800
133	868
133	899
133	994
134	145
134	146
134	159
134	162
134	164
134	171
134	172
134	178
134	220
134	378
134	939
135	151
135	180
135	192
135	199
135	252
135	410
135	493
135	699
135	723
135	754
135	771
136	158
136	189
136	278
136	321
136	403
136	443
136	465
136	581
136	737
136	775
136	853
137	150
137	157
137	165
137	169
137	188
137	192
137	198
137	268
137	270
137	315
137	526
137	532
137	574
137	811
137	826
137	877
137	985
137	995
138	199
138	293
138	343
138	359
138	572
138	653
138	715
138	867
138	980
139	161
139	163
139	164
139	182
139	189
139	226
139	261
139	294
139	324
139	548
139	589
139	868
140	141
140	170
140	173
140	227
140	331
140	338
140	364
140	439
140	632
140	734
140	761
140	852
140	991
141	143
141	150
141	161
141	165
141	176
141	193
141	298
141	445
141	609
141	619
141	622
141	716
141	719
141	984
142	150
142	198
142	214
142	243
142	310
142	397
142	407
142	498
142	673
142	873
142	938
142	948
143	144
143	148
143	153
143	157
143	161
143	170
143	182
143	190
143	197
143	249
143	263
143	322
143	354
143	559
143	560
143	714
143	728
143	770
143	892
143	982
144	150
144	161
144	163
144	175
144	177
144	180
144	191
144	196
144	403
144	419
144	437
144	760
144	902
145	157
145	160
145	166
145	180
145	181
145	189
145	445
145	452
145	481
145	546
145	611
145	651
145	653
145	821
146	151
146	158
146	166
146	167
146	177
146	181
146	191
146	198
146	264
146	315
146	325
146	416
146	547
146	601
146	643
146	749
146	777
146	817
146	945
147	155
147	169
147	172
147	177
147	179
147	186
147	187
147	191
147	196
147	234
147	269
147	505
147	549
147	597
147	630
147	672
147	801
147	856
147	966
147	972
148	150
148	158
148	163
148	168
148	172
148	175
148	310
148	542
148	702
148	841
148	970
148	997
149	158
149	165
149	177
149	190
149	280
149	300
149	304
149	345
149	387
149	392
149	441
149	507
149	511
149	575
149	582
149	642
149	695
149	700
149	920
149	943
150	160
150	181
150	186
150	220
150	265
150	306
150	336
150	371
150	406
150	424
150	471
150	485
150	585
150	633
150	671
150	680
150	757
150	788
150	793
150	845
150	915
151	157
151	160
151	180
151	199
151	351
151	494
151	632
151	943
151	973
152	152
152	163
152	190
152	283
152	379
152	386
152	415
152	862
152	893
152	918
153	160
153	176
153	195
153	202
153	211
153	262
153	526
153	536
153	639
153	657
153	757
153	768
153	786
153	839
153	916
153	936
153	937
153	949
154	155
154	156
154	177
154	187
154	190
154	195
154	197
154	243
154	349
154	365
154	381
154	462
154	537
154	767
154	807
154	865
155	157
155	166
155	178
155	207
155	256
155	278
155	381
155	383
155	384
155	527
155	552
155	598
155	762
155	819
155	847
155	861
155	986
156	158
156	159
156	170
156	175
156	214
156	241
156	261
156	271
156	294
156	389
156	590
156	722
156	724
156	762
156	851
156	975
156	984
157	159
157	162
157	167
157	173
157	194
157	205
157	340
157	502
157	548
157	617
157	752
157	805
157	821
157	965
157	982
158	167
158	180
158	194
158	197
158	303
158	358
158	427
158	460
158	524
158	589
158	665
158	737
158	805
158	858
158	967
158	997
159	164
159	186
159	190
159	192
159	677
159	749
159	829
159	864
159	929
159	956
159	999
160	167
160	171
160	176
160	177
160	182
160	193
160	196
160	298
160	612
160	802
160	847
160	951
161	169
161	173
161	182
161	195
161	233
161	264
161	280
161	310
161	457
161	537
161	700
161	763
161	779
161	808
161	982
162	171
162	176
162	184
162	186
162	240
162	279
162	283
162	471
162	473
162	600
162	606
162	611
162	621
162	697
162	715
162	773
162	807
162	981
162	982
163	168
163	170
163	171
163	173
163	175
163	488
163	504
163	525
163	557
163	672
163	689
163	795
163	796
163	809
163	831
164	234
164	299
164	324
164	351
164	410
164	638
164	683
164	756
164	849
165	166
165	172
165	182
165	198
165	417
165	573
165	585
165	779
166	180
166	190
166	196
166	229
166	245
166	272
166	307
166	312
166	332
166	482
166	584
166	790
166	869
166	895
166	947
166	996
167	177
167	186
167	198
167	376
167	406
167	422
167	523
167	563
167	736
167	954
167	993
168	171
168	185
168	198
168	199
168	260
168	370
168	399
168	771
168	872
168	929
168	950
168	996
169	391
169	414
169	456
169	629
169	643
169	848
170	173
170	189
170	198
170	591
170	675
170	749
170	758
170	768
170	777
170	992
171	175
171	260
171	432
171	538
171	560
171	617
171	663
171	763
171	802
171	854
171	861
171	921
171	925
171	955
171	960
172	177
172	197
172	372
172	417
172	457
172	623
172	653
172	721
172	778
172	825
172	992
173	184
173	337
173	451
173	458
173	484
173	517
173	686
173	726
173	786
173	885
174	198
174	238
174	285
174	470
174	585
174	716
174	751
174	809
174	825
174	881
174	907
174	945
174	949
175	176
175	184
175	185
175	188
175	462
175	621
175	790
175	808
175	899
175	928
175	954
176	196
176	310
176	403
176	568
176	700
176	839
176	843
176	908
176	915
176	979
176	997
177	177
177	195
177	223
177	266
177	436
177	444
177	488
177	654
177	674
177	751
177	761
177	879
177	922
177	947
178	183
178	277
178	297
178	347
178	407
178	409
178	445
178	633
178	806
179	184
179	187
179	192
179	281
179	308
179	332
179	436
179	539
179	545
179	567
179	574
179	687
179	784
179	864
179	884
179	931
179	984
179	989
179	990
180	188
180	244
180	436
180	584
180	662
180	722
180	781
180	916
181	182
181	416
181	446
181	496
181	518
181	529
181	581
181	880
181	905
182	191
182	199
182	299
182	312
182	439
182	535
182	536
182	547
182	585
182	591
182	709
182	810
183	234
183	324
183	354
183	359
183	382
183	405
183	507
183	530
183	547
183	626
183	693
183	725
183	919
184	197
184	250
184	568
184	605
184	807
184	922
184	964
185	198
185	223
185	231
185	407
185	523
185	539
185	641
185	701
185	727
185	776
185	916
185	970
186	189
186	331
186	361
186	383
186	390
186	423
186	437
186	513
186	524
186	582
186	662
186	695
186	772
186	803
186	864
186	920
187	196
187	305
187	339
187	386
187	462
187	630
187	781
188	190
188	198
188	219
188	246
188	346
188	364
188	445
188	569
188	618
188	666
188	682
189	196
189	240
189	278
189	439
189	559
189	565
189	710
189	757
189	768
189	783
189	894
190	220
190	224
190	246
190	262
190	297
190	317
190	348
190	431
190	617
190	630
190	763
190	774
190	937
190	967
191	195
191	205
191	448
191	524
191	567
191	969
192	197
192	382
192	387
192	415
192	553
192	626
192	630
192	764
192	843
192	855
192	955
193	216
193	251
193	398
193	558
193	629
193	651
193	775
193	804
193	836
193	848
193	912
193	936
193	949
193	983
193	999
194	305
194	329
194	408
194	661
194	995
195	233
195	274
195	328
195	389
195	446
195	626
195	655
195	672
195	681
195	705
195	714
195	732
195	760
195	890
195	911
195	926
195	948
196	233
196	238
196	331
196	385
196	402
196	497
196	528
196	599
196	648
196	664
196	683
196	709
196	764
196	780
196	813
196	877
196	912
196	952
197	397
197	450
197	538
197	594
197	616
197	818
197	889
197	892
198	203
198	212
198	417
198	470
198	586
198	658
198	675
198	693
198	833
198	913
198	988
199	203
199	205
199	221
199	422
199	464
199	541
199	621
199	689
199	816
199	876
199	906
200	217
200	229
200	231
200	232
200	250
200	254
200	268
200	277
200	289
200	295
200	317
200	421
200	459
200	495
200	510
200	519
200	566
200	994
201	230
201	231
201	233
201	237
201	244
201	248
201	249
201	254
201	261
201	265
201	272
201	273
201	274
201	287
201	292
201	307
201	383
201	435
201	436
201	449
201	800
201	826
201	869
201	897
202	208
202	212
202	263
202	275
202	278
202	285
202	290
202	298
202	334
202	425
202	510
202	613
202	646
202	650
202	681
202	780
202	831
202	965
202	971
203	220
203	224
203	225
203	231
203	232
203	237
203	241
203	242
203	265
203	280
203	282
203	289
203	320
203	395
203	432
203	466
203	529
203	878
203	899
203	905
203	919
204	224
204	227
204	240
204	267
204	274
204	290
204	640
204	838
204	866
204	926
204	969
205	217
205	219
205	226
205	229
205	275
205	282
205	286
205	303
205	349
205	397
205	656
205	868
205	878
205	988
206	211
206	229
206	230
206	231
206	239
206	260
206	265
206	267
206	273
206	276
206	280
206	450
206	461
206	485
206	546
206	553
206	733
206	755
206	759
207	215
207	226
207	227
207	235
207	252
207	281
207	282
207	295
207	316
207	325
207	626
207	752
207	829
207	954
208	224
208	227
208	240
208	241
208	247
208	295
208	496
208	512
208	571
208	695
208	766
208	814
208	863
208	872
209	225
209	226
209	260
209	269
209	277
209	281
209	293
209	345
209	368
209	423
209	482
209	669
209	725
209	742
209	744
209	787
209	865
209	981
210	245
210	260
210	271
210	286
210	287
210	296
210	394
210	417
210	440
210	464
210	596
210	670
210	783
210	793
210	803
210	812
210	863
210	878
210	883
211	260
211	275
211	289
211	297
211	328
211	558
211	575
211	689
211	748
211	831
212	229
212	234
212	239
212	257
212	266
212	316
212	439
212	480
212	586
212	675
212	752
212	815
212	929
212	948
213	216
213	230
213	240
213	281
213	287
213	294
213	296
213	298
213	337
213	568
213	595
213	766
213	939
213	960
213	978
214	218
214	221
214	227
214	233
214	236
214	239
214	244
214	251
214	265
214	282
214	285
214	288
214	292
214	293
214	367
214	378
214	570
214	586
214	768
214	908
214	949
215	221
215	223
215	239
215	248
215	254
215	259
215	287
215	288
215	506
215	597
215	709
215	717
215	979
216	233
216	245
216	250
216	256
216	260
216	288
216	292
216	310
216	389
216	418
216	487
216	502
216	513
216	521
216	554
217	230
217	240
217	246
217	251
217	258
217	280
217	293
217	297
217	349
217	485
217	928
218	220
218	237
218	242
218	252
218	259
218	265
218	269
218	271
218	276
218	280
218	294
218	345
218	381
218	490
218	670
218	724
218	931
219	223
219	224
219	226
219	233
219	235
219	267
219	274
219	286
219	294
219	323
219	375
219	550
219	552
219	666
219	761
219	763
219	853
219	921
220	237
220	240
220	266
220	268
220	274
220	375
220	389
220	540
220	622
220	645
220	885
221	223
221	241
221	245
221	249
221	252
221	260
221	281
221	295
221	376
221	417
221	437
221	598
221	655
221	935
222	224
222	228
222	237
222	244
222	252
222	260
222	263
222	265
222	266
222	279
222	280
222	282
222	286
222	290
222	315
222	439
222	475
222	614
222	707
222	793
222	812
222	821
222	850
222	926
222	960
222	995
223	225
223	233
223	241
223	242
223	244
223	259
223	267
223	268
223	275
223	292
223	295
223	335
223	427
223	431
223	437
223	589
223	848
223	877
223	975
224	238
224	289
224	293
224	304
224	428
224	568
224	758
224	805
224	816
224	875
224	981
225	241
225	245
225	251
225	287
225	289
225	336
225	379
225	705
225	865
225	900
226	230
226	242
226	244
226	248
226	249
226	252
226	254
226	259
226	260
226	265
226	272
226	281
226	287
226	339
226	411
226	526
226	553
226	586
226	588
226	886
226	917
226	935
226	995
227	229
227	230
227	276
227	279
227	284
227	294
227	355
227	394
227	457
227	510
227	521
227	686
227	759
227	762
227	811
227	834
227	958
228	259
228	281
228	298
228	403
228	588
228	791
228	829
228	839
228	881
228	909
228	998
229	246
229	255
229	265
229	272
229	276
229	288
229	290
229	297
229	403
229	424
229	531
229	537
229	541
229	543
229	587
229	612
229	638
229	755
229	773
229	884
229	971
230	364
230	379
230	527
230	531
230	741
230	767
230	929
230	952
231	239
231	242
231	249
231	280
231	282
231	284
231	286
231	353
231	374
231	416
231	610
231	658
231	691
231	696
231	754
231	773
232	243
232	249
232	257
232	263
232	283
232	293
232	298
232	361
232	443
232	470
232	488
232	761
232	914
233	240
233	275
233	294
233	353
233	706
233	823
234	234
234	249
234	253
234	266
234	267
234	276
234	283
234	284
234	290
234	294
234	464
234	527
234	586
234	618
234	662
234	678
234	736
234	948
235	239
235	244
235	271
235	277
235	441
235	493
235	786
235	837
235	892
235	934
235	946
236	264
236	290
236	295
236	362
236	469
236	544
236	584
236	749
236	793
237	239
237	243
237	245
237	252
237	254
237	259
237	293
237	294
237	323
237	425
237	657
237	787
237	936
238	241
238	251
238	257
238	262
238	277
238	280
238	294
238	368
238	596
238	631
238	697
238	819
238	900
238	986
239	250
239	251
239	253
239	254
239	258
239	285
239	299
239	508
239	571
239	651
239	696
239	724
239	800
239	857
239	860
239	974
240	246
240	265
240	269
240	616
240	943
241	246
241	258
241	261
241	281
241	284
241	295
241	527
241	569
241	658
242	266
242	280
242	286
242	289
242	544
242	585
242	640
242	664
242	778
242	861
243	244
243	257
243	278
243	290
243	298
243	322
243	424
243	528
243	531
243	577
243	585
243	720
243	783
243	842
243	871
243	895
244	251
244	281
244	295
244	412
244	461
244	473
244	515
244	537
244	617
244	675
244	714
244	720
244	817
244	821
244	875
244	880
244	977
245	259
245	407
245	465
245	607
245	677
245	698
246	249
246	253
246	261
246	263
246	264
246	268
246	274
246	298
246	437
246	459
246	474
246	498
246	722
246	968
247	259
247	261
247	263
247	269
247	278
247	378
247	440
247	530
247	771
247	803
247	831
247	935
248	256
248	257
248	263
248	266
248	274
248	298
248	392
248	474
248	488
248	508
248	522
248	589
248	755
248	811
248	934
248	951
248	985
249	253
249	261
249	290
249	356
249	373
249	414
249	424
249	909
249	993
250	274
250	275
250	282
250	295
250	374
250	486
250	710
250	860
250	874
251	252
251	264
251	286
251	287
251	294
251	319
251	375
251	443
251	491
251	627
251	778
251	867
252	259
252	276
252	285
252	289
252	329
252	368
252	465
252	489
252	501
252	515
252	528
252	672
252	693
252	711
252	834
252	846
252	908
252	958
252	959
253	255
253	270
253	271
253	283
253	310
253	364
253	393
253	405
253	415
253	468
253	542
253	613
253	746
253	955
254	270
254	276
254	282
254	293
254	340
254	361
254	471
254	734
254	760
254	772
254	791
254	798
254	974
255	270
255	274
255	396
255	406
255	413
255	452
255	572
255	600
255	666
255	680
255	717
255	738
255	739
255	954
255	960
256	256
256	281
256	315
256	337
256	429
256	475
256	562
256	685
256	731
256	735
256	782
256	802
256	891
256	927
257	267
257	268
257	286
257	456
257	515
257	546
257	564
257	570
257	626
257	669
257	705
257	826
257	893
257	979
258	279
258	502
258	667
258	781
258	792
258	832
258	844
258	921
258	938
258	940
259	276
259	332
259	499
259	563
259	708
259	720
259	825
259	844
259	879
260	261
260	272
260	291
260	346
260	379
260	524
260	536
260	871
260	996
261	275
261	294
261	510
261	516
261	627
261	657
261	674
261	720
261	729
261	898
261	942
262	263
262	267
262	278
262	288
262	296
262	340
262	610
262	680
262	734
262	797
262	858
262	882
262	891
262	911
262	967
263	278
263	282
263	342
263	480
263	565
263	568
263	840
263	972
263	997
264	265
264	278
264	284
264	288
264	292
264	298
264	309
264	362
264	393
264	491
264	492
264	593
264	601
264	682
264	722
264	727
264	739
264	748
264	769
264	906
264	975
265	290
265	292
265	294
265	385
265	458
265	492
265	532
265	634
265	654
265	658
265	685
265	744
265	781
265	816
265	904
266	293
266	355
266	416
266	528
266	605
266	789
266	800
266	826
266	847
266	872
266	915
266	926
267	273
267	295
267	333
267	361
267	403
267	454
267	455
267	477
267	705
267	805
267	876
267	887
267	925
268	296
268	301
268	411
268	505
268	514
268	566
268	581
268	609
268	682
268	894
269	376
269	450
269	462
269	488
269	640
269	739
269	995
270	277
270	283
270	294
270	379
270	494
270	711
270	765
270	823
270	832
270	931
271	285
271	298
271	361
271	559
271	619
271	628
271	692
271	806
272	292
272	381
272	478
272	547
272	608
272	815
272	861
272	906
272	996
273	285
273	345
273	414
273	549
273	661
273	692
273	811
273	917
273	958
274	288
274	391
274	445
274	653
274	863
274	921
274	944
274	978
275	279
275	282
275	296
275	307
275	339
275	429
275	440
275	488
275	513
275	519
275	544
275	619
275	620
275	638
275	856
275	990
276	281
276	357
276	411
276	450
276	473
276	617
276	662
276	772
276	967
276	983
277	283
277	289
277	290
277	302
277	312
277	351
277	541
277	581
277	609
277	707
277	813
277	843
277	852
278	279
278	280
278	291
278	292
278	293
278	295
278	299
278	306
278	394
278	408
278	473
278	529
278	651
278	710
278	747
278	845
279	293
279	296
279	298
279	308
279	312
279	356
279	380
279	444
279	662
279	728
280	283
280	330
280	335
280	617
280	638
280	780
280	916
281	288
281	449
281	495
281	532
281	600
281	602
282	289
282	296
282	391
282	525
282	526
282	667
282	812
282	870
282	996
283	297
283	392
283	557
283	576
283	607
283	717
283	769
284	380
284	513
284	713
284	719
284	827
284	840
284	871
284	912
284	927
285	292
285	293
285	297
285	320
285	370
285	421
285	631
285	653
285	672
285	733
285	838
285	864
285	880
286	288
286	340
286	341
286	370
286	388
286	445
286	458
286	464
286	533
286	791
286	807
286	838
286	849
286	929
286	949
286	962
287	337
287	417
287	460
287	597
287	693
287	740
288	289
288	299
288	325
288	684
288	708
288	716
288	923
288	944
288	966
288	970
289	326
289	355
289	407
289	487
289	516
289	522
289	694
289	813
289	873
290	293
290	298
290	373
290	409
290	494
290	554
290	571
290	748
290	775
290	812
290	851
290	921
290	954
291	295
291	372
291	539
291	550
291	560
291	622
291	634
291	673
291	744
291	937
292	294
292	307
292	364
292	440
292	968
293	295
293	309
293	315
293	317
293	493
293	567
293	730
293	770
293	835
294	297
294	400
294	549
294	638
294	670
294	695
294	793
295	392
295	397
295	778
295	827
295	830
295	917
295	971
296	363
296	371
296	877
296	906
297	342
297	372
297	384
297	497
297	566
297	679
297	724
297	880
298	310
298	321
298	391
298	527
298	609
298	655
298	860
299	311
299	322
299	403
299	425
299	670
299	700
299	830
299	843
299	873
299	878
299	913
299	954
300	310
300	337
300	361
300	365
300	368
300	389
300	394
300	533
300	645
300	717
300	731
300	735
300	744
300	800
300	809
300	816
300	876
300	906
301	304
301	308
301	315
301	326
301	330
301	360
301	364
301	367
301	392
301	397
301	509
301	531
301	578
301	688
301	696
301	709
301	732
301	800
301	964
302	322
302	331
302	361
302	372
302	375
302	377
302	386
302	394
302	396
302	399
302	595
302	698
302	823
302	950
302	966
303	308
303	313
303	315
303	316
303	319
303	334
303	338
303	351
303	383
303	386
303	392
303	399
303	476
303	582
303	593
303	614
303	658
303	708
303	829
303	860
303	979
304	316
304	337
304	349
304	351
304	354
304	364
304	373
304	375
304	514
304	613
304	738
304	757
304	842
305	317
305	335
305	359
305	366
305	391
305	601
305	692
305	759
305	813
305	843
305	930
305	937
306	310
306	311
306	318
306	332
306	357
306	361
306	364
306	372
306	386
306	388
306	389
306	396
306	399
306	427
306	447
306	467
306	662
306	749
306	768
306	790
306	879
306	916
306	982
307	309
307	312
307	325
307	331
307	356
307	360
307	382
307	391
307	611
307	702
307	922
307	928
307	931
308	329
308	340
308	345
308	357
308	372
308	378
308	389
308	391
308	393
308	478
308	796
308	871
309	318
309	338
309	353
309	359
309	363
309	365
309	374
309	383
309	396
309	423
309	498
309	593
309	902
310	312
310	319
310	323
310	325
310	339
310	342
310	345
310	348
310	359
310	424
310	764
310	894
311	331
311	334
311	340
311	351
311	388
311	389
311	390
311	644
311	685
311	806
311	984
312	314
312	319
312	323
312	345
312	347
312	356
312	358
312	365
312	369
312	372
312	386
312	389
312	449
312	491
312	554
312	606
312	697
312	834
313	326
313	338
313	361
313	372
313	373
313	386
313	644
313	690
313	691
313	707
313	716
313	834
313	843
313	865
313	916
313	960
314	324
314	337
314	338
314	342
314	365
314	383
314	399
314	616
314	636
314	983
315	315
315	321
315	331
315	332
315	340
315	360
315	362
315	367
315	371
315	378
315	388
315	398
315	399
315	745
315	749
315	814
315	903
315	932
315	970
315	974
316	316
316	327
316	354
316	356
316	381
316	392
316	395
316	525
316	544
316	592
316	735
316	800
316	858
316	900
317	318
317	324
317	361
317	364
317	367
317	560
317	649
317	768
317	914
317	944
318	330
318	349
318	386
318	457
318	523
318	570
318	635
318	737
318	909
318	915
318	918
318	930
319	319
319	320
319	362
319	388
319	404
319	494
319	557
319	609
319	717
319	735
319	829
319	851
319	886
319	963
319	991
320	322
320	326
320	340
320	371
320	376
320	702
320	736
320	776
320	907
320	973
321	323
321	330
321	345
321	346
321	355
321	370
321	371
321	379
321	398
321	453
321	576
321	647
321	659
321	688
321	834
321	858
322	324
322	366
322	375
322	381
322	382
322	386
322	388
322	423
322	512
322	526
322	530
322	748
322	764
322	838
322	866
322	942
322	944
323	337
323	365
323	381
323	419
323	517
323	533
323	541
323	570
323	722
323	768
323	789
323	819
323	934
323	969
324	341
324	362
324	366
324	372
324	378
324	381
324	391
324	398
324	399
324	419
324	436
324	495
324	670
324	865
324	940
325	342
325	357
325	376
325	384
325	385
325	391
325	559
325	601
325	619
325	805
325	810
325	839
325	915
326	326
326	329
326	336
326	342
326	348
326	360
326	361
326	364
326	369
326	381
326	383
326	384
326	401
326	447
326	598
326	663
326	749
326	818
326	923
326	936
326	993
327	346
327	353
327	355
327	357
327	366
327	369
327	393
327	810
327	926
328	331
328	333
328	339
328	379
328	381
328	383
328	386
328	394
328	571
328	657
328	720
328	768
328	823
328	837
328	902
328	978
329	340
329	344
329	353
329	360
329	367
329	372
329	379
329	381
329	397
329	399
329	440
329	523
329	542
329	553
329	677
329	696
329	759
330	333
330	335
330	346
330	350
330	369
330	380
330	386
330	423
330	498
330	508
330	512
330	596
330	735
330	809
330	983
331	333
331	358
331	369
331	379
331	381
331	399
331	660
331	695
331	799
331	843
331	912
331	950
331	979
331	987
332	337
332	341
332	344
332	348
332	359
332	363
332	367
332	369
332	370
332	376
332	384
332	401
332	434
332	892
332	904
332	935
333	333
333	343
333	361
333	369
333	370
333	371
333	379
333	414
333	451
333	565
333	569
333	638
333	693
333	933
333	980
333	999
334	346
334	355
334	370
334	473
334	479
334	497
334	731
334	768
334	776
334	828
334	924
335	336
335	337
335	341
335	380
335	384
335	490
335	537
335	565
335	860
335	894
335	914
336	337
336	344
336	346
336	358
336	360
336	371
336	372
336	391
336	417
336	454
336	557
336	675
336	690
336	706
336	831
336	864
336	954
336	987
337	346
337	347
337	356
337	675
337	679
337	720
337	722
337	811
337	842
338	342
338	356
338	364
338	369
338	373
338	382
338	386
338	393
338	440
338	461
338	514
338	672
338	808
339	349
339	354
339	369
339	370
339	395
339	755
339	841
339	902
339	978
340	341
340	370
340	371
340	378
340	465
340	476
340	487
340	496
340	503
340	558
340	567
340	632
340	970
341	352
341	355
341	366
341	621
341	622
341	642
341	709
341	779
341	873
341	943
341	976
341	987
342	344
342	346
342	361
342	363
342	365
342	368
342	373
342	380
342	392
342	397
342	551
342	650
342	651
342	747
343	353
343	360
343	361
343	371
343	373
343	390
343	430
343	468
343	500
343	526
343	584
343	689
343	743
344	352
344	371
344	377
344	380
344	387
344	393
344	397
344	398
344	457
344	484
344	623
344	653
344	673
344	723
344	782
345	352
345	357
345	366
345	374
345	376
345	382
345	396
345	457
345	460
345	483
345	569
345	633
345	682
345	711
345	985
346	373
346	380
346	390
346	392
346	393
346	397
346	427
346	518
346	554
346	573
346	693
346	718
346	758
346	804
346	837
346	838
346	854
346	863
346	992
347	377
347	384
347	467
347	470
347	505
347	594
347	617
347	703
347	725
347	861
347	909
348	364
348	378
348	393
348	428
348	550
348	738
348	790
348	897
348	951
349	362
349	366
349	394
349	443
349	546
349	668
349	756
349	834
349	853
349	924
350	359
350	364
350	375
350	376
350	380
350	383
350	399
350	615
350	731
350	819
350	844
350	871
350	893
351	351
351	360
351	364
351	387
351	389
351	395
351	434
351	464
351	592
351	612
351	651
351	726
351	796
351	848
352	363
352	376
352	381
352	383
352	386
352	667
352	783
352	788
352	933
353	367
353	370
353	374
353	395
353	396
353	422
353	440
353	448
353	472
353	475
353	522
353	564
353	593
353	638
353	796
353	845
353	956
354	368
354	374
354	389
354	401
354	444
354	537
354	583
354	832
354	846
355	366
355	373
355	384
355	388
355	394
355	487
355	504
355	532
355	546
355	558
355	668
355	692
355	731
355	835
355	900
355	933
356	360
356	372
356	376
356	379
356	542
356	547
356	626
356	771
356	785
356	943
357	358
357	360
357	366
357	373
357	376
357	463
357	532
357	573
357	648
357	664
357	881
357	910
357	986
358	362
358	365
358	371
358	383
358	395
358	555
358	652
358	707
358	742
358	794
358	831
358	955
359	363
359	370
359	560
359	598
359	904
360	508
360	529
360	714
360	842
360	902
361	394
361	482
361	528
361	582
361	585
361	723
361	849
361	880
361	947
362	364
362	377
362	380
362	387
362	404
362	436
362	554
362	566
362	593
362	770
362	791
362	825
362	843
362	898
363	379
363	448
363	596
363	614
363	658
363	670
363	674
363	902
363	903
363	934
363	993
364	366
364	379
364	386
364	387
364	391
364	506
364	610
364	914
365	381
365	382
365	385
365	388
365	395
365	396
365	398
365	423
365	550
365	838
365	945
366	426
366	607
366	695
366	722
366	755
366	810
366	981
367	386
367	392
367	393
367	399
367	509
367	532
367	653
367	749
367	862
367	868
367	940
368	436
368	536
368	593
368	700
368	724
368	738
368	911
368	937
368	957
369	447
369	554
369	583
369	671
369	687
369	699
369	723
369	941
369	944
369	994
369	996
370	374
370	384
370	396
370	399
370	456
370	469
370	490
370	618
370	631
370	873
371	377
371	391
371	417
371	444
371	445
371	452
371	507
371	522
371	592
371	745
371	761
371	840
371	902
371	961
371	973
372	397
372	467
372	523
372	537
372	584
372	628
372	825
372	930
373	381
373	391
373	436
373	438
373	587
373	662
373	764
374	378
374	450
374	683
374	712
374	718
374	844
375	386
375	387
375	388
375	393
375	397
375	496
375	565
375	570
375	637
375	778
375	901
376	376
376	383
376	395
376	399
376	420
376	496
376	530
376	720
376	731
376	742
376	810
376	934
377	387
377	409
377	539
377	656
377	690
377	709
377	764
377	788
377	925
378	383
378	507
378	537
378	548
378	715
378	953
378	962
378	979
379	386
379	389
379	608
379	877
379	972
379	993
380	386
380	390
380	395
380	442
380	443
380	612
380	637
380	645
380	694
380	695
380	732
380	817
380	828
380	960
381	388
381	416
381	463
381	475
381	550
381	599
381	621
381	635
381	791
381	872
382	398
382	473
382	516
382	606
382	719
383	384
383	388
383	390
383	391
383	417
383	436
383	535
383	596
383	748
383	811
383	967
383	970
383	991
384	388
384	438
384	475
384	629
384	922
385	397
385	399
385	658
385	676
385	731
385	842
385	844
386	389
386	393
386	437
386	444
386	535
386	577
386	616
386	648
386	776
386	923
386	940
386	944
386	973
387	403
387	475
387	647
387	843
387	958
388	389
388	394
388	398
388	426
388	449
388	538
388	617
388	803
388	920
389	408
389	441
389	485
389	493
389	510
389	641
389	710
389	950
389	986
390	411
390	496
390	606
390	631
390	735
390	794
390	877
390	895
391	460
391	545
391	596
391	635
391	725
391	781
391	799
391	850
391	914
392	404
392	524
392	612
392	789
392	813
393	414
393	650
393	846
393	953
393	966
394	647
394	704
394	714
394	722
394	895
394	942
395	398
395	434
395	722
395	763
395	812
395	955
396	509
396	565
396	566
396	585
396	816
396	892
397	424
397	497
397	646
397	803
398	403
398	423
398	589
398	742
398	783
398	897
399	515
399	549
399	618
399	751
399	780
399	929
399	933
399	983
400	478
400	485
400	486
400	490
400	494
400	569
400	858
400	895
401	421
401	464
401	470
401	480
401	482
401	490
401	498
401	515
401	574
401	608
401	642
401	736
401	767
401	781
401	877
402	409
402	411
402	432
402	436
402	448
402	458
402	463
402	469
402	519
402	551
402	616
402	642
402	673
402	722
402	738
402	753
402	820
403	417
403	447
403	449
403	451
403	457
403	469
403	473
403	483
403	608
403	614
403	646
403	665
403	804
403	892
403	945
403	976
404	411
404	429
404	430
404	447
404	448
404	452
404	454
404	471
404	475
404	496
404	601
404	714
404	717
404	929
405	408
405	422
405	432
405	444
405	450
405	451
405	459
405	470
405	510
405	606
405	648
405	678
405	723
405	727
405	856
405	987
406	422
406	424
406	428
406	452
406	464
406	469
406	476
406	483
406	563
406	592
406	697
406	716
406	750
406	941
406	947
407	412
407	419
407	426
407	429
407	456
407	477
407	482
407	487
407	493
407	756
407	789
407	863
407	870
407	883
407	949
408	411
408	423
408	425
408	427
408	443
408	473
408	474
408	479
408	487
408	490
408	528
408	549
408	596
408	605
408	640
408	765
408	885
409	412
409	446
409	450
409	463
409	470
409	481
409	490
409	495
409	513
409	560
409	595
409	822
409	913
410	422
410	431
410	433
410	434
410	436
410	439
410	443
410	450
410	453
410	458
410	459
410	464
410	472
410	568
410	852
410	872
410	967
411	414
411	421
411	425
411	428
411	432
411	433
411	444
411	445
411	455
411	457
411	469
411	480
411	496
411	526
411	543
411	551
411	610
411	675
411	725
411	770
411	829
411	831
411	939
411	989
412	414
412	466
412	474
412	480
412	524
412	572
412	625
412	665
412	712
412	744
412	823
412	951
412	963
412	985
413	424
413	429
413	438
413	441
413	461
413	463
413	468
413	477
413	482
413	490
413	498
413	534
413	582
413	620
413	928
414	420
414	421
414	433
414	449
414	466
414	473
414	485
414	486
414	582
414	613
414	624
414	643
414	653
414	745
414	769
414	829
414	834
414	975
414	987
414	994
415	422
415	425
415	437
415	443
415	458
415	483
415	487
415	490
415	495
415	549
415	607
415	630
415	688
415	787
416	421
416	443
416	444
416	450
416	469
416	486
416	501
416	548
416	617
416	639
416	673
416	734
416	764
416	771
416	810
416	919
416	942
416	963
417	424
417	429
417	439
417	441
417	445
417	447
417	457
417	461
417	464
417	470
417	486
417	487
417	539
417	552
417	669
417	711
417	858
417	899
418	419
418	427
418	434
418	435
418	471
418	475
418	477
418	480
418	488
418	489
418	492
418	495
418	497
418	668
418	741
418	910
418	947
419	419
419	423
419	449
419	452
419	474
419	494
419	547
419	646
419	711
419	763
419	780
419	925
419	947
419	968
420	431
420	455
420	462
420	464
420	471
420	499
420	582
420	603
420	770
421	423
421	432
421	445
421	446
421	473
421	565
421	585
421	621
421	694
421	980
422	442
422	452
422	473
422	474
422	483
422	486
422	499
422	525
422	543
422	622
422	625
422	855
422	980
423	438
423	479
423	499
423	661
423	726
423	757
423	793
423	812
423	864
423	902
424	430
424	433
424	453
424	477
424	484
424	490
424	497
424	527
424	570
424	678
424	687
424	726
424	729
424	738
424	751
424	753
424	863
424	872
424	900
424	923
425	434
425	459
425	463
425	501
425	819
425	845
425	883
426	427
426	429
426	440
426	444
426	445
426	455
426	459
426	470
426	485
426	488
426	491
426	549
426	558
426	696
426	737
426	817
426	822
426	866
426	872
427	428
427	448
427	452
427	453
427	487
427	497
427	686
427	756
428	430
428	440
428	450
428	461
428	695
428	705
428	715
428	923
429	430
429	443
429	445
429	454
429	460
429	461
429	465
429	467
429	478
429	479
429	617
429	626
429	670
429	738
429	860
429	870
430	434
430	436
430	464
430	466
430	468
430	471
430	708
430	715
430	810
430	837
430	979
431	439
431	455
431	489
431	655
431	679
431	686
431	793
431	883
431	991
432	446
432	457
432	466
432	471
432	490
432	496
432	497
432	589
432	677
432	692
432	893
432	908
432	934
432	937
432	941
432	948
432	956
432	988
432	997
433	436
433	454
433	456
433	458
433	461
433	465
433	498
433	615
433	683
433	737
433	848
433	878
433	966
434	454
434	470
434	477
434	485
434	487
434	500
434	546
434	642
434	694
435	448
435	451
435	455
435	461
435	462
435	474
435	478
435	484
435	496
435	503
435	590
435	665
435	726
435	832
435	846
435	923
435	945
436	459
436	472
436	492
436	496
436	545
436	547
436	640
436	644
436	690
436	862
436	904
436	907
437	446
437	456
437	475
437	482
437	497
437	510
437	513
437	561
437	634
437	718
437	752
437	771
437	845
437	928
438	440
438	449
438	451
438	462
438	477
438	482
438	484
438	498
438	543
438	548
438	575
438	595
438	742
438	755
438	808
438	817
438	917
438	918
438	920
438	937
438	964
439	444
439	446
439	447
439	462
439	465
439	484
439	493
439	586
439	814
440	460
440	468
440	477
440	652
440	665
440	675
440	789
441	450
441	454
441	481
441	495
441	496
441	552
441	572
441	610
441	736
441	753
441	833
441	938
442	458
442	462
442	467
442	478
442	589
442	670
442	852
443	451
443	490
443	495
443	507
443	574
443	589
443	627
443	640
443	782
443	801
443	864
443	899
443	935
443	994
444	451
444	470
444	471
444	475
444	482
444	498
444	499
444	525
444	542
444	546
444	604
444	685
444	821
444	844
444	852
444	928
444	962
445	447
445	457
445	459
445	466
445	475
445	480
445	504
445	547
445	653
445	711
445	792
445	793
445	910
445	936
445	955
446	502
446	546
447	456
447	469
447	477
447	483
447	495
447	497
447	519
447	542
447	768
447	774
447	775
447	915
448	454
448	466
448	485
448	495
448	498
448	499
448	516
448	534
448	633
448	646
448	736
448	738
448	770
448	843
449	452
449	471
449	480
449	485
449	492
449	525
449	541
449	553
449	607
449	739
449	762
449	777
449	855
449	999
450	468
450	476
450	486
450	574
450	625
450	672
450	881
450	897
451	454
451	462
451	483
451	489
451	496
451	497
451	504
451	563
451	594
451	624
451	812
452	484
452	486
452	491
452	493
452	590
452	703
452	936
452	951
453	459
453	476
453	479
453	496
453	766
453	906
454	461
454	470
454	473
454	476
454	490
454	498
454	612
454	614
454	659
454	723
454	728
454	779
454	816
454	827
454	851
454	924
454	926
454	950
455	464
455	484
455	486
455	490
455	528
455	673
455	675
455	708
455	709
455	768
455	858
455	874
455	901
455	945
455	955
455	999
456	459
456	471
456	491
456	495
456	496
456	554
456	597
456	611
456	667
456	894
456	909
456	937
456	970
457	460
457	463
457	465
457	494
457	499
457	509
457	566
457	832
457	840
458	461
458	483
458	578
458	697
458	804
458	867
458	897
459	472
459	474
459	494
459	497
459	499
459	532
459	641
459	643
459	792
459	800
460	465
460	476
460	489
460	499
460	500
460	578
460	591
460	724
460	907
460	978
461	468
461	473
461	482
461	486
461	512
461	550
461	562
461	573
461	737
461	780
461	899
461	908
462	469
462	481
462	487
462	491
462	661
462	755
462	966
462	994
463	577
463	810
463	982
464	494
464	547
464	569
464	926
465	470
465	476
465	477
465	653
465	688
465	724
465	917
465	982
466	482
466	483
466	496
466	498
466	562
466	653
466	758
466	768
466	820
466	860
466	877
466	908
466	944
467	475
467	484
467	486
467	495
467	629
467	632
467	782
467	831
467	888
467	902
467	919
468	564
468	726
468	899
468	908
468	999
469	470
469	475
469	497
469	498
469	499
469	541
469	577
469	626
469	772
469	806
470	487
470	489
470	495
470	507
470	523
470	581
470	891
471	497
471	499
471	519
471	716
471	980
471	998
472	473
472	485
472	492
472	509
472	523
473	485
473	609
473	645
473	671
473	686
473	757
473	791
473	860
473	962
473	976
474	477
474	479
474	487
474	515
474	537
474	645
474	698
474	826
474	828
474	850
475	484
475	487
475	499
475	505
475	569
475	590
475	874
475	947
475	961
476	477
476	482
476	495
476	658
476	816
476	921
476	926
476	935
476	945
477	485
477	515
477	527
477	546
477	595
477	599
477	613
477	714
477	721
478	493
478	495
478	496
478	501
478	621
478	637
478	789
478	898
478	906
479	480
479	482
479	488
479	494
479	519
479	523
479	560
479	703
479	729
479	925
480	487
480	554
480	563
480	725
480	758
480	766
480	785
480	819
480	841
480	969
480	993
481	492
481	507
481	660
481	748
481	756
481	886
481	924
481	926
482	493
482	524
482	635
482	709
482	763
482	887
482	937
482	954
482	965
483	483
483	525
483	602
483	614
483	620
483	648
483	798
483	938
484	493
484	545
484	597
484	747
484	762
484	825
484	853
484	875
484	892
484	895
484	939
484	957
485	487
485	679
485	801
485	960
485	966
486	507
486	770
486	775
486	809
486	851
486	878
486	890
487	494
487	670
487	766
488	520
488	622
488	670
488	710
488	794
488	837
488	845
488	926
488	937
488	940
489	516
489	562
489	563
489	663
489	753
489	774
489	853
490	517
490	613
490	692
490	712
490	753
490	787
491	524
491	938
492	493
492	497
492	508
492	526
492	546
492	686
492	721
492	810
492	878
492	936
492	985
493	496
493	523
493	799
493	846
493	907
494	563
494	672
494	764
494	801
494	802
494	828
494	997
495	497
495	525
495	573
495	798
495	816
495	862
496	498
496	513
496	644
496	747
496	897
496	933
496	969
496	990
497	517
497	652
497	734
497	774
497	861
497	884
497	965
498	762
498	899
499	508
499	613
499	734
499	760
499	805
499	922
499	990
499	994
500	562
500	570
500	575
500	588
500	631
500	827
500	889
500	930
500	966
501	508
501	533
501	550
501	551
501	566
501	579
501	586
501	689
501	769
501	862
502	515
502	528
502	547
502	556
502	572
502	584
502	593
502	626
502	712
502	861
502	880
502	981
503	505
503	511
503	549
503	599
503	810
503	924
503	973
503	987
503	996
504	506
504	509
504	510
504	522
504	531
504	542
504	546
504	549
504	552
504	582
504	586
504	733
504	841
504	845
504	881
504	903
504	987
505	514
505	516
505	520
505	552
505	569
505	576
505	594
505	678
505	698
505	778
505	847
505	887
505	920
506	533
506	541
506	548
506	549
506	552
506	553
506	554
506	562
506	590
506	595
506	599
506	941
507	508
507	510
507	516
507	523
507	525
507	544
507	560
507	574
507	577
507	580
507	587
507	618
507	656
507	684
507	732
507	853
507	871
507	947
507	968
508	520
508	522
508	531
508	544
508	578
508	592
508	613
508	698
508	881
509	510
509	523
509	531
509	547
509	701
509	707
509	767
509	787
509	893
509	949
509	982
510	510
510	524
510	540
510	546
510	552
510	594
510	714
510	738
510	848
510	901
510	905
510	919
511	552
511	557
511	572
511	582
511	583
511	589
511	668
511	671
511	721
511	738
511	782
511	979
512	513
512	514
512	518
512	526
512	528
512	536
512	537
512	543
512	552
512	557
512	573
512	582
512	585
512	624
512	626
512	694
512	824
512	851
512	903
512	931
512	967
513	516
513	518
513	524
513	525
513	527
513	536
513	538
513	542
513	556
513	560
513	591
513	698
513	726
513	917
513	936
513	989
514	525
514	536
514	548
514	562
514	563
514	571
514	578
514	585
514	591
514	731
514	765
514	782
515	544
515	588
515	623
515	852
515	864
515	870
515	977
516	517
516	519
516	528
516	534
516	546
516	549
516	556
516	561
516	567
516	569
516	575
516	577
516	578
516	586
516	587
516	591
516	593
516	702
516	749
516	898
516	917
516	966
516	993
516	996
517	520
517	528
517	531
517	532
517	543
517	568
517	575
517	595
517	665
517	806
517	874
518	523
518	525
518	531
518	543
518	557
518	571
518	649
518	862
518	989
519	523
519	527
519	536
519	554
519	566
519	582
519	757
519	797
519	804
519	986
520	531
520	549
520	555
520	562
520	769
521	526
521	533
521	558
521	563
521	565
521	572
521	582
521	588
521	595
521	597
521	628
521	653
521	852
521	934
522	523
522	543
522	548
522	550
522	571
522	580
522	582
522	619
522	738
522	740
522	815
522	871
522	972
522	977
522	994
523	525
523	531
523	551
523	575
523	581
523	582
523	679
523	699
523	792
523	870
523	887
523	990
524	530
524	535
524	539
524	554
524	555
524	572
524	599
524	838
524	891
524	952
525	531
525	557
525	567
525	578
525	599
525	685
525	709
525	796
525	893
525	904
526	550
526	551
526	582
526	594
526	598
526	610
526	651
526	951
526	969
527	530
527	532
527	542
527	561
527	572
527	574
527	592
527	598
527	705
527	909
528	541
528	543
528	569
528	581
528	585
528	587
528	619
528	690
528	702
528	753
528	789
528	833
528	852
528	872
528	937
528	940
528	967
528	993
529	547
529	556
529	558
529	574
529	576
529	580
529	598
529	630
529	653
529	674
529	836
529	884
529	932
529	941
529	991
530	556
530	557
530	570
530	581
530	584
530	648
530	701
530	785
530	826
530	920
530	979
531	532
531	537
531	542
531	546
531	565
531	572
531	614
531	636
531	692
531	752
531	885
532	536
532	550
532	557
532	569
532	573
532	595
532	600
532	712
532	753
532	863
532	979
533	543
533	548
533	549
533	551
533	561
533	590
533	873
533	914
534	534
534	538
534	541
534	563
534	576
534	582
534	603
534	750
534	870
534	911
534	990
535	546
535	561
535	570
535	573
535	586
535	591
535	594
535	597
535	601
535	630
535	671
535	803
535	865
535	890
536	560
536	564
536	569
536	693
536	728
536	749
536	768
536	778
536	828
536	921
537	546
537	547
537	548
537	553
537	567
537	575
537	591
537	597
537	650
537	698
537	702
537	876
538	555
538	579
538	583
538	591
538	597
538	661
538	690
538	770
538	875
539	548
539	556
539	557
539	562
539	569
539	570
539	576
539	580
539	684
539	800
539	932
539	951
540	547
540	553
540	557
540	566
540	568
540	595
540	597
540	612
540	665
540	703
540	714
540	743
540	854
541	571
541	598
541	644
541	677
541	850
541	907
541	940
542	548
542	552
542	556
542	558
542	566
542	574
542	581
542	584
542	587
542	615
542	627
542	950
543	555
543	556
543	558
543	566
543	569
543	583
543	591
543	703
543	758
544	547
544	570
544	571
544	572
544	573
544	574
544	581
544	621
544	639
544	765
544	822
544	916
544	937
544	984
544	986
545	553
545	566
545	568
545	573
545	579
545	582
545	588
545	608
545	663
545	713
545	885
546	565
546	566
546	582
546	586
546	648
546	744
546	778
546	908
547	558
547	562
547	568
547	570
547	571
547	575
547	589
547	590
547	597
547	692
547	762
547	790
547	850
547	915
548	555
548	566
548	574
548	744
548	805
548	824
548	872
549	555
549	591
549	649
550	556
550	568
550	578
550	582
550	585
550	586
550	593
550	831
550	845
550	978
551	558
551	577
551	584
551	585
551	657
551	659
551	725
551	750
551	785
551	818
551	845
551	876
551	954
551	961
552	558
552	572
552	583
552	585
552	592
552	869
553	554
553	586
553	587
553	639
553	653
553	667
553	690
553	966
553	981
554	554
554	568
554	569
554	591
554	595
554	596
554	832
554	866
554	872
555	584
555	585
555	586
555	595
555	671
555	711
555	749
555	762
555	892
555	900
555	957
556	559
556	560
556	570
556	573
556	580
556	589
556	594
556	654
556	963
557	558
557	567
557	578
557	584
557	592
557	706
557	743
557	824
557	873
557	934
558	559
558	565
558	567
558	568
558	598
558	603
558	815
558	821
558	963
559	572
559	590
559	591
559	596
559	622
559	888
559	936
560	568
560	573
560	592
560	593
560	599
560	620
560	654
560	709
560	719
560	771
561	563
561	567
561	575
561	578
561	594
561	596
561	652
561	805
561	809
561	815
561	851
562	563
562	568
562	571
563	575
563	577
563	581
563	623
563	851
563	913
564	570
564	571
564	578
564	594
564	596
564	612
564	656
565	598
565	599
565	699
565	813
565	852
565	924
566	605
566	665
566	700
566	707
566	740
566	796
566	867
566	882
566	973
567	574
567	576
567	577
567	588
567	740
567	925
567	936
567	954
568	569
568	572
568	575
568	588
568	595
568	639
568	813
568	957
569	574
569	648
569	799
569	997
570	582
570	585
570	590
570	597
570	710
570	790
570	808
570	815
571	573
571	576
571	584
571	598
571	684
571	976
572	573
572	579
572	591
572	737
572	821
572	852
572	922
572	968
573	602
573	636
573	721
573	747
573	978
574	577
574	579
574	580
574	639
574	742
574	767
574	970
574	977
575	583
575	592
575	632
575	789
575	810
575	854
575	952
576	581
576	598
576	688
576	759
576	786
576	907
576	933
576	985
577	599
577	610
577	654
577	664
577	670
577	813
577	816
577	935
577	942
577	959
577	989
578	694
578	819
578	840
578	857
578	901
578	916
578	957
579	624
579	640
579	718
579	866
580	584
580	593
580	638
580	752
580	848
580	882
580	934
581	747
582	583
582	585
582	592
582	626
582	717
582	914
583	597
583	676
583	738
583	739
583	755
583	816
583	846
583	874
584	586
584	592
584	913
585	587
585	660
585	758
585	772
585	838
585	908
585	993
585	994
586	589
586	596
586	609
586	690
586	773
586	889
587	592
587	845
587	849
588	590
588	593
588	598
588	600
588	645
588	651
588	870
588	885
588	940
588	966
589	709
589	757
589	772
589	851
590	593
590	598
590	599
590	796
590	823
590	931
591	592
591	649
591	657
591	699
591	718
591	888
591	918
591	945
591	965
592	788
592	882
592	974
592	991
593	713
593	907
594	595
594	798
594	952
594	978
595	596
595	597
595	690
595	691
595	848
595	864
595	897
595	937
596	599
596	766
596	798
596	807
596	897
596	957
596	971
597	597
597	599
597	621
597	664
597	713
597	789
597	866
597	953
598	627
598	896
599	771
599	832
599	886
599	976
600	611
600	623
600	633
600	650
600	664
600	678
600	694
600	735
600	738
600	794
600	890
600	895
600	905
600	954
601	611
601	615
601	621
601	648
601	650
601	653
601	670
601	674
601	675
601	677
601	697
601	977
602	616
602	617
602	622
602	634
602	635
602	637
602	642
602	644
602	674
602	676
602	883
602	907
602	939
602	959
603	614
603	622
603	637
603	644
603	659
603	664
603	668
603	678
603	685
603	734
603	747
603	816
603	906
603	986
604	620
604	623
604	633
604	648
604	653
604	661
604	677
604	678
604	698
604	708
604	756
604	759
604	833
604	881
605	610
605	626
605	656
605	672
605	673
605	680
605	693
606	631
606	632
606	660
606	679
606	683
606	736
606	757
606	786
606	828
606	854
606	888
606	913
607	608
607	615
607	622
607	633
607	640
607	651
607	656
607	684
607	686
607	692
607	693
607	698
607	719
607	838
607	903
608	614
608	632
608	638
608	639
608	645
608	651
608	665
608	677
608	688
608	689
608	696
608	776
608	809
608	841
608	881
608	891
608	895
608	939
608	947
609	612
609	635
609	644
609	659
609	661
609	675
609	694
609	698
609	827
609	890
610	626
610	631
610	632
610	639
610	649
610	652
610	666
610	668
610	681
610	686
610	687
610	689
610	778
610	825
610	985
611	613
611	614
611	624
611	632
611	633
611	647
611	693
611	747
611	837
611	949
612	646
612	649
612	656
612	674
612	682
612	693
612	694
612	812
612	844
612	918
612	987
613	624
613	638
613	646
613	651
613	663
613	664
613	695
613	793
613	890
613	966
614	619
614	621
614	622
614	630
614	649
614	650
614	692
614	699
614	700
614	734
614	788
614	830
614	859
614	932
614	933
615	618
615	622
615	626
615	642
615	644
615	649
615	660
615	666
615	673
615	674
615	694
615	705
615	762
615	897
615	995
616	624
616	630
616	653
616	661
616	674
616	680
616	690
616	697
616	708
616	735
617	627
617	631
617	641
617	663
617	665
617	671
617	674
617	677
617	697
618	620
618	629
618	647
618	675
618	702
618	795
618	805
618	858
618	968
619	639
619	670
619	691
619	693
619	847
619	922
619	997
620	639
620	640
620	641
620	686
620	692
620	733
620	914
620	921
621	655
621	662
621	674
621	699
621	819
621	822
621	951
622	637
622	654
622	657
622	675
622	694
622	762
622	855
622	985
623	650
623	675
623	693
623	757
623	841
623	901
624	661
624	670
624	681
624	884
624	985
625	646
625	654
625	656
625	667
625	668
625	672
625	673
625	675
625	686
625	791
625	904
625	969
626	626
626	629
626	630
626	632
626	638
626	641
626	646
626	647
626	655
626	668
626	669
626	682
626	685
626	699
626	783
626	795
627	636
627	638
627	645
627	656
627	665
627	674
627	676
627	689
627	778
627	895
627	936
628	651
628	656
628	665
628	673
628	686
628	687
628	706
628	937
628	978
628	993
629	634
629	723
629	928
629	965
630	641
630	664
630	686
630	745
630	828
630	972
631	650
631	667
631	668
631	675
631	720
631	741
631	787
631	828
631	857
631	869
632	639
632	652
632	655
632	673
632	693
632	706
632	770
632	985
632	987
633	640
633	651
633	659
633	679
633	832
633	996
634	634
634	643
634	663
634	676
634	691
634	703
634	878
634	914
635	637
635	638
635	641
635	643
635	656
635	664
635	665
635	666
635	674
635	812
636	645
636	647
636	648
636	657
636	670
636	674
636	687
636	691
636	694
636	712
636	716
636	720
636	766
636	890
637	652
637	653
637	660
637	664
637	682
637	808
637	867
637	879
637	929
638	642
638	645
638	649
638	668
638	707
638	811
639	681
639	699
639	773
639	908
639	978
640	670
640	685
640	688
640	739
640	940
640	966
641	669
641	688
641	696
641	743
641	850
641	864
641	870
641	875
641	908
642	643
642	660
642	671
642	677
642	682
642	797
642	840
642	845
642	867
642	921
643	645
643	650
643	673
643	690
643	697
643	704
643	731
644	664
644	675
644	678
644	679
644	682
644	691
644	713
644	932
644	952
644	984
645	653
645	667
645	669
645	681
645	833
645	837
645	982
646	653
646	657
646	671
646	680
646	690
646	726
646	763
646	910
647	651
647	665
647	670
647	686
647	694
647	725
647	758
647	938
647	971
648	649
648	655
648	677
648	688
648	719
648	795
648	815
648	914
649	653
649	660
649	666
649	667
649	674
649	682
649	692
649	770
649	871
649	935
650	660
650	729
650	791
650	797
650	878
650	949
650	977
651	652
651	655
651	682
651	685
651	696
651	698
651	767
651	857
651	872
651	908
651	987
652	678
652	712
652	813
653	655
653	664
653	759
654	661
654	665
654	669
654	687
654	697
654	777
654	835
654	865
654	890
654	905
654	999
655	658
655	676
655	693
655	696
655	811
655	957
656	656
656	664
656	665
656	680
656	691
656	866
656	931
656	941
656	954
656	995
657	664
657	666
657	675
657	682
657	698
657	746
657	868
657	920
657	979
657	997
658	660
658	661
658	675
658	732
658	832
658	854
658	881
658	943
659	660
659	709
659	798
659	815
659	893
660	671
660	673
660	678
660	689
660	697
660	713
660	759
660	858
661	672
661	684
661	686
661	688
661	899
662	664
662	665
662	667
662	680
662	685
662	691
662	696
662	723
662	883
663	671
663	678
663	689
663	691
663	717
663	743
663	894
663	965
664	672
664	695
664	742
664	778
664	912
664	937
664	997
665	679
665	687
665	691
665	692
665	694
665	762
665	763
665	780
665	819
665	876
665	911
666	686
666	690
666	694
666	751
666	890
667	670
667	821
667	893
667	918
667	959
668	680
668	687
668	690
668	693
668	699
668	708
668	842
669	673
669	675
669	683
669	684
669	686
669	695
669	699
669	782
669	864
669	950
669	986
670	670
670	677
670	687
670	692
670	743
671	680
671	685
671	689
671	690
671	693
671	698
671	699
671	763
671	818
671	852
671	856
671	858
671	860
671	951
672	680
672	691
672	694
672	695
672	697
672	711
672	738
672	782
672	847
672	874
672	957
672	973
673	674
673	675
673	676
673	678
673	685
673	691
673	694
673	697
673	711
673	861
673	898
673	956
673	969
674	696
674	807
674	810
674	980
675	677
675	678
675	679
675	686
675	696
675	697
675	714
675	739
675	766
675	843
675	891
676	729
676	734
676	818
676	850
676	938
676	977
677	732
677	741
677	766
677	851
677	911
677	959
678	724
678	764
678	795
678	815
679	680
679	691
679	982
680	697
680	824
680	886
680	970
680	992
681	686
681	889
682	683
682	892
682	898
683	697
683	794
683	865
683	902
683	968
683	977
684	692
684	698
684	733
684	895
684	926
685	946
686	688
686	695
686	699
686	709
686	793
686	828
686	835
686	844
686	951
686	953
687	718
687	767
687	807
687	908
687	952
688	777
688	825
688	882
688	941
689	698
689	728
689	762
689	788
689	864
689	983
690	700
690	769
690	794
690	813
690	882
690	959
690	963
691	691
691	721
691	764
691	771
691	775
691	807
691	809
691	833
691	860
691	922
692	711
692	829
692	853
692	897
692	934
692	943
692	944
692	966
693	725
693	747
693	757
693	887
694	840
694	927
695	703
695	706
695	713
695	806
696	696
696	818
696	826
696	835
696	909
697	712
697	794
697	797
697	943
697	947
697	962
698	764
698	775
698	848
698	930
699	719
699	808
699	843
699	915
699	966
699	987
699	990
700	714
700	719
700	767
700	779
700	785
700	799
700	829
700	882
700	886
700	955
700	969
701	701
701	706
701	712
701	726
701	737
701	741
701	749
701	787
701	788
701	793
701	798
701	799
701	811
701	821
701	898
702	704
702	714
702	715
702	719
702	731
702	742
702	776
702	785
702	898
702	958
703	726
703	727
703	732
703	738
703	740
703	751
703	792
703	794
703	796
703	810
703	865
703	870
703	921
704	740
704	751
704	774
704	780
704	853
704	878
705	712
705	736
705	749
705	751
705	770
705	775
705	783
705	803
705	816
706	717
706	748
706	754
706	765
706	774
706	775
706	782
706	784
706	788
706	901
706	906
706	982
707	708
707	718
707	726
707	731
707	735
707	747
707	748
707	750
707	760
707	765
707	772
707	786
707	793
707	851
707	936
707	975
707	988
707	993
708	711
708	719
708	724
708	725
708	754
708	780
708	787
708	837
708	860
708	964
708	970
709	710
709	713
709	740
709	741
709	765
709	767
709	769
709	772
709	773
709	774
709	784
709	796
709	946
710	715
710	731
710	752
710	759
710	763
710	782
710	785
710	945
710	977
711	721
711	733
711	749
711	760
711	761
711	778
711	779
711	781
711	782
711	958
711	959
712	715
712	728
712	733
712	740
712	745
712	754
712	765
712	771
712	773
712	776
712	777
712	860
712	863
713	737
713	742
713	771
713	788
713	791
713	796
713	828
713	971
713	981
714	727
714	728
714	735
714	738
714	740
714	742
714	744
714	753
714	757
714	761
714	785
714	791
714	793
714	797
715	741
715	742
715	758
715	762
715	764
715	774
715	778
715	779
715	783
715	789
715	945
715	981
716	725
716	728
716	786
716	787
716	799
716	923
717	738
717	745
717	749
717	751
717	777
717	778
717	786
717	789
717	821
717	867
717	932
717	949
718	758
718	773
718	792
718	798
718	799
718	966
719	735
719	743
719	745
719	757
719	770
719	777
719	787
719	872
719	932
719	947
720	723
720	724
720	750
720	753
720	766
720	771
720	777
720	787
720	838
721	746
721	749
721	763
721	771
721	773
721	779
721	786
721	955
722	726
722	730
722	735
722	736
722	753
722	768
722	775
722	778
722	782
722	791
722	795
722	797
722	799
722	896
722	991
723	724
723	726
723	728
723	744
723	764
723	767
723	769
723	778
723	793
723	912
723	929
723	961
724	734
724	761
724	778
724	780
724	786
724	788
724	941
724	942
725	725
725	726
725	728
725	752
725	759
725	760
725	770
725	775
725	790
725	795
725	832
725	863
725	927
725	960
725	989
726	727
726	740
726	742
726	768
726	770
726	787
726	788
726	864
727	746
727	747
727	752
727	755
727	761
727	776
727	839
727	921
728	729
728	742
728	746
728	753
728	768
728	788
728	793
728	819
728	981
728	989
729	734
729	736
729	751
729	786
729	787
729	880
729	944
729	956
729	996
730	740
730	741
730	767
730	768
730	772
730	776
730	792
730	805
730	854
731	731
731	733
731	736
731	748
731	749
731	760
731	762
731	767
731	774
731	775
731	786
731	796
731	826
731	996
732	741
732	900
732	958
732	990
733	738
733	763
733	778
733	783
733	841
733	884
733	991
734	740
734	747
734	766
734	797
734	799
734	867
735	743
735	748
735	756
735	765
735	779
735	926
735	967
735	998
736	751
736	752
736	762
736	776
736	825
736	877
736	945
736	994
737	742
737	746
737	757
737	773
737	878
737	929
738	739
738	748
738	774
738	776
738	780
739	740
739	754
739	758
739	764
739	769
739	772
739	774
739	781
739	785
739	797
739	898
739	998
740	745
740	757
740	770
740	780
740	784
740	785
740	795
740	937
740	977
741	751
741	756
741	763
741	775
741	794
741	795
741	799
741	808
741	827
741	865
741	950
742	756
742	774
742	777
742	787
742	793
743	744
743	756
743	764
743	772
743	791
743	914
744	744
744	757
744	776
744	798
744	824
744	899
744	913
744	976
745	770
745	784
745	797
745	967
746	770
746	775
746	785
746	789
746	797
746	820
746	904
746	955
747	754
747	756
747	757
747	779
747	786
748	755
748	765
748	767
748	793
748	880
748	903
749	750
749	752
749	773
749	857
750	761
750	763
750	764
750	768
750	772
750	773
750	778
750	780
750	783
750	787
750	804
750	807
750	814
750	836
750	856
750	931
750	981
750	987
751	766
751	771
751	773
751	838
751	943
751	968
752	786
752	790
752	866
752	982
753	777
753	783
753	840
753	923
754	757
754	772
754	779
754	785
754	902
754	925
754	949
754	977
755	790
755	796
755	799
755	820
755	830
755	989
756	767
756	769
756	941
757	760
757	761
757	764
757	766
757	772
757	783
757	792
757	835
757	849
758	768
758	779
758	784
758	787
759	793
759	794
759	796
759	818
759	876
759	917
759	942
759	946
759	950
759	979
760	776
760	799
761	776
761	777
761	797
761	817
761	929
762	762
762	765
762	777
762	779
762	814
762	877
763	764
763	781
763	782
763	842
763	959
764	768
765	771
765	779
765	958
766	774
766	777
766	928
767	767
767	845
767	855
768	771
768	772
768	775
768	778
768	783
768	792
768	797
768	849
768	872
768	917
768	959
769	782
770	773
770	793
770	801
770	874
770	921
770	997
771	773
771	774
771	790
771	796
771	894
772	819
772	947
772	953
773	799
773	837
773	850
773	935
773	968
773	996
774	795
774	835
774	866
774	875
774	924
775	790
775	794
775	978
776	776
776	889
776	935
776	954
777	778
777	781
778	783
778	787
778	791
778	843
778	958
779	786
779	787
779	797
779	819
779	832
779	904
780	784
780	789
780	794
780	832
780	901
781	800
781	830
781	930
781	982
782	786
782	788
782	795
782	817
782	841
783	799
783	893
783	937
783	964
784	815
784	961
785	789
785	791
785	797
785	839
785	890
785	943
786	795
786	869
786	894
787	995
788	794
788	797
788	798
788	850
789	792
789	795
789	799
789	843
789	936
790	793
790	796
790	836
790	908
790	909
790	925
790	928
790	990
791	842
791	906
792	794
792	795
792	891
793	797
794	797
794	799
794	855
794	884
794	998
795	797
795	852
795	995
796	930
797	800
797	838
797	855
797	978
798	858
798	877
799	940
800	815
800	824
800	832
800	836
800	838
800	844
800	845
800	854
800	868
800	874
800	887
800	890
800	899
800	903
800	926
800	976
801	812
801	822
801	836
801	856
801	871
801	880
801	893
801	925
801	943
801	955
802	818
802	833
802	840
802	850
802	866
802	939
802	987
803	806
803	819
803	830
803	842
803	858
803	862
803	869
803	876
804	811
804	819
804	845
804	851
804	859
804	861
804	883
804	956
804	998
805	810
805	827
805	828
805	831
805	833
805	834
805	839
805	840
805	843
805	856
805	864
805	874
805	946
806	810
806	825
806	841
806	845
806	846
806	974
807	807
807	808
807	831
807	845
807	852
807	859
807	866
807	876
807	877
807	895
807	899
808	809
808	825
808	827
808	829
808	833
808	837
808	847
808	857
808	865
808	897
808	899
808	906
809	813
809	828
809	883
809	896
810	821
810	822
810	826
810	829
810	833
810	835
810	838
810	842
810	851
810	880
810	883
810	890
810	898
810	934
810	943
811	833
811	839
811	841
811	882
811	888
811	901
811	993
812	825
812	846
812	853
812	858
812	860
812	865
812	869
812	871
812	887
812	895
813	813
813	818
813	828
813	832
813	849
813	862
813	866
813	911
813	930
814	835
814	847
814	867
814	877
814	895
814	897
815	821
815	824
815	831
815	833
815	841
815	857
815	880
815	886
815	921
815	922
816	835
816	857
816	868
816	888
816	893
817	823
817	856
817	859
817	862
817	874
817	886
817	952
817	955
817	992
818	834
818	835
818	850
818	852
818	858
818	873
818	883
818	889
819	823
819	843
819	844
819	876
819	992
820	824
820	831
820	837
820	856
820	860
820	861
820	862
820	869
820	873
820	874
820	879
820	898
820	919
821	854
821	855
821	878
821	883
821	896
821	922
822	856
822	877
822	895
822	946
822	948
823	837
823	839
823	864
823	871
823	872
823	883
823	897
823	899
823	944
823	971
823	989
824	842
824	843
824	872
824	882
824	973
825	840
825	849
825	867
825	880
825	896
825	899
825	943
825	953
826	833
826	837
826	838
826	852
826	857
826	866
826	890
826	897
826	912
826	930
826	968
827	836
827	846
828	845
828	854
828	876
828	881
828	903
828	908
828	932
829	849
829	853
829	860
829	976
829	978
830	878
830	882
830	950
831	841
831	844
831	852
831	859
831	870
831	874
831	886
831	965
832	845
832	846
832	860
832	879
832	886
832	894
832	928
832	951
833	835
833	856
833	860
833	863
833	872
833	899
833	907
833	913
833	947
834	845
834	857
834	858
834	898
835	860
835	870
835	877
835	889
835	974
836	848
836	858
836	885
836	889
836	897
836	898
837	847
837	866
837	892
837	894
837	932
837	972
837	981
837	984
838	839
838	842
838	844
838	848
838	849
838	851
838	859
838	866
838	868
838	870
838	877
838	878
838	910
839	842
839	848
839	887
839	903
840	846
840	853
840	855
840	879
840	884
840	888
840	956
841	877
841	890
841	921
841	986
842	842
842	873
842	881
842	887
842	915
842	955
843	848
843	850
843	851
843	859
843	875
843	877
843	880
843	891
843	895
843	914
844	845
844	852
844	856
844	862
844	864
844	884
844	886
844	894
844	910
845	851
845	852
845	860
845	879
845	882
845	884
845	892
845	912
846	849
846	851
846	855
846	856
846	863
846	895
847	852
847	867
847	890
847	911
847	916
847	962
848	850
848	857
848	869
848	872
848	913
848	973
849	849
849	851
849	852
849	857
849	863
849	869
849	870
849	885
849	998
850	852
850	866
850	885
850	892
850	906
850	953
851	861
851	888
851	897
851	899
852	856
852	857
852	885
852	901
852	927
853	854
853	855
853	856
853	862
853	864
853	868
853	948
854	859
854	868
854	878
854	893
854	897
854	995
855	859
855	860
855	863
855	867
855	872
855	973
856	858
856	863
856	875
856	887
856	922
856	933
857	865
857	874
857	877
857	897
857	981
858	864
858	869
859	863
859	884
859	970
860	865
860	866
860	888
860	999
861	864
861	879
861	884
862	887
863	884
863	898
863	962
864	866
864	868
864	888
865	881
865	899
865	925
866	885
866	897
866	914
867	869
867	889
867	894
867	985
868	873
868	891
868	897
868	988
870	876
870	883
870	885
870	887
870	892
871	877
871	881
871	893
872	894
873	882
873	894
873	988
873	989
874	876
874	884
874	885
874	888
874	889
874	941
874	974
875	887
875	901
875	964
876	879
876	887
877	898
877	981
878	879
878	899
878	944
878	980
879	881
880	929
880	981
881	898
881	982
882	884
882	887
882	893
882	939
883	884
884	889
884	951
885	888
885	896
885	897
885	899
886	912
886	920
886	982
887	891
887	897
887	970
888	921
888	925
889	889
889	907
889	968
890	899
890	997
891	894
891	971
892	962
892	966
892	996
893	893
893	917
894	950
897	898
900	902
900	912
900	918
900	919
900	937
900	966
901	931
901	944
901	949
901	950
901	951
901	960
902	903
902	911
902	921
902	927
902	958
902	963
902	970
902	999
903	914
903	924
903	930
903	933
903	979
903	985
903	993
904	929
904	938
904	947
904	979
904	988
904	995
904	996
905	913
905	917
905	919
905	925
905	943
905	947
905	950
905	972
906	918
906	923
906	950
906	955
906	988
906	996
907	909
907	912
907	917
907	921
907	922
907	930
907	936
907	954
907	966
907	975
908	912
908	927
908	946
908	972
909	918
909	921
909	935
909	941
909	952
909	967
909	973
909	985
909	986
910	915
910	928
910	934
910	983
911	934
911	935
911	940
911	942
911	949
911	953
911	957
911	959
911	975
911	979
912	916
912	918
912	920
912	926
912	934
912	938
912	948
912	953
912	957
912	958
912	963
912	968
912	970
912	971
912	974
912	976
913	916
913	930
913	935
913	944
913	946
913	955
913	960
913	967
913	969
913	978
913	987
913	989
913	992
914	927
914	938
914	940
914	953
914	961
914	963
914	979
914	998
915	916
915	931
915	947
915	973
915	975
916	925
916	943
916	955
916	956
916	967
916	985
916	992
916	995
917	971
917	973
918	929
918	966
918	971
918	972
918	973
918	992
918	996
918	998
919	930
919	986
920	928
920	929
920	948
920	956
920	962
920	977
920	990
921	924
921	939
921	949
921	977
921	988
921	996
922	927
922	935
922	940
922	957
922	958
923	924
923	927
923	928
923	955
923	971
923	973
923	976
924	928
924	940
924	941
924	969
924	975
924	990
924	996
925	936
925	942
925	947
925	950
925	962
925	963
925	967
925	988
925	998
926	938
926	948
926	950
926	951
926	971
927	971
927	979
927	984
928	946
928	965
928	982
928	986
928	990
929	935
929	939
929	942
929	946
929	976
929	983
929	990
930	937
930	942
930	945
930	950
930	956
930	973
930	983
930	995
930	997
931	931
931	935
931	947
931	952
931	960
931	967
931	983
932	938
932	955
932	975
932	998
933	949
933	950
933	954
933	961
933	978
934	938
934	949
934	956
935	941
935	947
935	969
935	972
935	987
935	997
935	998
936	943
936	958
936	973
936	977
936	982
936	988
937	938
937	940
937	945
937	946
937	947
937	950
937	960
937	984
937	986
937	987
938	949
938	956
938	969
938	978
938	992
938	995
939	939
939	947
939	986
940	955
940	957
940	971
940	976
940	978
940	980
940	993
940	998
941	947
941	966
941	967
941	971
941	987
941	992
941	994
942	945
942	955
942	995
943	970
943	975
943	990
944	970
944	989
945	948
945	954
945	999
946	957
946	966
946	980
947	972
947	973
947	985
947	988
947	997
947	998
948	969
948	998
949	950
949	968
949	974
949	984
950	954
950	984
951	957
951	973
951	994
952	952
952	979
953	960
953	964
953	975
953	976
953	986
953	989
953	997
954	956
954	960
954	981
954	988
955	956
955	962
955	963
955	980
955	986
955	990
955	994
956	957
956	963
956	985
957	959
957	964
957	974
957	995
957	997
958	961
958	974
958	978
958	989
958	996
959	961
959	965
959	976
959	979
959	995
959	998
960	960
960	973
960	974
960	980
960	985
960	989
960	991
961	971
961	984
961	991
962	997
963	966
963	975
963	980
963	987
964	990
964	998
965	967
965	972
965	974
965	978
965	982
966	977
966	983
967	970
968	986
969	975
969	977
969	978
969	985
969	988
969	998
970	981
972	985
972	998
973	976
973	977
973	988
973	992
974	977
974	984
974	999
975	979
975	987
975	996
976	990
977	981
978	997
981	989
981	999
982	991
982	998
983	989
985	988
986	996
989	997
990	991
991	991
998	999
