0	2
0	5
0	7
0	10
0	31
0	33
0	41
0	42
0	50
0	56
0	62
0	63
0	64
0	66
0	68
0	69
0	77
0	79
0	86
0	95
0	167
0	412
0	424
0	710
1	1
1	8
1	11
1	15
1	36
1	44
1	52
1	53
1	54
1	56
1	74
1	85
1	132
1	162
1	199
1	313
1	512
1	650
1	659
1	693
1	729
2	3
2	21
2	27
2	30
2	38
2	62
2	86
2	279
2	913
3	7
3	11
3	17
3	24
3	31
3	37
3	38
3	43
3	46
3	55
3	63
3	85
3	93
3	101
3	155
3	369
3	572
3	702
4	22
4	24
4	42
4	45
4	48
4	53
4	58
4	61
4	63
4	71
4	80
4	85
4	90
4	223
4	313
4	478
4	548
4	733
4	947
5	10
5	24
5	41
5	46
5	79
5	90
5	98
5	252
5	259
5	482
5	638
5	646
5	929
6	13
6	21
6	25
6	29
6	31
6	38
6	46
6	48
6	52
6	54
6	55
6	72
6	75
6	78
6	79
6	80
6	82
6	354
6	460
6	466
7	10
7	12
7	14
7	21
7	26
7	40
7	46
7	52
7	61
7	63
7	66
7	74
7	80
7	85
7	88
7	89
7	97
7	499
7	845
7	908
7	970
8	19
8	20
8	21
8	37
8	41
8	44
8	52
8	53
8	57
8	74
8	81
8	86
8	87
8	88
8	90
8	522
8	602
8	703
8	735
8	792
8	878
8	896
8	920
9	16
9	20
9	34
9	35
9	36
9	44
9	49
9	57
9	61
9	64
9	65
9	78
9	79
9	80
9	95
9	333
9	361
9	486
9	693
9	707
9	764
9	920
10	11
10	14
10	30
10	31
10	39
10	40
10	62
10	65
10	66
10	71
10	77
10	88
10	118
10	127
10	210
10	364
10	384
10	637
10	767
10	914
11	36
11	52
11	55
11	60
11	90
11	93
11	211
11	220
11	303
11	510
11	640
11	645
11	797
11	890
11	972
12	14
12	25
12	81
12	82
12	86
12	99
12	237
12	486
12	491
12	811
12	823
12	908
13	14
13	15
13	17
13	23
13	45
13	51
13	55
13	56
13	58
13	61
13	66
13	79
13	85
13	270
13	443
13	445
13	487
14	16
14	30
14	32
14	40
14	53
14	54
14	65
14	74
14	75
14	76
14	94
14	102
14	258
14	267
14	490
14	583
14	636
14	880
14	902
14	938
15	19
15	43
15	45
15	54
15	65
15	66
15	68
15	72
15	89
15	95
15	97
15	455
15	669
15	721
15	934
16	22
16	24
16	28
16	39
16	40
16	41
16	52
16	56
16	63
16	83
16	91
16	92
16	93
16	97
16	105
16	245
16	315
16	332
16	484
16	562
16	575
16	785
16	811
16	828
16	850
17	18
17	29
17	34
17	35
17	49
17	52
17	65
17	91
17	97
17	122
17	154
17	159
17	209
17	335
17	430
17	476
17	613
17	856
17	871
17	915
17	950
18	19
18	28
18	33
18	44
18	62
18	78
18	79
18	159
18	183
18	427
18	537
18	805
19	20
19	26
19	33
19	34
19	59
19	62
19	67
19	75
19	83
19	91
19	343
19	362
19	460
19	496
19	532
19	543
19	697
19	796
20	23
20	26
20	27
20	28
20	64
20	69
20	70
20	88
20	96
20	98
20	164
20	660
20	662
20	743
20	828
21	23
21	33
21	45
21	46
21	47
21	48
21	49
21	51
21	62
21	67
21	75
21	81
21	90
21	122
21	301
21	304
21	547
21	651
22	25
22	30
22	33
22	40
22	48
22	49
22	50
22	58
22	60
22	73
22	93
22	95
22	97
22	116
22	302
22	596
22	947
23	28
23	30
23	34
23	36
23	44
23	48
23	80
23	81
23	87
23	89
23	90
23	95
23	292
23	362
23	519
23	616
23	650
23	754
23	890
23	925
24	25
24	33
24	37
24	38
24	48
24	49
24	67
24	68
24	74
24	87
24	233
24	344
24	421
24	470
24	604
24	632
24	645
24	975
25	36
25	49
25	55
25	56
25	64
25	67
25	74
25	75
25	160
25	222
25	343
25	604
25	673
25	945
26	30
26	38
26	43
26	59
26	61
26	72
26	76
26	83
26	88
26	241
26	329
26	332
26	370
26	405
26	796
26	954
27	33
27	35
27	36
27	37
27	44
27	71
27	74
27	82
27	90
27	95
27	142
27	218
27	362
27	370
27	449
27	488
27	510
27	572
27	583
27	608
27	753
27	810
27	870
28	30
28	88
28	99
28	251
28	256
28	350
28	429
28	580
28	654
28	748
28	942
29	37
29	39
29	51
29	57
29	58
29	59
29	64
29	72
29	74
29	79
29	89
29	97
29	131
29	183
29	310
29	358
29	408
29	437
29	564
29	568
29	860
30	33
30	38
30	45
30	46
30	47
30	51
30	55
30	61
30	70
30	78
30	81
30	306
30	386
30	547
30	576
30	656
30	693
30	817
30	985
31	47
31	66
31	73
31	74
31	77
31	78
31	82
31	94
31	97
31	115
31	395
31	405
31	608
31	652
31	745
31	903
31	933
32	42
32	55
32	56
32	58
32	74
32	85
32	86
32	99
32	250
32	263
32	389
32	465
32	590
32	592
32	612
32	644
32	952
33	40
33	42
33	54
33	59
33	75
33	84
33	90
33	96
33	99
33	112
33	125
33	639
33	867
34	39
34	41
34	44
34	55
34	62
34	69
34	75
34	79
34	85
34	87
34	92
34	97
34	115
34	171
34	204
34	481
34	581
34	683
34	742
34	755
34	818
34	858
34	906
35	41
35	50
35	59
35	91
35	257
36	43
36	51
36	58
36	63
36	65
36	68
36	70
36	76
36	149
36	399
36	457
36	675
36	680
36	729
36	976
37	41
37	52
37	58
37	64
37	79
37	96
37	199
37	504
37	569
37	789
37	865
37	901
38	39
38	65
38	71
38	72
38	77
38	79
38	81
38	106
38	191
38	262
38	308
38	375
38	472
38	597
38	658
38	740
38	814
39	48
39	58
39	59
39	61
39	70
39	71
39	82
39	89
39	93
39	96
39	129
39	186
39	195
39	274
39	292
39	343
39	678
39	854
39	879
39	886
40	45
40	58
40	60
40	63
40	65
40	77
40	80
40	85
40	91
40	203
40	212
40	468
40	819
41	42
41	43
41	45
41	68
41	69
41	88
41	97
41	144
41	226
41	314
41	359
41	366
41	381
41	815
41	907
41	955
42	53
42	56
42	58
42	81
42	85
42	88
42	156
42	261
42	273
42	276
42	900
42	976
43	53
43	55
43	70
43	78
43	79
43	85
43	87
43	89
43	98
43	159
43	232
43	305
43	545
43	685
43	833
44	44
44	59
44	61
44	81
44	83
44	87
44	88
44	91
44	119
44	247
44	365
45	65
45	66
45	73
45	83
45	85
45	88
45	306
45	475
45	749
45	842
45	923
46	53
46	68
46	70
46	72
46	76
46	212
46	547
46	671
46	817
46	845
46	966
47	58
47	65
47	91
47	304
47	375
47	549
47	921
48	48
48	50
48	51
48	76
48	84
48	90
48	93
48	157
48	340
48	446
48	486
48	560
48	613
48	616
48	644
48	794
48	954
49	51
49	58
49	61
49	63
49	72
49	73
49	84
49	86
49	91
49	128
49	179
49	465
49	598
49	674
49	675
49	760
50	51
50	55
50	66
50	78
50	82
50	83
50	85
50	87
50	591
50	650
50	689
50	881
51	62
51	66
51	83
51	85
51	87
51	90
51	98
51	172
51	190
51	347
51	385
51	400
51	648
51	717
51	909
51	932
51	941
52	71
52	72
52	74
52	76
52	77
52	83
52	95
52	142
52	522
52	579
52	812
53	53
53	77
53	78
53	80
53	95
53	96
53	387
53	553
53	702
53	902
53	993
54	89
54	94
54	96
54	178
54	507
54	586
54	717
54	782
54	857
55	74
55	76
55	77
55	84
55	89
55	91
55	99
55	160
55	366
55	390
55	461
55	541
55	660
56	64
56	77
56	82
56	84
56	123
56	242
56	253
56	389
56	417
56	422
56	575
56	591
56	614
56	756
56	845
57	59
57	71
57	72
57	73
57	80
57	82
57	91
57	94
57	96
57	163
57	255
57	676
57	912
58	59
58	75
58	93
58	99
58	322
58	372
58	387
58	469
58	600
58	786
58	916
59	67
59	84
59	87
59	96
59	208
59	828
59	833
60	61
60	65
60	70
60	71
60	72
60	77
60	99
60	257
60	485
60	771
60	802
60	803
60	830
61	79
61	177
61	257
61	445
61	485
61	492
61	676
61	804
62	64
62	68
62	76
62	77
62	96
62	275
62	320
62	613
62	632
63	72
63	83
63	97
63	287
63	379
63	484
63	589
63	605
64	71
64	75
64	78
64	86
64	103
64	126
64	213
64	263
64	471
64	493
64	824
64	954
64	964
65	71
65	78
65	79
65	83
65	93
65	252
65	306
65	391
65	416
65	555
65	611
65	613
65	732
65	802
65	833
65	848
65	871
65	989
66	82
66	84
66	86
66	318
66	714
66	737
66	765
66	787
66	873
66	935
67	80
67	87
67	198
67	349
67	424
67	492
67	543
67	894
68	71
68	99
68	151
68	160
68	206
68	527
68	576
68	607
68	719
68	980
69	78
69	89
69	180
69	181
69	183
69	950
69	988
70	72
70	74
70	83
70	91
70	104
70	251
70	601
70	711
70	985
71	93
71	96
71	115
71	238
71	476
71	550
71	661
71	842
71	876
71	945
71	996
72	87
72	88
72	90
72	91
72	179
72	223
72	264
72	468
72	493
72	621
72	888
72	976
73	83
73	93
73	95
73	373
73	377
73	425
73	489
73	744
74	79
74	82
74	300
74	404
74	445
74	501
74	562
74	606
74	901
74	928
75	77
75	82
75	412
75	809
76	77
76	97
76	165
76	240
76	285
76	354
76	789
76	900
77	88
77	90
77	97
77	123
77	219
77	286
77	439
77	450
77	908
77	916
78	82
78	83
78	91
78	93
78	99
78	231
78	234
78	300
78	404
78	421
78	439
78	482
78	516
78	532
78	562
78	652
78	672
78	677
78	867
79	80
79	82
79	91
79	257
79	388
79	606
79	636
79	752
79	956
80	91
80	94
80	99
80	121
80	238
80	313
80	474
80	867
80	884
80	935
81	84
81	91
81	95
81	173
81	279
81	350
81	479
81	507
81	822
81	879
81	889
82	84
82	98
82	150
82	167
82	498
82	617
82	669
82	729
82	919
83	91
83	212
83	247
84	98
84	116
84	127
84	162
84	265
84	292
84	388
84	468
84	518
84	716
84	726
84	791
84	850
85	88
85	92
85	312
85	429
85	534
85	569
85	572
85	632
85	795
86	90
86	91
86	93
86	99
86	402
86	576
86	697
86	861
87	98
87	119
87	441
87	647
87	796
87	801
87	803
87	807
87	858
88	462
88	699
88	783
89	91
89	135
89	172
89	328
89	390
89	579
89	630
89	834
90	91
90	95
90	165
90	246
90	467
90	757
90	839
90	855
90	926
91	110
91	364
91	558
91	796
92	159
92	205
92	248
92	289
92	338
92	401
92	466
92	626
92	929
93	140
93	509
93	569
93	584
93	721
93	942
93	973
94	215
94	230
94	247
94	305
94	392
94	460
94	484
94	525
94	549
94	636
94	651
94	729
94	732
94	868
95	96
95	191
95	270
95	298
95	368
95	590
95	777
95	797
95	864
95	875
95	905
96	689
96	845
96	914
96	948
97	111
97	273
97	489
97	575
97	590
97	664
97	806
97	823
97	859
98	172
98	278
98	400
98	503
98	660
98	698
99	103
99	124
99	171
99	230
99	373
99	443
99	462
99	614
99	830
99	866
99	950
100	109
100	110
100	112
100	114
100	132
100	135
100	143
100	162
100	164
100	170
100	171
100	179
100	181
100	187
100	191
100	192
100	193
100	197
100	200
100	432
100	562
100	618
100	669
100	852
100	855
101	111
101	112
101	122
101	131
101	132
101	140
101	145
101	147
101	156
101	162
101	163
101	170
101	178
101	189
101	276
101	697
101	947
102	109
102	128
102	147
102	163
102	171
102	191
102	199
102	829
102	970
102	981
103	114
103	129
103	139
103	146
103	147
103	155
103	159
103	165
103	173
103	176
103	193
103	197
103	210
103	226
103	334
103	423
103	504
103	761
103	779
103	887
104	114
104	123
104	125
104	128
104	131
104	138
104	142
104	166
104	175
104	198
104	204
104	674
104	852
104	858
105	127
105	132
105	134
105	135
105	140
105	150
105	154
105	165
105	191
105	193
105	197
105	256
105	507
105	545
105	626
105	759
105	992
106	107
106	108
106	118
106	119
106	122
106	135
106	148
106	150
106	157
106	161
106	172
106	191
106	232
106	366
106	374
106	904
107	113
107	124
107	133
107	134
107	136
107	165
107	176
107	196
107	383
107	426
107	558
107	631
107	663
107	869
107	905
107	920
107	923
108	123
108	125
108	135
108	138
108	158
108	159
108	166
108	168
108	176
108	185
108	187
108	194
108	232
108	297
108	343
108	510
108	597
108	645
108	647
109	109
109	119
109	124
109	132
109	145
109	151
109	154
109	165
109	168
109	170
109	175
109	176
109	197
109	303
109	310
109	329
109	425
109	506
109	557
109	733
109	903
109	945
110	124
110	125
110	128
110	130
110	132
110	137
110	143
110	150
110	154
110	171
110	173
110	179
110	185
110	187
110	193
110	198
110	224
110	299
110	368
110	481
110	686
110	723
110	745
110	945
111	115
111	118
111	124
111	127
111	129
111	138
111	162
111	175
111	183
111	193
111	198
111	208
111	327
111	329
111	454
111	503
111	544
111	560
111	670
111	718
111	874
112	132
112	135
112	138
112	143
112	146
112	148
112	151
112	156
112	157
112	161
112	171
112	174
112	180
112	188
112	189
112	194
112	335
112	353
112	668
112	713
112	724
113	114
113	115
113	117
113	118
113	119
113	127
113	131
113	132
113	141
113	146
113	149
113	153
113	155
113	176
113	282
113	392
113	447
113	566
113	777
114	119
114	123
114	133
114	142
114	143
114	172
114	174
114	189
114	196
114	435
114	550
114	646
114	906
115	127
115	134
115	138
115	140
115	146
115	157
115	168
115	170
115	174
115	175
115	189
115	194
115	195
115	196
115	267
115	556
115	740
115	888
115	993
116	118
116	149
116	153
116	169
116	182
116	186
116	196
116	198
116	268
116	293
116	307
116	591
116	726
116	773
116	811
117	125
117	137
117	138
117	139
117	147
117	149
117	157
117	158
117	166
117	179
117	185
117	192
117	207
117	549
117	582
117	598
117	639
117	647
117	898
118	128
118	132
118	159
118	184
118	187
118	341
118	493
118	884
119	123
119	134
119	135
119	144
119	149
119	170
119	172
119	174
119	178
119	191
119	194
119	287
119	683
119	938
119	994
120	121
120	123
120	129
120	139
120	151
120	164
120	197
120	238
120	301
120	395
120	437
120	452
120	542
120	550
120	630
120	700
120	732
120	892
120	898
120	915
121	127
121	129
121	134
121	149
121	152
121	154
121	159
121	171
121	173
121	176
121	182
121	187
121	191
121	287
121	627
121	677
121	826
121	980
122	171
122	176
122	192
122	234
122	260
122	299
122	364
122	476
122	780
122	800
123	138
123	141
123	144
123	146
123	149
123	153
123	154
123	155
123	159
123	165
123	168
123	176
123	196
123	353
123	446
123	471
123	633
123	695
124	136
124	145
124	162
124	167
124	169
124	226
124	325
124	352
124	492
124	493
124	501
124	647
124	689
125	137
125	138
125	144
125	164
125	167
125	172
125	173
125	176
125	364
125	402
125	423
125	489
125	574
125	625
126	134
126	135
126	142
126	150
126	153
126	164
126	172
126	174
126	175
126	752
126	783
127	152
127	154
127	156
127	164
127	178
127	180
127	184
127	191
127	195
127	197
127	599
127	629
127	645
127	899
128	130
128	133
128	135
128	148
128	153
128	173
128	178
128	191
128	192
128	199
128	207
128	213
128	292
128	460
128	604
128	677
128	706
128	737
128	809
128	925
129	142
129	170
129	173
129	175
129	197
129	213
129	309
129	352
129	535
129	845
129	979
130	136
130	137
130	141
130	152
130	157
130	180
130	189
130	191
130	615
130	837
131	135
131	142
131	146
131	148
131	153
131	163
131	170
131	175
131	176
131	253
131	412
131	543
131	589
131	598
131	625
131	770
131	878
131	960
132	135
132	142
132	149
132	176
132	178
132	186
132	338
132	384
132	415
132	539
132	597
132	745
132	921
133	139
133	155
133	160
133	163
133	175
133	179
133	190
133	345
133	433
133	521
133	825
133	952
133	978
133	991
134	144
134	152
134	159
134	165
134	167
134	169
134	195
134	197
134	434
134	465
134	715
134	760
134	925
135	156
135	163
135	164
135	177
135	193
135	237
135	461
135	656
135	715
135	851
135	861
135	987
136	137
136	152
136	159
136	161
136	164
136	173
136	183
136	409
136	882
136	927
136	997
137	139
137	140
137	151
137	153
137	159
137	167
137	182
137	190
137	191
137	193
137	196
137	221
137	402
137	429
137	445
137	456
137	477
137	526
137	528
137	591
137	620
137	634
137	720
137	957
138	173
138	182
138	188
138	195
138	323
138	351
138	408
138	525
138	600
138	614
138	625
138	785
138	825
139	165
139	172
139	184
139	189
139	194
139	197
139	360
139	470
139	515
139	534
139	673
139	775
139	909
139	940
139	944
140	143
140	169
140	173
140	187
140	191
140	194
140	416
140	435
140	467
140	478
140	547
140	588
140	642
140	681
140	985
141	167
141	176
141	208
141	493
141	604
141	914
141	975
142	142
142	157
142	162
142	173
142	176
142	181
142	187
142	190
142	193
142	298
142	764
142	924
143	148
143	155
143	160
143	164
143	170
143	180
143	188
143	226
143	232
143	334
143	393
143	505
143	636
143	699
143	741
143	820
144	152
144	157
144	162
144	172
144	174
144	175
144	192
144	236
144	246
144	397
144	405
144	555
144	557
144	775
145	148
145	151
145	153
145	175
145	186
145	206
145	277
145	425
145	801
146	160
146	165
146	167
146	177
146	178
146	189
146	357
146	443
146	494
146	599
146	657
146	717
147	153
147	161
147	182
147	185
147	197
147	298
147	300
147	304
147	403
147	722
147	843
148	160
148	177
148	199
148	633
148	700
148	741
148	781
148	816
149	156
149	158
149	162
149	167
149	175
149	178
149	181
149	195
149	216
149	325
149	745
149	758
149	760
149	888
149	909
149	959
150	151
150	157
150	165
150	167
150	197
150	199
150	203
150	210
150	547
150	763
150	824
151	155
151	156
151	161
151	167
151	168
151	169
151	176
151	197
151	259
151	278
151	655
151	700
151	748
151	939
152	161
152	168
152	172
152	197
152	343
152	473
152	644
152	698
152	834
153	160
153	174
153	176
153	181
153	183
153	217
153	254
153	792
153	799
153	971
154	155
154	162
154	164
154	174
154	178
154	180
154	183
154	230
154	273
154	305
154	359
154	367
154	542
154	685
154	828
155	160
155	161
155	164
155	174
155	181
155	188
155	203
155	336
155	773
155	882
155	994
156	169
156	175
156	176
156	179
156	181
156	188
156	198
156	206
156	240
156	557
156	865
156	920
156	924
156	992
157	161
157	164
157	166
157	171
157	184
157	225
157	240
157	311
157	607
157	667
157	879
157	885
158	164
158	165
158	181
158	188
158	190
158	509
158	611
158	675
158	753
158	784
158	824
159	164
159	166
159	186
159	204
159	767
159	831
159	857
159	927
160	168
160	176
160	183
160	184
160	185
160	190
160	402
160	432
160	435
160	463
160	594
160	809
160	857
160	943
160	994
161	175
161	176
161	179
161	180
161	188
161	191
161	194
161	197
161	198
161	304
161	375
161	589
161	599
161	612
161	652
161	916
162	166
162	169
162	171
162	173
162	175
162	185
162	189
162	193
162	194
162	195
162	197
162	199
162	223
162	260
162	434
162	485
162	703
162	905
163	176
163	179
163	194
163	283
163	585
164	173
164	183
164	194
164	247
164	402
164	513
164	669
164	755
164	927
164	980
165	168
165	171
165	183
165	195
165	198
165	237
165	246
165	269
165	315
165	590
165	779
165	872
166	174
166	175
166	182
166	183
166	184
166	185
166	189
166	464
166	629
166	763
166	766
166	897
166	924
166	936
166	945
166	974
167	170
167	172
167	177
167	321
167	478
167	548
167	581
167	595
167	807
167	863
168	177
168	181
168	185
168	253
168	270
168	326
168	447
168	744
169	174
169	189
169	390
169	651
169	653
169	728
169	819
170	179
170	182
170	188
170	190
170	199
170	266
170	453
170	673
170	695
170	696
170	774
170	804
170	885
170	968
171	178
171	179
171	183
171	193
171	413
171	685
171	705
171	801
171	931
171	937
171	973
172	173
172	181
172	186
172	189
172	197
172	199
172	239
172	245
172	248
172	371
172	750
173	176
173	183
173	184
173	194
173	196
173	556
173	627
173	675
173	999
174	191
174	346
174	406
174	538
174	775
175	178
175	181
175	188
175	201
175	460
175	597
175	607
175	662
175	857
176	192
176	196
176	211
176	286
176	305
176	704
176	829
176	889
177	185
177	196
177	295
177	604
177	772
177	809
177	985
178	184
178	194
178	198
178	269
178	389
178	571
178	869
179	221
179	319
179	513
179	532
179	693
179	721
180	188
180	265
180	286
180	355
180	371
180	434
180	493
180	496
180	622
180	876
180	949
180	993
181	186
181	193
181	251
181	300
181	378
181	484
181	501
181	594
181	616
181	805
181	892
182	367
182	400
182	597
183	184
183	198
183	216
183	220
183	399
183	428
183	430
183	445
183	602
183	745
183	758
183	796
183	799
183	911
183	937
184	184
184	188
184	189
184	196
184	626
184	637
184	759
184	827
184	828
185	192
185	197
185	284
185	329
185	369
185	934
186	282
186	386
186	507
186	538
186	713
186	723
186	894
187	191
187	591
187	606
187	610
187	630
187	850
187	860
187	899
188	189
188	234
188	425
188	567
188	763
188	781
188	786
188	790
188	845
188	882
188	923
188	966
188	996
189	197
189	247
189	317
189	320
189	500
189	712
189	870
190	196
190	815
190	875
190	905
190	910
191	193
191	244
191	268
191	664
191	676
191	747
191	765
192	197
192	199
192	212
192	239
192	485
192	521
192	540
192	649
192	780
193	198
193	250
193	359
193	507
193	649
193	771
193	793
193	833
193	869
194	196
194	245
194	257
194	297
194	350
194	370
194	525
194	664
195	285
195	443
195	655
195	966
196	199
196	220
196	238
196	468
196	487
196	495
196	499
196	559
196	585
196	696
196	726
196	971
197	198
197	237
197	523
197	720
197	887
198	342
198	385
198	961
199	332
199	399
199	446
199	654
200	201
200	205
200	206
200	211
200	213
200	227
200	238
200	266
200	272
200	281
200	285
200	292
200	298
200	299
200	420
200	762
200	952
201	208
201	220
201	221
201	241
201	256
201	259
201	282
201	284
201	297
201	326
201	393
201	446
201	575
201	625
201	666
201	764
201	777
201	991
202	214
202	229
202	231
202	234
202	247
202	258
202	259
202	261
202	289
202	292
202	295
202	296
202	553
202	555
203	204
203	224
203	233
203	237
203	251
203	260
203	262
203	269
203	270
203	278
203	287
203	294
203	299
203	347
203	575
203	704
203	766
203	950
204	204
204	220
204	224
204	235
204	239
204	288
204	292
204	296
204	298
204	319
204	404
204	605
204	686
205	213
205	214
205	216
205	246
205	264
205	274
205	282
205	284
205	288
205	291
205	377
205	401
205	675
205	746
206	224
206	231
206	232
206	236
206	250
206	264
206	266
206	278
206	279
206	312
206	474
206	484
206	698
206	750
206	816
206	864
206	882
206	983
207	222
207	237
207	241
207	251
207	263
207	267
207	278
207	282
207	329
207	342
207	421
207	517
207	626
208	213
208	225
208	240
208	246
208	247
208	260
208	277
208	281
208	283
208	286
208	396
208	626
208	652
208	747
208	931
209	211
209	215
209	228
209	235
209	237
209	241
209	286
209	296
209	458
209	585
209	823
209	981
210	234
210	254
210	255
210	261
210	277
210	279
210	288
210	294
210	303
210	311
210	360
210	367
210	396
210	455
210	895
211	216
211	228
211	229
211	231
211	247
211	248
211	265
211	272
211	280
211	287
211	296
211	297
211	617
211	693
211	760
211	791
212	220
212	226
212	228
212	229
212	246
212	257
212	264
212	267
212	283
212	298
212	299
212	509
212	535
212	536
212	655
212	683
212	702
212	797
212	877
212	884
212	936
213	218
213	234
213	239
213	253
213	269
213	276
213	288
213	740
213	758
213	850
213	880
213	895
213	984
214	221
214	232
214	233
214	247
214	253
214	259
214	281
214	284
214	286
214	288
214	348
214	411
214	511
214	544
214	685
214	845
214	881
214	901
214	903
215	224
215	239
215	268
215	283
215	452
215	463
215	483
215	493
215	636
215	706
215	956
216	218
216	221
216	233
216	240
216	242
216	264
216	279
216	284
216	286
216	289
216	297
216	491
216	777
216	808
216	904
217	239
217	246
217	248
217	257
217	259
217	269
217	273
217	274
217	290
217	292
217	801
217	809
218	219
218	227
218	232
218	239
218	244
218	250
218	251
218	252
218	253
218	273
218	275
218	278
218	291
218	298
218	409
218	511
218	599
218	711
219	221
219	228
219	237
219	240
219	275
219	282
219	312
219	365
219	399
219	660
219	822
220	242
220	246
220	248
220	259
220	274
220	292
220	297
220	377
220	698
220	886
221	225
221	229
221	238
221	239
221	254
221	263
221	268
221	371
221	412
221	590
221	955
221	989
222	236
222	249
222	259
222	270
222	283
222	298
222	701
222	718
222	773
222	774
222	798
223	234
223	244
223	260
223	274
223	280
223	299
223	442
223	446
223	671
224	237
224	238
224	244
224	251
224	254
224	258
224	270
224	275
224	280
224	283
224	286
224	289
224	293
224	870
224	942
224	951
224	958
225	227
225	231
225	239
225	252
225	253
225	260
225	262
225	276
225	278
225	288
225	289
225	290
225	298
225	305
225	326
225	432
225	439
225	594
225	740
226	228
226	233
226	239
226	247
226	248
226	256
226	262
226	268
226	278
226	283
226	288
226	296
226	297
226	663
226	750
226	816
227	245
227	269
227	291
227	294
227	335
227	351
227	480
227	684
227	805
227	852
228	234
228	235
228	249
228	256
228	257
228	263
228	265
228	273
228	276
228	281
228	297
228	298
228	427
228	604
228	820
228	832
228	881
228	904
229	246
229	258
229	259
229	261
229	262
229	268
229	359
229	408
229	476
229	615
229	731
229	838
229	875
229	905
230	240
230	251
230	253
230	258
230	270
230	287
230	527
230	545
230	669
230	833
230	847
231	232
231	239
231	242
231	243
231	244
231	258
231	259
231	264
231	266
231	267
231	277
231	278
231	280
231	285
231	335
231	402
231	771
231	799
231	883
231	889
231	963
232	242
232	244
232	252
232	257
232	269
232	280
232	282
232	287
232	289
232	376
232	623
232	627
232	733
232	753
232	994
233	235
233	247
233	252
233	273
233	287
233	298
233	641
233	786
234	248
234	251
234	254
234	257
234	259
234	263
234	264
234	266
234	269
234	270
234	272
234	277
234	323
234	367
234	380
234	435
234	554
234	614
234	623
234	674
234	677
234	731
234	755
234	769
234	805
234	859
235	240
235	246
235	248
235	257
235	260
235	266
235	290
235	294
235	525
235	664
235	838
235	952
236	265
236	283
236	296
236	616
236	703
236	724
236	800
236	920
237	248
237	249
237	261
237	272
237	280
237	290
237	294
237	365
237	509
237	601
237	641
237	708
237	717
237	732
237	962
238	250
238	260
238	273
238	274
238	275
238	284
238	285
238	296
238	367
238	487
238	500
238	577
238	610
238	750
238	883
238	886
238	942
238	998
239	249
239	252
239	261
239	272
239	284
239	290
239	291
239	293
239	294
239	297
239	298
239	536
239	543
239	590
239	786
239	895
240	275
240	277
240	278
240	279
240	288
240	369
240	458
240	462
240	480
240	647
240	805
241	260
241	264
241	267
241	279
241	290
241	298
241	732
241	754
242	253
242	261
242	267
242	272
242	280
242	283
242	285
242	296
242	303
242	323
242	370
242	388
242	712
242	994
243	259
243	270
243	278
243	290
243	295
243	298
243	390
243	504
243	553
243	979
243	986
244	260
244	266
244	271
244	276
244	285
244	295
244	348
244	376
244	482
244	606
244	612
244	896
244	967
245	251
245	263
245	266
245	272
245	278
245	285
245	288
245	294
245	403
245	492
245	570
245	684
245	936
246	247
246	249
246	259
246	267
246	268
246	273
246	275
246	287
246	292
246	297
246	308
246	384
246	420
246	440
246	667
246	718
246	928
247	261
247	268
247	276
247	278
247	289
247	292
247	296
247	371
247	407
247	452
247	503
247	534
247	563
247	936
247	980
248	267
248	279
248	286
248	295
248	494
248	594
248	785
248	853
248	886
249	252
249	261
249	262
249	273
249	274
249	283
249	285
249	286
249	294
249	296
249	356
249	372
249	770
249	996
250	256
250	258
250	264
250	266
250	271
250	277
250	281
250	291
250	380
250	500
250	582
250	673
250	856
251	253
251	262
251	278
251	283
251	285
251	286
251	291
251	293
251	348
251	387
251	394
251	408
251	523
251	612
251	653
251	849
252	258
252	261
252	264
252	269
252	277
252	296
252	297
252	368
252	710
252	749
252	966
253	263
253	266
253	268
253	270
253	274
253	275
253	285
253	303
253	364
253	416
253	595
253	600
253	700
253	702
253	795
253	901
253	987
254	271
254	283
254	285
254	286
254	293
254	296
254	305
254	353
254	365
254	633
254	900
254	937
254	977
255	274
255	276
255	278
255	280
255	283
255	284
255	287
255	298
255	415
255	472
255	604
256	263
256	264
256	267
256	271
256	294
256	299
256	575
256	577
256	687
256	702
256	725
256	770
256	903
256	911
257	258
257	264
257	265
257	266
257	270
257	271
257	287
257	293
257	294
257	297
257	351
257	409
257	539
257	599
257	621
257	766
257	888
258	266
258	287
258	354
258	446
258	715
258	743
259	264
259	266
259	275
259	282
259	283
259	284
259	294
259	683
260	265
260	273
260	279
260	282
260	292
260	323
260	392
260	483
260	614
260	696
260	977
260	990
261	281
261	284
261	287
261	409
261	533
261	646
261	759
262	277
262	278
262	279
262	295
262	296
262	575
262	783
262	800
262	953
263	263
263	276
263	281
263	283
263	287
263	298
263	299
263	321
263	455
263	458
263	730
263	778
263	784
263	892
263	895
264	266
264	268
264	276
264	280
264	283
264	287
264	915
265	282
265	286
265	294
265	320
265	365
265	377
265	630
265	638
265	821
265	934
265	970
266	271
266	273
266	283
266	296
266	301
266	429
266	932
266	989
267	275
267	289
267	361
267	431
267	446
267	469
267	553
267	563
267	584
267	662
267	785
267	888
267	947
268	275
268	288
268	297
268	298
268	354
268	364
268	370
268	478
268	730
268	764
268	766
268	830
268	891
269	286
269	294
269	298
269	480
269	493
269	500
269	544
269	959
270	271
270	274
270	279
270	283
270	287
270	291
270	329
270	336
270	413
270	484
270	491
270	868
270	991
271	271
271	289
271	293
271	299
271	524
271	726
271	828
271	955
271	960
271	978
272	273
272	275
272	279
272	280
272	288
272	289
272	293
272	313
272	426
272	536
272	562
272	669
273	285
273	292
273	386
273	451
273	731
273	778
273	896
274	280
274	286
274	426
274	580
274	667
274	739
274	744
274	825
274	984
275	288
275	290
275	295
275	296
275	508
275	602
276	277
276	279
276	283
276	286
276	317
276	373
276	416
276	448
276	590
276	896
276	930
277	280
277	299
277	485
277	602
277	637
277	714
278	366
278	451
278	518
278	555
278	773
278	814
278	858
278	967
279	292
279	299
279	433
279	655
279	661
279	739
279	869
279	881
279	950
280	286
280	288
280	627
280	718
280	739
280	818
281	526
281	618
281	825
281	867
281	889
281	993
282	291
282	387
282	448
282	560
282	727
282	733
282	747
282	910
283	285
283	290
283	292
283	294
283	299
283	346
283	499
283	524
283	538
283	600
283	614
283	669
283	715
283	876
283	999
284	294
284	416
284	574
284	909
285	286
285	288
285	298
285	407
285	683
286	290
286	295
286	298
286	299
286	306
286	313
286	363
286	454
286	503
286	716
286	790
286	867
287	287
287	294
287	296
287	438
287	608
287	688
288	294
288	295
288	296
288	491
288	515
288	711
288	741
288	887
288	915
289	297
289	472
289	552
289	569
289	592
289	704
289	828
290	296
290	305
290	375
290	654
290	692
290	752
291	294
291	581
291	722
291	724
291	755
291	779
291	912
292	292
292	295
292	507
292	544
292	586
292	656
292	795
292	829
292	885
293	295
293	358
293	833
293	870
293	898
294	363
294	371
294	413
294	441
294	683
294	989
295	325
295	515
295	597
295	681
295	859
295	898
295	973
296	323
296	383
296	512
296	646
296	732
296	819
296	832
296	851
296	939
296	999
297	553
297	565
297	588
297	667
297	709
297	898
298	299
298	653
298	931
298	942
299	559
300	303
300	322
300	339
300	341
300	343
300	371
300	387
300	396
300	468
300	540
300	554
300	789
300	857
301	319
301	332
301	343
301	366
301	393
301	406
301	521
301	642
301	673
301	725
301	950
302	344
302	353
302	372
302	379
302	380
302	389
302	396
302	398
302	482
302	510
302	561
302	603
302	645
302	738
302	872
302	959
303	304
303	316
303	329
303	342
303	360
303	362
303	366
303	375
303	376
303	386
303	390
303	397
303	400
303	678
303	711
303	771
304	304
304	308
304	312
304	314
304	317
304	318
304	333
304	335
304	341
304	344
304	347
304	356
304	359
304	362
304	377
304	379
304	386
304	397
304	399
304	620
304	778
304	858
304	940
305	316
305	331
305	342
305	343
305	347
305	350
305	362
305	370
305	398
305	799
306	311
306	316
306	329
306	332
306	344
306	356
306	357
306	362
306	397
306	557
306	570
306	686
306	715
306	853
306	865
307	311
307	322
307	330
307	346
307	352
307	354
307	361
307	362
307	365
307	370
307	374
307	375
307	384
307	391
307	392
307	452
307	618
307	953
308	313
308	332
308	336
308	337
308	342
308	343
308	344
308	353
308	362
308	365
308	395
308	397
308	509
309	313
309	333
309	338
309	339
309	351
309	372
309	376
309	385
309	394
309	471
309	541
309	753
309	811
310	317
310	348
310	374
310	379
310	383
310	393
310	397
310	398
310	770
310	884
311	320
311	324
311	325
311	326
311	328
311	339
311	345
311	347
311	348
311	349
311	365
311	371
311	387
311	440
311	503
311	571
311	882
311	904
312	315
312	321
312	326
312	328
312	336
312	338
312	341
312	347
312	348
312	353
312	372
312	374
312	389
312	398
312	463
312	502
312	560
312	561
312	594
312	656
313	335
313	347
313	356
313	376
313	377
313	382
313	384
313	385
313	386
313	392
313	567
313	590
313	816
313	844
313	883
313	898
314	317
314	336
314	353
314	355
314	357
314	358
314	365
314	369
314	375
314	379
314	667
314	763
314	779
314	800
315	316
315	322
315	334
315	339
315	343
315	345
315	363
315	369
315	370
315	372
315	383
315	385
315	388
315	397
315	556
315	608
315	837
315	842
316	318
316	329
316	359
316	370
316	382
316	385
316	391
316	395
316	504
316	627
316	667
316	688
316	905
317	339
317	342
317	349
317	368
317	374
317	395
317	399
317	409
317	504
317	542
317	658
317	724
317	829
317	914
317	933
317	936
318	321
318	322
318	326
318	327
318	337
318	374
318	385
318	390
318	397
318	479
318	593
318	640
318	790
318	858
319	333
319	347
319	352
319	353
319	354
319	365
319	509
319	524
319	552
319	782
319	832
320	324
320	330
320	331
320	334
320	340
320	353
320	370
320	382
320	387
320	391
320	393
320	506
320	583
320	862
321	322
321	329
321	330
321	331
321	332
321	335
321	341
321	342
321	350
321	352
321	353
321	354
321	358
321	363
321	369
321	378
321	381
321	382
321	384
321	387
321	390
321	392
321	491
321	778
321	869
321	961
321	971
322	343
322	344
322	356
322	361
322	372
322	376
322	387
322	393
322	518
322	530
322	560
322	605
322	935
323	329
323	340
323	347
323	352
323	361
323	366
323	368
323	376
323	378
323	381
323	398
323	466
323	471
323	486
323	495
323	725
323	815
323	920
324	325
324	326
324	329
324	345
324	363
324	369
324	378
324	391
324	395
324	518
324	550
324	689
324	790
325	334
325	337
325	348
325	351
325	361
325	376
325	381
325	385
325	392
325	394
325	496
325	942
325	972
326	328
326	334
326	341
326	357
326	360
326	389
326	393
326	397
326	411
326	432
326	534
326	572
326	588
326	814
326	883
327	327
327	336
327	341
327	351
327	362
327	365
327	367
327	391
327	397
327	432
327	488
328	340
328	347
328	387
328	390
328	604
328	635
328	770
328	838
329	330
329	331
329	332
329	333
329	338
329	346
329	355
329	357
329	370
329	376
329	377
329	378
329	429
329	537
329	738
329	821
329	843
329	900
330	332
330	338
330	341
330	357
330	365
330	372
330	394
330	547
330	557
330	600
330	624
330	740
330	762
330	872
331	332
331	337
331	354
331	367
331	374
331	378
331	398
331	468
331	599
331	735
331	736
331	770
331	800
331	840
332	332
332	336
332	341
332	361
332	369
332	371
332	395
332	821
333	339
333	353
333	359
333	364
333	369
333	391
333	394
333	496
333	675
333	725
333	752
333	827
334	368
334	380
334	381
334	383
334	404
334	432
334	434
334	649
334	822
334	844
335	339
335	345
335	348
335	356
335	364
335	368
335	371
335	385
335	434
335	590
335	697
335	760
336	357
336	363
336	371
336	388
336	389
336	391
336	396
336	444
336	461
336	625
336	741
336	746
336	844
336	860
336	894
336	989
337	342
337	349
337	376
337	382
337	383
337	440
337	465
337	747
337	820
337	858
337	865
337	912
337	964
338	340
338	363
338	367
338	408
338	412
338	460
338	601
338	609
338	799
338	949
338	968
339	343
339	345
339	367
339	377
339	388
339	395
339	527
339	671
339	755
339	899
339	940
340	342
340	353
340	362
340	367
340	373
340	380
340	386
340	389
340	390
340	391
340	465
340	467
340	536
340	589
340	620
340	857
341	347
341	351
341	367
341	368
341	394
341	425
341	512
341	625
341	662
341	719
341	859
342	346
342	347
342	350
342	363
342	374
342	388
342	391
342	467
342	483
342	556
342	683
342	785
342	918
343	355
343	358
343	360
343	374
343	375
343	389
343	407
343	488
343	572
343	612
343	617
343	816
344	353
344	357
344	359
344	392
344	652
344	868
344	993
345	347
345	350
345	351
345	355
345	359
345	377
345	382
345	383
345	395
345	426
345	559
345	590
345	712
345	830
345	899
345	995
346	380
346	384
346	391
346	396
346	397
346	398
346	399
346	424
346	652
346	708
346	891
347	355
347	370
347	371
347	374
347	377
347	398
347	683
347	990
348	350
348	360
348	364
348	367
348	368
348	373
348	383
348	384
348	385
348	386
348	389
348	396
348	398
348	462
348	684
348	795
348	899
349	353
349	354
349	367
349	387
349	391
349	393
349	827
349	841
349	936
350	354
350	388
350	389
350	394
350	396
350	555
350	631
350	801
350	990
351	357
351	360
351	365
351	382
351	383
351	384
351	388
351	536
351	544
351	828
351	985
352	357
352	358
352	364
352	399
352	540
352	838
352	893
352	934
353	358
353	364
353	369
353	381
353	393
353	426
353	437
353	548
353	597
353	633
353	635
353	723
353	827
353	863
353	958
354	357
354	361
354	366
354	374
354	375
354	378
354	393
354	395
354	397
354	493
354	574
354	701
354	768
354	844
355	359
355	364
355	366
355	376
355	385
355	388
355	418
355	797
355	927
355	955
356	360
356	374
356	399
356	777
356	867
357	360
357	368
357	375
357	376
357	382
357	383
357	394
357	395
357	851
357	989
358	361
358	362
358	374
358	385
358	387
358	392
358	508
358	542
358	562
358	772
358	953
359	360
359	361
359	362
359	373
359	375
359	383
359	390
359	394
359	497
359	515
359	590
359	792
359	875
359	892
360	373
360	383
360	391
360	395
360	445
360	497
360	633
360	745
360	966
361	369
361	384
361	385
361	387
361	391
361	395
361	449
361	841
361	870
362	380
362	383
362	387
362	518
362	740
362	829
362	989
363	373
363	383
363	554
363	586
363	625
363	920
364	375
364	379
364	387
364	574
364	838
364	851
365	371
365	380
365	387
365	576
365	725
365	946
366	387
366	398
366	518
366	675
366	859
366	900
366	935
366	967
366	988
367	371
367	378
367	382
367	396
367	398
367	439
367	545
367	567
367	592
367	696
367	725
367	913
368	387
368	398
368	485
368	541
369	378
369	756
369	902
369	933
370	374
370	378
370	380
370	398
370	399
370	543
370	593
370	691
370	695
370	777
370	847
370	898
371	373
371	387
371	389
371	390
371	398
371	510
371	545
372	375
372	376
372	379
372	384
372	389
372	396
372	397
372	410
372	500
372	656
373	390
373	646
373	918
373	984
374	383
374	391
374	399
374	472
374	532
374	840
374	878
375	377
375	378
375	384
375	392
375	394
375	399
375	795
375	989
375	996
376	378
376	388
376	398
376	399
376	457
376	466
376	541
376	587
376	739
377	398
377	456
377	691
378	384
378	398
378	627
378	859
378	881
379	389
379	752
379	912
379	939
380	383
380	390
380	399
380	923
380	934
381	381
381	386
381	397
381	463
381	591
381	595
381	647
381	658
381	668
381	714
381	938
382	386
382	395
382	404
382	472
382	524
382	985
383	393
383	399
383	606
383	769
384	385
384	423
384	444
384	561
384	700
384	703
384	712
384	717
384	858
384	868
385	394
385	402
385	482
385	730
385	829
385	970
386	387
386	399
386	605
386	670
386	791
387	390
387	393
387	395
387	399
387	540
387	604
387	702
387	829
387	919
388	389
388	398
388	426
388	533
388	639
388	684
388	754
388	893
388	962
388	977
389	391
389	395
389	449
389	493
389	680
389	799
389	873
390	397
390	487
390	509
390	636
390	693
390	855
391	395
391	471
391	644
391	706
391	753
392	393
392	396
392	635
392	654
392	803
392	810
392	825
392	912
393	636
393	893
394	434
394	548
394	598
394	863
394	890
395	398
395	399
395	553
395	604
395	653
395	693
395	768
396	399
396	438
396	507
396	726
396	954
397	532
397	759
398	568
398	595
398	804
399	399
399	430
399	437
399	471
399	473
399	625
399	628
399	639
399	769
399	866
399	873
400	401
400	406
400	425
400	440
400	448
400	461
400	464
400	468
400	472
400	473
400	751
400	853
401	405
401	419
401	421
401	429
401	430
401	431
401	438
401	459
401	465
401	470
401	471
401	475
401	483
401	498
401	553
401	559
401	564
401	657
401	933
402	415
402	420
402	424
402	430
402	444
402	451
402	459
402	462
402	466
402	471
402	483
402	484
402	495
402	895
402	928
403	404
403	410
403	412
403	415
403	425
403	432
403	443
403	453
403	459
403	464
403	491
403	496
403	667
403	684
403	882
403	947
404	405
404	417
404	432
404	460
404	462
404	463
404	471
404	473
404	474
404	476
404	511
404	577
404	993
405	407
405	411
405	432
405	437
405	446
405	483
405	491
405	841
406	408
406	420
406	425
406	444
406	459
406	472
406	478
406	480
406	488
406	743
406	783
406	917
407	422
407	439
407	450
407	452
407	474
407	498
407	556
407	685
407	782
407	851
407	894
408	418
408	424
408	428
408	437
408	460
408	461
408	465
408	484
408	578
409	414
409	417
409	428
409	434
409	437
409	438
409	441
409	444
409	453
409	458
409	469
409	484
409	488
409	496
409	623
409	783
409	848
409	880
409	892
410	414
410	416
410	427
410	472
410	478
410	484
410	495
410	496
410	508
410	543
410	572
410	683
410	733
410	755
410	784
411	414
411	416
411	424
411	425
411	441
411	449
411	458
411	459
411	468
411	474
411	485
411	626
411	771
411	796
411	907
411	961
412	416
412	418
412	420
412	426
412	436
412	437
412	438
412	457
412	458
412	461
412	474
412	480
412	644
413	415
413	419
413	427
413	432
413	437
413	442
413	443
413	448
413	452
413	456
413	460
413	461
413	471
413	485
413	486
413	491
413	492
413	530
413	589
413	660
413	775
413	939
413	983
414	415
414	417
414	432
414	433
414	435
414	440
414	448
414	458
414	469
414	634
414	977
415	422
415	430
415	442
415	457
415	464
415	471
415	472
415	477
415	478
415	479
415	483
415	484
415	496
415	540
415	562
415	615
415	946
416	419
416	446
416	448
416	451
416	457
416	460
416	464
416	468
416	481
416	485
416	492
416	495
416	498
416	529
416	873
416	927
417	423
417	424
417	432
417	435
417	444
417	452
417	464
417	476
417	478
417	483
417	485
417	537
417	836
417	991
417	994
418	429
418	431
418	435
418	444
418	454
418	462
418	475
418	479
418	481
418	485
418	497
418	560
418	710
418	826
418	865
419	420
419	433
419	436
419	453
419	461
419	479
419	488
419	489
419	497
419	801
419	808
419	877
419	928
420	426
420	428
420	435
420	436
420	438
420	439
420	441
420	451
420	467
420	484
420	495
420	745
420	760
420	828
421	421
421	423
421	426
421	432
421	443
421	445
421	450
421	452
421	464
421	468
421	475
421	482
421	950
422	426
422	439
422	444
422	445
422	451
422	464
422	470
422	478
422	486
422	666
422	814
422	896
423	435
423	437
423	443
423	450
423	453
423	462
423	478
423	481
423	484
423	487
423	493
423	606
423	631
423	656
424	444
424	446
424	453
424	464
424	475
424	494
424	554
424	604
424	609
424	679
424	808
424	937
425	427
425	467
425	472
425	474
425	487
425	550
425	634
425	802
425	981
426	475
426	485
426	499
426	545
426	711
426	721
427	428
427	438
427	448
427	450
427	453
427	466
427	480
427	481
427	486
427	492
427	580
427	848
428	432
428	433
428	447
428	453
428	456
428	462
428	479
428	499
428	511
428	639
428	743
428	755
428	816
429	437
429	439
429	464
429	479
429	488
429	496
429	653
429	697
429	751
429	772
429	792
429	835
429	923
430	439
430	449
430	450
430	456
430	457
430	460
430	483
430	486
430	498
430	745
430	768
430	825
430	899
431	434
431	449
431	461
431	481
431	487
431	496
431	619
431	636
431	683
431	694
431	697
432	436
432	445
432	450
432	455
432	463
432	470
432	481
432	486
432	570
432	692
432	787
432	876
432	960
432	967
432	968
433	435
433	446
433	453
433	461
433	476
433	486
433	496
433	741
434	458
434	485
434	493
434	495
434	590
434	870
434	878
434	928
434	999
435	439
435	450
435	460
435	462
435	470
435	472
435	489
435	496
435	497
435	574
435	592
435	683
435	694
435	699
435	794
435	901
435	920
436	444
436	449
436	452
436	470
436	482
436	495
436	585
436	839
436	981
437	443
437	447
437	465
437	467
437	472
437	496
437	584
437	757
437	928
438	443
438	463
438	464
438	470
438	477
438	482
438	483
438	485
438	506
438	556
438	610
438	678
438	680
438	823
438	868
438	887
438	946
439	453
439	458
439	461
439	468
439	474
439	478
439	481
439	483
439	493
439	496
439	497
439	716
439	779
439	867
439	983
440	451
440	452
440	460
440	466
440	467
440	468
440	473
440	499
440	725
441	441
441	456
441	475
441	487
441	550
441	639
441	752
441	847
442	468
442	474
442	489
442	490
442	492
442	544
442	653
442	691
442	778
442	926
443	446
443	450
443	454
443	455
443	461
443	466
443	473
443	476
443	479
443	488
443	489
443	492
443	499
443	624
443	667
443	671
443	859
443	933
443	950
444	447
444	456
444	462
444	469
444	475
444	486
444	492
444	507
444	828
444	880
444	934
444	973
445	448
445	455
445	461
445	477
445	536
445	696
446	461
446	470
446	474
446	494
446	499
446	568
446	571
446	642
446	845
446	945
446	963
447	450
447	472
447	484
447	489
447	495
447	502
447	613
447	785
447	805
448	451
448	456
448	458
448	464
448	477
448	488
448	489
448	498
448	522
448	598
448	609
448	644
448	744
448	774
448	926
449	457
449	458
449	461
449	468
449	469
449	471
449	473
449	474
449	476
449	937
450	454
450	457
450	459
450	464
450	474
450	481
450	485
450	496
450	531
450	591
450	592
450	686
450	702
450	751
450	898
450	903
450	928
451	459
451	468
451	479
451	499
451	542
451	551
451	765
451	892
451	942
451	974
452	465
452	469
452	472
452	492
452	495
452	511
452	773
452	874
452	998
453	461
453	464
453	473
453	497
453	551
454	461
454	473
454	474
454	481
454	482
454	484
454	486
455	470
455	478
455	496
455	661
455	729
455	952
456	470
456	484
456	488
456	495
456	497
456	566
456	574
456	595
456	685
457	468
457	481
457	492
457	499
457	881
458	460
458	466
458	468
458	470
458	478
458	483
458	484
458	492
458	521
458	581
458	635
458	667
458	723
458	756
458	787
458	986
459	476
459	487
459	493
459	499
459	613
459	640
459	687
459	695
459	718
459	723
460	487
460	666
460	739
460	759
460	886
461	469
461	498
461	514
461	814
461	857
461	962
462	465
462	472
462	486
462	492
462	493
462	498
462	698
463	466
463	468
463	471
463	479
463	490
463	536
463	538
463	595
463	614
463	735
463	851
463	934
464	468
464	469
464	471
464	482
464	485
464	490
464	492
464	493
464	873
465	473
465	481
465	484
465	485
465	492
465	495
465	559
465	682
465	716
465	763
465	799
465	809
465	902
465	945
466	477
466	479
466	489
466	491
466	493
466	499
466	606
466	717
466	723
466	849
466	898
467	485
467	496
467	617
467	776
467	786
468	475
468	496
468	532
468	614
468	699
468	790
468	905
468	955
469	477
469	492
469	498
469	552
469	554
469	557
469	724
469	807
469	857
469	895
469	993
470	487
470	490
470	496
470	866
470	965
471	492
471	496
471	618
471	799
471	942
472	593
472	657
472	683
472	725
472	827
472	839
472	939
472	950
473	479
473	887
474	478
474	479
474	481
474	484
474	493
474	767
474	776
474	805
475	475
475	567
475	721
475	926
476	485
476	492
476	972
477	495
477	655
477	784
478	480
478	481
478	497
478	574
478	627
478	662
478	685
479	649
479	674
479	794
480	498
480	586
480	682
480	698
480	799
480	911
480	915
481	482
481	497
481	704
481	760
481	819
482	483
482	484
482	485
482	486
482	490
482	504
482	712
482	731
482	734
482	800
482	897
482	919
483	520
483	686
483	805
483	936
484	486
484	492
484	494
484	515
484	519
484	596
484	630
484	660
484	889
484	917
485	506
485	513
485	580
485	602
485	727
485	848
485	888
486	493
486	881
487	674
487	712
487	735
487	749
487	951
488	497
488	540
488	573
488	732
488	747
489	494
489	570
489	699
489	755
489	883
489	982
490	494
490	499
490	684
490	822
490	932
490	948
491	534
491	603
491	706
491	818
491	999
492	494
492	627
492	663
492	941
492	942
493	525
493	548
493	557
493	623
493	672
493	839
493	977
494	581
494	618
494	848
495	496
495	602
495	715
495	727
495	928
495	966
496	549
496	756
496	771
496	882
496	913
497	542
497	596
497	644
497	796
497	891
497	923
498	538
498	660
498	708
498	887
499	921
499	999
500	504
500	506
500	533
500	537
500	540
500	541
500	549
500	550
500	562
500	578
500	592
500	594
500	647
500	699
500	878
501	524
501	533
501	561
501	579
501	592
501	593
501	598
501	643
501	668
502	504
502	505
502	515
502	523
502	529
502	537
502	549
502	575
502	578
502	581
502	582
502	598
502	714
502	728
502	800
502	931
503	508
503	514
503	515
503	520
503	522
503	528
503	533
503	540
503	559
503	564
503	586
503	593
503	596
503	605
503	834
504	508
504	511
504	514
504	515
504	529
504	537
504	549
504	550
504	562
504	581
504	583
504	590
504	596
504	597
504	730
505	511
505	520
505	525
505	529
505	531
505	534
505	535
505	543
505	557
505	560
505	562
505	564
505	581
505	594
505	636
505	678
505	780
505	905
506	507
506	509
506	517
506	536
506	541
506	568
506	592
506	595
506	641
506	658
506	676
506	855
506	891
506	893
506	940
506	964
507	517
507	531
507	546
507	550
507	573
507	583
507	598
507	694
507	703
508	515
508	516
508	527
508	544
508	547
508	551
508	555
508	557
508	558
508	562
508	563
508	566
508	575
508	584
508	591
508	620
508	662
508	687
509	517
509	522
509	530
509	532
509	559
509	658
509	660
509	689
509	885
509	898
509	980
510	514
510	524
510	528
510	530
510	532
510	538
510	539
510	540
510	541
510	550
510	552
510	566
510	573
510	574
510	580
510	587
510	605
510	701
511	517
511	525
511	527
511	529
511	536
511	537
511	545
511	553
511	560
511	574
511	580
511	593
511	770
511	793
511	876
512	518
512	524
512	537
512	556
512	562
512	565
512	580
512	593
512	596
512	616
512	635
512	970
513	527
513	534
513	558
513	571
513	589
513	620
513	695
513	939
513	952
514	522
514	532
514	550
514	573
514	574
514	581
514	582
514	616
514	688
514	735
514	784
515	520
515	523
515	544
515	553
515	554
515	557
515	562
515	572
515	573
515	581
515	585
515	593
515	599
515	650
516	518
516	522
516	542
516	543
516	569
516	572
516	576
516	586
516	591
516	858
517	523
517	527
517	532
517	534
517	539
517	548
517	556
517	563
517	594
517	656
518	522
518	527
518	546
518	561
518	574
518	575
518	577
518	583
518	589
518	595
518	603
518	667
518	763
518	887
518	980
519	522
519	527
519	528
519	529
519	540
519	543
519	547
519	554
519	556
519	568
519	585
519	587
519	590
519	677
519	808
519	911
520	537
520	551
520	558
520	562
520	582
520	583
520	587
520	595
520	677
520	782
520	787
520	818
521	525
521	529
521	531
521	541
521	542
521	543
521	549
521	551
521	557
521	572
521	595
521	855
521	951
521	993
522	529
522	541
522	544
522	545
522	549
522	555
522	556
522	560
522	561
522	569
522	598
522	689
522	694
522	882
523	527
523	531
523	533
523	538
523	539
523	555
523	582
523	593
523	594
523	610
524	530
524	538
524	560
524	564
524	567
524	595
524	629
524	650
524	740
524	917
524	966
525	540
525	544
525	546
525	553
525	555
525	563
525	581
525	589
525	597
526	534
526	538
526	540
526	543
526	548
526	551
526	557
526	564
526	568
526	582
526	714
526	765
526	791
526	817
527	530
527	537
527	539
527	552
527	559
527	563
527	574
527	586
527	589
527	592
527	629
527	719
527	778
527	874
528	528
528	545
528	557
528	562
528	578
528	584
528	585
528	592
528	593
528	684
529	530
529	543
529	545
529	552
529	553
529	557
529	559
529	565
529	568
529	574
529	584
529	586
529	597
529	788
529	931
529	958
530	534
530	536
530	539
530	540
530	554
530	556
530	562
530	567
530	575
530	598
530	627
530	658
530	687
530	823
530	826
530	962
531	550
531	551
531	552
531	561
531	565
531	568
531	576
531	581
531	583
531	589
531	592
531	617
531	687
531	732
531	794
531	948
531	993
532	542
532	546
532	552
532	568
532	569
532	570
532	577
532	582
532	584
532	585
532	586
532	590
532	946
533	536
533	537
533	546
533	553
533	555
533	562
533	579
533	585
533	672
533	928
533	960
534	538
534	541
534	542
534	546
534	581
534	787
534	903
535	543
535	588
535	953
536	542
536	567
536	579
536	583
536	632
536	688
536	695
536	888
537	538
537	540
537	544
537	551
537	564
537	567
537	577
537	583
537	589
537	612
537	706
537	740
537	801
538	567
538	569
538	588
538	593
538	803
538	914
539	553
539	560
539	562
539	634
539	650
539	696
539	853
540	546
540	547
540	553
540	560
540	595
540	596
540	603
540	650
540	885
540	888
540	950
541	553
541	574
541	576
541	580
541	584
541	596
541	623
542	548
542	560
542	561
542	579
542	593
542	612
543	551
543	553
543	560
543	567
543	574
543	584
543	593
543	790
543	903
543	979
544	547
544	551
544	561
544	564
544	574
544	575
544	579
544	580
544	587
544	596
544	622
544	819
544	828
545	551
545	558
545	588
545	589
545	594
545	851
545	924
546	558
546	564
546	590
546	685
547	549
547	553
547	576
547	588
547	596
547	682
547	836
547	965
548	553
548	559
548	561
548	573
548	578
548	582
548	583
548	592
548	684
549	550
549	551
549	556
549	567
549	578
549	582
549	584
549	594
549	751
550	551
550	552
550	557
550	576
550	586
550	588
550	590
550	595
550	643
551	556
551	558
551	562
551	569
551	570
551	574
551	580
551	587
551	589
551	607
551	655
551	670
551	807
551	822
551	897
551	974
551	979
552	569
552	580
552	598
552	644
552	650
552	671
552	884
552	903
552	944
553	557
553	567
553	583
553	590
553	597
553	599
553	738
553	776
553	960
554	563
554	569
554	576
554	578
554	593
554	598
554	599
554	744
554	784
554	964
555	560
555	570
555	574
555	579
555	580
555	587
555	610
555	629
555	906
555	948
556	556
556	561
556	564
556	574
556	583
556	826
557	566
557	570
557	580
557	582
557	591
557	594
557	596
557	599
557	765
557	860
557	888
557	962
558	563
558	566
558	574
558	583
558	592
558	595
558	596
558	614
558	638
558	842
558	904
559	562
559	564
559	578
559	584
559	585
559	587
559	591
559	609
559	619
559	737
560	583
560	595
560	746
560	782
561	562
561	563
561	566
561	570
561	586
561	753
562	566
562	582
562	590
562	594
562	598
562	619
562	730
562	916
563	565
563	567
563	582
563	596
563	597
563	762
563	847
563	857
563	867
563	869
563	875
563	974
564	568
564	570
564	577
564	578
564	579
564	589
564	868
564	874
565	574
565	580
565	582
565	589
565	712
565	869
565	927
566	570
566	584
566	589
566	761
566	868
566	992
567	571
567	585
567	586
567	588
567	599
567	631
567	731
567	833
568	570
568	586
568	589
568	592
568	595
568	737
568	825
568	858
568	905
569	570
569	571
569	579
569	580
569	592
569	593
569	645
569	793
569	848
569	930
570	580
570	584
570	799
570	801
570	817
570	850
570	938
571	576
571	584
571	591
571	604
571	707
571	885
572	581
572	597
572	611
572	684
572	896
572	977
573	574
573	595
573	648
573	852
573	977
574	815
575	589
575	658
575	897
576	589
576	590
576	599
576	716
576	783
576	819
577	578
577	579
577	581
577	889
578	594
578	750
578	783
578	819
578	887
579	588
579	593
579	594
579	634
579	702
579	823
580	587
580	590
580	876
581	582
581	596
581	681
581	685
581	699
581	739
581	898
582	590
582	594
582	598
582	713
582	899
583	584
583	591
583	711
583	748
583	788
583	976
583	999
584	588
584	593
584	938
585	812
585	845
585	949
586	589
586	633
587	599
587	624
587	684
587	739
587	826
588	591
588	708
588	802
588	954
589	591
589	593
589	599
589	647
589	714
589	889
590	596
590	599
590	660
590	698
590	836
591	597
591	682
591	762
591	884
592	985
593	750
593	934
593	981
594	598
594	672
594	802
594	936
594	991
595	596
595	648
595	687
595	958
595	963
596	598
596	791
596	795
596	831
596	865
597	605
597	746
597	953
598	599
598	637
598	660
598	667
598	977
599	678
599	858
600	612
600	614
600	618
600	625
600	655
600	664
600	669
600	680
600	685
600	697
600	876
600	905
601	606
601	610
601	618
601	633
601	642
601	645
601	646
601	658
601	661
601	674
601	684
601	685
601	688
601	693
601	695
601	698
601	699
601	842
601	860
602	617
602	639
602	659
602	662
602	682
602	692
602	713
602	913
603	615
603	617
603	628
603	632
603	636
603	637
603	640
603	651
603	658
603	667
603	693
603	694
603	697
603	918
603	949
604	621
604	623
604	625
604	632
604	654
604	655
604	668
604	669
604	680
604	941
605	607
605	611
605	612
605	623
605	624
605	625
605	626
605	634
605	641
605	642
605	660
605	667
605	676
606	608
606	617
606	626
606	632
606	642
606	645
606	653
606	657
606	662
606	667
606	692
606	699
606	735
606	980
607	615
607	623
607	625
607	634
607	642
607	644
607	653
607	664
607	667
607	688
607	690
607	905
607	913
608	614
608	619
608	634
608	637
608	644
608	648
608	661
608	666
608	667
608	671
608	694
608	722
608	727
608	745
608	825
608	848
608	906
608	927
609	623
609	630
609	633
609	634
609	637
609	643
609	671
609	673
609	681
609	690
610	621
610	625
610	629
610	630
610	632
610	644
610	675
610	681
610	683
610	685
610	696
610	844
610	985
611	618
611	619
611	623
611	625
611	629
611	631
611	647
611	666
611	669
611	689
611	890
611	974
612	618
612	645
612	653
612	662
612	679
612	688
612	692
612	693
612	698
612	842
612	929
613	631
613	644
613	646
613	651
613	653
613	656
613	684
613	689
613	693
613	784
613	792
613	985
614	618
614	632
614	639
614	653
614	663
614	682
614	692
614	761
615	617
615	640
615	648
615	657
615	674
615	684
615	690
615	695
615	698
615	842
615	844
615	873
615	890
616	621
616	622
616	628
616	632
616	644
616	660
616	665
616	667
616	673
616	680
616	688
616	689
616	696
616	698
616	766
616	777
616	815
616	825
616	901
616	969
617	618
617	619
617	620
617	622
617	654
617	664
617	671
617	678
617	686
617	690
617	691
617	770
617	771
618	620
618	621
618	624
618	625
618	632
618	635
618	638
618	651
618	654
618	666
618	670
618	672
618	678
618	686
618	690
618	693
618	818
618	838
619	624
619	628
619	647
619	656
619	665
619	671
619	676
619	684
619	688
619	694
619	695
619	725
619	808
619	933
620	626
620	634
620	658
620	675
620	682
620	684
620	803
620	904
620	910
621	627
621	641
621	672
621	681
621	682
621	699
621	744
621	807
622	627
622	635
622	637
622	644
622	648
622	658
622	660
622	661
622	666
622	675
622	678
622	772
622	988
623	630
623	638
623	642
623	660
623	674
623	676
623	688
623	699
623	810
623	910
623	928
623	929
623	932
624	627
624	631
624	632
624	642
624	645
624	655
624	656
624	665
624	666
624	683
624	687
624	693
624	696
624	889
624	967
624	998
625	628
625	629
625	638
625	639
625	640
625	648
625	651
625	663
625	665
625	673
625	684
625	774
625	829
625	909
626	630
626	639
626	640
626	646
626	648
626	657
626	670
626	684
626	699
626	820
626	866
626	876
627	652
627	655
627	659
627	661
627	671
627	673
627	675
627	681
627	684
627	687
627	693
627	869
627	954
628	637
628	642
628	656
628	658
628	663
628	664
628	665
628	674
628	682
628	694
628	763
628	775
628	794
629	650
629	652
629	665
629	667
629	669
629	671
629	673
629	695
629	749
629	967
630	634
630	640
630	644
630	656
630	661
630	666
630	672
630	673
630	676
630	682
631	633
631	648
631	655
631	657
631	672
631	676
631	690
631	694
631	696
631	782
631	793
631	801
631	812
631	880
632	636
632	673
632	684
632	690
632	694
632	783
632	994
633	633
633	646
633	657
633	658
633	672
633	675
633	690
633	692
633	715
633	807
633	963
634	637
634	641
634	665
634	669
634	679
634	685
634	686
634	692
634	951
635	635
635	649
635	663
635	669
635	670
635	685
635	750
636	664
636	669
636	670
636	676
636	680
636	682
636	691
636	758
636	843
636	896
637	643
637	656
637	687
637	688
637	694
637	914
637	990
638	653
638	656
638	659
638	669
638	681
638	698
638	800
639	639
639	648
639	651
639	657
639	663
639	672
639	674
639	683
639	689
639	696
639	802
639	824
640	641
640	647
640	648
640	661
640	665
640	673
640	695
640	741
640	922
641	645
641	646
641	648
641	651
641	659
641	665
641	666
641	667
641	673
641	676
641	677
641	697
641	698
641	699
641	707
641	784
641	806
641	842
641	889
641	971
642	649
642	651
642	657
642	664
642	673
642	677
642	680
642	696
642	722
642	977
643	659
643	675
643	678
643	690
643	693
643	698
643	699
643	702
643	734
643	806
643	844
643	936
644	662
644	666
644	676
644	686
644	689
644	692
644	716
644	734
645	651
645	666
645	671
645	675
645	694
645	699
645	804
645	997
646	653
646	654
646	670
646	690
646	692
646	723
646	741
647	664
647	666
647	668
647	673
647	681
647	683
647	694
647	717
647	759
647	865
647	874
647	886
647	958
647	987
648	650
648	655
648	663
648	679
648	686
648	690
648	695
648	713
648	870
649	657
649	665
649	672
649	674
649	679
649	680
649	686
649	694
649	695
649	764
649	811
650	651
650	653
650	662
650	688
650	695
650	747
650	752
651	658
651	662
651	663
651	664
651	667
651	680
651	685
651	690
651	695
651	792
651	909
651	985
652	652
652	661
652	671
652	691
652	692
652	780
652	825
653	663
653	667
653	672
653	676
653	682
653	686
653	687
653	697
653	699
653	736
653	775
654	657
654	671
654	674
654	690
654	715
654	821
654	838
654	847
654	897
654	935
654	990
655	667
655	668
655	675
655	682
655	736
655	796
656	675
656	723
656	959
657	663
657	664
657	667
657	670
657	761
657	769
657	799
658	663
658	958
659	660
659	661
659	663
659	667
659	668
659	679
659	680
659	684
659	685
659	692
659	695
659	734
659	952
659	985
660	666
660	675
660	682
660	684
660	697
660	721
660	741
660	910
661	664
661	666
661	675
661	682
661	689
661	692
661	698
661	699
661	834
661	995
661	997
662	667
662	675
662	676
662	697
662	896
662	924
663	672
663	687
663	689
663	700
664	667
664	681
664	683
664	686
664	689
664	691
664	699
664	709
664	812
664	855
665	666
665	671
665	683
665	688
665	797
665	848
666	669
666	670
666	672
666	673
666	773
667	785
667	968
667	984
668	711
669	674
669	682
669	691
669	692
669	695
670	678
670	683
670	691
670	947
671	671
671	674
671	682
671	696
671	699
671	708
671	807
672	672
672	686
672	802
673	674
673	681
673	693
673	728
673	918
674	675
674	684
674	685
674	690
674	691
674	805
674	948
675	678
675	679
675	686
675	781
676	680
676	684
676	696
676	729
676	781
676	860
676	985
677	687
677	698
677	717
677	753
677	896
678	678
678	687
678	692
678	694
678	697
678	774
678	892
678	947
679	680
679	686
679	690
679	696
679	697
679	763
679	967
680	688
680	698
680	784
680	797
680	853
680	935
680	970
681	683
681	812
682	691
682	830
682	956
683	692
683	694
683	770
683	838
683	887
684	695
684	905
684	916
684	931
685	744
685	896
685	905
685	944
686	719
686	942
687	695
687	696
687	947
688	699
688	766
688	949
689	698
689	699
689	734
689	765
689	782
690	695
690	843
691	887
692	709
692	813
692	878
692	952
693	693
693	695
693	759
693	872
694	854
694	878
695	697
696	941
697	697
697	889
697	931
698	781
698	854
698	996
699	961
700	713
700	728
700	738
700	772
700	780
700	781
700	794
700	796
700	960
701	707
701	708
701	723
701	728
701	729
701	737
701	743
701	745
701	749
701	751
701	757
701	765
701	768
701	781
701	782
701	789
701	798
701	807
702	712
702	719
702	727
702	736
702	740
702	755
702	756
702	760
702	767
702	778
702	780
702	781
702	788
702	796
702	809
702	841
702	885
702	923
703	706
703	708
703	709
703	723
703	738
703	740
703	741
703	742
703	752
703	759
703	760
703	766
703	775
703	787
703	798
703	899
704	720
704	721
704	722
704	734
704	735
704	737
704	747
704	758
704	769
704	783
704	787
704	791
704	880
705	727
705	731
705	732
705	739
705	756
705	757
705	761
705	772
705	787
705	790
705	791
705	795
705	799
706	713
706	714
706	728
706	735
706	742
706	744
706	748
706	752
706	784
707	708
707	709
707	713
707	716
707	723
707	725
707	734
707	746
707	748
707	759
707	773
707	787
708	713
708	714
708	717
708	719
708	731
708	751
708	757
708	773
708	788
708	790
708	890
708	915
708	993
709	710
709	718
709	719
709	726
709	727
709	736
709	749
709	755
709	766
709	767
709	773
709	777
709	786
709	790
710	716
710	725
710	739
710	740
710	748
710	754
710	759
710	765
710	770
710	783
710	784
710	787
710	789
710	799
710	805
710	967
711	718
711	774
711	789
711	795
711	914
712	717
712	724
712	727
712	736
712	740
712	741
712	748
712	759
712	762
712	793
712	797
712	798
712	934
713	715
713	720
713	734
713	747
713	754
713	759
713	762
713	769
713	772
713	784
713	799
714	715
714	717
714	729
714	734
714	737
714	749
714	755
714	760
714	763
714	775
714	780
714	786
714	793
714	808
714	973
715	719
715	726
715	769
715	777
715	778
715	785
716	736
716	752
716	762
716	768
716	780
716	784
716	785
716	788
716	793
716	851
716	874
716	918
716	967
716	970
717	720
717	727
717	747
717	773
717	778
717	784
717	787
717	803
717	979
718	729
718	744
718	746
718	749
718	758
718	766
718	774
718	782
719	722
719	731
719	754
719	763
719	778
719	779
719	782
719	788
719	794
719	796
719	885
719	969
720	736
720	745
720	746
720	764
720	765
720	770
720	776
720	782
720	791
720	792
720	799
721	742
721	744
721	746
721	747
721	762
721	766
721	780
721	786
721	787
721	792
721	795
721	877
721	883
722	727
722	729
722	740
722	741
722	748
722	771
722	774
722	776
722	783
722	798
722	799
722	886
722	950
723	729
723	749
723	755
723	759
723	769
723	776
723	792
723	793
723	799
724	725
724	765
724	773
724	776
724	783
725	729
725	732
725	733
725	735
725	748
725	749
725	756
725	769
725	772
725	773
725	781
725	967
726	731
726	733
726	760
726	764
726	765
726	766
726	773
726	776
726	779
726	784
726	791
726	853
726	962
727	730
727	731
727	756
727	769
727	773
727	793
727	796
727	852
727	871
727	934
728	730
728	733
728	741
728	750
728	769
728	770
728	776
728	786
728	788
728	789
728	790
728	795
728	797
728	855
728	870
728	902
729	738
729	739
729	758
729	759
729	777
730	733
730	737
730	738
730	742
730	750
730	761
730	783
730	784
730	787
730	793
731	733
731	738
731	743
731	746
731	747
731	761
731	765
731	772
731	774
731	787
731	793
731	796
731	801
731	861
731	892
731	965
732	733
732	739
732	758
732	764
732	765
732	770
732	784
732	786
732	787
732	797
733	738
733	739
733	752
733	759
733	767
733	781
733	865
734	743
734	758
734	767
734	768
734	783
735	746
735	758
735	770
735	779
735	785
735	789
735	826
736	736
736	747
736	761
736	763
736	773
736	782
736	785
736	787
736	790
737	739
737	751
737	752
737	779
737	781
737	847
737	969
738	752
738	774
738	779
738	788
738	797
738	802
738	816
739	741
739	743
739	750
739	754
739	757
739	765
739	777
739	790
739	797
740	742
740	750
740	757
740	785
740	786
740	791
740	941
740	964
740	993
741	747
741	750
741	775
741	789
741	798
741	940
742	747
742	760
742	764
742	779
742	874
743	747
743	760
743	761
743	763
743	779
743	781
743	968
744	747
744	756
744	766
744	780
744	783
744	788
744	807
744	835
744	836
744	884
745	751
745	761
745	762
745	793
745	797
745	853
746	758
746	765
746	771
746	777
746	789
746	790
746	792
746	794
746	796
746	797
746	940
746	994
747	750
747	763
747	775
747	776
747	780
747	788
747	797
747	855
747	982
748	750
748	758
748	768
748	770
748	791
748	793
748	797
748	951
749	750
749	755
749	767
749	775
749	785
749	787
749	797
749	884
749	897
750	753
750	757
750	760
750	770
750	771
750	779
750	785
750	790
751	756
751	775
751	781
751	783
751	784
751	785
751	786
751	797
751	901
751	985
752	759
752	765
752	783
752	794
752	916
753	769
753	775
753	778
753	788
753	794
753	863
753	894
753	920
754	777
754	785
754	794
754	855
754	970
755	756
755	760
755	761
755	767
755	770
755	782
755	794
755	851
756	757
756	758
756	760
756	763
756	769
756	770
756	773
756	775
756	778
756	780
756	798
756	915
757	760
757	761
757	763
757	772
757	788
757	795
757	797
757	998
758	759
758	766
758	772
758	877
758	943
758	948
758	949
759	775
759	781
759	785
759	787
759	793
759	947
759	984
760	768
760	777
760	779
760	780
760	783
760	785
760	786
760	787
760	789
761	785
761	796
761	798
762	764
762	767
762	768
762	772
762	773
762	780
762	791
762	792
762	793
762	795
762	797
762	799
762	866
763	768
763	772
763	859
764	771
764	774
764	778
764	780
764	785
764	786
764	790
764	797
765	768
765	779
765	782
765	785
765	793
765	883
765	931
766	781
766	790
766	794
766	816
766	916
766	962
767	776
767	823
768	778
768	785
768	792
768	866
769	775
769	779
769	783
769	791
769	794
769	797
769	888
769	906
770	771
770	773
770	796
771	774
771	779
771	781
771	784
771	790
771	798
771	881
771	883
771	944
772	780
772	785
772	827
773	789
773	792
773	881
774	786
774	886
774	973
775	803
775	821
775	910
775	924
775	989
776	776
776	791
776	862
776	921
777	785
777	809
777	881
778	781
778	796
778	797
778	799
778	855
778	892
778	948
779	788
779	799
779	814
780	793
780	845
780	900
781	783
781	784
781	795
781	799
782	783
782	796
782	918
782	995
783	797
783	988
784	789
785	790
785	797
785	814
785	943
785	986
786	849
787	789
787	882
788	789
788	793
788	988
789	797
789	905
789	939
789	947
789	977
790	797
792	796
792	798
792	851
793	795
793	810
793	840
793	901
794	971
795	798
795	799
795	851
795	852
795	859
796	912
796	935
797	971
800	802
800	809
800	820
800	821
800	829
800	837
800	841
800	845
800	846
800	857
800	865
800	868
800	870
800	872
800	883
800	884
801	808
801	818
801	846
801	847
801	849
801	865
801	874
801	881
801	886
801	936
802	803
802	811
802	831
802	846
802	855
802	859
802	866
802	872
802	880
802	885
802	889
802	893
802	970
803	809
803	815
803	853
803	871
803	873
803	884
803	885
803	889
804	804
804	807
804	820
804	829
804	862
804	866
804	874
804	878
804	884
804	886
804	898
805	806
805	817
805	843
805	844
805	867
805	889
805	897
806	812
806	815
806	822
806	825
806	831
806	835
806	844
806	848
806	866
806	879
806	885
806	943
807	829
807	830
807	839
807	843
807	852
807	854
807	871
807	872
807	882
807	895
807	990
808	812
808	815
808	818
808	827
808	828
808	832
808	837
808	860
808	890
808	892
808	899
808	963
808	997
809	831
809	833
809	848
809	873
809	878
809	909
810	817
810	822
810	823
810	825
810	828
810	833
810	844
810	846
810	851
810	857
810	885
810	899
810	906
810	927
810	962
811	813
811	816
811	844
811	864
811	867
811	875
811	888
811	897
811	993
812	815
812	816
812	822
812	824
812	839
812	844
812	855
812	873
812	885
812	895
812	896
813	824
813	826
813	840
813	841
813	856
813	862
813	867
813	868
813	876
813	892
814	819
814	822
814	832
814	834
814	837
814	847
814	854
814	864
814	872
814	876
814	881
814	897
814	973
814	993
815	821
815	823
815	835
815	840
815	871
815	878
815	883
816	822
816	823
816	827
816	828
816	857
816	877
816	882
816	907
817	817
817	821
817	826
817	827
817	831
817	851
817	857
817	858
817	865
817	869
817	884
817	889
817	967
818	822
818	823
818	824
818	841
818	865
818	873
818	885
818	886
818	895
819	842
819	852
819	855
819	880
819	890
819	894
819	896
819	899
820	824
820	841
820	851
820	855
820	858
820	884
820	891
820	894
821	828
821	832
821	837
821	840
821	843
821	847
821	851
821	853
821	857
821	863
821	869
821	870
821	889
821	892
821	895
821	896
821	898
822	827
822	828
822	839
822	854
822	860
822	876
822	886
822	895
822	899
823	829
823	839
823	856
823	857
823	882
823	883
823	887
823	893
823	898
823	909
823	970
823	996
824	826
824	828
824	833
824	835
824	837
824	853
824	854
824	866
824	875
824	878
824	880
824	886
824	893
824	896
824	899
824	913
824	982
825	836
825	847
825	850
825	853
825	871
825	872
825	883
825	961
826	835
826	841
826	851
826	865
826	866
826	876
826	884
826	968
827	849
827	856
827	878
827	883
827	885
827	888
827	889
828	829
828	833
828	834
828	835
828	864
828	871
828	875
828	892
828	898
828	962
829	845
829	860
829	864
829	872
829	874
829	883
829	887
829	895
829	897
829	946
830	831
830	834
830	847
830	851
830	885
830	893
830	896
830	962
830	987
831	831
831	838
831	848
831	870
831	890
831	906
831	962
832	838
832	842
832	844
832	853
832	861
832	875
832	876
832	877
832	883
833	844
833	846
833	862
833	865
833	879
833	880
833	892
834	836
834	839
834	841
834	854
834	859
834	863
834	872
834	887
834	892
834	897
835	842
835	846
835	849
835	851
835	860
835	862
835	873
835	877
835	885
835	891
835	945
836	836
836	838
836	839
836	858
836	862
836	871
836	882
837	845
837	849
837	860
837	881
837	938
838	842
838	844
838	854
838	866
838	869
838	882
838	890
838	896
839	850
839	872
839	874
839	898
839	912
839	913
839	954
840	845
840	857
840	858
840	859
840	917
840	946
841	843
841	847
841	848
841	858
841	865
841	869
841	888
841	995
842	843
842	846
842	849
842	880
842	893
842	899
842	965
843	853
843	861
843	882
843	899
844	847
844	850
844	856
844	875
844	878
844	885
844	890
844	893
844	895
844	898
845	857
845	858
845	875
845	889
845	919
845	997
846	851
846	857
846	861
846	864
846	865
846	869
846	876
846	880
846	881
846	886
847	854
847	858
847	860
847	861
847	862
847	871
847	882
847	895
847	898
847	899
848	850
848	858
848	879
848	881
848	890
848	891
848	898
848	947
848	973
849	849
849	850
849	858
849	870
849	875
849	884
849	889
850	851
850	852
850	859
850	865
850	884
850	892
851	854
851	855
851	859
851	863
851	867
851	868
851	871
851	878
851	890
851	896
851	946
851	954
852	853
852	856
852	870
852	881
852	883
852	884
852	888
852	893
852	982
852	983
853	853
853	859
853	866
853	875
853	881
853	889
853	895
853	899
853	917
853	936
854	856
854	857
854	858
854	865
854	869
854	883
854	889
854	890
854	893
854	896
855	859
855	863
855	867
855	879
855	899
855	948
855	980
855	985
856	861
856	862
856	868
856	890
856	895
856	996
857	866
857	874
857	876
857	877
857	881
857	936
858	861
858	862
858	863
858	871
858	873
858	878
858	883
858	889
858	899
858	963
859	868
859	891
859	987
860	861
860	864
860	867
860	874
860	875
860	895
860	898
861	865
861	872
861	890
861	997
862	865
862	869
862	870
862	873
862	888
862	892
863	863
863	868
863	885
863	897
864	882
864	885
865	865
865	870
865	899
865	947
866	872
866	891
866	894
867	867
867	872
868	872
868	877
868	884
868	887
869	870
869	874
869	890
869	912
869	963
869	972
870	883
870	886
871	873
871	880
871	884
871	886
871	894
871	895
871	956
872	887
872	891
872	899
872	958
873	875
873	895
873	937
874	876
874	882
874	899
875	875
875	883
875	889
875	892
875	893
875	919
876	878
876	885
876	908
878	884
878	887
878	894
878	898
878	976
879	889
879	892
879	898
879	906
880	889
881	881
881	885
881	889
881	898
882	884
882	891
883	885
883	899
884	886
884	898
886	897
887	895
887	927
887	962
888	899
888	902
888	976
889	898
889	906
890	896
891	987
892	895
892	898
893	899
893	920
894	898
894	899
894	993
895	899
898	969
900	905
900	910
900	923
900	950
900	951
900	968
900	975
901	914
901	922
901	946
901	948
901	969
901	970
901	974
901	981
901	991
902	912
902	916
902	920
902	923
902	930
902	939
902	944
902	953
902	954
902	956
902	962
902	970
902	972
902	975
902	986
902	997
902	999
903	904
903	911
903	928
903	934
903	941
903	942
903	944
903	954
903	962
903	965
903	974
903	987
903	991
903	995
904	905
904	917
904	931
904	932
904	940
904	947
904	948
904	950
904	953
904	967
904	974
904	985
904	993
904	995
904	997
905	911
905	914
905	922
905	967
905	969
905	978
905	988
906	909
906	916
906	923
906	953
906	954
906	966
906	970
906	977
906	980
906	988
907	908
907	915
907	917
907	931
907	939
907	949
907	964
907	975
907	977
907	984
907	997
908	926
908	928
908	929
908	932
908	941
908	942
908	947
908	949
908	969
908	976
908	984
908	994
909	910
909	916
909	920
909	922
909	931
909	933
909	938
909	944
909	961
909	975
909	981
909	982
910	916
910	927
910	947
910	978
910	980
910	989
910	995
911	922
911	925
911	927
911	960
911	969
911	978
911	995
912	917
912	919
912	925
912	947
912	948
912	955
912	957
912	963
912	976
912	978
912	996
913	915
913	923
913	924
913	936
913	963
913	982
913	988
914	919
914	924
914	928
914	933
914	935
914	937
914	938
914	939
914	946
914	958
914	959
914	964
914	976
914	982
915	917
915	928
915	934
915	937
915	941
915	945
915	951
915	961
915	965
915	970
915	981
915	983
915	991
915	996
916	919
916	923
916	936
916	940
916	960
916	965
916	974
916	976
917	918
917	924
917	925
917	935
917	940
917	947
917	948
917	950
917	951
917	959
917	978
917	993
917	995
918	927
918	941
918	943
918	958
918	959
918	961
918	969
918	976
918	977
918	978
918	996
919	921
919	930
919	946
919	956
919	976
919	979
919	994
920	921
920	933
920	934
920	946
920	956
920	960
920	967
920	973
920	975
920	988
920	991
920	992
920	996
920	997
921	930
921	959
921	972
921	994
921	997
922	930
922	931
922	945
922	959
922	960
922	969
922	972
922	989
922	995
923	940
923	942
923	947
923	950
923	953
923	961
923	964
923	967
923	980
923	983
924	926
924	931
924	943
924	948
924	950
924	959
924	960
924	961
924	964
924	965
924	969
924	970
924	978
924	981
924	983
924	987
924	992
925	928
925	937
925	939
925	948
925	956
925	958
925	986
926	940
926	944
926	946
926	962
926	967
926	984
926	990
926	995
927	939
927	942
927	953
927	965
927	986
928	940
928	948
928	949
928	953
928	956
928	963
928	970
928	972
928	999
929	932
929	939
929	957
929	961
929	964
929	966
929	968
929	969
929	971
929	979
929	983
929	985
930	936
930	944
930	945
930	946
930	949
930	952
930	959
930	986
930	996
930	999
931	938
931	940
931	942
931	945
931	950
931	952
931	955
931	966
931	973
931	974
931	983
931	988
932	932
932	935
932	941
932	944
932	955
932	986
932	994
933	946
933	966
933	994
934	949
934	950
934	989
934	998
935	940
935	957
935	968
935	973
935	975
935	981
935	988
936	942
936	957
936	969
936	978
936	979
936	988
936	996
936	997
937	948
937	955
937	962
937	969
937	970
937	984
937	994
938	943
938	957
938	970
938	983
938	987
938	991
939	948
939	958
939	963
939	965
939	993
940	946
940	949
940	957
940	988
940	990
940	999
941	960
941	969
941	975
941	986
941	999
942	942
942	943
942	947
942	949
942	950
942	960
942	965
942	969
942	970
942	978
942	995
943	958
943	966
943	972
943	976
943	977
943	983
943	990
943	996
944	945
944	949
944	956
944	958
944	981
944	983
944	991
944	992
945	968
945	969
945	974
945	975
945	976
945	979
946	971
946	990
946	992
946	995
946	996
947	952
947	955
947	959
947	960
947	962
947	969
947	971
947	972
947	973
947	984
947	986
947	990
947	992
948	956
948	967
948	973
948	983
948	985
949	952
949	956
949	968
949	979
949	981
949	986
950	952
950	968
950	971
950	990
950	991
950	993
950	997
951	955
951	967
951	982
951	987
951	989
952	960
952	976
952	977
952	998
953	959
953	963
953	966
953	979
953	983
953	986
954	954
954	960
954	977
954	999
955	955
955	964
955	975
955	981
955	985
955	990
956	956
956	960
956	969
956	981
956	986
956	989
956	999
957	977
957	978
957	982
957	991
957	996
957	997
958	962
958	964
958	966
958	976
958	980
958	994
959	965
959	981
959	982
959	985
960	969
960	973
960	977
960	988
961	964
961	968
961	970
961	979
961	989
961	992
961	995
963	969
963	982
964	971
964	972
964	981
964	987
965	966
965	971
965	979
965	980
965	988
965	991
965	992
966	984
967	979
967	989
967	990
967	991
967	993
967	996
968	974
968	980
968	991
969	981
969	983
969	987
969	994
969	998
970	972
970	977
970	980
970	990
971	977
971	981
971	983
971	991
971	992
972	984
972	990
973	987
973	992
974	979
974	991
975	978
975	984
975	986
975	987
975	991
975	994
975	995
976	988
976	993
977	985
977	987
978	983
979	988
979	992
980	982
980	984
980	991
980	995
981	983
981	984
981	993
982	986
983	985
983	988
983	995
983	999
984	990
984	996
984	998
985	998
987	991
988	988
988	991
989	990
989	996
990	991
991	994
993	997
