0	17
0	20
0	25
0	29
0	44
0	45
0	53
0	75
0	83
0	84
0	96
0	99
0	672
0	881
1	6
1	10
1	11
1	15
1	16
1	33
1	34
1	38
1	43
1	44
1	58
1	59
1	66
1	73
1	75
1	79
1	81
1	649
2	3
2	4
2	31
2	52
2	53
2	56
2	60
2	66
2	72
2	75
2	77
2	84
2	85
2	180
2	246
2	714
2	990
3	22
3	36
3	40
3	41
3	43
3	62
3	73
3	79
3	82
3	93
3	641
3	667
3	676
4	12
4	22
4	50
4	53
4	62
4	65
4	83
4	88
4	91
4	96
4	98
4	244
4	353
4	418
4	630
4	887
5	16
5	24
5	39
5	53
5	54
5	55
5	59
5	68
5	69
5	71
5	82
5	83
5	87
5	89
5	97
5	270
5	295
5	795
6	13
6	27
6	39
6	45
6	48
6	59
6	67
6	68
6	70
6	79
6	87
6	92
6	98
7	8
7	16
7	19
7	25
7	26
7	42
7	53
7	56
7	58
7	59
7	61
7	70
7	87
7	96
7	544
7	753
7	878
7	980
8	13
8	17
8	22
8	25
8	36
8	37
8	39
8	42
8	52
8	54
8	76
8	356
9	11
9	15
9	16
9	19
9	21
9	26
9	31
9	35
9	36
9	39
9	56
9	67
9	76
9	78
9	88
9	90
9	94
9	95
9	97
9	98
9	99
9	442
9	463
9	910
9	979
10	24
10	25
10	29
10	37
10	38
10	51
10	66
10	70
10	72
10	85
10	94
10	96
10	537
10	635
11	16
11	17
11	18
11	20
11	24
11	26
11	36
11	37
11	42
11	44
11	45
11	49
11	57
11	59
11	61
11	68
11	75
11	77
11	81
11	92
11	361
11	592
11	670
11	802
12	13
12	21
12	25
12	26
12	41
12	44
12	49
12	53
12	59
12	64
12	67
12	74
12	78
12	79
12	80
12	93
12	97
12	98
12	488
12	924
13	21
13	22
13	24
13	36
13	37
13	38
13	42
13	45
13	48
13	51
13	62
13	67
13	79
13	83
13	88
13	379
13	868
14	43
14	44
14	60
14	75
14	80
14	83
14	144
14	255
14	361
14	438
14	595
15	24
15	25
15	37
15	40
15	43
15	66
15	80
15	90
15	92
15	95
15	399
15	950
16	18
16	24
16	36
16	48
16	59
16	61
16	70
16	80
16	86
16	94
16	99
16	245
16	330
16	672
17	38
17	39
17	44
17	45
17	47
17	51
17	53
17	56
17	60
17	74
17	84
17	86
17	87
17	95
17	181
17	403
18	18
18	28
18	31
18	49
18	50
18	54
18	56
18	58
18	71
18	87
18	88
18	90
18	131
18	185
18	325
18	760
19	22
19	24
19	27
19	29
19	35
19	45
19	66
19	68
19	70
19	73
19	82
19	85
19	291
19	482
19	704
20	21
20	33
20	37
20	41
20	42
20	61
20	69
20	81
20	87
20	96
21	26
21	28
21	29
21	30
21	31
21	36
21	44
21	48
21	58
21	67
21	68
21	79
21	80
21	82
21	85
21	88
21	303
21	748
22	25
22	26
22	33
22	34
22	35
22	43
22	46
22	51
22	53
22	59
22	65
22	70
22	72
22	83
22	86
22	94
22	223
22	499
22	782
23	24
23	32
23	33
23	34
23	48
23	57
23	58
23	67
23	70
23	71
23	76
23	78
23	80
23	84
23	92
23	499
23	771
23	803
24	26
24	37
24	46
24	47
24	51
24	53
24	54
24	57
24	62
24	65
24	68
24	71
24	77
24	82
24	96
24	98
24	122
24	341
24	346
24	651
24	727
24	934
25	57
25	59
25	60
25	65
25	68
25	71
25	82
25	90
25	92
25	93
25	94
25	99
25	112
25	203
25	679
26	27
26	56
26	59
26	63
26	68
26	70
26	74
26	86
26	88
26	96
26	114
26	279
27	32
27	34
27	51
27	57
27	58
27	69
27	74
27	82
27	85
27	92
27	96
27	197
27	307
27	478
27	516
28	33
28	37
28	38
28	41
28	51
28	57
28	62
28	63
28	77
28	83
28	84
28	87
28	90
28	189
28	261
28	415
28	423
28	945
29	32
29	33
29	35
29	40
29	47
29	61
29	65
29	74
29	78
29	396
29	509
29	929
29	964
29	990
30	36
30	45
30	46
30	53
30	54
30	65
30	68
30	72
30	86
30	91
30	94
30	96
30	187
30	455
30	643
30	716
30	722
30	732
30	883
30	908
31	36
31	39
31	44
31	71
31	72
31	73
31	82
31	86
31	96
31	98
31	285
31	479
31	708
31	924
32	40
32	45
32	46
32	62
32	67
32	75
32	81
32	85
32	94
32	95
32	166
32	220
32	580
32	686
32	850
32	954
33	58
33	66
33	70
33	80
33	82
33	85
33	88
33	93
33	268
33	380
33	497
33	670
34	36
34	43
34	50
34	53
34	55
34	73
34	77
34	78
34	80
34	308
34	378
34	414
34	508
34	675
35	38
35	41
35	43
35	54
35	70
35	76
35	91
35	216
35	450
35	461
35	740
36	50
36	58
36	59
36	71
36	72
36	73
36	76
36	79
36	82
36	86
36	248
36	368
36	609
37	40
37	42
37	46
37	82
37	507
37	687
37	802
37	806
38	53
38	83
38	90
38	95
38	471
38	639
38	909
39	41
39	43
39	51
39	60
39	74
39	77
39	82
39	88
39	90
39	92
39	152
39	556
39	885
40	49
40	52
40	54
40	68
40	80
40	82
40	86
40	92
40	93
40	95
40	96
40	352
40	446
40	576
40	598
40	617
40	620
40	637
40	813
40	945
41	46
41	50
41	71
41	74
41	89
41	93
41	356
41	396
41	534
41	694
41	759
41	925
42	75
42	81
42	92
42	97
42	327
42	510
42	626
42	749
43	51
43	52
43	61
43	72
43	74
43	75
43	79
43	82
43	98
43	99
43	537
43	547
43	651
44	55
44	58
44	64
44	82
44	87
44	89
44	90
44	93
44	122
44	147
45	53
45	62
45	63
45	75
45	79
45	87
45	413
45	527
45	542
45	760
45	795
46	46
46	47
46	56
46	67
46	91
46	94
46	96
46	97
46	249
46	749
47	58
47	60
47	68
47	69
47	71
47	77
47	89
47	93
47	96
47	99
47	164
47	241
47	395
47	945
47	982
48	51
48	68
48	81
48	82
48	97
48	109
48	394
48	513
48	607
48	666
48	878
48	887
48	972
49	64
49	66
49	67
49	79
49	81
49	93
49	94
49	229
49	425
49	783
50	56
50	63
50	77
50	79
50	80
50	83
50	85
50	88
50	89
50	973
51	55
51	63
51	85
51	91
51	92
51	96
51	98
51	785
51	848
52	54
52	66
52	85
52	92
52	563
53	64
53	65
53	68
53	72
53	77
53	82
53	84
53	98
53	475
53	630
53	660
53	721
54	57
54	61
54	73
54	77
54	80
54	82
54	88
54	90
54	91
54	96
54	97
54	124
54	345
54	386
54	442
54	699
54	934
54	989
55	58
55	63
55	73
55	74
55	93
55	94
55	292
55	453
55	962
56	74
56	75
56	79
56	96
56	643
57	59
57	60
57	74
57	75
57	79
57	85
57	370
57	546
57	565
57	571
58	59
58	60
58	71
58	72
58	90
58	221
58	381
58	385
58	511
58	619
58	782
58	868
59	64
59	77
59	82
59	87
59	90
59	93
59	94
59	98
59	132
59	582
59	643
59	846
60	72
60	73
60	80
60	86
60	89
60	92
60	95
60	98
60	106
60	747
61	84
61	86
61	91
61	97
61	99
61	101
61	762
61	935
62	75
62	93
62	95
62	377
62	772
62	815
63	64
63	67
63	68
63	69
63	75
63	78
63	80
63	91
63	193
63	318
63	471
63	740
63	869
64	65
64	70
64	83
64	89
64	94
64	260
64	727
64	916
65	74
65	94
65	95
65	382
65	487
65	610
65	929
66	78
66	84
66	89
66	93
66	133
66	168
66	188
66	420
66	556
66	870
66	948
67	77
67	82
67	84
67	89
67	95
67	192
67	297
67	401
67	860
68	91
68	95
68	494
68	638
69	72
69	73
69	92
69	96
69	198
69	403
69	751
69	854
69	934
69	998
70	72
70	81
70	83
70	86
70	87
70	93
70	160
70	211
70	329
70	849
70	899
70	929
70	994
71	74
71	78
71	82
71	86
71	89
71	91
71	171
71	179
71	621
72	81
72	82
72	83
72	87
72	635
72	700
72	740
73	75
73	80
73	82
73	89
73	93
73	401
73	760
73	935
74	79
74	84
74	412
74	501
74	695
74	772
75	86
75	89
75	252
75	375
75	523
75	694
76	93
76	99
76	199
77	94
77	95
77	96
77	98
77	614
77	770
78	86
78	94
78	97
78	295
78	583
78	702
78	791
78	899
78	980
79	82
79	85
79	89
79	216
80	93
80	98
80	271
81	94
81	99
81	308
81	482
81	545
81	642
82	83
82	90
82	128
82	142
82	264
82	291
82	786
83	84
83	89
83	91
83	94
83	96
83	134
83	202
83	349
83	879
83	961
84	92
84	95
84	184
84	425
84	473
84	683
84	713
84	861
85	95
85	284
85	492
85	496
85	687
86	89
86	94
86	215
86	436
86	676
87	99
87	169
87	432
87	574
87	629
87	737
87	747
88	275
88	332
88	354
88	612
89	92
89	97
89	579
90	92
90	355
90	418
90	938
91	106
91	149
91	223
91	731
92	273
92	917
93	290
93	854
94	98
94	180
94	266
94	626
94	906
94	997
95	160
95	488
95	492
95	713
95	893
95	929
96	97
96	810
97	197
97	621
97	637
97	793
98	152
98	198
98	273
98	506
98	542
98	636
99	227
99	257
99	411
99	634
99	658
99	882
99	883
99	932
100	104
100	105
100	106
100	125
100	127
100	128
100	129
100	130
100	140
100	143
100	146
100	147
100	151
100	152
100	156
100	157
100	158
100	176
100	190
100	198
100	329
100	509
100	686
100	732
100	740
100	807
101	103
101	104
101	123
101	125
101	131
101	132
101	138
101	139
101	144
101	146
101	158
101	171
101	173
101	180
101	189
101	190
101	270
101	932
102	113
102	116
102	128
102	132
102	150
102	156
102	161
102	171
102	174
102	259
102	282
102	693
102	860
103	106
103	110
103	111
103	120
103	133
103	136
103	139
103	142
103	169
103	175
103	176
103	195
103	688
104	111
104	120
104	124
104	142
104	145
104	147
104	149
104	154
104	155
104	163
104	175
104	176
104	192
104	435
104	927
105	106
105	111
105	114
105	125
105	137
105	148
105	158
105	165
105	167
105	189
105	192
105	195
105	305
105	422
105	500
105	600
106	107
106	111
106	113
106	124
106	127
106	131
106	135
106	142
106	144
106	161
106	163
106	164
106	167
106	168
106	184
106	268
106	707
107	108
107	144
107	152
107	157
107	160
107	164
107	167
107	174
107	179
107	199
107	242
107	280
107	383
107	410
107	493
107	658
107	915
108	114
108	125
108	131
108	139
108	149
108	154
108	175
108	178
108	181
108	188
108	198
109	109
109	116
109	129
109	141
109	142
109	143
109	152
109	159
109	161
109	177
109	182
109	187
109	196
109	199
109	317
109	340
109	835
109	989
110	116
110	120
110	131
110	143
110	157
110	161
110	169
110	172
110	446
110	565
110	725
111	117
111	118
111	119
111	125
111	134
111	137
111	140
111	151
111	152
111	155
111	157
111	167
111	169
111	189
111	498
111	613
111	695
112	113
112	128
112	146
112	150
112	153
112	181
112	194
112	195
112	568
112	690
113	115
113	126
113	129
113	130
113	132
113	134
113	154
113	166
113	178
113	182
113	268
113	282
113	433
113	737
114	117
114	118
114	128
114	133
114	137
114	146
114	174
114	175
114	186
114	187
114	191
114	192
114	207
114	418
114	768
115	123
115	124
115	132
115	136
115	138
115	146
115	151
115	152
115	153
115	162
115	175
115	188
115	190
115	438
115	533
115	592
115	628
115	690
116	122
116	129
116	137
116	141
116	157
116	160
116	162
116	164
116	168
116	176
116	776
116	987
117	121
117	122
117	131
117	142
117	148
117	155
117	162
117	172
117	187
117	190
117	194
117	485
117	696
118	119
118	125
118	135
118	140
118	148
118	154
118	155
118	161
118	165
118	169
118	170
118	173
118	176
118	185
118	186
118	187
118	366
118	699
119	123
119	127
119	128
119	130
119	131
119	132
119	135
119	137
119	151
119	157
119	162
119	168
119	171
119	172
119	178
119	195
119	287
119	312
119	411
120	125
120	133
120	152
120	158
120	167
120	176
120	195
120	196
120	398
120	606
120	692
120	720
120	842
121	124
121	132
121	134
121	138
121	145
121	168
121	170
121	173
121	174
121	177
121	180
121	182
121	188
121	192
121	199
121	695
121	707
121	999
122	127
122	129
122	135
122	142
122	143
122	147
122	149
122	151
122	161
122	180
122	617
122	757
123	130
123	137
123	139
123	146
123	148
123	154
123	155
123	160
123	166
123	170
123	177
123	182
123	183
123	186
123	196
123	344
123	666
124	129
124	147
124	156
124	158
124	165
124	179
124	189
124	193
124	194
124	199
124	254
124	829
124	925
124	933
125	133
125	138
125	142
125	155
125	158
125	185
125	192
125	199
125	464
125	594
125	981
126	129
126	148
126	156
126	171
126	176
126	196
126	240
126	245
126	289
126	741
126	895
126	934
127	129
127	132
127	133
127	143
127	144
127	145
127	166
127	168
127	172
127	173
127	176
127	186
127	200
127	250
127	921
128	132
128	136
128	147
128	151
128	155
128	156
128	159
128	176
128	189
128	192
128	352
128	499
128	633
128	724
128	821
128	912
128	928
129	131
129	140
129	151
129	158
129	159
129	173
129	176
129	184
129	187
129	191
129	299
129	995
130	137
130	138
130	144
130	147
130	148
130	150
130	155
130	156
130	170
130	171
130	173
130	174
130	191
130	193
130	508
130	655
131	138
131	139
131	144
131	156
131	171
131	176
131	179
131	184
131	186
131	199
132	148
132	158
132	159
132	166
132	171
132	180
132	189
132	198
132	653
132	748
132	814
133	134
133	145
133	151
133	173
133	174
133	182
133	184
133	187
133	189
133	191
133	240
133	491
133	658
133	803
133	894
134	139
134	152
134	154
134	156
134	158
134	161
134	162
134	167
134	178
134	182
134	478
134	588
134	643
134	739
135	143
135	158
135	177
135	183
135	197
135	371
135	522
136	166
136	170
136	183
136	190
136	191
136	193
136	197
136	397
136	431
136	545
136	597
136	640
136	643
136	922
137	139
137	145
137	150
137	154
137	161
137	167
137	177
137	180
137	184
137	187
137	188
137	195
137	197
137	303
137	457
138	151
138	156
138	165
138	166
138	168
138	171
138	175
138	177
138	182
138	548
138	706
138	733
138	908
139	150
139	153
139	165
139	173
139	175
139	183
139	184
139	190
139	192
139	211
139	270
139	365
139	810
139	931
140	147
140	153
140	155
140	159
140	167
140	169
140	177
140	191
140	194
140	233
140	562
141	145
141	146
141	151
141	154
141	156
141	160
141	163
141	171
141	178
141	184
141	188
141	198
141	405
141	440
141	777
142	146
142	159
142	169
142	183
142	184
142	187
142	190
142	198
142	485
142	744
143	149
143	150
143	162
143	163
143	167
143	168
143	177
143	185
143	928
144	145
144	148
144	154
144	165
144	167
144	168
144	172
144	178
144	180
144	181
144	192
144	194
144	195
144	336
145	146
145	147
145	153
145	159
145	179
145	181
145	188
145	192
145	195
145	197
145	405
145	510
145	617
145	907
145	961
146	147
146	150
146	161
146	166
146	171
146	176
146	182
146	187
146	195
146	199
146	200
146	234
146	421
146	553
146	639
146	749
146	791
147	159
147	162
147	163
147	165
147	169
147	173
147	175
147	178
147	193
147	195
147	223
147	574
147	908
148	154
148	159
148	164
148	175
148	177
148	178
148	189
148	191
148	192
148	205
148	746
148	779
149	168
149	170
149	183
149	317
149	327
150	152
150	154
150	166
150	168
150	173
150	189
150	192
150	196
150	198
150	420
150	524
150	809
150	978
151	153
151	155
151	173
151	174
151	177
151	182
151	183
151	188
151	191
151	192
151	196
151	290
151	344
151	698
151	900
152	167
152	184
152	192
152	194
152	365
152	780
153	154
153	156
153	168
153	169
153	190
153	365
153	469
153	586
154	162
154	163
154	166
154	175
154	177
154	180
154	191
154	198
154	364
154	745
154	816
154	954
155	166
155	170
155	171
155	172
155	175
155	177
155	186
155	188
155	198
155	869
156	158
156	159
156	161
156	168
156	173
156	176
156	183
156	189
156	251
156	332
156	636
157	158
157	159
157	169
157	176
157	179
157	180
157	181
157	189
157	196
157	385
157	509
158	163
158	184
158	185
158	189
158	190
158	256
158	454
158	578
158	624
158	805
158	956
158	961
158	967
159	165
159	173
159	178
159	181
159	190
159	191
159	197
159	198
159	199
159	528
159	746
159	836
159	988
160	161
160	171
160	174
160	178
160	197
160	209
160	594
160	835
161	161
161	174
161	176
161	177
161	179
161	180
161	188
161	193
161	673
161	718
162	163
162	171
162	173
162	178
162	184
162	558
162	968
163	174
163	180
163	187
163	188
163	193
163	198
163	598
163	644
164	167
164	178
164	180
164	182
164	187
164	250
164	748
164	769
165	168
165	174
165	176
165	181
165	192
165	194
165	254
165	792
166	166
166	173
166	177
166	179
166	197
166	303
166	335
166	451
166	519
166	816
166	828
166	984
167	172
167	178
167	188
167	189
167	192
167	198
167	351
167	661
168	172
168	177
168	180
168	189
168	190
169	170
169	171
169	179
169	181
169	186
169	188
169	189
169	293
169	360
169	833
169	955
169	977
170	172
170	179
170	198
170	367
170	523
170	801
170	973
171	179
171	180
171	186
171	192
171	197
171	330
171	654
171	838
171	963
171	968
172	176
172	177
172	185
172	186
172	417
172	508
172	583
172	891
173	190
173	413
173	580
174	175
174	189
174	191
174	195
174	239
174	565
175	176
175	178
175	182
175	188
175	190
175	195
175	393
175	441
175	547
175	647
176	185
176	189
176	192
176	198
176	402
176	490
176	680
176	767
176	802
177	182
177	187
177	189
177	191
177	196
177	356
177	441
177	592
178	178
178	180
178	188
178	190
178	191
178	197
178	305
178	494
178	525
178	951
178	987
179	182
179	183
179	184
179	188
179	191
179	196
179	197
179	355
179	365
179	829
179	917
180	187
180	188
180	193
180	194
180	195
180	306
180	369
180	502
180	518
181	187
181	730
181	834
182	185
182	190
182	884
183	183
183	191
183	193
183	197
183	637
184	187
185	196
185	199
185	685
185	883
185	982
186	194
186	195
186	199
187	187
187	197
187	240
187	621
187	679
187	700
187	877
187	947
187	964
188	190
188	196
188	198
188	839
188	909
189	190
189	197
189	422
190	191
190	221
190	274
190	617
190	936
191	314
191	425
191	687
191	772
192	194
192	198
192	253
192	387
192	497
192	523
193	194
193	203
194	194
194	271
194	386
194	734
195	323
195	493
195	679
195	748
195	890
196	199
196	806
196	818
197	245
198	990
199	715
200	203
200	206
200	228
200	232
200	235
200	244
200	254
200	255
200	270
200	278
200	279
200	281
200	286
200	289
200	291
200	674
200	749
200	815
201	205
201	217
201	227
201	229
201	236
201	260
201	272
201	274
201	283
201	284
201	285
201	288
201	289
201	290
201	294
201	297
201	749
201	867
202	204
202	207
202	210
202	213
202	225
202	234
202	237
202	241
202	245
202	252
202	262
202	264
202	269
202	270
202	282
202	284
202	287
202	296
202	299
202	545
202	582
203	210
203	219
203	221
203	226
203	235
203	245
203	255
203	263
203	272
203	273
203	275
203	278
203	286
203	901
204	208
204	217
204	224
204	240
204	246
204	257
204	266
204	278
204	284
204	289
204	296
204	298
204	497
204	553
204	803
205	207
205	208
205	220
205	233
205	234
205	238
205	240
205	253
205	262
205	267
205	272
205	275
205	280
205	283
205	289
205	291
205	293
205	463
206	209
206	212
206	221
206	224
206	237
206	247
206	261
206	265
206	270
206	277
206	491
206	660
207	216
207	226
207	228
207	229
207	233
207	235
207	237
207	242
207	253
207	257
207	281
207	284
207	286
207	383
207	682
208	208
208	209
208	231
208	235
208	240
208	241
208	245
208	251
208	261
208	272
208	277
208	280
208	289
208	290
208	299
208	472
208	731
208	957
209	212
209	213
209	214
209	227
209	234
209	242
209	244
209	251
209	264
209	266
209	268
209	270
209	275
209	283
209	379
209	436
209	447
209	636
210	215
210	223
210	225
210	257
210	262
210	277
210	279
210	284
210	293
210	298
210	508
210	683
210	707
211	213
211	219
211	225
211	230
211	236
211	243
211	245
211	246
211	253
211	264
211	267
211	272
211	284
211	291
211	298
211	518
211	535
211	867
212	222
212	224
212	225
212	227
212	232
212	233
212	245
212	246
212	255
212	258
212	264
212	265
212	268
212	278
212	279
212	957
213	215
213	228
213	230
213	232
213	233
213	240
213	243
213	250
213	252
213	254
213	263
213	264
213	296
213	560
213	697
213	724
213	755
214	216
214	220
214	232
214	234
214	241
214	243
214	244
214	254
214	258
214	267
214	273
214	275
214	276
214	292
214	296
214	337
214	394
214	421
215	222
215	230
215	231
215	235
215	241
215	248
215	249
215	257
215	258
215	268
215	285
215	288
215	324
215	429
215	794
215	919
216	218
216	229
216	257
216	264
216	281
216	291
216	294
216	524
216	568
216	671
217	225
217	226
217	260
217	263
217	272
217	285
217	288
217	289
217	292
217	353
217	439
217	786
217	899
217	936
218	244
218	252
218	254
218	267
218	268
218	274
218	278
218	288
218	295
218	809
218	909
219	222
219	223
219	226
219	231
219	233
219	238
219	244
219	270
219	281
219	295
219	323
219	476
219	692
220	222
220	232
220	233
220	245
220	248
220	252
220	258
220	263
220	274
220	278
220	720
220	875
221	231
221	247
221	248
221	252
221	254
221	271
221	286
221	296
221	385
221	517
221	718
221	729
221	848
222	233
222	242
222	245
222	247
222	253
222	262
222	278
222	289
222	290
222	297
222	298
222	408
222	522
222	530
222	835
223	228
223	238
223	253
223	260
223	266
223	285
223	287
223	821
223	859
223	862
224	224
224	227
224	231
224	235
224	236
224	245
224	255
224	265
224	278
224	280
224	283
224	288
224	289
224	293
224	294
224	296
224	352
224	597
224	744
224	929
225	225
225	228
225	229
225	231
225	234
225	239
225	254
225	256
225	260
225	272
225	275
225	279
225	297
225	473
225	969
226	228
226	229
226	234
226	249
226	263
226	278
226	285
226	296
226	344
226	390
226	654
227	227
227	233
227	238
227	239
227	251
227	252
227	257
227	277
227	325
228	236
228	238
228	245
228	253
228	254
228	256
228	271
228	276
228	292
228	296
228	298
229	234
229	239
229	240
229	244
229	247
229	261
229	270
229	272
229	277
229	281
229	282
229	287
229	288
229	289
229	291
229	300
229	540
229	766
229	795
229	872
230	234
230	235
230	246
230	255
230	275
230	285
230	389
230	467
230	558
230	750
231	238
231	244
231	247
231	251
231	254
231	256
231	258
231	264
231	265
231	283
231	287
231	289
231	290
231	298
231	478
231	642
231	743
231	807
231	907
232	236
232	237
232	244
232	246
232	249
232	258
232	259
232	269
232	276
232	277
232	280
232	282
232	283
232	285
232	286
232	287
232	290
232	291
232	297
232	759
233	245
233	261
233	273
233	277
233	278
233	281
233	299
233	492
233	526
233	588
233	766
234	235
234	241
234	250
234	254
234	256
234	261
234	280
234	299
234	729
234	881
234	971
234	989
234	995
235	237
235	249
235	253
235	254
235	264
235	276
235	277
235	288
235	295
235	299
235	362
236	236
236	245
236	251
236	270
236	278
236	279
236	291
236	691
237	245
237	249
237	254
237	257
237	258
237	272
237	273
237	274
237	279
237	284
237	286
237	294
237	302
237	888
238	263
238	267
238	273
238	284
238	294
238	299
238	398
238	482
239	244
239	272
239	275
239	282
239	284
239	287
239	290
239	716
239	806
239	946
240	243
240	259
240	267
240	273
240	279
240	290
240	536
241	248
241	255
241	260
241	266
241	269
241	275
241	285
241	533
241	706
241	734
241	875
242	250
242	253
242	258
242	264
242	269
242	270
242	285
242	288
242	290
242	291
242	292
242	295
242	298
242	305
242	447
242	505
242	567
242	596
242	858
242	953
243	250
243	254
243	263
243	264
243	267
243	271
243	275
243	277
243	299
243	625
243	701
244	251
244	257
244	271
244	273
244	292
244	299
244	492
244	589
244	602
244	614
244	635
244	783
244	877
245	245
245	246
245	248
245	251
245	253
245	257
245	266
245	275
245	280
245	282
245	283
245	293
245	295
245	587
246	248
246	249
246	255
246	257
246	259
246	262
246	276
246	278
246	283
246	290
246	298
246	416
246	522
247	256
247	267
247	272
247	273
247	275
247	297
247	356
247	982
247	991
248	254
248	258
248	273
248	274
248	291
248	295
248	381
248	555
248	641
248	923
249	250
249	260
249	265
249	274
249	277
249	280
249	283
249	291
249	294
249	566
249	951
249	963
250	251
250	254
250	255
250	268
250	270
250	274
250	290
250	345
250	432
251	254
251	264
251	270
251	278
251	283
251	285
251	288
251	438
252	257
252	261
252	263
252	268
252	271
252	282
252	288
252	293
252	295
252	544
252	679
252	978
253	261
253	266
253	269
253	270
253	274
253	294
253	296
253	297
253	298
253	406
253	653
253	823
253	912
254	258
254	265
254	267
254	271
254	276
254	283
254	284
254	289
254	298
254	543
254	992
255	261
255	271
255	283
255	285
255	294
255	295
255	509
256	257
256	260
256	263
256	270
256	271
256	282
256	286
256	287
256	288
256	290
256	296
256	383
256	497
256	690
257	262
257	290
257	295
257	298
257	760
258	266
258	273
258	277
258	295
258	299
258	690
258	773
259	262
259	263
259	266
259	267
259	271
259	273
259	287
259	289
259	311
259	663
259	833
260	260
260	262
260	263
260	266
260	267
260	268
260	270
260	275
260	280
260	282
260	335
261	264
261	272
261	275
261	277
261	278
261	283
261	286
261	287
261	288
261	295
261	557
261	942
262	282
262	293
262	368
262	606
262	680
262	712
262	923
263	274
263	512
263	783
264	276
264	279
264	284
264	666
264	792
264	877
264	910
264	911
265	266
265	284
265	291
265	298
265	411
265	414
265	824
265	892
266	272
266	275
266	278
266	291
266	293
266	295
266	486
266	650
266	726
266	880
267	272
267	282
267	284
267	295
267	296
267	755
267	897
267	998
268	271
268	278
268	280
268	281
268	282
268	283
268	286
268	288
268	296
268	732
269	272
269	278
269	285
269	287
269	298
269	327
269	372
269	612
269	974
270	272
270	277
270	282
270	287
270	289
270	292
270	294
270	828
270	908
271	271
271	274
271	277
271	278
271	279
271	290
271	748
272	274
272	282
272	289
272	290
272	648
273	279
273	284
273	287
273	288
273	299
273	398
273	573
273	649
273	655
273	970
274	280
274	281
274	286
274	295
274	314
274	348
274	391
274	683
274	694
275	298
275	571
275	629
276	278
276	280
276	283
276	287
276	288
276	290
276	298
276	652
276	733
276	912
277	279
277	495
277	508
277	946
278	278
278	284
278	293
278	807
279	285
279	291
279	294
279	296
279	298
279	299
279	604
280	296
280	299
280	743
280	960
280	992
281	290
281	292
281	296
281	298
281	717
281	720
281	723
281	934
282	390
282	515
282	809
282	870
283	692
283	852
284	284
284	285
284	288
284	291
284	505
284	507
284	614
284	974
285	286
285	287
285	288
285	296
285	299
285	464
285	483
285	497
285	617
286	290
287	289
287	290
287	292
287	293
288	292
288	295
288	714
288	853
289	294
289	591
290	327
291	296
291	298
291	762
292	293
292	296
292	331
292	389
292	523
292	579
292	592
293	294
294	297
294	298
294	413
294	861
295	295
295	298
296	577
296	937
296	956
297	298
297	370
298	420
298	535
298	912
299	354
299	360
299	628
299	984
300	302
300	311
300	316
300	321
300	322
300	329
300	333
300	339
300	347
300	348
300	371
300	376
300	379
300	386
300	502
300	563
300	934
300	980
301	303
301	314
301	315
301	327
301	341
301	343
301	345
301	357
301	360
301	361
301	366
301	378
301	383
301	387
301	391
301	430
301	459
301	475
301	744
301	963
302	317
302	339
302	340
302	344
302	347
302	349
302	351
302	375
302	377
302	389
302	390
302	393
302	399
302	571
302	719
303	312
303	313
303	314
303	320
303	326
303	328
303	353
303	354
303	360
303	363
303	364
303	365
303	366
303	380
303	392
303	398
303	560
304	326
304	340
304	351
304	352
304	358
304	362
304	363
304	367
304	375
304	376
304	382
304	515
304	695
304	843
304	972
305	307
305	311
305	314
305	326
305	334
305	336
305	364
305	365
305	367
305	372
305	374
305	388
305	391
305	396
305	442
306	309
306	312
306	318
306	322
306	329
306	339
306	341
306	343
306	347
306	349
306	359
306	365
306	373
306	379
306	390
306	396
306	644
306	679
307	308
307	310
307	323
307	328
307	331
307	334
307	338
307	342
307	344
307	359
307	364
307	369
307	373
307	380
307	386
307	388
307	398
307	883
308	308
308	309
308	322
308	327
308	354
308	362
308	363
308	365
308	367
308	372
308	376
308	382
308	727
309	310
309	332
309	342
309	350
309	357
309	367
309	380
309	387
309	393
309	394
309	396
309	397
309	431
310	310
310	312
310	314
310	321
310	326
310	346
310	347
310	355
310	356
310	362
310	364
310	369
310	374
310	382
310	391
310	393
310	397
310	654
310	712
310	920
311	316
311	317
311	337
311	342
311	353
311	361
311	365
311	374
311	376
311	386
311	388
311	394
311	398
311	399
311	461
311	601
312	314
312	319
312	322
312	326
312	327
312	331
312	334
312	342
312	347
312	351
312	368
312	372
312	373
312	382
312	393
312	397
312	863
313	316
313	319
313	323
313	332
313	340
313	343
313	346
313	355
313	366
313	367
313	379
313	388
313	389
313	396
313	634
313	660
313	681
313	817
314	325
314	337
314	340
314	343
314	351
314	356
314	364
314	379
314	383
314	385
314	387
314	921
314	936
315	318
315	322
315	328
315	329
315	337
315	344
315	347
315	352
315	359
315	381
315	394
315	404
315	602
315	822
315	959
316	318
316	321
316	326
316	328
316	337
316	346
316	351
316	369
316	370
316	375
316	377
316	379
316	393
316	395
316	397
316	398
316	490
317	318
317	323
317	327
317	341
317	343
317	348
317	352
317	358
317	359
317	361
317	367
317	369
317	370
317	384
317	393
317	394
317	398
317	456
317	459
318	323
318	327
318	334
318	342
318	350
318	353
318	355
318	361
318	373
318	375
318	384
318	391
318	647
318	808
319	320
319	322
319	327
319	346
319	354
319	359
319	360
319	371
319	379
319	386
319	391
319	393
319	399
319	633
320	328
320	329
320	333
320	334
320	337
320	338
320	343
320	346
320	348
320	367
320	375
320	389
320	949
321	324
321	330
321	334
321	341
321	342
321	358
321	363
321	380
321	382
321	395
321	396
321	397
322	326
322	330
322	331
322	336
322	338
322	354
322	357
322	362
322	364
322	370
322	372
322	379
322	384
322	388
322	390
322	462
323	329
323	331
323	333
323	336
323	342
323	344
323	346
323	352
323	363
323	366
323	375
323	382
323	387
323	388
323	392
323	985
323	995
324	326
324	334
324	359
324	363
324	367
324	369
324	379
324	380
324	381
324	388
324	389
324	392
324	398
324	576
324	646
325	331
325	332
325	338
325	340
325	343
325	354
325	356
325	364
325	369
325	372
325	373
325	376
325	378
325	386
325	387
325	394
325	418
325	492
325	595
326	329
326	355
326	360
326	373
326	389
326	763
327	330
327	333
327	346
327	348
327	351
327	358
327	362
327	367
327	395
327	500
327	923
328	331
328	334
328	335
328	340
328	355
328	359
328	367
328	372
328	385
328	396
328	398
328	513
329	333
329	337
329	339
329	365
329	370
329	371
329	373
329	377
329	380
329	390
329	394
329	398
329	431
329	591
329	604
330	347
330	350
330	351
330	374
330	380
330	381
330	384
330	386
330	387
330	396
330	498
330	664
331	331
331	343
331	351
331	360
331	365
331	376
331	389
331	396
331	398
331	399
331	500
331	570
332	334
332	352
332	354
332	359
332	363
332	366
332	368
332	370
332	381
332	385
332	392
332	394
332	398
332	517
332	690
332	775
332	922
332	952
333	340
333	341
333	342
333	343
333	344
333	352
333	360
333	369
333	383
333	642
333	973
334	348
334	350
334	353
334	368
334	374
334	378
334	381
334	385
334	392
334	393
334	399
334	423
334	432
334	566
335	347
335	349
335	352
335	358
335	360
335	381
335	384
335	385
335	394
335	398
335	786
336	360
336	363
336	368
336	369
336	379
336	384
336	386
336	390
336	399
337	337
337	340
337	348
337	351
337	368
337	369
337	396
337	549
337	882
337	992
338	341
338	369
338	371
338	384
338	392
338	393
338	396
338	398
338	454
338	789
339	344
339	348
339	350
339	366
339	374
339	388
339	741
340	344
340	349
340	350
340	351
340	362
340	363
340	366
340	367
340	378
340	384
340	812
341	355
341	366
341	368
341	369
341	370
341	377
341	382
341	384
341	390
341	393
341	395
341	443
341	804
341	907
341	914
342	350
342	360
342	371
342	374
342	379
342	380
342	385
342	387
342	390
342	672
342	849
342	991
343	345
343	350
343	359
343	365
343	383
343	390
343	452
344	348
344	356
344	366
344	374
344	375
344	381
344	382
344	386
344	388
344	392
344	394
344	396
344	397
344	426
345	348
345	354
345	359
345	360
345	368
345	384
345	386
345	395
345	396
345	399
345	442
345	611
345	970
346	350
346	352
346	366
346	373
346	391
346	393
346	685
346	779
346	823
347	347
347	348
347	349
347	372
347	378
347	379
347	381
347	394
347	518
347	892
348	350
348	380
348	387
348	395
348	396
348	590
349	359
349	361
349	362
349	364
349	378
349	381
349	389
349	397
349	452
349	572
349	642
349	934
350	358
350	360
350	366
350	381
350	387
350	394
350	398
350	399
351	352
351	360
351	361
351	363
351	367
351	368
351	370
351	388
351	390
351	425
351	449
351	528
351	529
351	618
351	646
352	356
352	380
352	382
352	395
352	397
352	652
352	816
353	354
353	355
353	360
353	363
353	365
353	370
353	377
353	385
353	387
353	398
353	947
354	366
354	373
354	375
354	376
354	378
354	385
354	386
354	387
354	399
354	662
355	364
355	376
355	381
355	388
355	399
355	738
355	754
355	811
355	928
356	368
356	369
356	374
356	376
356	385
356	386
356	732
356	994
357	361
357	367
357	369
357	385
357	517
358	362
358	366
358	367
358	369
358	375
358	388
358	396
358	801
359	359
359	362
359	363
359	366
359	388
359	389
359	392
359	398
359	473
359	826
360	365
360	373
360	376
360	387
360	393
360	395
360	399
360	799
361	366
361	367
361	379
361	387
361	533
361	827
361	854
361	880
361	887
361	921
362	362
362	363
362	376
362	383
362	389
362	394
362	399
362	516
362	549
362	829
362	832
362	928
363	381
363	390
363	394
363	395
363	637
363	878
364	367
364	389
364	433
364	467
364	609
365	366
365	380
365	392
365	393
365	492
365	549
365	583
365	769
365	945
366	369
366	373
366	375
366	377
366	379
366	392
366	395
366	397
366	501
366	648
366	754
366	784
366	855
366	973
367	368
367	370
367	375
367	380
367	388
367	392
367	393
367	394
367	669
368	373
368	382
368	391
368	393
368	394
368	741
368	945
369	370
369	372
369	373
369	380
369	540
369	696
369	752
370	378
370	395
370	399
370	754
371	399
371	753
371	917
372	377
372	378
372	379
372	392
372	393
372	397
372	398
372	437
372	440
372	645
372	968
373	377
373	387
373	394
373	396
373	519
373	569
374	377
374	397
374	827
375	381
375	382
375	386
375	396
375	399
375	634
375	715
375	778
375	880
376	384
376	385
376	392
376	565
376	643
377	381
377	390
377	394
377	395
377	500
378	384
378	391
379	388
379	395
379	397
379	785
379	938
380	384
380	391
380	392
380	800
380	813
380	896
381	390
381	522
381	573
381	589
381	670
381	766
381	798
382	384
383	389
383	394
383	862
384	390
384	487
385	387
385	870
386	390
386	451
386	942
387	395
387	405
387	773
387	976
388	389
388	390
388	392
388	397
388	451
388	958
389	395
389	556
389	573
389	720
389	814
389	948
390	395
390	894
390	996
391	397
391	403
391	469
391	640
391	658
392	392
392	397
392	398
393	393
393	398
393	448
393	597
394	883
395	398
395	675
395	702
396	397
396	480
396	834
397	470
397	475
397	862
397	935
398	592
399	456
399	548
399	736
399	923
399	945
400	406
400	409
400	418
400	422
400	430
400	436
400	451
400	455
400	456
400	464
400	466
400	467
400	472
400	485
400	488
400	496
401	408
401	419
401	425
401	426
401	427
401	431
401	433
401	434
401	436
401	442
401	443
401	446
401	459
401	469
401	472
401	473
401	474
401	479
401	480
401	486
401	488
401	489
401	491
401	526
402	404
402	409
402	417
402	418
402	422
402	433
402	438
402	439
402	455
402	458
402	472
402	489
403	416
403	422
403	425
403	436
403	438
403	443
403	445
403	446
403	450
403	453
403	457
403	459
403	462
403	470
403	488
403	493
403	496
403	497
403	585
404	407
404	422
404	429
404	471
404	486
404	490
404	496
404	713
405	412
405	414
405	417
405	423
405	427
405	433
405	434
405	436
405	437
405	438
405	455
405	456
405	457
405	472
405	488
405	499
405	589
405	705
405	857
405	909
406	413
406	414
406	417
406	421
406	424
406	428
406	430
406	440
406	447
406	451
406	471
406	475
406	476
406	477
406	484
406	488
406	491
406	682
406	812
406	995
407	409
407	410
407	414
407	416
407	424
407	429
407	438
407	449
407	457
407	463
407	465
407	466
407	468
407	478
407	486
407	487
407	489
407	495
407	496
407	612
407	678
407	681
407	931
408	412
408	443
408	454
408	457
408	466
408	468
408	475
408	476
408	478
408	487
408	489
408	497
408	499
408	599
409	409
409	416
409	421
409	429
409	444
409	453
409	456
409	459
409	461
409	464
409	466
409	479
409	485
409	486
409	868
410	411
410	419
410	438
410	441
410	451
410	466
410	468
410	481
410	487
410	490
410	492
410	542
410	861
411	412
411	423
411	424
411	428
411	461
411	462
411	464
411	470
411	474
411	483
411	490
411	495
411	498
412	423
412	424
412	429
412	433
412	434
412	439
412	444
412	455
412	469
412	473
412	477
412	485
412	486
412	492
412	497
412	555
412	603
412	810
412	846
413	414
413	419
413	420
413	421
413	423
413	424
413	425
413	449
413	457
413	460
413	470
413	473
413	479
413	488
413	492
413	493
413	496
413	681
414	416
414	417
414	419
414	432
414	437
414	443
414	452
414	454
414	461
414	472
414	473
414	475
414	481
414	483
414	766
415	421
415	427
415	430
415	433
415	443
415	445
415	451
415	466
415	467
415	470
415	474
415	484
415	486
415	488
415	489
415	493
415	499
415	525
415	609
415	638
415	940
415	992
416	419
416	424
416	427
416	434
416	442
416	448
416	451
416	453
416	462
416	477
416	478
416	484
416	486
416	494
416	680
417	426
417	427
417	430
417	437
417	438
417	443
417	444
417	448
417	449
417	458
417	477
417	492
417	496
417	497
418	427
418	431
418	434
418	439
418	446
418	447
418	453
418	457
418	458
418	461
418	472
418	482
418	486
418	493
418	685
418	954
419	423
419	435
419	452
419	454
419	460
419	463
419	482
419	486
419	488
419	498
419	670
419	738
419	986
420	420
420	422
420	436
420	456
420	458
420	461
420	472
420	480
420	482
420	483
420	484
420	485
420	519
421	433
421	434
421	440
421	442
421	444
421	445
421	452
421	456
421	457
421	466
421	475
421	492
421	494
421	496
421	756
422	425
422	429
422	430
422	432
422	435
422	446
422	447
422	460
422	469
422	485
422	486
422	498
422	802
423	425
423	429
423	432
423	453
423	454
423	456
423	467
423	471
423	476
423	488
423	494
423	499
423	662
423	719
423	901
424	429
424	445
424	451
424	461
424	474
424	487
425	428
425	434
425	436
425	438
425	450
425	452
425	466
425	470
425	475
425	479
425	612
426	435
426	438
426	447
426	456
426	459
426	460
426	461
426	463
426	465
426	471
426	473
426	475
426	493
426	495
426	506
427	438
427	443
427	448
427	471
427	485
427	494
427	873
428	431
428	439
428	449
428	455
428	457
428	458
428	468
428	470
428	473
428	478
428	482
428	486
428	495
428	499
428	836
429	431
429	442
429	445
429	446
429	448
429	473
429	478
429	480
429	489
429	490
429	492
429	493
429	494
429	565
429	599
430	433
430	436
430	437
430	443
430	446
430	457
430	458
430	467
430	469
430	470
430	473
430	475
430	476
430	494
431	432
431	435
431	437
431	439
431	460
431	462
431	466
431	473
431	474
431	484
431	498
431	898
432	434
432	441
432	442
432	446
432	449
432	457
432	464
432	465
432	467
432	470
432	480
432	486
432	492
432	495
432	498
432	715
433	440
433	442
433	446
433	447
433	452
433	457
433	465
433	467
433	477
433	484
433	486
433	488
433	495
433	496
433	666
433	777
433	838
433	898
433	904
433	955
434	447
434	455
434	465
434	488
434	495
434	524
434	863
435	443
435	446
435	447
435	449
435	452
435	454
435	457
435	463
435	464
435	476
435	479
435	483
435	486
435	493
435	496
435	717
435	899
436	437
436	443
436	448
436	451
436	468
436	479
436	485
436	494
436	498
436	499
436	545
436	589
436	829
436	856
437	478
437	487
437	498
437	701
437	978
438	469
438	482
438	488
438	494
438	496
438	498
438	559
438	593
438	611
438	734
439	449
439	453
439	454
439	462
439	465
439	467
439	472
439	475
439	476
439	477
439	487
439	488
439	489
439	491
439	494
440	443
440	444
440	449
440	453
440	459
440	464
440	477
440	490
440	491
440	497
440	499
440	644
440	806
440	834
440	907
441	441
441	443
441	450
441	460
441	464
441	472
441	476
441	491
441	496
441	499
441	530
441	655
442	448
442	455
442	456
442	457
442	468
442	469
442	471
442	474
442	482
442	489
442	497
442	898
443	445
443	460
443	471
443	474
443	481
443	491
443	492
443	498
444	453
444	454
444	465
444	466
444	469
444	470
444	479
444	490
444	495
444	696
445	449
445	457
445	463
445	464
445	469
445	489
445	490
445	591
446	447
446	454
446	469
446	475
446	478
446	494
446	564
446	649
446	671
446	863
446	944
447	450
447	457
447	476
447	489
447	499
447	674
447	871
447	899
448	454
448	457
448	458
448	469
448	474
448	481
448	484
448	492
449	459
449	467
449	472
449	487
449	491
449	492
449	493
449	605
449	662
449	755
449	863
450	450
450	460
450	471
450	472
450	473
450	490
450	498
450	512
450	628
450	848
450	914
450	964
451	453
451	460
451	461
451	463
451	464
451	482
451	489
451	497
452	452
452	460
452	472
452	479
452	492
452	496
452	498
452	499
452	607
453	454
453	455
453	457
453	461
453	466
453	470
453	472
453	479
453	481
453	492
453	495
453	672
453	868
454	460
454	463
454	464
454	477
454	493
454	503
454	510
454	560
454	580
454	796
454	971
455	461
455	463
455	464
455	470
455	480
455	486
455	498
455	684
455	756
456	459
456	467
456	470
456	475
456	481
456	738
457	459
457	461
457	468
457	484
457	495
457	724
458	459
458	461
458	467
458	469
458	471
458	475
458	480
458	487
458	490
458	605
459	461
459	462
459	465
459	470
459	474
459	478
459	483
459	498
459	543
459	566
459	591
459	880
460	461
460	476
460	485
460	491
460	497
460	499
460	626
460	742
461	468
461	471
461	475
461	482
461	489
461	490
461	492
461	739
461	853
462	466
462	470
462	474
462	488
462	490
462	492
462	493
462	976
463	463
463	473
463	487
463	490
463	495
463	516
463	583
463	772
463	926
463	945
464	472
464	474
464	477
464	482
464	487
464	492
464	495
464	498
464	647
464	728
465	471
465	476
465	486
465	491
465	494
465	636
465	830
465	964
466	469
466	473
466	475
466	476
466	497
466	745
467	467
467	468
467	470
467	474
467	476
467	478
467	479
467	488
467	489
467	490
467	495
467	626
467	892
468	479
468	489
468	493
468	634
468	736
468	765
469	472
469	473
469	476
469	491
469	735
469	955
470	476
470	486
470	493
470	497
470	499
470	787
470	882
471	473
471	478
471	481
471	485
471	489
471	496
471	499
471	940
472	474
472	478
472	490
472	494
472	496
472	534
472	628
473	477
473	497
473	752
473	970
474	474
474	484
474	485
474	491
475	480
476	476
476	479
476	482
476	489
476	661
476	670
477	481
477	492
477	532
477	767
478	492
479	492
479	498
479	512
479	662
479	847
479	996
480	481
480	490
480	553
480	629
480	856
481	489
481	491
481	492
482	482
482	486
482	487
482	488
482	491
482	492
482	567
482	593
482	771
483	499
483	944
484	774
484	951
485	490
485	494
485	498
485	639
485	948
485	996
486	487
486	489
486	493
486	886
487	489
487	691
488	494
488	750
488	825
488	846
489	495
489	497
489	533
490	494
490	496
490	619
490	650
490	667
491	524
491	967
492	496
492	498
492	732
492	814
493	494
493	505
493	694
494	521
494	661
494	925
494	962
495	659
495	978
496	523
496	533
497	498
497	746
498	525
498	600
499	499
499	629
499	682
499	704
499	705
499	910
500	505
500	511
500	515
500	516
500	518
500	520
500	526
500	532
500	533
500	539
500	553
500	554
500	555
500	559
500	561
500	567
500	573
500	593
500	598
501	509
501	515
501	517
501	528
501	535
501	539
501	555
501	559
501	582
501	593
501	595
501	599
501	770
501	834
501	989
502	503
502	529
502	540
502	542
502	555
502	559
502	560
502	566
502	574
502	576
502	586
502	588
502	593
502	594
502	599
502	694
503	507
503	513
503	515
503	520
503	525
503	529
503	536
503	544
503	551
503	552
503	554
503	570
503	573
503	576
503	580
503	581
503	582
503	588
503	591
503	596
503	761
504	507
504	516
504	517
504	524
504	526
504	527
504	532
504	543
504	554
504	557
504	559
504	575
504	588
504	598
505	519
505	523
505	524
505	538
505	553
505	563
505	598
506	508
506	520
506	521
506	523
506	525
506	542
506	545
506	555
506	565
506	573
506	575
506	586
506	588
506	589
506	843
506	976
507	511
507	512
507	518
507	532
507	547
507	560
507	569
507	578
507	579
507	580
507	585
507	593
507	597
508	513
508	516
508	518
508	522
508	523
508	538
508	551
508	559
508	563
508	575
508	587
508	588
508	589
508	728
508	896
509	515
509	517
509	519
509	537
509	540
509	551
509	561
509	576
509	584
509	589
509	597
509	756
510	520
510	521
510	526
510	536
510	540
510	549
510	554
510	559
510	573
510	582
510	594
510	595
510	791
511	518
511	520
511	524
511	543
511	548
511	550
511	568
511	569
511	591
511	592
511	598
511	824
512	518
512	519
512	523
512	530
512	535
512	536
512	545
512	547
512	553
512	557
512	572
512	575
512	579
512	583
512	589
512	599
512	733
512	776
512	903
513	527
513	531
513	536
513	546
513	550
513	553
513	554
513	561
513	563
513	574
513	577
513	578
513	579
513	586
513	590
513	619
514	524
514	527
514	528
514	535
514	542
514	543
514	544
514	545
514	552
514	569
514	581
514	951
515	518
515	519
515	521
515	523
515	535
515	543
515	549
515	555
515	563
515	571
515	574
515	578
515	597
516	521
516	522
516	524
516	532
516	533
516	543
516	544
516	546
516	556
516	565
516	572
516	573
516	577
516	584
516	590
516	628
517	517
517	552
517	555
517	561
517	564
517	584
517	585
517	589
517	593
517	595
517	599
517	945
518	519
518	523
518	533
518	546
518	549
518	551
518	557
518	558
518	578
518	579
518	582
518	587
518	590
518	591
518	664
518	812
519	529
519	530
519	531
519	539
519	549
519	559
519	570
519	573
519	575
519	578
519	582
519	593
519	594
519	597
519	599
520	527
520	532
520	542
520	545
520	558
520	562
520	572
520	577
520	579
520	580
520	584
520	588
520	589
520	593
520	599
520	979
521	530
521	534
521	542
521	543
521	545
521	557
521	576
521	580
521	591
521	592
522	527
522	551
522	553
522	560
522	562
522	572
522	573
522	576
522	577
522	585
522	592
522	595
522	596
522	804
522	991
523	526
523	535
523	546
523	547
523	558
523	575
523	580
523	581
523	583
523	667
524	529
524	530
524	531
524	532
524	534
524	535
524	540
524	550
524	551
524	557
524	558
524	562
524	563
524	565
524	567
524	573
524	577
524	586
524	591
524	621
524	734
525	526
525	534
525	542
525	550
525	554
525	558
525	570
525	575
525	584
525	589
525	592
525	596
525	597
525	732
525	810
526	530
526	532
526	537
526	546
526	548
526	550
526	557
526	560
526	564
526	566
526	568
526	581
526	585
526	586
526	591
526	596
526	715
526	750
527	550
527	556
527	558
527	561
527	562
527	566
527	569
527	573
527	578
527	585
527	589
527	593
527	599
527	613
527	640
528	534
528	536
528	537
528	551
528	560
528	563
528	577
529	530
529	531
529	541
529	551
529	553
529	554
529	559
529	564
529	571
529	574
529	576
529	580
529	586
529	589
529	907
530	537
530	541
530	560
530	582
530	583
530	905
531	535
531	538
531	548
531	550
531	560
531	570
531	577
531	579
531	585
531	588
531	831
531	997
532	533
532	555
532	559
532	576
532	594
533	535
533	539
533	540
533	541
533	547
533	556
533	559
533	567
533	568
533	579
533	588
533	589
533	590
533	724
533	728
534	534
534	537
534	546
534	550
534	560
534	562
534	570
534	571
534	572
534	580
534	590
534	598
534	599
534	670
534	751
534	823
535	549
535	550
535	570
535	573
535	578
535	633
535	802
535	899
536	537
536	539
536	541
536	546
536	547
536	551
536	552
536	554
536	557
536	561
536	564
536	578
536	581
536	586
536	661
536	680
536	767
536	770
536	931
537	544
537	545
537	559
537	565
537	568
537	590
537	602
537	717
537	818
537	907
538	541
538	546
538	550
538	577
538	586
538	590
538	594
538	924
538	957
539	546
539	551
539	557
539	559
539	571
539	585
539	588
539	918
540	541
540	542
540	551
540	556
540	566
540	572
540	575
540	576
540	580
540	581
540	587
540	593
540	815
541	544
541	548
541	564
541	565
541	566
541	569
541	574
541	578
541	579
541	581
541	588
541	613
541	911
541	921
542	544
542	548
542	550
542	568
542	576
542	577
542	593
542	647
543	543
543	546
543	547
543	561
543	574
543	581
543	582
543	583
543	591
543	597
543	598
543	599
544	557
544	561
544	566
544	572
544	576
544	578
544	590
544	714
544	975
545	546
545	548
545	549
545	553
545	560
545	561
545	563
545	575
545	595
545	598
545	649
545	804
545	835
545	942
546	551
546	552
546	558
546	572
546	576
546	577
546	581
546	584
546	768
547	550
547	551
547	558
547	562
547	569
547	571
547	578
547	598
548	556
548	557
548	559
548	560
548	564
548	568
548	571
548	574
548	580
548	581
548	593
548	597
548	598
548	599
549	556
549	557
549	565
549	573
549	576
549	584
549	585
549	586
549	588
549	594
550	563
550	569
550	573
550	590
550	593
550	594
550	874
550	987
551	567
551	578
551	587
551	596
551	996
552	556
552	558
552	562
552	563
552	576
552	581
552	582
552	587
552	899
553	554
553	555
553	564
553	568
553	574
553	582
553	585
553	592
553	640
553	822
554	555
554	559
554	567
554	575
554	577
554	579
554	588
554	599
555	563
555	564
555	566
555	569
555	572
555	573
555	576
555	578
555	585
555	591
555	595
555	702
556	561
556	564
556	850
557	564
557	565
557	566
557	568
557	579
557	581
557	583
557	587
557	770
557	986
558	563
558	573
558	578
558	581
558	582
558	585
558	586
558	587
558	588
558	589
558	593
558	595
558	600
558	607
558	749
558	958
559	566
559	571
559	582
559	596
559	707
559	855
559	947
560	562
560	574
560	586
560	590
560	599
561	561
561	563
561	587
561	590
561	593
561	753
562	568
562	579
562	588
562	591
562	592
562	594
562	599
562	697
562	921
563	563
563	564
563	585
563	586
563	589
563	595
563	642
563	746
563	781
564	567
564	568
564	576
564	590
564	591
564	597
564	781
565	567
565	580
565	582
565	585
565	594
565	634
565	703
565	737
566	573
566	574
566	575
566	579
566	583
566	584
566	587
566	595
566	599
567	568
567	575
567	582
567	585
567	599
567	787
568	577
568	582
568	632
569	581
569	586
569	588
569	598
569	648
569	821
570	576
570	589
570	592
570	594
571	589
571	590
571	746
571	838
572	588
572	589
572	593
572	657
572	864
572	979
573	574
573	575
573	581
573	584
573	592
573	956
574	577
574	578
574	581
574	584
574	588
574	598
574	599
574	615
574	746
575	580
575	581
575	583
575	594
575	595
575	596
575	671
575	961
576	594
577	580
577	583
577	586
577	598
577	711
577	894
577	933
578	586
578	597
578	609
578	918
578	945
579	582
579	588
579	815
580	591
580	666
581	589
581	595
581	828
581	891
582	594
583	593
583	595
583	670
583	728
583	790
584	594
584	800
584	933
585	587
585	626
585	755
585	868
585	888
585	915
586	587
586	588
586	590
586	599
587	588
587	595
587	597
587	624
587	700
587	834
588	588
588	589
588	650
589	596
589	955
590	598
590	599
590	617
590	875
591	596
592	597
592	864
592	973
592	991
593	601
594	940
595	598
595	812
595	816
595	877
597	903
597	961
598	598
598	753
598	855
599	956
600	606
600	608
600	610
600	626
600	627
600	635
600	642
600	645
600	646
600	648
600	649
600	657
600	658
600	660
600	683
600	692
600	695
600	735
600	748
600	947
600	998
601	609
601	610
601	630
601	637
601	649
601	652
601	659
601	667
601	670
601	677
601	684
601	686
601	698
601	983
602	615
602	622
602	624
602	625
602	633
602	637
602	650
602	657
602	660
602	669
602	671
602	674
602	677
602	686
602	792
603	604
603	611
603	612
603	613
603	625
603	629
603	631
603	637
603	646
603	651
603	657
603	669
603	677
603	684
603	687
603	694
603	702
604	605
604	610
604	612
604	613
604	626
604	627
604	640
604	647
604	658
604	659
604	662
604	665
604	668
604	686
604	688
604	690
604	694
605	607
605	612
605	624
605	631
605	636
605	642
605	655
605	656
605	665
605	667
605	668
605	669
605	670
605	681
605	683
605	822
606	607
606	608
606	610
606	612
606	617
606	627
606	630
606	639
606	642
606	662
606	677
606	679
606	690
606	691
606	904
606	983
607	612
607	613
607	624
607	627
607	632
607	639
607	657
607	660
607	663
607	667
607	668
607	682
607	685
607	688
607	695
607	696
607	765
607	982
608	615
608	618
608	623
608	624
608	637
608	649
608	667
608	669
608	675
608	678
608	684
608	685
608	686
608	692
608	697
608	698
608	970
609	622
609	623
609	625
609	639
609	647
609	650
609	653
609	657
609	663
609	664
609	665
609	670
609	672
609	676
609	682
609	683
609	684
609	687
609	689
609	828
609	891
610	612
610	615
610	616
610	617
610	620
610	623
610	649
610	657
610	680
610	681
610	685
610	688
611	612
611	614
611	632
611	637
611	642
611	646
611	648
611	654
611	662
611	666
611	667
611	677
611	684
611	689
612	614
612	616
612	624
612	646
612	649
612	653
612	659
612	670
612	672
612	696
613	623
613	628
613	636
613	658
613	663
613	665
613	671
613	677
613	679
613	681
613	732
614	640
614	651
614	652
614	654
614	661
614	666
614	678
614	679
614	915
615	618
615	619
615	635
615	640
615	650
615	661
615	663
615	667
615	670
615	682
615	687
615	689
615	692
615	693
615	695
615	698
615	972
616	635
616	659
616	665
616	679
616	683
616	690
616	693
616	694
616	696
616	815
617	624
617	636
617	640
617	641
617	649
617	650
617	651
617	656
617	664
617	693
617	694
617	696
617	697
617	737
617	932
618	619
618	629
618	658
618	663
618	673
618	676
618	677
618	694
618	698
618	880
618	958
619	635
619	637
619	639
619	644
619	653
619	655
619	667
619	668
619	671
619	675
619	681
619	685
619	689
619	696
619	762
619	905
620	620
620	621
620	630
620	633
620	634
620	639
620	645
620	651
620	653
620	657
620	668
620	677
620	681
620	685
620	690
620	695
621	624
621	638
621	639
621	650
621	656
621	660
621	663
621	668
621	675
621	677
621	678
621	695
622	630
622	632
622	634
622	637
622	639
622	654
622	658
622	665
622	668
622	674
622	675
622	676
622	677
622	684
622	689
622	694
622	800
622	851
622	925
623	627
623	633
623	635
623	649
623	652
623	656
623	665
623	672
623	675
623	676
623	679
623	682
623	686
623	687
623	688
623	696
624	634
624	645
624	664
624	665
624	666
624	669
624	672
624	683
624	690
624	694
624	697
624	990
625	627
625	632
625	642
625	645
625	647
625	652
625	671
625	673
625	679
625	680
626	629
626	647
626	652
626	669
626	672
626	690
626	691
626	694
626	698
626	699
626	797
626	932
626	987
627	628
627	631
627	632
627	653
627	655
627	670
627	686
627	688
627	773
628	633
628	648
628	668
628	673
628	680
628	797
629	631
629	634
629	641
629	643
629	647
629	648
629	649
629	651
629	652
629	660
629	670
629	671
629	687
629	691
629	695
629	697
629	699
630	645
630	654
630	665
630	671
630	672
630	677
630	689
630	695
630	697
630	698
630	863
630	888
630	954
631	635
631	639
631	646
631	648
631	654
631	663
631	664
631	672
631	683
631	688
631	691
631	692
631	695
631	696
631	720
631	724
631	973
632	644
632	645
632	653
632	655
632	656
632	658
632	659
632	663
632	667
632	692
632	720
632	883
632	900
632	937
632	938
633	639
633	640
633	654
633	657
633	659
633	663
633	668
633	672
633	675
633	678
633	680
633	683
633	685
633	687
633	688
633	690
633	695
633	696
633	697
633	699
634	645
634	648
634	660
634	661
634	672
634	680
634	682
634	688
634	690
634	693
634	902
635	641
635	646
635	647
635	650
635	656
635	658
635	662
635	682
635	684
635	689
635	691
635	692
635	699
635	851
636	638
636	645
636	666
636	669
636	671
636	683
636	837
637	638
637	641
637	647
637	651
637	654
637	663
637	674
637	676
637	678
637	682
637	684
637	688
637	715
637	932
638	646
638	652
638	655
638	660
638	666
638	669
638	679
638	723
639	642
639	652
639	657
639	662
639	666
639	680
639	683
639	696
639	737
640	656
640	662
640	675
640	681
640	695
641	643
641	664
641	669
641	678
641	679
641	682
641	685
641	689
641	690
641	885
641	914
642	656
642	662
642	679
642	681
642	689
642	973
643	652
643	661
643	662
643	668
643	674
643	678
643	681
643	682
643	685
643	687
643	690
643	698
644	644
644	660
644	669
644	676
644	682
644	693
644	694
645	646
645	647
645	658
645	670
645	680
645	696
645	739
646	654
646	655
646	657
646	659
646	660
646	691
646	693
646	697
646	699
646	927
647	663
647	669
647	674
647	681
647	683
647	695
647	704
647	911
648	651
648	660
648	669
648	673
648	675
648	688
648	996
649	650
649	666
649	668
649	676
649	678
649	683
649	686
649	692
649	694
649	928
650	667
650	670
650	672
650	686
650	691
650	925
651	659
651	661
651	669
651	676
651	677
652	657
652	658
652	670
652	679
652	681
652	688
652	693
653	661
653	662
653	669
653	671
653	678
653	683
653	691
653	695
653	698
653	699
653	784
654	658
654	662
654	664
654	667
654	681
654	687
655	662
655	666
655	671
655	673
655	674
655	683
655	710
656	663
656	664
656	667
656	671
656	672
656	675
656	678
656	679
656	684
656	697
657	657
657	658
657	667
657	671
657	682
657	690
657	696
657	698
658	667
658	685
658	686
658	691
658	693
658	697
659	666
659	670
659	680
659	686
659	696
659	697
660	663
660	664
660	679
660	680
660	687
660	695
660	981
661	674
661	675
661	684
661	814
661	856
662	667
662	674
662	686
662	690
662	894
663	666
663	667
663	668
663	670
663	677
663	687
663	688
663	689
663	697
663	743
663	931
664	667
664	678
664	683
664	684
664	685
664	687
664	696
664	698
665	668
665	670
665	671
665	675
665	677
665	678
665	687
665	688
665	689
666	673
666	685
666	686
666	694
666	696
666	698
666	699
666	705
666	779
667	670
667	689
667	691
667	692
667	695
667	699
668	674
668	677
668	696
668	698
668	810
669	683
669	690
670	674
670	678
670	683
670	695
670	698
670	736
670	935
670	970
671	683
671	685
671	689
671	723
671	893
671	968
672	673
672	693
672	697
672	698
672	758
672	932
673	676
673	934
673	948
674	679
674	682
674	687
674	698
674	979
675	682
675	686
675	691
675	694
675	696
675	698
675	717
675	820
675	988
676	679
676	692
676	694
677	988
678	678
678	679
678	680
678	689
678	699
679	690
679	693
679	694
679	812
680	690
680	698
680	743
680	956
681	683
681	689
681	690
681	727
681	844
682	685
682	688
682	697
682	721
682	993
683	688
683	690
683	697
683	861
683	885
683	985
684	697
684	719
684	874
685	687
685	694
685	697
685	816
685	870
685	961
686	692
687	688
687	699
687	891
689	699
690	691
690	695
690	696
690	967
691	700
692	695
693	694
693	699
694	695
694	933
695	699
696	697
696	729
696	740
697	808
700	709
700	719
700	720
700	736
700	743
700	744
700	762
700	778
700	783
700	787
700	792
700	794
700	796
700	918
700	970
700	997
701	702
701	704
701	719
701	720
701	722
701	734
701	738
701	740
701	744
701	747
701	752
701	764
701	770
701	773
701	776
701	782
701	786
701	789
701	790
701	793
701	799
702	709
702	717
702	718
702	728
702	731
702	740
702	743
702	748
702	749
702	750
702	755
702	757
702	759
702	766
702	771
702	775
702	784
702	799
703	712
703	714
703	730
703	735
703	739
703	740
703	748
703	751
703	753
703	759
703	761
703	770
703	771
703	774
703	776
703	780
703	830
704	707
704	716
704	728
704	730
704	731
704	735
704	750
704	752
704	762
704	768
704	773
704	777
704	778
704	782
704	785
704	790
704	868
705	710
705	713
705	714
705	738
705	746
705	757
705	759
705	763
705	766
705	772
705	789
706	710
706	719
706	725
706	729
706	730
706	736
706	742
706	745
706	750
706	752
706	756
706	767
706	777
706	790
706	793
706	795
706	938
707	708
707	716
707	717
707	721
707	729
707	738
707	739
707	741
707	742
707	746
707	750
707	763
707	776
707	797
707	801
707	943
708	730
708	740
708	750
708	751
708	763
708	776
708	780
708	785
708	786
708	789
708	795
709	714
709	715
709	725
709	733
709	735
709	745
709	749
709	755
709	756
709	764
709	776
709	781
709	786
709	789
709	791
709	846
710	713
710	715
710	719
710	720
710	732
710	734
710	738
710	750
710	758
710	761
710	762
710	767
710	776
710	778
710	786
710	790
710	798
710	966
711	713
711	727
711	733
711	745
711	750
711	751
711	756
711	761
711	767
711	770
711	778
711	784
711	799
712	714
712	720
712	740
712	745
712	747
712	752
712	758
712	772
712	783
712	787
712	789
712	811
713	726
713	729
713	732
713	733
713	738
713	740
713	743
713	748
713	752
713	758
713	763
713	765
713	769
713	776
713	787
713	791
713	794
713	798
713	862
713	897
714	720
714	754
714	763
714	771
714	794
714	795
715	720
715	726
715	727
715	728
715	732
715	747
715	748
715	754
715	777
715	779
715	781
715	782
715	783
715	784
716	720
716	723
716	728
716	766
716	772
716	789
716	795
716	796
716	797
716	798
716	839
716	928
717	738
717	739
717	741
717	743
717	745
717	746
717	756
717	762
717	764
717	765
717	767
717	779
717	782
717	783
717	790
717	792
717	798
717	883
718	727
718	733
718	743
718	746
718	754
718	762
718	763
718	773
718	778
718	938
719	721
719	734
719	736
719	754
719	757
719	758
719	760
719	765
719	768
719	780
719	790
719	795
719	796
719	924
720	721
720	723
720	725
720	726
720	728
720	731
720	737
720	740
720	745
720	748
720	753
720	759
720	763
720	776
720	778
720	784
720	911
720	979
721	734
721	740
721	745
721	748
721	754
721	759
721	760
721	764
721	779
721	782
721	784
721	787
721	844
721	908
722	739
722	745
722	749
722	754
722	756
722	757
722	770
722	776
722	779
722	784
722	787
722	910
723	729
723	731
723	732
723	737
723	744
723	746
723	750
723	755
723	759
723	762
723	766
723	773
723	784
723	791
723	793
723	798
724	725
724	729
724	730
724	731
724	735
724	756
724	762
724	767
724	781
724	783
724	784
724	785
724	793
724	798
724	925
725	730
725	734
725	735
725	737
725	745
725	749
725	754
725	755
725	764
725	765
725	767
725	773
725	954
726	733
726	744
726	745
726	749
726	772
726	776
726	784
726	788
726	792
726	795
726	796
727	731
727	736
727	751
727	761
727	762
727	766
727	777
727	778
727	782
727	800
727	977
728	730
728	741
728	749
728	764
728	768
728	781
728	782
728	786
728	794
728	799
729	731
729	741
729	754
729	766
729	771
729	779
729	781
729	783
729	784
729	787
730	742
730	748
730	754
730	762
730	767
730	782
730	795
731	739
731	744
731	746
731	747
731	751
731	763
731	764
731	765
731	770
731	776
731	782
731	783
731	786
731	793
731	795
731	931
732	735
732	736
732	737
732	738
732	742
732	746
732	749
732	754
732	765
732	766
732	768
732	770
732	793
733	736
733	752
733	758
733	763
733	769
733	770
733	783
733	789
733	913
734	738
734	740
734	744
734	747
734	764
734	773
734	774
734	775
734	780
734	783
734	787
734	790
735	737
735	740
735	742
735	755
735	761
735	763
735	766
735	778
735	784
735	791
736	742
736	744
736	746
736	752
736	768
736	774
736	781
736	783
736	792
736	841
736	873
737	740
737	742
737	744
737	746
737	754
737	759
737	764
737	767
737	776
737	781
737	784
737	786
737	790
737	792
737	793
737	876
737	997
738	748
738	750
738	755
738	758
738	760
738	773
738	775
738	776
738	778
738	779
738	789
738	792
738	793
738	797
739	742
739	745
739	749
739	754
739	764
739	765
739	766
739	769
739	771
739	776
739	781
739	785
739	791
739	796
739	823
740	744
740	753
740	754
740	765
740	768
740	774
740	776
740	780
740	833
740	856
740	874
741	759
741	774
741	791
741	793
742	746
742	751
742	752
742	762
742	767
742	780
742	785
742	788
742	790
742	795
742	797
742	824
743	747
743	756
743	763
743	768
743	769
743	785
743	791
743	792
744	749
744	762
744	770
744	781
744	791
744	999
745	746
745	749
745	755
745	764
745	770
745	779
745	783
745	784
745	788
745	789
745	790
745	791
746	749
746	751
746	754
746	766
746	774
746	777
746	779
746	791
746	797
746	855
746	892
747	759
747	768
747	769
747	773
747	783
747	786
747	788
747	792
747	798
748	756
748	762
748	763
748	766
748	777
748	779
748	783
748	788
748	790
748	853
748	920
748	965
749	752
749	754
749	770
749	773
749	781
749	786
749	790
749	795
749	843
749	905
750	770
750	773
750	775
750	786
750	794
750	874
751	752
751	757
751	758
751	761
751	780
751	781
751	798
751	799
751	872
751	973
751	987
752	764
752	776
752	787
752	789
752	792
752	796
752	799
752	864
753	766
753	770
753	776
753	785
753	788
753	791
753	792
753	795
753	843
753	891
753	991
754	755
754	758
754	773
754	774
754	778
754	781
754	782
754	786
754	790
754	798
755	763
755	770
755	773
755	775
755	793
755	925
756	761
756	762
756	770
756	774
756	776
756	784
756	789
756	799
756	921
756	960
757	762
757	776
757	788
757	789
758	775
758	779
758	793
758	924
759	759
759	760
759	772
759	775
759	787
759	790
760	760
760	780
760	788
760	789
760	795
760	797
760	798
760	866
760	915
761	767
761	769
761	776
761	781
761	786
761	952
762	768
762	773
762	776
762	781
762	782
762	787
763	764
763	768
763	769
763	773
763	962
764	764
764	791
764	937
764	944
765	766
765	768
765	771
765	775
766	768
766	777
766	782
766	784
766	798
766	856
767	782
767	792
767	798
768	790
768	791
768	792
768	805
769	778
769	779
769	783
769	787
770	775
770	897
770	985
771	774
771	777
771	794
771	796
771	797
772	774
772	776
772	779
772	786
772	788
772	804
772	924
773	774
773	784
773	791
774	789
774	792
774	797
774	858
774	877
775	775
775	779
775	791
775	796
775	798
776	777
776	785
776	795
776	917
777	785
777	794
778	791
778	796
778	983
779	780
779	782
779	788
779	790
779	793
779	799
779	978
780	794
780	842
780	858
780	873
781	788
781	789
781	794
781	949
782	782
782	795
782	796
782	939
782	941
783	784
783	789
783	790
783	797
783	799
784	785
784	787
784	788
784	789
784	790
784	791
784	806
784	860
785	799
786	796
787	794
788	789
788	872
789	789
789	797
789	887
789	977
790	794
790	799
791	795
791	797
791	842
791	869
792	952
793	795
793	796
793	799
794	795
794	799
795	851
795	947
796	951
798	884
799	812
799	975
800	808
800	809
800	810
800	817
800	819
800	821
800	823
800	831
800	833
800	840
800	841
800	850
800	852
800	855
800	860
800	864
800	865
800	868
800	878
800	885
800	889
800	897
801	801
801	802
801	820
801	825
801	826
801	834
801	835
801	845
801	848
801	857
801	858
801	860
801	868
801	873
801	884
801	894
801	898
802	810
802	818
802	824
802	825
802	837
802	847
802	857
802	867
802	877
802	879
802	885
802	888
802	890
802	894
802	895
802	914
803	811
803	819
803	824
803	833
803	835
803	843
803	857
803	861
803	883
803	890
803	893
803	898
804	806
804	820
804	826
804	830
804	831
804	832
804	837
804	842
804	846
804	850
804	853
804	854
804	882
804	889
804	891
804	894
804	897
805	811
805	834
805	836
805	839
805	843
805	850
805	852
805	860
805	862
805	864
805	868
805	878
805	898
806	809
806	811
806	826
806	827
806	842
806	853
806	857
806	859
806	860
806	870
806	878
806	880
806	884
806	888
806	892
806	964
807	821
807	823
807	828
807	831
807	832
807	846
807	847
807	853
807	857
807	858
807	869
807	871
807	876
807	877
807	888
807	899
808	812
808	827
808	837
808	838
808	839
808	843
808	852
808	859
808	860
808	865
808	877
808	888
808	892
808	896
809	816
809	817
809	819
809	827
809	829
809	830
809	836
809	838
809	849
809	854
809	864
809	870
809	875
809	880
810	817
810	818
810	837
810	843
810	844
810	845
810	849
810	851
810	852
810	863
810	871
810	876
810	877
810	878
810	883
810	884
810	889
810	962
811	813
811	822
811	825
811	827
811	852
811	853
811	860
811	868
811	878
811	886
811	889
812	827
812	829
812	835
812	842
812	850
812	853
812	861
812	876
812	882
812	897
812	898
813	816
813	824
813	831
813	840
813	850
813	855
813	859
813	868
813	873
813	877
813	881
813	882
813	886
813	897
813	898
813	958
814	831
814	837
814	846
814	850
814	852
814	855
814	858
814	872
814	880
814	892
814	897
814	898
815	817
815	821
815	822
815	836
815	837
815	838
815	857
815	861
815	865
815	872
815	875
815	880
815	884
815	887
815	891
815	958
816	820
816	821
816	835
816	846
816	850
816	851
816	853
816	855
816	859
816	861
816	863
816	864
816	866
816	867
816	872
816	877
816	882
816	893
817	820
817	826
817	847
817	850
817	861
817	862
817	863
817	866
817	867
817	873
817	875
817	876
817	880
817	897
818	818
818	819
818	840
818	843
818	846
818	867
818	869
818	870
818	883
818	890
818	898
818	899
818	997
819	824
819	829
819	830
819	832
819	835
819	840
819	856
819	872
819	876
819	878
819	886
819	889
819	894
819	898
820	829
820	836
820	845
820	875
820	876
820	877
820	888
821	823
821	836
821	846
821	854
821	855
821	857
821	865
821	868
821	875
821	876
821	893
821	895
821	898
822	831
822	838
822	856
822	859
822	871
822	877
823	829
823	834
823	835
823	844
823	851
823	859
823	864
823	868
823	870
823	871
823	874
823	879
823	897
824	829
824	849
824	856
824	857
824	875
824	889
824	894
824	895
824	897
825	844
825	858
825	863
825	883
825	886
825	888
825	891
825	892
826	830
826	846
826	847
826	850
826	855
826	856
826	883
827	828
827	831
827	836
827	852
827	854
827	861
827	868
827	874
827	880
827	996
828	828
828	829
828	831
828	832
828	838
828	843
828	849
828	851
828	858
828	877
828	878
828	896
828	969
829	831
829	838
829	845
829	855
829	864
829	872
829	879
829	886
829	887
829	896
829	996
830	831
830	832
830	842
830	844
830	853
830	866
830	880
830	889
830	894
831	835
831	841
831	842
831	844
831	877
831	882
831	894
832	839
832	860
832	867
832	876
832	877
832	879
832	881
832	882
832	883
832	889
832	892
833	845
833	865
833	866
833	872
833	877
833	878
833	884
833	891
833	896
834	834
834	839
834	846
834	848
834	857
834	861
834	862
834	863
834	869
834	872
834	881
834	883
834	886
834	893
834	896
835	840
835	849
835	851
835	852
835	855
835	859
835	863
835	868
835	870
835	871
835	883
835	895
836	842
836	844
836	847
836	855
836	859
836	862
836	873
836	875
836	880
836	884
836	899
836	938
837	843
837	851
837	854
837	874
837	882
837	892
838	842
838	843
838	844
838	845
838	846
838	847
838	850
838	855
838	865
838	883
838	885
838	889
839	861
839	866
839	867
839	875
839	879
839	880
839	890
839	893
839	894
839	896
839	897
840	847
840	858
840	862
840	863
840	869
840	878
840	880
840	882
840	898
840	899
841	844
841	845
841	854
841	863
841	868
841	869
841	875
841	888
841	891
841	897
841	898
842	849
842	856
842	863
842	877
842	885
842	889
842	891
843	850
843	852
843	854
843	856
843	857
843	875
843	878
843	884
843	885
843	895
843	896
843	983
844	846
844	855
844	858
844	867
844	868
844	872
844	873
844	876
844	878
844	886
844	891
844	899
844	932
845	857
845	862
845	863
845	878
845	879
845	897
845	898
846	855
846	856
846	859
846	861
846	862
846	869
846	870
846	873
846	877
846	886
846	896
846	964
847	865
847	867
847	869
847	878
848	850
848	859
848	865
848	873
848	879
848	884
848	885
848	895
849	866
849	877
849	878
849	879
849	882
849	885
849	889
850	851
850	861
850	865
850	867
850	869
850	877
850	891
850	895
851	854
851	864
851	866
851	873
851	878
851	885
851	898
851	939
852	862
852	864
852	866
852	873
852	893
853	855
853	864
853	872
853	882
853	890
853	894
853	898
853	909
854	870
854	876
854	881
854	890
855	856
855	866
855	868
855	872
855	878
855	888
855	895
855	897
856	862
856	863
856	865
856	891
856	892
856	894
856	895
856	896
856	899
857	884
857	885
857	890
857	898
857	899
858	861
858	864
858	867
858	868
858	873
858	878
858	881
858	885
858	894
858	899
859	865
859	872
859	883
859	885
859	887
859	889
859	895
859	899
859	994
860	861
860	870
860	880
860	886
860	887
861	862
861	866
861	869
861	883
862	867
862	880
862	972
863	871
863	879
863	880
863	881
863	893
863	948
864	868
864	873
864	878
864	891
865	868
865	884
865	886
865	891
865	956
866	870
866	880
866	881
866	884
866	887
866	891
866	893
866	899
866	936
867	869
867	892
867	895
868	871
868	893
868	894
869	880
869	884
869	886
869	887
869	897
869	898
870	870
870	883
870	887
870	893
871	872
871	874
871	881
871	894
872	875
872	877
872	882
872	885
872	886
872	895
872	899
873	895
874	879
874	883
874	892
875	876
875	878
875	884
875	889
875	894
875	896
875	921
875	936
876	878
877	891
877	893
878	885
879	884
879	886
879	889
879	892
879	894
879	896
879	929
880	894
881	886
881	894
882	890
882	947
882	955
883	885
883	887
883	894
883	896
884	894
884	904
885	893
886	888
886	892
887	947
887	999
888	891
888	897
889	899
890	891
890	895
890	897
891	892
891	896
891	897
894	896
899	964
899	968
900	902
900	907
900	908
900	911
900	916
900	929
900	931
900	949
900	960
900	964
900	973
900	975
900	987
900	988
900	989
900	994
900	996
901	906
901	909
901	916
901	921
901	925
901	928
901	940
901	941
901	949
901	967
901	976
901	977
901	978
901	982
901	985
901	995
901	996
901	997
901	999
902	903
902	904
902	910
902	921
902	924
902	929
902	949
902	950
902	952
902	957
902	962
902	965
902	975
902	976
902	982
902	986
902	991
903	906
903	913
903	924
903	939
903	948
903	949
903	959
903	966
903	972
903	975
903	979
903	982
903	999
904	915
904	920
904	925
904	946
904	951
904	961
904	963
904	966
904	984
904	989
904	991
905	905
905	909
905	910
905	913
905	920
905	935
905	938
905	941
905	947
905	949
905	952
905	955
905	963
905	965
905	967
905	970
905	980
905	988
905	993
905	996
906	913
906	915
906	918
906	921
906	923
906	951
906	953
906	954
906	965
906	969
906	970
906	971
906	975
906	983
907	911
907	916
907	933
907	934
907	936
907	942
907	951
907	960
907	963
907	966
907	979
907	990
907	991
907	993
907	999
908	911
908	915
908	920
908	924
908	928
908	931
908	933
908	945
908	948
908	957
908	962
908	974
908	976
908	980
908	988
908	994
908	998
909	910
909	928
909	934
909	939
909	943
909	959
909	964
909	965
909	971
909	974
909	981
909	988
909	990
909	997
910	911
910	914
910	917
910	918
910	919
910	920
910	929
910	932
910	934
910	939
910	940
910	941
910	945
910	949
910	950
910	953
910	984
910	985
910	992
911	931
911	937
911	944
911	947
911	961
911	966
911	971
911	983
911	985
911	994
912	914
912	919
912	926
912	931
912	951
912	954
912	955
912	958
912	962
912	965
912	966
912	974
912	993
912	999
913	917
913	919
913	923
913	925
913	945
913	946
913	956
913	963
913	966
913	980
913	981
914	915
914	922
914	925
914	934
914	940
914	947
914	948
914	951
914	952
914	960
914	970
914	973
914	986
915	916
915	922
915	923
915	933
915	934
915	937
915	941
915	943
915	948
915	949
915	954
915	968
915	975
915	980
915	997
916	937
916	938
916	945
916	946
916	948
916	949
916	955
916	957
916	959
916	960
916	961
916	962
916	968
916	970
916	973
916	974
916	976
916	983
916	985
916	986
916	987
916	991
916	992
916	993
917	923
917	925
917	932
917	933
917	937
917	943
917	961
917	969
917	970
917	978
917	994
917	998
918	922
918	948
918	954
918	976
918	980
918	981
918	986
918	993
919	923
919	924
919	925
919	939
919	949
919	962
919	969
919	982
919	995
919	999
920	924
920	951
920	957
920	958
920	971
920	986
920	998
921	928
921	932
921	935
921	946
921	948
921	960
921	968
921	969
921	973
921	993
921	995
921	998
922	935
922	938
922	940
922	944
922	947
922	952
922	953
922	958
922	962
922	972
922	976
922	979
922	992
922	995
922	999
923	925
923	932
923	936
923	940
923	946
923	947
923	951
923	955
923	959
923	967
923	975
923	979
923	981
923	985
923	990
924	931
924	947
924	956
924	970
924	973
924	976
924	992
924	996
924	998
925	925
925	928
925	935
925	962
925	963
925	964
925	975
925	980
926	945
926	948
926	956
926	966
926	969
926	977
926	980
926	981
926	983
926	985
926	988
926	992
926	999
927	928
927	934
927	945
927	964
927	968
927	977
927	982
927	999
928	930
928	940
928	941
928	945
928	949
928	951
928	952
928	953
928	967
928	969
928	971
928	973
928	980
928	982
928	986
928	987
928	990
929	929
929	932
929	944
929	957
929	967
929	975
929	980
929	984
929	986
929	988
929	990
929	991
929	992
930	941
930	963
930	969
930	970
930	978
930	988
931	934
931	935
931	960
931	961
931	970
931	971
931	974
931	978
931	979
931	993
932	936
932	937
932	949
932	961
932	965
932	981
932	984
932	990
932	993
932	995
932	997
933	934
933	935
933	940
933	956
933	962
933	970
933	987
933	988
934	935
934	943
934	946
934	948
934	955
934	959
934	960
934	982
935	941
935	993
936	943
936	948
936	951
936	956
936	966
936	970
936	989
936	991
936	999
937	937
937	951
937	956
937	959
937	964
937	969
937	972
937	973
937	979
937	990
937	998
938	945
938	947
938	956
938	971
938	978
938	984
938	988
938	993
938	995
938	998
938	999
939	940
939	947
939	949
939	963
939	966
939	967
939	972
939	977
939	984
939	986
939	992
940	946
940	957
940	961
940	970
940	972
940	996
940	997
941	955
941	957
941	965
941	976
941	978
941	979
941	981
941	982
941	984
941	988
942	943
942	947
942	954
942	963
942	967
942	978
942	986
942	988
942	992
943	945
943	947
943	957
943	969
943	981
943	983
943	987
943	989
943	995
944	950
944	957
944	965
944	969
944	974
945	953
945	958
945	959
945	965
945	977
945	978
945	994
946	948
946	962
946	964
946	965
946	984
946	996
947	948
947	953
947	955
947	958
947	959
947	972
947	983
947	990
947	993
947	994
948	959
948	961
948	973
948	976
948	982
948	983
948	993
948	996
949	952
949	956
949	964
949	971
949	986
949	991
949	992
949	998
950	950
950	963
950	964
950	974
950	977
950	979
950	991
950	998
951	954
951	955
951	956
951	963
951	965
951	978
951	988
951	994
951	996
952	957
952	961
952	966
952	967
952	968
952	969
952	991
952	992
952	995
952	998
953	960
953	966
953	968
953	986
953	990
953	992
954	966
954	968
954	973
954	974
954	980
954	990
954	999
955	958
955	961
955	967
955	975
955	979
956	964
956	966
956	969
956	973
956	980
956	981
957	970
957	986
957	989
957	994
958	963
958	964
958	968
958	972
958	974
958	977
958	987
958	993
959	965
959	968
959	969
959	976
959	977
959	990
959	993
959	996
959	998
960	960
960	967
960	980
960	985
960	988
961	970
961	974
961	989
961	990
961	998
962	970
962	974
962	983
962	987
962	999
963	967
963	968
963	975
963	993
963	995
963	997
964	965
964	966
964	974
964	976
964	980
964	995
965	971
965	979
965	981
965	986
965	991
966	970
966	979
966	981
966	982
966	994
967	973
967	985
967	986
967	987
967	991
967	993
967	997
968	977
968	981
968	986
969	969
969	980
969	992
969	997
970	973
970	975
970	978
970	982
971	972
971	974
971	985
971	999
972	978
972	980
972	984
972	986
972	989
972	990
972	996
973	982
973	985
973	994
973	995
974	977
974	990
974	992
975	976
975	980
975	983
975	989
976	977
976	981
976	989
976	992
976	996
977	996
978	980
979	981
979	987
979	991
979	994
979	995
979	996
980	981
980	991
980	992
980	996
980	997
981	993
981	999
982	982
983	983
983	990
984	992
984	993
984	998
985	987
985	992
985	994
986	988
986	990
986	995
986	996
987	989
987	990
987	995
988	993
990	992
991	993
991	996
992	997
993	996
994	998
997	998
