0	5
0	8
0	11
0	15
0	17
0	23
0	26
0	34
0	47
0	64
0	154
0	209
0	259
0	268
0	557
0	738
0	802
0	912
0	942
0	946
1	11
1	12
1	22
1	26
1	32
1	55
1	63
1	70
1	85
1	88
1	91
1	98
1	142
1	231
1	348
1	439
1	480
1	520
1	635
1	709
1	854
2	3
2	20
2	33
2	47
2	55
2	62
2	69
2	77
2	112
2	171
2	209
2	224
2	317
2	326
2	402
2	416
2	541
2	641
2	769
2	804
2	820
2	827
2	939
2	962
3	5
3	11
3	15
3	17
3	29
3	47
3	53
3	85
3	262
3	383
3	417
3	423
3	499
3	554
3	709
3	867
4	12
4	18
4	20
4	38
4	53
4	62
4	69
4	82
4	96
4	156
4	221
4	248
4	281
4	329
4	353
4	439
4	442
4	518
4	587
4	672
4	716
4	855
4	892
4	911
4	929
4	973
5	11
5	14
5	58
5	64
5	72
5	85
5	100
5	220
5	246
5	287
5	289
5	329
5	336
5	365
5	458
5	538
5	586
5	601
5	680
5	813
5	902
5	922
5	932
6	9
6	16
6	18
6	20
6	38
6	40
6	45
6	49
6	55
6	60
6	69
6	70
6	153
6	214
6	616
6	637
6	685
6	774
6	872
6	983
7	15
7	25
7	27
7	30
7	34
7	43
7	95
7	98
7	210
7	631
7	651
7	679
7	728
7	813
7	846
7	891
7	927
8	15
8	48
8	62
8	67
8	68
8	90
8	91
8	94
8	108
8	433
8	479
8	485
8	674
8	839
8	909
8	952
8	967
8	978
9	21
9	29
9	39
9	41
9	44
9	45
9	46
9	68
9	74
9	86
9	88
9	89
9	96
9	128
9	160
9	203
9	500
9	651
9	736
9	766
9	790
10	13
10	23
10	28
10	47
10	52
10	58
10	59
10	62
10	87
10	92
10	95
10	98
10	219
10	254
10	369
10	386
10	408
10	542
10	710
10	800
11	17
11	24
11	38
11	39
11	62
11	64
11	83
11	200
11	260
11	296
11	508
11	656
11	665
11	675
12	14
12	21
12	26
12	28
12	33
12	45
12	54
12	57
12	71
12	74
12	79
12	84
12	85
12	94
12	99
12	222
12	474
12	579
12	595
12	617
12	706
12	775
12	961
13	24
13	48
13	61
13	73
13	83
13	127
13	195
13	221
13	377
13	467
13	499
13	535
13	597
13	722
13	746
13	795
13	917
13	928
14	15
14	18
14	22
14	28
14	46
14	57
14	69
14	75
14	78
14	89
14	215
14	374
14	464
14	657
14	660
14	977
15	20
15	24
15	32
15	36
15	44
15	46
15	47
15	54
15	59
15	64
15	82
15	89
15	94
15	216
15	236
15	545
15	634
15	755
15	872
15	879
15	894
15	933
16	24
16	29
16	35
16	46
16	53
16	54
16	67
16	69
16	72
16	81
16	97
16	150
16	184
16	277
16	879
17	43
17	55
17	66
17	78
17	204
17	277
17	294
17	438
17	634
17	639
17	714
17	810
17	823
17	988
18	27
18	94
18	96
18	129
18	165
18	166
18	294
18	357
18	516
18	549
18	631
18	704
18	884
18	902
18	930
18	951
19	42
19	75
19	76
19	93
19	96
19	186
19	277
19	343
19	421
19	460
19	563
19	576
19	731
19	832
19	907
20	24
20	35
20	46
20	60
20	75
20	79
20	81
20	87
20	98
20	312
20	632
20	662
20	741
20	949
21	39
21	42
21	49
21	54
21	56
21	99
21	201
21	272
21	426
21	443
21	451
21	455
21	793
22	45
22	52
22	55
22	61
22	62
22	63
22	64
22	107
22	108
22	201
22	225
22	237
22	283
22	287
22	376
22	741
22	745
22	992
23	26
23	42
23	48
23	52
23	55
23	57
23	60
23	68
23	72
23	76
23	88
23	99
23	132
23	151
23	254
23	277
23	513
23	613
23	658
23	670
23	892
23	968
24	42
24	52
24	54
24	56
24	63
24	92
24	121
24	151
24	179
24	246
24	401
24	520
24	528
24	555
24	565
24	630
24	633
24	646
24	734
24	846
24	848
24	954
25	34
25	49
25	51
25	56
25	65
25	74
25	84
25	250
25	313
25	438
25	497
25	531
25	629
25	930
26	27
26	41
26	46
26	51
26	54
26	72
26	90
26	115
26	156
26	169
26	369
26	455
26	459
26	463
26	468
26	651
26	695
26	781
26	782
27	35
27	37
27	46
27	49
27	58
27	76
27	80
27	134
27	370
27	423
27	732
27	745
27	966
28	41
28	42
28	46
28	53
28	55
28	57
28	59
28	114
28	280
28	400
28	425
28	442
28	452
28	483
28	557
28	845
28	995
29	38
29	63
29	96
29	99
29	141
29	149
29	289
29	308
29	349
29	423
29	457
29	508
29	558
29	623
29	634
29	699
29	737
29	852
29	958
30	40
30	68
30	71
30	97
30	107
30	123
30	363
30	454
30	566
30	662
30	700
30	751
30	793
31	37
31	54
31	55
31	76
31	85
31	88
31	96
31	437
31	438
31	553
31	649
31	782
31	794
32	41
32	43
32	64
32	89
32	94
32	96
32	98
32	339
32	391
32	416
32	486
32	533
32	612
32	654
32	680
32	763
33	52
33	66
33	74
33	75
33	97
33	206
33	255
33	305
33	476
33	506
33	584
33	750
33	827
33	844
34	38
34	48
34	59
34	66
34	79
34	80
34	81
34	87
34	90
34	283
34	614
34	894
34	965
35	43
35	64
35	74
35	86
35	92
35	133
35	169
35	192
35	233
35	307
35	368
35	459
35	632
35	706
35	743
35	766
35	782
35	866
35	867
36	59
36	88
36	89
36	97
36	164
36	222
36	224
36	259
36	386
36	523
36	548
36	586
36	646
36	672
36	801
37	46
37	50
37	62
37	68
37	73
37	82
37	85
37	93
37	94
37	97
37	135
37	316
37	360
37	414
37	494
37	529
37	533
37	655
37	709
37	865
38	39
38	61
38	62
38	63
38	69
38	82
38	94
38	99
38	109
38	144
38	184
38	467
38	590
38	621
38	645
38	921
39	47
39	62
39	148
39	435
39	475
39	496
39	534
39	555
39	621
39	871
39	989
39	991
40	42
40	56
40	67
40	71
40	72
40	78
40	197
40	262
40	281
40	304
40	579
40	792
41	43
41	53
41	61
41	79
41	419
41	560
41	733
41	838
41	840
41	879
42	50
42	52
42	79
42	83
42	87
42	100
42	366
42	379
42	489
42	556
42	559
42	566
42	577
42	667
42	733
42	828
42	859
42	931
43	44
43	51
43	69
43	81
43	94
43	128
43	311
43	494
43	497
43	533
43	559
43	602
43	605
43	667
43	684
44	47
44	50
44	55
44	61
44	86
44	92
44	98
44	112
44	118
44	155
44	173
44	178
44	209
44	217
44	336
44	431
44	459
44	504
44	532
44	625
44	642
44	687
44	712
44	722
45	46
45	47
45	49
45	65
45	69
45	76
45	77
45	88
45	97
45	156
45	204
45	248
45	580
45	588
45	972
46	94
46	111
46	586
46	603
46	682
46	723
46	895
46	938
46	993
47	50
47	55
47	77
47	80
47	84
47	88
47	92
47	96
47	234
47	295
47	311
47	315
47	349
47	574
47	644
47	654
47	697
47	698
47	830
47	832
47	892
47	927
47	942
47	970
47	983
48	61
48	65
48	66
48	85
48	87
48	89
48	92
48	96
48	126
48	150
48	366
48	374
48	572
48	631
48	717
48	787
49	50
49	70
49	72
49	77
49	203
49	420
49	533
49	723
49	858
49	916
49	927
50	63
50	89
50	90
50	94
50	98
50	124
50	159
50	311
50	506
50	694
50	725
50	759
50	890
50	938
51	53
51	64
51	84
51	87
51	93
51	168
51	196
51	284
51	553
51	557
51	701
51	708
51	780
51	794
51	912
51	933
52	55
52	61
52	98
52	212
52	308
52	317
52	384
52	439
52	634
52	695
52	733
52	745
52	842
52	992
53	62
53	83
53	91
53	95
53	179
53	198
53	203
53	208
53	249
53	329
53	479
53	492
53	814
53	978
54	146
54	215
54	317
54	417
54	527
54	574
54	679
54	700
54	770
54	837
54	872
54	899
55	56
55	75
55	78
55	79
55	99
55	269
55	323
55	398
55	408
55	445
55	690
55	931
55	961
55	996
56	69
56	86
56	98
56	124
56	262
56	379
56	414
56	538
56	874
56	958
56	969
57	62
57	75
57	77
57	99
57	166
57	169
57	229
57	277
57	325
57	330
57	398
57	456
57	471
57	506
57	545
57	728
57	762
57	793
57	808
58	61
58	77
58	95
58	120
58	168
58	174
58	237
58	299
58	303
58	395
58	401
58	485
58	570
58	646
58	721
59	68
59	72
59	91
59	93
59	119
59	184
59	381
59	428
59	581
59	648
59	673
59	687
59	727
59	769
59	795
59	842
59	973
60	62
60	67
60	70
60	72
60	73
60	84
60	86
60	438
60	485
60	766
60	772
60	821
61	74
61	93
61	124
61	179
61	293
61	376
61	918
61	922
61	966
62	71
62	77
62	90
62	259
62	324
62	542
62	710
62	722
62	726
62	886
62	903
62	920
62	987
63	65
63	73
63	75
63	126
63	224
63	236
63	258
63	495
63	541
63	574
63	583
63	619
63	656
63	761
63	769
63	772
63	880
63	919
63	928
64	68
64	117
64	123
64	227
64	229
64	317
64	379
64	400
64	451
64	470
64	618
64	957
64	985
65	153
65	300
65	322
65	434
65	485
65	576
65	608
65	692
65	697
65	833
65	874
65	942
65	970
66	93
66	95
66	125
66	131
66	247
66	372
66	439
66	510
66	628
66	710
66	754
66	793
66	830
66	847
66	855
66	900
66	967
67	67
67	85
67	111
67	206
67	287
67	378
67	521
67	648
67	707
67	724
67	729
67	816
67	820
67	833
68	72
68	84
68	89
68	209
68	214
68	318
68	423
68	530
68	624
68	650
68	721
68	729
68	768
68	820
68	887
68	921
69	76
69	78
69	83
69	86
69	91
69	148
69	364
69	425
69	488
69	675
69	701
69	774
69	902
69	911
69	924
69	932
69	990
70	89
70	94
70	143
70	277
70	456
70	519
70	597
70	860
70	925
70	965
70	980
71	72
71	81
71	91
71	272
71	282
71	376
71	424
71	480
71	517
71	546
71	709
71	726
71	832
72	80
72	81
72	87
72	89
72	91
72	120
72	188
72	270
72	331
72	596
72	614
72	708
72	829
72	837
72	900
72	956
73	74
73	76
73	89
73	108
73	128
73	155
73	314
73	503
73	576
73	581
73	646
73	827
73	918
73	937
74	90
74	122
74	207
74	228
74	242
74	287
74	320
74	493
74	499
74	552
74	652
74	769
74	829
74	892
75	78
75	83
75	86
75	103
75	140
75	158
75	399
75	743
75	772
75	821
75	852
75	867
75	892
75	924
76	78
76	92
76	95
76	344
76	378
76	433
76	530
76	537
76	546
76	685
76	700
76	788
77	85
77	90
77	91
77	264
77	272
77	289
77	495
77	566
77	643
77	679
77	727
77	835
77	855
77	897
78	88
78	99
78	138
78	142
78	185
78	326
78	417
78	483
78	517
78	563
78	579
78	617
78	633
78	652
78	679
78	690
78	707
78	713
78	757
78	772
78	797
78	849
78	895
78	976
79	80
79	90
79	91
79	109
79	256
79	274
79	321
79	352
79	438
79	649
79	861
79	876
79	935
80	157
80	220
80	235
80	323
80	339
80	343
80	394
80	512
80	571
80	589
80	603
80	611
80	665
80	795
80	818
80	827
80	839
80	882
81	89
81	94
81	97
81	239
81	259
81	331
81	405
81	432
81	675
81	725
81	738
81	748
81	824
81	914
81	957
82	86
82	127
82	232
82	316
82	337
82	398
82	708
82	787
83	92
83	93
83	129
83	311
83	330
83	485
83	545
83	626
83	742
83	845
83	981
84	171
84	284
84	403
84	459
84	464
84	519
84	700
84	748
84	847
85	95
85	128
85	151
85	262
85	373
85	379
85	740
85	746
85	765
85	885
85	900
85	946
86	216
86	218
86	228
86	233
86	372
86	409
86	530
86	599
86	670
86	836
86	854
87	498
87	526
87	591
87	617
87	666
87	738
87	869
87	889
88	98
88	168
88	499
88	507
88	639
88	916
88	930
88	960
89	89
89	90
89	110
89	136
89	287
89	496
89	602
89	677
89	697
89	736
89	798
89	799
89	873
89	989
90	218
90	225
90	230
90	386
90	474
90	494
90	514
90	548
90	550
90	577
90	614
90	669
90	680
90	695
90	766
90	976
91	99
91	491
91	516
91	598
91	669
91	707
91	766
91	784
91	864
91	968
91	994
92	159
92	203
92	373
92	626
92	696
92	729
93	139
93	350
93	477
93	509
93	591
93	608
93	639
93	732
93	856
93	869
94	343
94	409
94	587
94	846
94	942
94	954
94	981
95	124
95	205
95	348
95	387
95	511
95	560
95	691
95	778
95	860
95	871
95	908
95	918
95	950
96	156
96	242
96	348
96	394
96	541
96	555
96	565
96	679
96	763
96	824
96	832
96	847
96	934
96	950
96	961
96	982
96	995
97	115
97	355
97	369
97	375
97	511
97	558
97	602
97	663
97	689
97	743
97	751
97	860
97	943
97	946
97	970
98	208
98	280
98	312
98	516
98	602
98	609
98	670
98	679
98	802
98	828
98	896
98	924
99	180
99	216
99	238
99	249
99	265
99	279
99	283
99	539
99	835
99	872
99	923
99	984
100	115
100	119
100	140
100	159
100	161
100	176
100	210
100	412
100	486
100	507
100	643
100	713
100	779
100	822
100	823
100	874
100	883
100	936
100	949
101	139
101	147
101	179
101	312
101	361
101	468
101	491
101	560
101	615
101	678
101	880
101	882
101	891
102	108
102	111
102	123
102	126
102	143
102	156
102	161
102	184
102	199
102	655
102	658
102	670
102	721
102	769
102	772
102	979
103	146
103	186
103	193
103	194
103	197
103	198
103	199
103	273
103	319
103	365
103	405
103	484
103	528
103	532
103	568
103	569
103	876
103	947
103	963
104	123
104	126
104	136
104	163
104	164
104	165
104	169
104	179
104	180
104	189
104	199
104	220
104	256
104	393
104	413
104	489
104	499
104	526
104	560
104	618
104	955
104	956
105	132
105	147
105	148
105	160
105	162
105	169
105	177
105	192
105	193
105	197
105	268
105	442
105	444
105	493
105	529
105	542
106	115
106	121
106	123
106	124
106	161
106	164
106	180
106	223
106	305
106	323
106	440
106	477
106	515
106	824
106	835
106	915
107	112
107	115
107	141
107	144
107	164
107	179
107	195
107	237
107	258
107	370
107	755
107	816
107	823
107	848
108	108
108	120
108	131
108	148
108	158
108	164
108	178
108	184
108	186
108	213
108	256
108	271
108	347
108	565
108	580
108	587
108	740
108	883
108	950
108	987
109	114
109	119
109	120
109	140
109	157
109	168
109	171
109	173
109	176
109	184
109	186
109	192
109	207
109	281
109	371
109	405
109	482
109	729
109	761
109	866
109	999
110	113
110	116
110	130
110	132
110	156
110	160
110	185
110	191
110	214
110	221
110	274
110	366
110	601
110	640
110	681
110	706
110	712
110	724
110	855
111	116
111	131
111	149
111	163
111	171
111	178
111	183
111	364
111	395
111	425
111	462
111	561
111	582
111	682
111	685
111	751
111	770
111	798
111	840
111	975
112	128
112	134
112	136
112	145
112	151
112	164
112	240
112	308
112	368
112	419
112	432
112	521
112	530
112	569
112	777
112	932
113	121
113	126
113	129
113	131
113	162
113	181
113	205
113	437
113	474
113	481
113	493
113	574
113	622
113	633
113	743
113	751
113	805
113	815
113	824
113	874
113	982
114	132
114	140
114	151
114	161
114	166
114	168
114	170
114	188
114	215
114	294
114	350
114	355
114	475
114	595
114	597
114	679
114	910
115	118
115	119
115	121
115	130
115	135
115	170
115	179
115	197
115	199
115	318
115	365
115	506
115	578
115	744
116	132
116	143
116	144
116	145
116	150
116	165
116	167
116	180
116	184
116	187
116	314
116	381
116	555
116	624
116	679
116	699
116	705
116	727
116	794
116	974
117	136
117	144
117	159
117	287
117	323
117	385
117	402
117	409
117	424
117	450
117	508
117	519
117	544
117	578
117	599
117	647
117	860
117	887
117	912
118	119
118	125
118	127
118	159
118	161
118	165
118	172
118	180
118	184
118	187
118	195
118	196
118	252
118	353
118	479
118	525
118	607
118	620
118	780
118	813
119	129
119	131
119	145
119	160
119	169
119	194
119	195
119	224
119	327
119	406
119	447
119	545
119	632
119	652
119	682
119	853
119	940
119	976
120	120
120	143
120	160
120	161
120	165
120	191
120	196
120	273
120	287
120	387
120	407
120	458
120	543
120	591
120	604
120	626
120	638
120	669
120	799
120	880
120	973
121	126
121	167
121	181
121	452
121	503
121	559
121	562
121	564
121	704
121	786
121	816
121	851
121	932
121	966
122	128
122	140
122	148
122	149
122	153
122	159
122	163
122	168
122	179
122	215
122	237
122	311
122	365
122	422
122	449
122	557
122	761
122	800
123	130
123	140
123	146
123	149
123	157
123	163
123	184
123	189
123	326
123	482
123	577
123	610
123	657
123	773
123	815
123	882
123	883
123	898
123	952
123	969
124	139
124	142
124	143
124	159
124	160
124	166
124	184
124	190
124	197
124	210
124	287
124	437
124	520
124	666
124	753
124	862
124	899
124	928
125	133
125	136
125	140
125	143
125	147
125	153
125	160
125	180
125	219
125	258
125	378
125	618
125	682
125	724
125	727
125	739
125	740
125	993
126	134
126	140
126	145
126	153
126	171
126	175
126	176
126	233
126	245
126	252
126	271
126	315
126	392
126	509
126	518
126	555
126	712
126	860
126	928
127	164
127	165
127	176
127	186
127	191
127	194
127	208
127	374
127	427
127	430
127	439
127	665
127	726
127	754
127	947
128	145
128	150
128	173
128	175
128	188
128	191
128	241
128	270
128	315
128	400
128	500
128	574
128	606
128	641
128	644
128	646
128	843
129	145
129	149
129	161
129	561
129	586
129	615
129	993
130	132
130	133
130	137
130	138
130	163
130	165
130	171
130	184
130	186
130	187
130	191
130	198
130	242
130	306
130	324
130	443
130	620
130	706
130	763
130	836
130	859
130	962
130	980
130	985
131	166
131	171
131	174
131	220
131	305
131	495
131	514
131	663
131	683
131	723
131	994
132	154
132	156
132	171
132	199
132	223
132	383
132	433
132	442
132	445
132	458
132	484
132	538
132	581
132	747
132	761
132	786
132	800
132	802
132	920
132	973
132	989
133	138
133	157
133	158
133	177
133	179
133	199
133	222
133	230
133	451
133	572
133	576
133	774
133	781
133	786
133	944
134	143
134	146
134	152
134	160
134	186
134	199
134	231
134	258
134	274
134	302
134	695
134	891
135	149
135	159
135	175
135	178
135	182
135	187
135	251
135	279
135	297
135	390
135	408
135	543
135	653
135	688
135	707
135	791
135	934
135	996
136	160
136	165
136	199
136	213
136	263
136	340
136	525
136	925
137	141
137	160
137	165
137	180
137	189
137	190
137	360
137	396
137	414
137	550
137	558
137	579
137	685
137	690
137	713
137	721
137	745
137	824
137	887
137	906
137	923
138	158
138	169
138	178
138	181
138	186
138	187
138	199
138	264
138	293
138	334
138	351
138	357
138	358
138	464
138	511
138	587
138	627
138	676
138	700
138	733
138	790
138	876
138	883
138	892
138	928
138	972
138	978
139	141
139	148
139	152
139	163
139	165
139	166
139	170
139	177
139	187
139	188
139	189
139	192
139	365
139	381
139	475
139	530
139	555
139	626
139	707
139	843
140	142
140	165
140	181
140	196
140	198
140	202
140	365
140	396
140	512
140	519
140	674
140	829
140	872
141	146
141	156
141	161
141	163
141	174
141	190
141	222
141	313
141	334
141	441
141	482
141	557
141	593
141	597
141	704
141	833
141	944
142	162
142	169
142	195
142	197
142	368
142	457
142	570
142	601
142	622
142	763
142	870
142	880
143	144
143	154
143	160
143	162
143	175
143	219
143	268
143	307
143	436
143	484
143	731
143	737
143	754
143	800
143	944
143	972
144	149
144	159
144	161
144	168
144	178
144	186
144	205
144	351
144	418
144	463
144	465
144	509
144	548
144	646
144	654
144	679
144	746
144	803
144	932
145	152
145	163
145	165
145	168
145	187
145	190
145	259
145	313
145	425
145	510
145	668
145	694
145	748
145	860
146	171
146	392
146	542
146	557
146	573
146	603
146	689
146	700
146	711
146	757
146	980
147	154
147	165
147	169
147	188
147	194
147	266
147	326
147	570
147	617
147	810
147	835
147	895
147	930
147	936
147	951
148	153
148	195
148	264
148	306
148	329
148	356
148	381
148	411
148	423
148	608
148	748
148	846
148	955
148	988
148	995
149	159
149	161
149	169
149	178
149	181
149	188
149	192
149	254
149	348
149	350
149	511
149	669
149	830
149	831
149	838
149	856
149	890
149	921
149	985
150	152
150	170
150	171
150	176
150	180
150	183
150	194
150	257
150	296
150	322
150	442
150	620
150	871
150	875
150	978
151	152
151	168
151	179
151	188
151	264
151	304
151	413
151	423
151	450
151	633
151	640
151	662
151	673
151	675
151	731
151	900
151	980
152	153
152	157
152	158
152	167
152	183
152	186
152	187
152	188
152	201
152	351
152	382
152	383
152	465
152	698
152	736
152	774
152	790
153	165
153	169
153	170
153	172
153	188
153	191
153	198
153	289
153	715
153	789
153	841
153	868
154	161
154	184
154	188
154	190
154	321
154	422
154	508
154	528
154	582
154	603
154	731
154	741
154	939
154	970
155	171
155	196
155	456
155	554
155	589
155	650
155	747
155	917
155	937
156	173
156	188
156	191
156	192
156	216
156	231
156	710
156	741
156	758
156	932
157	162
157	165
157	175
157	192
157	224
157	260
157	301
157	893
157	945
157	999
158	165
158	189
158	299
158	511
158	541
158	676
158	740
158	744
158	840
158	975
159	159
159	162
159	171
159	184
159	199
159	228
159	247
159	296
159	363
159	447
159	598
159	632
159	647
159	706
159	812
159	848
160	165
160	180
160	185
160	189
160	190
160	243
160	248
160	497
160	857
160	889
160	915
160	945
160	976
161	175
161	214
161	239
161	373
161	383
161	526
161	560
161	581
161	660
161	689
161	853
162	174
162	176
162	182
162	191
162	307
162	377
162	401
162	419
162	421
162	567
162	641
162	750
162	799
162	840
162	862
162	927
162	967
163	164
163	174
163	180
163	190
163	197
163	224
163	241
163	265
163	318
163	410
163	502
163	558
163	577
163	615
163	660
163	672
163	680
163	723
163	744
163	770
164	171
164	174
164	185
164	186
164	192
164	194
164	196
164	206
164	260
164	295
164	351
164	457
164	463
164	900
164	949
165	175
165	232
165	246
165	367
165	515
165	518
165	569
165	608
165	686
165	715
165	788
165	855
165	861
165	949
165	984
166	175
166	182
166	185
166	198
166	224
166	244
166	268
166	284
166	289
166	372
166	442
166	490
166	536
166	540
166	552
166	582
166	592
166	640
166	685
166	689
166	778
166	786
166	944
166	950
166	987
167	189
167	191
167	198
167	384
167	502
167	637
167	700
167	702
167	759
167	994
167	995
168	173
168	370
168	433
168	438
168	503
168	572
168	573
168	590
168	798
168	814
168	839
168	935
169	172
169	176
169	177
169	198
169	199
169	222
169	395
169	449
169	886
169	944
170	182
170	193
170	362
170	367
170	448
170	479
170	507
170	519
170	520
170	538
170	573
170	588
170	610
170	703
170	741
170	780
170	804
170	924
171	182
171	297
171	306
171	436
171	567
171	664
171	721
171	747
171	818
171	835
171	917
171	919
171	934
172	176
172	193
172	196
172	201
172	295
172	422
172	634
172	693
172	706
172	807
172	878
172	913
173	199
173	308
173	367
173	537
173	887
174	181
174	183
174	550
174	711
174	904
174	966
175	182
175	193
175	198
175	207
175	386
175	423
175	546
175	618
175	860
175	863
175	977
176	177
176	182
176	187
176	188
176	199
176	223
176	301
176	493
176	559
176	584
176	760
176	899
177	184
177	188
177	196
177	290
177	348
177	458
177	481
177	609
177	627
177	649
177	669
177	734
177	855
177	923
178	184
178	187
178	252
178	278
178	311
178	555
178	650
178	811
178	816
178	864
178	873
179	183
179	191
179	192
179	199
179	232
179	247
179	248
179	252
179	290
179	390
179	519
179	544
179	600
179	623
179	640
179	652
179	899
180	197
180	208
180	254
180	296
180	415
180	466
180	490
180	561
180	779
180	835
180	931
180	965
180	970
180	996
181	184
181	188
181	191
181	192
181	193
181	196
181	238
181	389
181	635
181	699
181	767
181	779
181	791
181	842
182	198
182	549
182	553
182	564
182	636
182	673
182	726
182	783
183	185
183	190
183	218
183	340
183	630
183	721
183	777
184	198
184	327
184	392
184	548
184	583
184	596
184	690
184	900
185	185
185	186
185	196
185	289
185	361
185	384
185	503
185	518
185	542
185	568
185	574
185	597
185	631
185	674
185	700
185	703
185	721
185	931
186	196
186	301
186	400
186	444
186	542
186	634
186	685
186	702
186	748
186	786
186	859
186	868
187	218
187	363
187	365
187	745
187	888
187	936
188	197
188	236
188	439
188	545
188	827
188	858
188	860
188	898
188	911
188	912
188	954
189	237
189	384
189	466
189	642
189	665
189	793
189	927
190	190
190	195
190	196
190	271
190	371
190	412
190	567
190	571
190	601
190	794
190	874
190	885
191	195
191	226
191	334
191	408
191	764
191	825
191	902
192	194
192	197
192	199
192	228
192	328
192	364
192	415
192	731
192	793
192	881
193	195
193	217
193	382
193	421
193	478
193	548
193	618
193	622
193	662
193	705
193	800
193	852
193	857
193	866
194	197
194	514
194	523
194	849
194	900
194	930
194	952
195	227
195	307
195	313
195	403
195	419
195	502
195	534
195	578
195	821
195	848
195	857
195	899
196	238
196	313
196	383
196	466
196	504
196	542
196	589
196	758
196	782
196	788
196	792
196	879
196	898
196	991
197	199
197	224
197	241
197	396
197	456
197	571
197	601
197	618
197	851
197	912
197	930
197	942
197	955
198	261
198	303
198	305
198	396
198	401
198	403
198	629
198	905
198	920
198	941
199	215
199	338
199	393
199	437
199	472
199	500
199	550
199	619
199	652
199	786
199	888
199	961
199	975
200	223
200	227
200	244
200	256
200	262
200	266
200	274
200	280
200	285
200	299
200	309
200	592
200	651
200	677
200	779
200	809
200	959
201	222
201	226
201	227
201	246
201	255
201	279
201	283
201	287
201	290
201	298
201	364
201	450
201	496
201	542
201	549
201	674
201	778
201	789
201	891
201	895
201	961
202	229
202	235
202	248
202	251
202	257
202	266
202	273
202	276
202	279
202	281
202	290
202	318
202	435
202	452
202	481
202	645
202	647
202	831
202	893
202	900
203	208
203	219
203	228
203	230
203	237
203	240
203	249
203	256
203	277
203	282
203	294
203	377
203	380
203	459
203	504
203	758
203	792
203	830
203	839
203	862
203	894
203	899
203	942
203	945
204	226
204	236
204	238
204	239
204	293
204	570
204	650
204	794
204	874
204	949
205	219
205	250
205	270
205	275
205	276
205	469
205	574
205	598
205	663
205	689
205	702
205	759
205	775
205	795
206	207
206	214
206	217
206	229
206	235
206	240
206	252
206	278
206	292
206	305
206	438
206	502
206	535
206	587
206	646
206	728
206	851
206	939
206	997
207	244
207	255
207	258
207	264
207	270
207	410
207	483
207	556
207	593
207	819
208	233
208	234
208	237
208	242
208	263
208	264
208	293
208	297
208	301
208	410
208	482
208	510
208	524
208	627
208	709
208	749
208	777
208	917
208	962
209	217
209	248
209	259
209	292
209	366
209	450
209	468
209	531
209	536
209	747
209	937
210	212
210	224
210	252
210	259
210	261
210	276
210	292
210	427
210	434
210	468
210	472
210	483
210	760
211	211
211	226
211	243
211	275
211	293
211	295
211	447
211	488
211	532
211	641
211	694
211	908
211	954
212	219
212	221
212	230
212	245
212	252
212	262
212	272
212	279
212	282
212	288
212	294
212	296
212	309
212	333
212	510
212	634
212	729
212	934
213	221
213	229
213	236
213	251
213	253
213	256
213	297
213	323
213	359
213	419
213	637
213	641
213	654
213	771
213	994
214	223
214	233
214	241
214	250
214	271
214	280
214	309
214	421
214	430
214	444
214	520
214	533
214	570
214	591
214	696
214	813
214	818
215	222
215	223
215	228
215	250
215	279
215	293
215	337
215	351
215	419
215	468
215	608
215	883
215	893
215	898
215	936
216	219
216	226
216	229
216	247
216	249
216	261
216	281
216	284
216	294
216	432
216	470
216	575
216	610
216	671
216	805
216	811
216	851
216	866
216	943
216	955
216	960
217	221
217	231
217	242
217	260
217	286
217	443
217	464
217	577
217	601
217	750
217	753
217	807
217	850
217	893
217	919
217	939
217	949
217	982
218	227
218	232
218	235
218	259
218	269
218	361
218	365
218	384
218	546
218	547
218	557
218	647
218	809
218	822
218	847
218	858
219	241
219	253
219	259
219	267
219	272
219	291
219	296
219	300
219	394
219	521
220	243
220	259
220	265
220	272
220	296
220	364
220	402
220	450
220	457
220	468
220	556
220	636
220	670
220	895
220	951
220	967
221	233
221	240
221	255
221	256
221	257
221	262
221	266
221	280
221	292
221	357
221	476
221	506
221	710
221	752
221	819
221	876
221	905
221	967
222	238
222	281
222	287
222	288
222	297
222	343
222	431
222	808
223	254
223	259
223	287
223	290
223	293
223	446
223	567
223	583
223	586
223	649
223	781
223	839
223	846
224	227
224	236
224	252
224	259
224	273
224	286
224	298
224	348
224	372
224	396
224	459
224	528
224	625
224	645
224	680
224	801
224	804
224	810
224	816
224	893
224	969
224	996
225	228
225	236
225	246
225	254
225	262
225	268
225	276
225	294
225	345
225	416
225	432
225	466
225	499
225	548
225	651
225	844
225	857
225	979
226	231
226	250
226	268
226	295
226	306
226	313
226	467
226	563
226	683
226	728
226	916
226	997
227	230
227	239
227	266
227	279
227	294
227	298
227	350
227	375
227	632
227	710
227	716
227	879
228	232
228	239
228	244
228	249
228	251
228	273
228	280
228	294
228	299
228	459
228	507
228	627
228	642
228	693
228	932
228	955
229	233
229	257
229	265
229	274
229	277
229	282
229	293
229	571
229	575
229	608
229	609
229	631
229	658
229	746
229	859
230	248
230	254
230	259
230	260
230	268
230	274
230	277
230	522
230	567
230	597
230	639
230	669
230	732
230	773
230	864
231	233
231	245
231	276
231	283
231	288
231	388
231	467
231	509
231	549
231	607
231	649
231	693
231	697
231	734
231	788
231	833
232	240
232	257
232	259
232	260
232	263
232	271
232	279
232	295
232	297
232	372
232	430
232	648
232	673
232	755
232	809
232	966
232	980
233	251
233	256
233	261
233	264
233	278
233	294
233	484
233	502
233	544
233	890
233	922
233	927
233	995
234	243
234	247
234	249
234	294
234	319
234	321
234	513
234	684
234	748
234	770
234	783
234	872
235	243
235	258
235	270
235	275
235	282
235	368
235	583
235	710
235	875
235	915
236	241
236	264
236	272
236	277
236	292
236	293
236	526
236	588
236	623
236	634
236	673
236	761
236	826
236	908
237	237
237	248
237	253
237	261
237	266
237	299
237	309
237	380
237	424
237	455
237	530
237	833
237	852
238	250
238	251
238	262
238	268
238	288
238	454
238	595
238	637
238	647
238	672
238	683
238	871
238	933
239	254
239	257
239	260
239	262
239	284
239	289
239	341
239	379
239	548
239	733
239	741
239	880
239	973
240	243
240	253
240	257
240	271
240	274
240	275
240	407
240	464
240	557
240	616
240	620
240	636
240	976
240	979
241	242
241	271
241	272
241	282
241	283
241	289
241	296
241	498
241	757
241	820
242	258
242	265
242	266
242	272
242	276
242	294
242	371
242	394
242	420
242	445
242	505
242	648
242	660
242	732
242	835
243	246
243	261
243	277
243	289
243	297
243	435
243	445
243	495
243	537
243	781
244	244
244	245
244	246
244	270
244	295
244	298
244	489
244	552
244	608
244	962
244	975
244	990
245	270
245	271
245	276
245	287
245	292
245	298
245	379
245	381
245	459
245	482
245	549
245	563
245	735
245	757
245	795
245	812
245	899
245	904
246	253
246	273
246	276
246	292
246	315
246	318
246	419
246	472
246	491
246	585
246	611
246	616
246	717
246	754
246	764
246	885
246	942
247	262
247	263
247	267
247	281
247	297
247	298
247	331
247	374
247	479
247	484
247	509
247	513
248	252
248	263
248	268
248	272
248	274
248	277
248	284
248	294
248	437
248	444
248	734
248	873
248	897
249	267
249	281
249	288
249	328
249	640
249	866
249	868
250	278
250	288
250	367
250	439
250	580
250	585
250	599
250	707
250	756
250	873
250	938
251	271
251	281
251	298
251	372
251	406
251	550
251	631
251	771
251	825
251	855
251	861
251	895
251	906
252	268
252	271
252	272
252	273
252	274
252	280
252	296
252	444
252	496
252	624
252	695
252	956
252	997
253	259
253	280
253	403
253	417
253	509
253	525
253	527
253	595
253	646
253	718
253	774
253	963
254	267
254	295
254	336
254	339
254	395
254	403
254	406
254	429
254	492
254	679
254	754
254	788
254	807
254	897
255	264
255	354
255	635
255	726
255	763
255	916
256	257
256	280
256	313
256	360
256	463
256	497
256	525
256	533
256	674
256	790
256	871
256	883
256	941
256	971
256	972
257	259
257	274
257	278
257	279
257	293
257	297
257	346
257	366
257	383
257	443
257	565
257	636
257	662
257	711
257	738
257	833
257	867
257	909
257	980
258	265
258	268
258	284
258	286
258	321
258	364
258	426
258	498
258	717
258	738
258	804
258	882
258	885
258	914
258	915
258	959
259	276
259	279
259	290
259	480
259	485
259	502
259	597
259	605
259	721
259	732
259	753
259	822
259	849
260	261
260	263
260	270
260	286
260	296
260	301
260	317
260	320
260	356
260	357
260	466
260	984
261	285
261	296
261	298
261	365
261	534
261	577
261	602
261	613
261	636
261	651
261	655
261	943
262	262
262	263
262	267
262	282
262	286
262	339
262	351
262	364
262	385
262	644
262	828
262	873
262	963
263	285
263	295
263	315
263	376
263	398
263	410
263	704
263	731
263	815
263	999
264	265
264	273
264	276
264	462
264	630
264	905
264	972
265	266
265	269
265	275
265	281
265	287
265	331
265	354
265	438
265	505
265	618
265	669
265	725
265	734
265	862
265	894
265	958
266	270
266	286
266	291
266	294
266	381
266	387
266	411
266	594
266	779
266	926
266	954
267	277
267	279
267	281
267	292
267	317
267	340
267	349
267	381
267	414
267	446
267	448
267	461
267	533
267	621
267	670
267	685
267	731
267	738
267	765
267	801
268	298
268	476
268	653
268	887
268	915
268	942
269	273
269	292
269	293
269	319
269	590
269	600
269	664
269	917
269	924
269	940
269	942
270	297
270	402
270	439
270	455
270	458
270	461
270	570
270	639
270	694
270	894
270	924
270	939
270	959
270	981
271	272
271	273
271	277
271	282
271	286
271	291
271	360
271	368
271	382
271	428
271	611
271	775
271	815
271	892
271	989
272	272
272	275
272	276
272	298
272	331
272	411
272	437
272	831
272	939
272	963
273	275
273	284
273	290
273	442
273	749
273	836
273	859
273	891
273	928
273	949
274	277
274	281
274	290
274	424
274	465
274	607
274	648
274	718
274	945
275	276
275	279
275	297
275	382
275	450
275	495
275	506
275	594
275	617
275	637
275	664
275	770
275	806
275	907
275	967
275	976
276	281
276	283
276	464
276	491
276	533
276	733
276	761
276	774
276	787
276	928
277	285
277	288
277	291
277	292
277	368
277	415
277	530
277	823
277	847
277	851
277	870
277	942
278	284
278	285
278	346
278	427
278	541
278	560
278	564
278	583
278	707
278	791
278	836
278	845
278	867
278	930
279	281
279	296
279	351
279	523
279	540
279	586
279	634
279	660
279	714
279	831
279	982
280	289
280	291
280	298
280	321
280	481
280	589
280	630
280	676
280	691
280	782
281	312
281	455
281	589
281	708
281	970
282	295
282	314
282	438
282	484
282	527
282	626
282	727
282	738
282	760
282	949
283	297
283	364
283	388
283	389
283	482
283	525
283	528
283	674
283	678
283	716
283	763
283	842
283	890
283	931
284	291
284	297
284	549
284	928
285	290
285	294
285	313
285	406
285	494
285	561
285	606
285	642
285	752
285	758
285	814
285	820
285	897
285	914
285	920
285	964
285	969
286	297
286	328
286	408
286	600
286	680
286	693
286	694
286	709
286	740
286	809
286	846
286	871
286	945
286	958
287	303
287	331
287	417
287	659
287	773
287	790
287	841
287	856
288	295
288	310
288	349
288	425
288	457
288	603
288	779
288	962
288	980
289	340
289	378
289	428
289	560
289	615
289	712
289	945
289	947
290	537
290	613
290	625
290	660
290	716
290	810
290	826
290	980
291	299
291	377
291	413
291	484
291	510
291	568
291	617
291	687
291	759
291	784
291	797
291	799
292	447
292	627
292	781
292	926
292	949
293	327
293	344
293	416
293	447
293	578
293	582
293	667
294	296
294	394
294	492
294	558
294	713
294	731
294	765
295	322
295	388
295	435
295	518
295	961
295	982
296	437
296	498
296	500
296	519
296	691
296	717
296	723
296	757
296	818
296	824
296	858
297	379
297	459
297	493
297	494
298	349
298	370
298	472
298	531
298	541
298	558
298	564
298	689
298	834
298	860
299	499
299	639
299	640
299	707
299	872
299	887
299	938
299	958
299	990
300	310
300	315
300	325
300	330
300	341
300	348
300	379
300	383
300	392
300	394
300	403
300	482
300	519
300	618
300	821
300	869
300	918
301	306
301	307
301	322
301	324
301	329
301	371
301	387
301	391
301	396
301	609
301	752
301	952
302	316
302	319
302	341
302	350
302	355
302	360
302	370
302	394
302	405
302	413
302	448
302	451
302	473
302	505
302	564
302	569
302	571
302	614
302	712
302	882
303	306
303	317
303	322
303	330
303	360
303	367
303	396
303	669
303	715
303	726
303	819
303	825
303	945
303	981
304	309
304	318
304	344
304	356
304	366
304	381
304	395
304	455
304	510
304	570
304	704
304	778
304	922
305	308
305	325
305	331
305	356
305	362
305	370
305	380
305	391
305	396
305	426
305	431
305	447
305	521
305	657
305	837
305	951
305	994
306	349
306	380
306	381
306	383
306	396
306	653
306	751
306	754
306	836
306	890
306	965
306	979
306	980
306	981
307	314
307	339
307	346
307	351
307	352
307	360
307	363
307	375
307	382
307	394
307	398
307	432
307	622
307	841
307	949
307	981
308	356
308	359
308	372
308	375
308	381
308	390
308	489
308	495
308	498
308	533
308	534
308	616
308	763
308	803
309	324
309	331
309	336
309	345
309	352
309	358
309	385
309	388
309	447
309	473
309	479
309	531
309	628
309	704
309	730
309	735
309	757
309	835
309	850
310	329
310	347
310	371
310	378
310	431
310	528
310	614
311	370
311	372
311	396
311	459
311	528
311	541
311	619
311	736
311	738
311	792
311	822
311	859
312	375
312	377
312	393
312	397
312	416
312	437
312	612
312	711
312	938
313	314
313	315
313	319
313	320
313	328
313	331
313	376
313	398
313	399
313	524
313	770
313	920
314	319
314	320
314	328
314	331
314	343
314	349
314	357
314	376
314	392
314	393
314	403
314	413
314	482
314	668
314	707
314	877
314	907
315	322
315	329
315	330
315	343
315	387
315	389
315	450
315	801
315	918
315	919
315	963
315	990
316	318
316	349
316	353
316	369
316	375
316	376
316	379
316	383
316	391
316	395
316	398
316	409
316	616
316	763
316	775
316	780
316	795
316	805
316	811
316	829
316	938
316	963
317	329
317	344
317	347
317	348
317	369
317	395
317	414
317	422
317	467
317	632
317	736
317	755
317	797
317	966
318	330
318	336
318	362
318	386
318	391
318	392
318	491
318	546
318	664
318	860
319	324
319	325
319	328
319	332
319	334
319	343
319	351
319	354
319	356
319	365
319	373
319	376
319	380
319	495
319	532
319	766
319	795
319	893
319	919
319	956
320	335
320	337
320	338
320	369
320	387
320	389
320	579
320	806
320	842
321	323
321	330
321	347
321	363
321	364
321	404
321	571
321	737
321	897
322	322
322	338
322	343
322	355
322	361
322	362
322	366
322	372
322	382
322	392
322	549
322	551
322	754
322	764
323	325
323	348
323	360
323	361
323	362
323	397
323	544
323	547
323	677
323	687
323	750
323	900
324	338
324	353
324	377
324	389
324	395
324	404
324	644
324	658
324	757
324	776
324	918
325	332
325	339
325	346
325	350
325	376
325	392
325	394
325	440
325	579
325	739
325	903
325	910
325	954
326	343
326	350
326	353
326	368
326	375
326	377
326	381
326	632
326	757
326	878
326	952
326	960
326	981
327	338
327	349
327	350
327	368
327	378
327	397
327	535
327	576
327	596
327	625
327	814
327	991
328	336
328	341
328	343
328	345
328	357
328	365
328	366
328	370
328	381
328	387
328	388
328	398
328	581
328	681
329	338
329	392
329	396
329	433
329	503
329	533
329	554
329	666
329	807
329	893
330	339
330	355
330	387
330	389
330	393
330	398
330	402
330	430
330	482
330	502
330	572
330	574
330	575
330	720
330	922
331	341
331	350
331	370
331	379
331	388
331	389
331	402
331	416
331	514
331	524
331	643
331	653
331	699
331	899
331	984
332	345
332	384
332	388
332	397
332	579
332	591
332	609
332	718
332	785
332	979
332	983
333	344
333	345
333	346
333	347
333	365
333	367
333	372
333	377
333	388
333	472
333	508
333	545
333	625
333	637
333	676
333	684
333	702
333	804
334	334
334	337
334	338
334	340
334	347
334	367
334	472
334	527
334	577
334	578
334	668
334	701
334	788
334	910
335	337
335	465
335	754
335	873
335	932
335	944
335	962
336	342
336	381
336	383
336	389
336	431
336	448
336	547
336	553
336	559
336	582
336	696
336	718
336	884
336	968
337	344
337	345
337	348
337	351
337	357
337	362
337	367
337	381
337	387
337	397
337	446
337	628
337	731
337	738
337	939
338	339
338	342
338	346
338	350
338	352
338	357
338	366
338	369
338	384
338	478
338	592
338	620
338	646
338	653
338	930
338	989
339	343
339	370
339	381
339	384
339	410
339	416
339	626
339	642
339	677
339	681
339	848
339	873
339	966
340	364
340	380
340	472
340	537
340	693
340	738
340	739
340	788
340	823
340	922
341	347
341	360
341	495
341	551
341	667
341	779
342	393
342	418
342	595
342	648
342	761
342	814
342	825
342	845
342	929
342	953
342	956
343	351
343	352
343	364
343	368
343	377
343	381
343	390
343	396
343	502
343	521
343	756
343	779
343	800
343	887
343	954
344	347
344	363
344	372
344	382
344	387
344	389
344	397
344	464
344	650
344	675
344	704
344	795
344	830
344	907
344	950
344	966
345	371
345	376
345	380
345	388
345	430
345	504
345	610
345	691
345	772
346	369
346	388
346	393
346	395
346	398
346	409
346	426
346	445
346	450
346	468
346	502
346	534
346	650
346	702
346	751
346	759
346	966
347	350
347	354
347	360
347	372
347	395
347	399
347	427
347	564
347	630
347	644
347	737
347	795
347	902
347	903
347	952
348	378
348	380
348	389
348	393
348	394
348	396
348	398
348	501
348	572
348	618
348	702
348	737
348	800
348	918
349	352
349	363
349	369
349	371
349	519
349	886
349	892
349	904
350	354
350	363
350	366
350	599
350	648
350	650
350	749
350	773
350	824
350	961
350	963
351	366
351	383
351	395
351	415
351	470
351	562
351	651
351	745
351	960
351	979
352	371
352	386
352	439
352	468
352	504
352	627
352	788
352	963
353	368
353	378
353	387
353	392
353	429
353	438
353	447
353	486
353	549
353	601
353	628
353	700
353	718
353	722
353	746
353	757
353	777
353	780
353	813
353	965
353	976
354	361
354	387
354	437
354	441
354	699
354	737
354	788
354	851
355	357
355	378
355	389
355	391
355	396
355	563
355	747
355	765
355	774
355	934
355	950
355	984
356	364
356	395
356	444
356	454
356	568
356	593
356	625
356	716
356	760
356	777
356	879
356	914
356	952
357	370
357	377
357	378
357	379
357	396
357	622
357	735
357	948
357	970
358	359
358	363
358	371
358	372
358	392
358	444
358	626
358	628
358	655
358	805
358	826
358	831
358	832
358	895
358	943
359	362
359	369
359	379
359	381
359	387
359	389
359	415
359	489
359	527
359	747
359	758
360	370
360	386
360	527
360	642
360	675
360	700
360	728
360	906
361	365
361	372
361	392
361	395
361	399
361	462
361	513
361	680
361	833
361	870
361	908
362	365
362	378
362	381
362	397
362	463
362	596
362	597
362	606
362	705
362	763
362	785
362	867
362	968
362	991
363	369
363	392
363	574
363	583
363	642
363	644
363	670
363	707
363	760
363	860
363	872
364	380
364	391
364	394
364	426
364	485
364	488
364	641
364	903
364	965
365	369
365	390
365	418
365	615
365	643
365	692
365	695
365	802
365	832
365	866
366	388
366	441
366	512
366	646
366	964
367	374
367	381
367	388
367	430
367	453
367	555
367	657
367	669
367	791
367	852
367	867
367	868
368	372
368	419
368	495
368	586
368	717
368	767
368	867
368	978
369	380
369	383
369	418
369	440
369	441
369	677
369	696
369	868
369	900
369	931
370	372
370	382
370	385
370	390
370	398
370	424
370	453
370	558
370	605
370	688
370	709
370	876
370	893
370	927
371	377
371	399
371	487
371	584
371	596
371	678
371	703
371	722
371	736
371	754
371	999
372	386
372	392
372	681
372	725
372	752
372	767
372	942
373	484
373	605
374	389
374	398
374	426
374	476
374	479
374	496
374	665
374	752
374	762
374	915
375	496
375	714
375	723
375	724
375	735
375	959
376	411
376	625
376	820
376	829
376	903
377	387
377	389
377	481
377	521
377	653
377	967
378	386
378	548
378	551
378	578
378	583
378	589
378	609
378	747
378	841
378	847
378	898
378	922
379	387
379	397
379	465
379	507
379	579
379	592
379	605
379	713
379	801
379	808
379	880
380	383
380	386
380	387
380	388
380	392
380	399
380	520
380	755
380	776
380	854
380	868
381	523
381	558
381	585
381	622
381	665
381	760
381	827
381	873
381	891
382	394
382	481
382	533
382	621
382	886
382	989
383	383
383	396
383	402
383	439
383	481
383	532
383	656
383	667
383	795
383	823
384	662
384	692
384	713
384	814
384	835
384	854
385	399
385	440
385	452
385	499
385	565
385	748
385	774
385	851
385	852
385	926
386	388
386	397
386	510
386	610
386	714
386	720
386	730
386	792
386	796
386	884
387	394
387	429
387	452
387	705
387	747
387	916
388	395
388	398
388	650
388	675
388	729
388	788
388	894
388	994
389	396
389	399
389	413
389	518
389	883
389	953
389	970
390	393
390	394
390	412
390	425
390	534
390	701
390	720
390	777
390	823
390	837
390	952
391	396
391	470
391	473
391	477
391	514
391	594
391	654
391	703
391	749
391	882
391	915
392	851
392	878
392	957
392	982
393	455
393	504
393	590
393	630
393	877
394	399
394	457
394	461
394	500
394	628
394	661
394	827
394	938
395	434
395	444
395	465
395	833
395	942
395	971
396	489
396	578
396	580
396	685
396	755
396	850
396	888
397	418
397	419
397	740
397	779
397	846
397	929
398	527
398	591
398	594
398	614
398	640
398	660
398	682
398	790
398	798
398	829
398	877
398	963
399	417
399	437
399	542
399	640
399	647
399	782
399	785
399	819
399	831
399	866
400	412
400	415
400	440
400	444
400	451
400	454
400	457
400	464
400	477
400	487
400	628
400	854
401	448
401	451
401	467
401	469
401	489
401	490
401	497
401	501
401	586
401	624
401	731
401	924
402	430
402	433
402	434
402	438
402	442
402	449
402	453
402	465
402	472
402	479
402	482
402	492
402	499
402	513
402	594
402	621
402	624
402	956
403	415
403	439
403	441
403	458
403	484
403	487
403	498
403	499
403	584
403	632
403	699
403	706
403	752
403	756
403	765
403	781
403	891
404	411
404	433
404	435
404	442
404	461
404	465
404	480
404	597
404	653
404	675
404	887
405	411
405	424
405	482
405	485
405	488
405	499
405	529
405	530
405	630
405	774
405	798
405	896
406	424
406	440
406	447
406	453
406	460
406	475
406	497
406	499
406	589
406	753
406	777
406	840
406	991
407	415
407	424
407	426
407	452
407	468
407	483
407	489
407	494
407	495
407	500
407	514
407	555
407	699
407	793
407	836
408	440
408	442
408	443
408	444
408	480
408	527
408	530
408	842
408	855
408	873
408	878
408	894
408	950
409	413
409	425
409	435
409	436
409	725
409	804
409	843
409	844
409	968
409	983
410	411
410	434
410	444
410	454
410	462
410	466
410	473
410	475
410	546
410	551
410	639
410	719
410	771
410	778
410	806
410	894
410	901
410	948
411	463
411	498
411	828
411	836
411	843
411	879
411	938
412	421
412	422
412	424
412	437
412	452
412	463
412	484
412	495
412	499
412	612
412	653
412	808
412	891
412	896
412	954
412	955
413	421
413	431
413	436
413	443
413	449
413	459
413	468
413	488
413	504
413	514
413	578
413	617
413	693
413	761
413	846
413	896
413	998
414	439
414	452
414	456
414	458
414	498
414	519
414	528
414	533
414	603
414	781
414	786
414	793
414	950
414	967
415	435
415	445
415	448
415	453
415	457
415	476
415	521
415	636
415	639
415	825
415	884
415	935
416	431
416	435
416	447
416	452
416	461
416	466
416	483
416	484
416	664
416	744
417	432
417	439
417	451
417	453
417	457
417	462
417	486
417	489
417	497
417	597
417	598
417	606
417	612
417	698
417	734
417	817
417	819
417	858
417	884
418	431
418	435
418	441
418	443
418	444
418	447
418	465
418	474
418	477
418	482
418	496
418	541
418	599
418	600
418	625
418	708
418	726
418	982
419	434
419	437
419	456
419	477
419	480
419	481
419	485
419	489
419	510
419	715
419	796
419	859
419	864
419	878
419	940
420	434
420	465
420	469
420	495
420	516
420	663
420	738
420	756
420	798
421	442
421	478
421	520
421	769
421	871
421	951
421	953
421	966
422	426
422	430
422	459
422	471
422	601
422	697
422	775
423	430
423	435
423	438
423	459
423	466
423	472
423	489
423	600
423	607
423	620
423	867
424	425
424	436
424	448
424	475
424	476
424	477
424	480
424	487
424	489
424	499
424	594
424	603
424	637
424	738
424	764
424	770
424	789
424	939
424	975
424	982
425	443
425	447
425	456
425	484
425	492
425	530
425	647
425	783
425	796
425	823
425	824
425	907
426	433
426	444
426	447
426	472
426	490
426	506
426	626
426	718
426	768
426	795
426	840
426	925
427	440
427	462
427	471
427	472
427	480
427	487
427	491
427	492
427	618
427	743
427	805
427	883
428	432
428	461
428	467
428	488
428	490
428	533
428	803
428	891
428	916
428	948
429	430
429	468
429	470
429	477
429	482
429	486
429	487
429	495
429	520
429	610
429	630
429	757
429	769
429	781
429	843
429	900
429	977
430	433
430	436
430	438
430	439
430	473
430	478
430	486
430	489
430	495
430	656
430	812
430	825
430	845
430	869
430	934
430	937
430	951
431	440
431	460
431	474
431	478
431	481
431	485
431	486
431	504
431	579
431	630
431	681
431	686
431	867
431	977
431	981
432	451
432	452
432	454
432	456
432	461
432	490
432	518
432	734
432	752
432	902
432	927
433	435
433	449
433	475
433	492
433	507
433	655
433	684
433	789
433	797
433	890
433	943
434	446
434	457
434	468
434	474
434	483
434	670
434	680
434	762
434	826
434	907
434	929
434	933
435	441
435	445
435	446
435	453
435	456
435	457
435	463
435	600
435	792
435	848
435	858
435	962
436	437
436	445
436	448
436	462
436	473
436	477
436	494
436	496
436	497
436	529
436	530
436	558
436	576
436	607
436	614
436	635
436	770
436	832
436	901
437	446
437	479
437	494
437	495
437	568
437	612
437	654
437	734
437	831
437	863
437	978
438	451
438	462
438	470
438	471
438	478
438	494
438	553
438	896
438	911
438	961
439	440
439	451
439	478
439	487
439	935
440	445
440	453
440	471
440	473
440	481
440	663
440	712
440	737
440	745
440	791
440	818
440	848
440	886
440	952
441	454
441	458
441	465
441	466
441	553
441	607
441	629
441	638
441	786
441	819
441	866
442	459
442	465
442	477
442	492
442	494
443	453
443	472
443	473
443	490
443	662
443	793
443	950
443	966
444	445
444	457
444	458
444	475
444	476
444	486
444	532
444	733
444	828
444	841
444	953
445	448
445	460
445	465
445	468
445	469
445	484
445	553
445	575
445	646
445	704
445	868
445	989
446	459
446	462
446	474
446	478
446	481
446	497
446	509
446	566
446	655
446	835
446	839
447	457
447	468
447	485
447	489
447	497
447	571
447	711
447	846
447	871
448	458
448	471
448	476
448	565
448	648
448	709
448	755
448	761
448	835
448	995
448	996
449	458
449	468
449	469
449	496
449	614
449	708
449	841
449	927
450	461
450	463
450	471
450	488
450	612
450	646
450	706
450	797
450	848
450	904
450	969
450	991
451	455
451	484
451	497
451	521
451	588
451	592
451	707
451	918
451	959
451	989
451	990
452	453
452	477
452	486
452	723
452	725
452	770
452	805
452	927
452	952
453	460
453	470
453	481
453	489
453	499
453	514
453	744
453	776
453	884
454	492
454	509
454	627
454	638
454	779
454	856
454	884
454	916
455	458
455	467
455	468
455	482
455	501
455	570
455	680
455	694
455	719
455	808
455	929
456	457
456	463
456	464
456	469
456	471
456	474
456	620
456	643
456	648
456	677
456	682
456	746
456	955
457	460
457	490
457	493
457	518
457	800
457	914
457	947
457	972
458	493
458	594
458	692
458	706
458	740
458	934
459	470
459	547
459	581
459	825
459	830
459	879
459	927
460	471
460	475
460	488
460	489
460	525
460	530
460	551
460	563
460	584
460	621
460	784
460	848
461	496
461	499
461	521
461	591
461	593
461	619
461	660
461	852
461	859
461	943
461	994
462	462
462	465
462	480
462	489
462	493
462	496
462	497
462	856
462	948
463	472
463	475
463	487
463	489
463	490
463	631
463	734
463	771
463	775
463	821
464	496
464	506
464	520
464	663
464	708
464	774
464	863
464	874
465	482
465	483
465	513
465	515
465	774
465	807
465	854
465	989
466	485
466	487
466	501
466	510
466	578
466	654
466	680
466	684
466	701
466	741
466	873
466	881
467	483
467	488
467	491
467	499
467	558
467	585
467	679
467	738
467	888
467	943
468	479
468	491
468	499
468	523
468	668
468	687
468	700
468	805
468	949
468	958
468	982
469	477
469	482
469	539
469	595
469	621
469	627
469	663
469	685
469	699
469	810
469	931
470	698
470	718
470	783
470	820
470	933
470	979
471	547
471	662
471	790
472	482
472	499
472	529
472	633
472	883
472	942
472	999
473	477
473	483
473	486
473	498
473	540
473	574
473	704
473	717
473	724
473	739
473	741
473	781
474	475
474	478
474	496
474	615
474	667
474	812
474	932
474	953
474	981
475	504
475	580
475	612
475	691
475	736
475	760
475	766
476	487
476	501
476	525
476	579
476	624
476	873
476	921
476	924
477	484
477	497
477	555
477	595
477	602
477	709
477	720
477	745
477	771
477	788
477	845
477	867
477	905
477	955
478	486
478	493
478	499
478	536
478	690
478	747
478	930
478	990
479	483
479	667
479	692
479	756
479	781
479	811
479	817
479	892
479	946
479	965
480	691
480	724
480	822
480	921
480	946
480	957
481	483
481	593
481	595
481	615
481	668
481	681
481	708
481	912
482	523
482	567
482	628
482	632
482	640
482	676
482	807
482	821
482	956
482	973
482	993
483	487
483	499
483	582
483	584
484	489
484	492
484	645
484	725
484	785
485	489
485	522
485	638
485	756
485	817
485	975
486	493
486	556
486	633
486	678
486	696
486	971
487	498
487	502
487	505
487	647
487	702
487	706
487	711
487	858
487	974
487	996
488	681
488	740
488	857
489	497
489	507
489	561
489	591
489	734
489	756
489	928
490	583
490	940
490	967
491	578
491	597
491	752
491	840
491	941
491	942
491	949
491	986
492	498
492	654
492	757
492	828
492	882
492	915
493	496
493	577
493	747
493	806
494	533
494	604
494	607
494	703
494	710
494	751
495	507
495	593
495	705
495	771
495	839
495	924
495	927
496	499
496	717
496	751
496	837
496	923
496	925
497	514
497	551
497	566
497	692
497	693
497	719
497	723
497	867
498	593
498	671
498	839
498	931
498	986
499	544
499	576
499	579
499	872
500	500
500	512
500	523
500	528
500	532
500	545
500	547
500	570
500	586
500	591
500	592
500	599
500	623
500	667
500	757
500	919
500	943
500	947
501	509
501	528
501	530
501	535
501	541
501	576
501	578
501	597
501	624
501	771
501	813
501	862
501	871
501	959
501	984
502	521
502	524
502	549
502	554
502	559
502	563
502	571
502	579
502	584
502	592
502	593
502	628
502	749
502	788
502	797
502	841
502	928
502	940
502	961
502	989
503	539
503	541
503	543
503	573
503	574
503	577
503	581
503	585
503	596
503	598
503	637
503	698
503	727
503	813
504	505
504	509
504	541
504	545
504	591
504	598
504	634
504	732
504	899
505	512
505	544
505	545
505	560
505	565
505	575
505	596
505	597
505	642
505	947
505	963
506	507
506	518
506	521
506	548
506	616
506	619
506	714
506	756
506	774
506	785
506	819
506	955
506	970
506	976
507	513
507	533
507	537
507	549
507	567
507	576
507	594
507	675
507	701
507	741
507	835
508	538
508	583
508	754
509	516
509	533
509	539
509	543
509	545
509	547
509	568
509	578
509	584
509	589
509	594
510	520
510	523
510	527
510	528
510	550
510	553
510	558
510	560
510	573
510	584
510	585
510	586
510	595
510	597
510	606
510	731
510	805
510	921
511	516
511	575
511	580
511	581
511	693
511	704
511	730
511	794
511	827
511	854
511	998
512	519
512	528
512	549
512	551
512	556
512	582
512	584
512	587
512	595
512	596
512	864
512	887
512	923
512	934
513	515
513	526
513	553
513	555
513	565
513	576
513	579
513	589
513	596
513	715
513	760
513	768
514	540
514	547
514	567
514	568
514	570
514	585
514	589
514	650
514	677
514	920
514	942
514	998
515	535
515	537
515	545
515	546
515	548
515	561
515	563
515	569
515	573
515	578
515	775
515	827
515	849
515	897
515	961
516	519
516	528
516	567
516	621
516	780
516	809
516	915
516	959
517	523
517	554
517	579
517	739
517	887
517	940
517	945
518	539
518	562
518	576
518	596
518	790
518	804
518	952
519	529
519	537
519	552
519	563
519	585
519	591
519	742
519	780
519	789
519	919
520	526
520	533
520	536
520	559
520	562
520	565
520	570
520	573
520	576
520	592
520	593
520	594
520	595
520	630
520	731
520	797
520	809
520	821
520	851
521	538
521	539
521	547
521	560
521	572
521	575
521	578
521	586
521	754
521	960
521	975
522	529
522	534
522	540
522	565
522	569
522	579
522	585
522	596
522	597
522	629
522	773
522	799
522	897
523	532
523	545
523	554
523	569
523	572
523	585
523	592
523	619
523	620
523	711
523	941
524	569
524	570
524	579
524	596
524	603
524	649
524	701
524	730
524	822
524	967
525	530
525	533
525	534
525	539
525	546
525	558
525	566
525	567
525	570
525	578
525	585
525	595
525	596
525	597
525	660
525	720
525	794
525	887
526	532
526	537
526	544
526	747
526	940
527	540
527	541
527	572
527	581
527	586
527	877
527	941
528	543
528	552
528	594
528	719
528	901
528	925
528	981
529	533
529	543
529	557
529	568
529	575
529	751
529	814
529	936
530	533
530	536
530	538
530	549
530	552
530	557
530	560
530	576
530	596
530	598
530	633
530	744
530	882
530	916
531	532
531	552
531	564
531	571
531	583
531	591
531	595
531	608
531	639
531	746
531	957
532	549
532	557
532	567
532	589
532	594
532	673
532	724
532	749
532	780
532	857
532	902
533	580
533	590
533	593
533	666
533	684
533	742
533	801
533	900
534	544
534	555
534	563
534	581
534	584
534	589
534	625
534	756
534	778
534	840
534	841
534	928
534	958
535	539
535	560
535	565
535	566
535	573
535	579
535	587
535	592
535	594
535	743
535	754
535	795
535	875
536	538
536	549
536	568
536	594
536	745
536	794
536	850
536	937
537	541
537	549
537	551
537	577
537	584
537	622
537	716
537	752
537	869
537	889
537	949
537	995
538	546
538	570
538	574
538	595
538	776
538	803
538	865
539	540
539	555
539	559
539	571
539	575
539	587
539	598
539	663
539	682
539	727
539	865
539	907
539	944
540	542
540	566
540	574
540	582
540	583
540	584
540	590
540	597
540	654
540	732
540	749
540	881
540	911
541	562
541	564
541	573
541	575
541	624
541	703
541	732
541	785
542	546
542	552
542	554
542	563
542	583
542	584
542	641
542	754
542	768
542	781
542	795
542	894
542	920
542	945
543	552
543	563
543	582
543	695
543	717
543	764
543	777
543	849
543	993
544	547
544	553
544	562
544	567
544	570
544	574
544	581
544	587
544	595
544	759
544	807
544	814
544	991
545	551
545	593
545	594
545	597
545	623
545	677
545	776
545	823
545	950
546	568
546	583
546	595
546	747
546	953
547	555
547	559
547	598
547	664
547	793
547	851
547	942
548	549
548	552
548	561
548	569
548	575
548	585
548	588
548	590
548	591
548	593
548	622
548	840
548	901
548	952
549	562
549	563
549	572
549	578
549	582
549	597
549	646
549	729
549	783
550	555
550	560
550	570
550	572
550	576
550	588
550	589
550	600
550	675
550	756
550	936
550	997
551	578
551	588
551	590
551	593
551	598
551	600
551	638
551	659
551	709
551	908
551	910
552	554
552	557
552	576
552	816
552	953
552	976
553	580
553	591
553	610
553	728
553	751
554	556
554	591
554	790
554	826
554	835
554	933
554	989
554	991
555	557
555	558
555	559
555	570
555	586
555	624
555	669
555	773
555	776
555	778
555	803
555	865
555	961
555	962
556	566
556	568
556	613
556	713
556	739
556	753
556	846
556	868
556	957
557	562
557	563
557	589
557	595
557	712
557	945
558	569
558	572
558	583
558	586
558	619
558	622
558	667
558	727
558	733
558	763
558	802
558	951
559	559
559	597
559	599
559	622
559	648
559	700
559	706
559	839
559	844
560	673
560	808
560	823
560	893
561	562
561	565
561	567
561	575
561	576
561	622
561	638
561	639
561	640
561	744
561	779
561	873
561	891
561	927
562	569
562	574
562	595
562	596
562	606
562	643
562	777
562	861
563	568
563	573
563	583
563	591
563	593
563	598
563	763
563	788
563	821
563	877
563	941
564	583
564	643
564	653
564	725
564	797
564	825
564	842
564	888
565	568
565	577
565	584
565	596
565	636
565	639
565	767
565	784
565	790
565	812
565	863
566	567
566	570
566	576
566	585
566	593
566	596
566	631
566	673
566	710
566	775
566	830
566	907
566	915
566	950
566	990
567	569
567	570
567	578
567	579
567	652
567	877
568	589
568	592
568	599
568	623
568	723
568	831
568	847
568	869
568	877
568	951
569	577
569	613
569	658
569	878
569	918
570	576
570	591
570	652
570	683
570	746
570	807
570	811
570	874
570	939
570	950
571	591
571	785
571	818
571	866
571	901
572	574
572	589
572	908
573	575
573	592
573	599
573	717
573	832
573	852
574	576
574	578
574	610
574	673
574	680
574	718
574	788
574	789
574	896
574	900
575	576
575	585
575	588
575	595
575	739
575	864
575	888
575	953
575	985
575	991
576	585
576	587
576	595
576	596
576	598
576	612
576	712
576	749
576	812
576	962
577	581
577	583
577	586
577	590
577	592
577	593
577	661
577	857
577	891
577	948
577	999
578	580
578	588
578	592
578	689
578	742
578	813
578	871
579	588
579	590
579	659
579	753
579	800
579	892
579	902
580	582
580	588
580	825
580	935
581	591
581	595
581	629
581	655
581	661
581	688
581	746
581	776
581	814
581	894
581	896
582	587
582	598
582	666
582	740
582	749
582	875
582	879
582	889
583	591
583	614
583	747
583	771
583	807
583	839
583	974
584	588
584	589
584	590
584	689
584	704
584	728
584	766
584	830
584	834
584	906
584	964
585	655
585	687
585	701
586	716
586	731
586	770
586	783
586	793
587	599
587	657
587	690
587	733
587	842
588	594
588	690
588	813
588	832
588	961
588	977
588	996
588	999
589	779
589	780
589	848
591	599
591	706
591	742
591	765
591	806
591	981
592	602
592	625
592	940
593	673
593	708
593	709
593	824
593	829
593	867
594	595
594	597
594	673
594	675
594	771
594	989
595	668
595	717
595	725
595	745
595	746
595	899
595	901
595	974
596	675
596	681
596	693
598	715
598	744
598	872
598	905
598	958
599	634
599	807
599	831
599	850
599	867
599	911
599	948
600	612
600	616
600	624
600	632
600	634
600	641
600	649
600	658
600	661
600	666
600	669
600	783
600	838
600	839
600	867
600	889
600	907
601	609
601	627
601	632
601	681
601	686
601	692
601	695
601	702
601	756
601	776
601	870
601	950
602	608
602	635
602	639
602	640
602	641
602	679
602	682
602	816
602	936
602	951
602	982
602	999
603	620
603	628
603	635
603	649
603	688
603	771
603	864
603	907
604	608
604	615
604	621
604	650
604	652
604	663
604	664
604	668
604	670
604	672
604	699
604	732
604	772
604	931
604	934
605	615
605	621
605	628
605	632
605	664
605	689
605	711
605	732
605	753
605	823
605	825
605	826
605	837
605	860
605	982
606	618
606	620
606	626
606	643
606	666
606	677
606	696
606	698
606	902
606	909
606	919
606	956
607	635
607	639
607	643
607	650
607	655
607	664
607	675
607	684
607	738
607	853
607	966
608	620
608	644
608	655
608	660
608	677
608	851
609	610
609	627
609	656
609	665
609	673
609	683
609	750
609	893
610	629
610	635
610	639
610	641
610	661
610	674
610	688
610	692
610	724
610	726
610	769
610	897
610	944
610	945
611	632
611	646
611	648
611	658
611	671
611	678
611	679
611	688
611	692
611	696
611	699
611	709
611	859
612	631
612	637
612	641
612	651
612	671
612	688
612	693
612	697
612	699
612	702
612	960
613	614
613	624
613	638
613	671
613	672
613	674
613	682
613	688
613	691
613	806
613	813
613	872
614	614
614	623
614	630
614	636
614	644
614	662
614	692
614	700
614	791
614	795
614	877
615	618
615	631
615	640
615	648
615	658
615	666
615	668
615	670
615	675
615	676
615	683
615	689
615	690
615	709
615	716
615	805
615	832
615	901
616	628
616	629
616	630
616	632
616	642
616	660
616	664
616	675
616	677
616	679
616	682
616	768
616	787
616	792
617	630
617	632
617	634
617	643
617	644
617	662
617	665
617	666
617	667
617	670
617	671
617	673
617	680
617	702
617	741
617	852
617	961
618	626
618	643
618	645
618	682
618	684
618	688
618	690
618	691
618	698
618	850
618	897
618	914
619	650
619	652
619	653
619	667
619	673
619	698
619	728
620	639
620	673
620	675
620	686
620	690
620	693
620	846
620	887
620	890
620	999
621	644
621	663
621	674
621	697
621	721
621	754
621	769
621	959
621	998
622	626
622	641
622	642
622	650
622	654
622	668
622	698
622	815
622	942
623	636
623	639
623	654
623	668
623	687
623	707
623	787
623	825
623	842
623	946
624	670
624	682
624	686
624	873
624	943
624	994
625	642
625	651
625	665
625	669
625	699
625	764
625	821
625	895
625	948
626	627
626	633
626	638
626	646
626	679
626	680
626	681
626	688
626	724
626	747
626	753
626	854
626	859
627	628
627	647
627	648
627	654
627	669
627	958
627	971
628	632
628	633
628	650
628	658
628	673
628	677
628	685
628	686
628	749
628	752
629	632
629	635
629	654
629	668
629	673
629	674
629	677
629	680
629	681
629	689
629	696
629	820
629	965
630	642
630	665
630	674
630	687
630	689
630	693
630	746
630	841
630	880
631	649
631	654
631	665
631	668
631	673
631	682
631	723
631	765
631	828
631	901
631	902
631	961
631	973
632	638
632	646
632	647
632	662
632	671
632	685
632	690
632	775
632	791
632	929
633	637
633	638
633	640
633	642
633	646
633	651
633	653
633	656
633	662
633	675
633	682
633	723
633	768
633	794
633	934
633	972
634	664
634	668
634	687
634	689
634	723
634	777
634	855
634	985
635	646
635	656
635	660
635	669
635	675
635	697
635	938
635	950
635	956
635	980
636	650
636	662
636	678
636	680
636	699
636	721
636	726
636	825
637	644
637	656
637	673
637	686
637	694
637	756
637	890
637	895
637	933
637	979
638	658
638	669
638	823
638	882
638	957
638	959
639	642
639	656
639	663
639	666
639	668
639	669
639	670
639	680
639	699
639	702
639	736
639	739
639	846
639	847
639	876
639	937
640	641
640	647
640	648
640	656
640	680
640	681
640	683
640	690
640	696
640	705
640	737
640	781
640	813
640	842
640	843
641	646
641	648
641	679
641	690
641	695
641	805
641	814
641	833
641	836
641	859
641	876
641	970
642	652
642	661
642	671
642	674
642	677
642	685
642	687
642	690
642	710
642	821
643	650
643	655
643	665
643	691
643	697
643	733
643	935
644	646
644	649
644	653
644	655
644	682
644	731
644	790
644	917
645	654
645	658
645	693
645	694
645	816
645	838
645	880
646	655
646	657
646	660
646	662
646	666
646	670
646	679
646	682
646	689
646	690
646	708
646	857
646	875
647	651
647	657
647	658
647	660
647	665
647	703
647	798
647	988
648	649
648	659
648	666
648	672
648	683
648	687
648	688
648	694
648	808
648	891
648	954
648	972
649	660
649	681
649	691
649	694
649	696
649	823
649	952
650	672
650	675
650	686
650	687
650	719
650	729
650	913
650	978
651	678
651	691
651	699
651	788
651	888
651	968
651	988
652	665
652	670
652	671
652	681
652	684
652	698
652	730
652	751
652	957
652	968
653	659
653	661
653	662
653	664
653	668
653	676
653	678
653	679
653	683
653	693
653	698
653	943
654	661
654	673
654	676
654	679
654	686
654	687
654	688
654	695
654	702
654	704
654	732
654	820
654	988
655	672
655	675
655	687
655	692
655	697
655	723
655	785
655	834
655	965
655	986
656	660
656	665
656	666
656	668
656	670
656	674
656	765
656	962
657	673
657	686
657	699
657	733
657	737
657	911
657	916
657	927
658	676
658	685
658	686
658	797
658	939
659	662
659	663
659	670
659	696
659	702
659	820
660	663
660	689
660	693
660	756
660	807
660	902
661	662
661	670
661	681
661	686
661	689
661	702
661	792
661	963
662	663
662	678
662	703
662	854
662	906
663	670
663	673
663	690
663	693
663	697
663	725
663	981
664	694
664	698
664	737
664	758
664	924
665	667
665	684
665	690
665	696
665	699
665	890
666	670
666	684
666	696
666	856
666	875
666	911
667	668
667	675
667	684
667	687
667	689
668	685
668	699
668	737
668	769
668	799
669	702
669	779
670	673
670	697
670	791
670	799
670	804
670	846
670	849
670	901
670	916
671	687
671	688
671	697
671	707
671	918
671	996
672	686
672	694
672	695
673	677
673	681
673	684
673	692
673	696
673	827
674	682
674	712
674	718
674	759
674	808
674	829
674	918
674	987
674	993
675	681
675	682
675	711
675	924
676	764
676	765
677	680
677	693
677	695
677	783
677	945
677	983
678	681
678	764
679	683
679	685
679	692
679	693
679	694
679	695
679	740
679	758
679	871
679	981
680	684
680	691
680	773
680	938
681	686
681	784
681	817
682	787
682	848
682	861
682	987
683	689
683	696
683	732
683	795
683	912
683	963
684	698
684	786
684	822
684	921
684	929
685	689
685	696
685	699
685	726
685	757
685	866
686	692
686	693
686	697
686	705
686	754
686	796
686	798
686	874
687	750
687	770
687	802
687	958
688	728
688	771
688	842
689	698
689	832
690	698
690	700
690	815
690	865
690	874
690	919
691	696
691	737
691	797
691	978
692	704
692	871
692	882
692	891
692	985
693	695
693	707
693	747
693	752
693	770
693	844
693	874
693	897
693	912
693	967
694	738
694	911
694	989
694	992
695	699
695	708
695	774
695	775
695	789
695	897
696	734
696	772
696	793
696	800
696	801
696	821
697	721
697	778
697	848
697	951
698	762
698	876
698	882
698	905
698	942
699	702
699	774
699	778
699	860
699	872
699	897
699	934
700	715
700	716
700	717
700	747
700	751
700	758
700	761
700	773
700	774
700	778
700	793
700	808
701	704
701	713
701	720
701	749
701	772
701	779
701	828
702	706
702	713
702	733
702	749
702	785
702	790
702	797
702	799
702	825
702	836
702	894
702	916
703	717
703	729
703	730
703	734
703	736
703	751
703	758
703	774
703	775
703	784
703	870
704	722
704	740
704	754
704	756
704	778
704	786
704	791
704	793
704	803
704	810
704	819
704	902
704	913
704	970
705	711
705	728
705	738
705	742
705	745
705	761
705	762
705	928
706	708
706	712
706	713
706	716
706	717
706	721
706	729
706	733
706	748
706	774
706	776
706	780
706	783
706	786
706	804
706	938
707	716
707	722
707	725
707	741
707	745
707	748
707	762
707	773
707	941
707	952
708	714
708	733
708	742
708	749
708	762
708	777
708	778
708	780
708	790
708	797
708	891
709	716
709	719
709	728
709	736
709	745
709	746
709	761
709	763
709	769
709	774
709	782
709	811
709	909
710	712
710	738
710	741
710	767
710	777
710	792
710	995
711	727
711	734
711	744
711	752
711	759
711	776
711	777
711	792
711	863
711	873
711	881
711	882
711	909
712	720
712	726
712	727
712	766
712	773
712	777
712	781
712	793
713	718
713	733
713	753
713	756
713	765
713	772
713	774
713	775
713	781
713	791
713	793
713	884
713	908
713	969
713	970
714	728
714	745
714	781
714	785
714	799
714	819
714	926
715	734
715	736
715	740
715	747
715	756
715	768
715	795
715	797
715	798
715	908
715	914
715	996
716	738
716	741
716	742
716	747
716	750
716	761
716	763
716	775
716	776
716	781
717	718
717	719
717	728
717	729
717	739
717	746
717	751
717	769
717	772
717	796
717	979
718	732
718	738
718	749
718	756
718	767
718	792
718	813
718	867
718	974
719	723
719	740
719	741
719	743
719	746
719	754
719	770
719	787
719	799
719	971
720	731
720	734
720	747
720	750
720	763
720	771
720	776
720	898
720	971
721	721
721	726
721	739
721	740
721	741
721	752
721	762
721	765
721	769
721	770
721	778
721	781
721	789
721	794
721	798
721	835
721	887
721	911
721	965
722	724
722	725
722	735
722	739
722	750
722	754
722	773
722	894
722	897
722	918
723	724
723	731
723	744
723	756
723	779
723	828
724	744
724	763
724	778
724	781
724	783
724	787
724	941
724	982
725	725
725	737
725	741
725	743
725	757
725	763
725	770
725	775
725	776
725	778
725	782
725	788
725	803
725	807
725	914
725	929
726	734
726	740
726	752
726	756
726	761
726	777
726	791
726	792
726	939
726	950
726	957
727	728
727	729
727	746
727	779
727	784
727	789
727	866
727	914
727	922
727	927
727	992
728	731
728	736
728	743
728	747
728	761
728	764
728	770
728	811
728	812
728	935
729	744
729	751
729	752
729	768
729	769
729	774
729	791
729	883
729	905
730	761
730	773
730	776
730	783
730	784
730	847
730	849
730	932
731	736
731	872
732	759
732	768
732	772
732	787
732	984
733	741
733	747
733	751
733	752
733	787
733	795
733	800
733	832
733	862
733	915
734	735
734	737
734	747
734	762
734	763
734	971
734	974
734	997
735	738
735	739
735	740
735	757
735	760
735	769
735	783
735	790
736	782
736	791
736	800
736	837
736	869
736	882
736	885
736	976
737	742
737	747
737	752
737	773
737	784
737	796
738	739
738	750
738	782
738	784
739	769
739	781
739	782
739	789
740	746
740	777
740	826
740	916
741	749
741	751
741	773
741	776
741	777
741	782
741	825
741	859
741	926
741	956
741	957
741	971
742	750
742	769
742	771
742	890
742	944
742	948
743	753
743	755
743	757
743	760
743	772
743	778
743	790
743	901
743	960
743	997
744	752
744	755
744	758
744	775
744	830
744	972
745	763
745	774
745	781
745	789
745	921
745	931
745	941
746	758
746	773
746	782
746	783
746	953
747	749
747	751
747	759
747	765
747	770
747	774
747	782
747	783
747	792
747	799
747	837
747	941
748	753
748	761
748	763
748	770
748	792
748	923
749	760
749	765
749	797
750	769
750	778
750	779
750	832
750	848
750	889
750	937
750	948
750	993
751	752
751	757
751	760
751	767
751	768
751	783
751	785
751	824
752	753
752	765
752	766
752	793
752	878
752	953
753	764
753	916
753	961
753	998
754	761
754	764
754	772
754	797
754	824
754	974
754	980
754	981
755	761
755	765
755	768
755	935
756	759
756	763
756	772
756	773
756	779
756	794
757	759
757	764
757	769
757	777
757	885
757	901
757	941
758	759
758	762
758	772
758	793
758	819
758	879
758	988
759	761
759	763
759	767
759	797
759	972
760	768
760	771
760	773
760	786
760	787
760	791
760	792
761	774
761	785
761	798
762	767
762	771
762	774
762	775
762	781
762	793
762	855
762	902
763	779
763	780
763	932
764	764
764	791
764	792
764	793
764	864
764	979
765	769
765	779
765	783
765	821
765	999
766	785
766	793
766	796
766	855
766	918
766	920
767	781
767	791
767	850
767	996
767	998
768	778
768	803
768	983
768	985
768	987
769	770
769	779
769	781
769	782
769	785
769	795
769	796
769	932
769	989
770	779
770	880
770	935
770	973
771	772
771	916
771	952
772	783
772	799
772	839
772	852
772	874
773	788
773	789
773	860
773	895
774	859
774	903
774	949
774	956
775	775
775	779
775	786
775	789
775	840
775	900
776	783
776	788
776	838
776	901
777	783
777	834
777	913
777	987
778	783
778	784
778	794
778	987
779	779
779	781
779	789
779	800
779	908
780	784
780	793
780	807
780	904
780	928
780	932
781	794
781	841
781	885
781	899
782	784
782	787
782	788
782	789
782	792
782	831
782	899
782	923
783	788
783	791
783	792
783	796
783	853
783	900
783	925
784	845
784	907
785	789
785	829
786	789
786	790
786	796
786	799
786	900
786	975
787	819
788	794
788	880
789	796
789	903
789	919
790	792
790	835
790	888
790	936
791	807
792	798
792	808
792	880
792	902
793	815
793	838
793	934
793	957
793	993
794	847
795	904
796	848
796	864
796	889
796	902
797	799
797	801
797	938
798	817
798	973
799	844
799	885
799	939
799	953
799	998
800	809
800	815
800	832
800	845
800	878
800	883
800	899
801	815
801	817
801	835
801	841
801	852
801	857
801	864
801	872
801	883
802	815
802	829
803	829
803	831
803	837
803	838
803	845
803	850
803	854
803	856
803	861
803	864
803	873
803	919
804	806
804	812
804	827
804	833
804	840
804	878
804	893
804	896
804	898
804	956
805	860
805	872
805	880
805	883
805	996
806	811
806	819
806	826
806	829
806	835
806	837
806	840
806	845
806	850
806	853
806	854
806	859
806	866
806	886
806	911
807	826
807	851
807	853
807	864
808	816
808	828
808	846
808	855
808	882
808	888
809	812
809	819
809	828
809	849
809	852
809	871
809	874
809	886
809	895
809	968
810	828
810	861
811	814
811	830
811	839
811	845
811	864
811	882
811	890
811	893
811	919
812	813
812	819
812	822
812	825
812	826
812	828
812	849
812	851
812	866
812	871
812	884
812	888
812	893
812	896
812	938
812	951
813	817
813	830
813	833
813	835
813	841
813	843
813	859
813	863
813	928
813	958
814	821
814	841
814	858
814	860
814	864
814	865
814	872
814	882
814	889
814	892
814	898
814	899
815	828
815	831
815	833
815	863
815	878
815	880
815	885
815	890
815	893
815	897
815	982
815	990
816	842
816	870
816	886
816	937
817	832
817	836
817	852
817	853
817	888
817	889
817	894
817	898
817	932
817	966
817	975
817	998
818	847
818	854
818	860
818	872
818	877
818	880
818	966
818	982
819	823
819	836
819	837
819	846
819	861
819	864
819	868
819	968
820	833
820	843
820	857
820	861
820	862
820	866
820	877
820	890
820	893
820	894
821	822
821	828
821	832
821	890
821	897
821	958
822	830
822	841
822	847
822	865
822	866
822	875
822	885
823	831
823	836
823	842
823	843
823	848
823	852
823	865
823	878
824	825
824	829
824	843
824	847
824	849
824	875
824	885
824	897
824	898
825	838
825	850
825	857
825	859
825	860
825	879
825	880
825	884
825	891
825	893
826	828
826	841
826	857
826	872
826	878
826	883
826	943
827	828
827	832
827	845
827	852
827	855
827	858
827	883
827	891
827	914
828	857
828	867
828	890
829	836
829	849
829	855
829	859
829	884
829	889
829	913
829	986
830	866
830	887
830	893
830	894
831	865
831	886
832	856
832	876
832	928
832	980
832	998
833	837
833	852
833	859
833	875
833	899
833	927
833	975
833	987
834	867
834	888
834	936
835	837
835	842
835	850
835	872
835	877
835	892
835	945
835	967
836	856
836	857
836	874
836	884
836	886
836	919
836	988
837	843
837	860
837	870
837	874
837	887
837	895
837	939
838	881
838	895
838	899
838	929
839	843
839	849
839	853
839	855
839	861
839	892
839	951
840	842
840	865
840	868
840	871
840	886
840	895
840	992
841	844
841	852
841	858
841	870
841	875
841	882
841	889
841	899
841	937
841	974
842	843
842	859
842	874
842	875
842	892
842	978
843	844
843	849
843	850
843	860
843	871
843	874
843	876
843	888
843	890
843	894
844	863
844	864
844	869
844	881
844	883
844	899
844	900
845	857
845	858
845	869
845	887
845	922
845	961
845	991
846	850
846	856
846	891
847	852
847	857
847	865
847	937
847	954
848	849
848	858
848	869
848	882
848	899
848	906
848	936
848	944
849	858
850	854
850	879
850	914
850	949
851	858
851	864
851	875
851	882
852	853
852	876
852	899
853	862
853	889
853	894
853	940
854	856
854	857
854	868
854	882
854	899
854	966
855	861
855	866
855	987
856	870
856	894
857	867
857	879
857	888
857	988
858	865
858	881
858	895
858	986
859	876
859	884
859	890
859	924
860	862
860	870
861	869
861	872
861	878
861	951
861	978
862	881
862	957
863	873
863	874
863	880
863	884
863	912
863	999
864	865
864	888
864	889
864	891
865	871
865	877
865	881
865	898
866	872
866	890
866	959
866	961
867	867
867	879
867	882
867	885
867	892
868	880
868	882
868	893
868	925
868	996
869	880
869	921
870	870
870	931
871	878
871	887
871	890
871	895
871	965
871	966
872	890
872	892
872	894
873	884
873	887
873	924
873	989
874	897
874	915
874	925
874	940
875	881
875	885
875	897
876	891
876	912
876	984
877	884
877	886
877	893
877	897
877	899
878	977
879	896
879	961
880	885
880	897
880	899
880	983
881	882
881	886
881	998
882	894
882	944
882	984
883	996
885	907
885	944
886	899
886	968
886	973
886	994
887	895
887	943
888	890
888	910
888	982
889	895
890	919
891	894
891	962
892	894
892	895
892	953
892	972
893	896
893	977
894	899
894	974
894	990
895	898
895	971
896	899
896	945
896	956
897	983
898	899
898	907
898	916
899	929
900	900
900	906
900	914
900	921
900	928
900	954
900	971
901	917
901	928
901	937
901	957
901	980
901	982
901	994
902	904
902	917
902	927
902	952
902	979
903	908
903	934
903	954
903	974
903	984
903	998
904	918
904	920
904	935
904	962
904	964
904	981
904	982
905	910
905	912
905	915
905	929
905	934
905	940
905	949
905	961
905	997
906	907
906	915
906	916
906	918
906	930
906	937
906	958
906	970
906	971
906	974
906	989
906	995
907	910
907	919
907	933
907	944
907	954
907	961
907	969
907	972
907	999
908	937
908	947
908	957
908	961
908	969
908	980
908	987
908	990
908	991
908	997
909	925
909	928
909	935
909	943
909	954
909	956
909	986
910	922
910	926
910	939
910	945
910	964
910	966
910	990
911	919
911	923
911	932
911	946
911	947
911	955
911	966
911	969
911	971
911	984
911	998
912	912
912	913
912	924
912	932
912	933
912	936
912	939
912	941
912	946
912	963
912	964
912	990
912	991
912	998
913	919
913	963
913	968
913	975
913	977
913	995
914	929
914	936
914	938
914	967
914	995
915	929
915	937
915	938
915	943
915	946
915	964
915	967
915	975
915	977
915	978
915	983
916	919
916	929
916	943
916	961
916	963
916	967
917	925
917	958
917	978
917	983
917	989
917	996
917	997
918	923
918	930
918	965
918	981
918	993
919	937
919	963
919	964
919	970
919	988
919	990
919	993
919	995
919	996
920	944
920	952
920	961
920	965
920	967
920	971
921	927
921	943
921	953
921	963
921	971
921	972
921	977
921	979
921	987
921	990
921	993
922	922
922	933
922	947
922	949
922	950
922	955
922	959
922	961
922	962
922	984
922	991
923	943
923	947
923	949
923	950
923	957
923	958
923	965
923	976
923	984
923	997
924	927
924	932
924	946
924	957
924	967
924	981
924	991
924	992
925	930
925	936
925	940
925	966
925	984
925	986
925	995
926	928
926	929
926	936
926	939
926	973
926	985
926	990
927	929
927	959
927	975
927	976
927	982
927	991
927	995
928	950
928	952
928	972
928	989
928	995
929	946
929	964
929	976
929	981
930	943
930	958
930	962
930	981
930	985
930	990
930	992
930	995
930	997
931	938
931	942
931	948
931	979
931	980
931	994
931	997
932	936
932	938
932	941
932	961
932	973
932	997
933	940
933	996
933	998
934	937
934	939
934	940
934	950
934	953
934	965
934	966
934	984
935	935
935	937
935	947
935	956
935	960
935	961
935	973
935	981
936	942
936	958
936	967
936	968
936	970
936	987
936	996
937	943
937	947
937	952
937	954
937	989
937	998
938	953
938	958
938	960
938	964
938	970
938	980
938	989
938	996
939	955
939	959
939	961
939	983
939	986
940	962
940	987
940	988
940	991
941	957
941	966
941	967
941	988
941	994
942	970
942	978
943	961
943	970
943	982
943	984
943	994
943	996
943	997
944	960
944	961
944	972
944	979
944	980
945	955
945	968
945	970
945	973
945	999
946	961
946	963
946	967
946	988
947	953
947	954
947	967
947	980
947	986
947	996
948	951
948	964
948	975
948	982
949	957
949	979
949	997
950	972
950	976
950	985
950	993
951	957
951	964
951	979
951	983
951	987
951	998
952	959
952	974
952	976
952	978
953	956
953	970
953	971
953	974
953	988
954	968
954	970
954	978
954	993
954	997
955	983
955	984
956	957
956	968
956	969
956	974
956	991
956	994
957	965
957	985
957	988
957	996
958	965
958	970
958	977
958	994
959	961
959	965
959	971
959	984
959	985
959	986
960	970
960	980
960	989
961	982
962	963
962	965
962	970
962	985
963	984
964	964
964	974
964	989
964	990
964	992
964	994
965	986
966	968
966	974
966	981
966	986
966	997
967	974
967	975
967	990
967	994
967	996
968	972
968	981
968	996
969	973
969	978
969	989
969	990
969	991
969	995
970	973
970	988
971	973
972	977
972	984
972	985
972	991
972	994
973	974
974	992
974	994
975	985
975	989
976	988
977	979
978	989
978	999
979	986
979	989
980	997
980	998
981	985
981	987
981	992
981	999
982	983
982	994
982	996
984	984
984	989
984	997
986	999
988	996
989	991
989	996
990	992
991	998
991	999
992	992
992	993
992	994
995	997
997	997
