0	28
0	34
0	42
0	56
0	73
0	93
0	132
0	144
0	163
0	206
0	470
0	655
0	729
0	807
0	833
0	877
0	946
0	961
0	965
1	13
1	14
1	15
1	27
1	47
1	55
1	63
1	75
1	83
1	85
1	96
1	197
1	273
1	301
1	313
1	577
1	605
1	625
1	666
1	680
1	822
1	861
1	961
2	17
2	23
2	39
2	40
2	50
2	63
2	65
2	67
2	77
2	119
2	202
2	239
2	301
2	451
2	528
2	648
2	715
2	734
2	749
2	885
3	26
3	30
3	33
3	43
3	68
3	73
3	81
3	97
3	125
3	228
3	291
3	307
3	572
3	595
3	722
3	754
3	787
3	842
3	853
3	933
3	960
3	987
4	10
4	22
4	25
4	46
4	67
4	74
4	92
4	98
4	273
4	475
4	682
4	773
4	857
4	877
4	929
4	969
4	982
5	49
5	55
5	68
5	80
5	81
5	151
5	202
5	269
5	329
5	660
5	767
5	816
5	910
5	963
5	999
6	8
6	26
6	42
6	49
6	51
6	52
6	74
6	168
6	242
6	366
6	380
6	539
6	650
6	755
6	765
6	789
6	834
6	998
7	77
7	103
7	123
7	175
7	187
7	304
7	313
7	424
7	459
7	472
7	535
7	601
7	625
7	722
7	914
7	967
8	36
8	47
8	58
8	59
8	61
8	345
8	556
8	732
8	744
8	924
8	960
9	25
9	33
9	43
9	59
9	62
9	81
9	85
9	90
9	114
9	266
9	309
9	412
9	619
9	712
9	814
9	901
9	931
10	17
10	29
10	36
10	60
10	63
10	68
10	72
10	99
10	574
10	710
10	712
10	741
10	753
10	874
11	16
11	42
11	58
11	81
11	98
11	284
11	321
11	377
11	400
11	422
11	428
11	488
11	491
11	600
11	602
11	704
11	760
11	768
11	895
11	910
12	31
12	37
12	38
12	40
12	61
12	72
12	74
12	87
12	96
12	218
12	460
12	596
12	691
12	770
12	818
12	873
12	893
13	31
13	39
13	61
13	82
13	86
13	216
13	600
13	675
13	719
14	23
14	35
14	51
14	52
14	57
14	66
14	67
14	73
14	77
14	84
14	87
14	95
14	122
14	124
14	174
14	309
14	376
14	414
14	467
14	510
14	532
14	642
14	754
14	895
14	953
15	25
15	65
15	163
15	377
15	450
15	480
15	484
15	596
15	614
15	718
15	725
15	992
16	21
16	40
16	78
16	97
16	98
16	136
16	396
16	408
16	483
16	518
16	579
16	716
16	957
17	20
17	43
17	44
17	48
17	57
17	70
17	71
17	141
17	151
17	218
17	293
17	362
17	466
17	555
17	588
17	594
17	657
17	689
17	725
17	741
17	845
18	22
18	33
18	39
18	42
18	43
18	54
18	60
18	94
18	98
18	191
18	262
18	292
18	351
18	360
18	549
18	570
18	621
18	671
18	729
18	752
18	756
18	759
19	24
19	32
19	37
19	47
19	75
19	77
19	87
19	231
19	331
19	394
19	401
19	423
19	615
19	721
19	786
19	803
19	815
19	875
19	890
19	926
20	31
20	38
20	44
20	45
20	57
20	60
20	71
20	73
20	108
20	298
20	468
20	581
20	590
20	596
20	605
20	723
20	983
21	33
21	37
21	40
21	51
21	53
21	88
21	89
21	181
21	387
21	397
21	476
21	517
21	544
21	586
21	773
22	28
22	29
22	37
22	38
22	42
22	95
22	226
22	240
22	242
22	290
22	362
22	481
22	488
22	522
22	632
22	685
22	811
23	27
23	95
23	138
23	229
23	242
23	363
23	416
23	438
23	439
23	451
23	464
23	532
23	555
23	609
23	730
23	973
23	980
24	31
24	32
24	34
24	36
24	41
24	44
24	89
24	162
24	172
24	196
24	203
24	233
24	249
24	308
24	316
24	439
24	480
24	509
24	591
24	637
24	646
24	652
24	701
24	849
24	866
24	908
24	924
24	945
24	950
25	44
25	47
25	60
25	69
25	76
25	80
25	86
25	215
25	309
25	455
25	459
25	476
25	518
25	641
25	788
25	979
26	29
26	36
26	46
26	70
26	92
26	94
26	432
26	444
26	540
26	596
26	845
26	912
26	917
27	27
27	30
27	31
27	38
27	42
27	64
27	66
27	78
27	81
27	83
27	100
27	163
27	208
27	229
27	497
27	590
27	610
27	611
27	772
28	28
28	29
28	31
28	77
28	80
28	81
28	217
28	223
28	273
28	557
28	570
28	670
28	755
28	868
29	58
29	439
29	490
29	514
29	558
29	632
29	652
29	710
29	845
29	864
29	921
30	34
30	58
30	96
30	99
30	110
30	155
30	169
30	331
30	474
30	492
30	542
30	589
30	629
30	641
30	659
30	697
30	740
30	847
31	54
31	69
31	75
31	91
31	94
31	213
31	242
31	266
31	380
31	505
31	572
31	757
31	923
31	951
32	34
32	38
32	56
32	75
32	87
32	93
32	97
32	141
32	283
32	437
32	514
32	598
32	630
32	686
32	834
32	898
32	903
33	42
33	44
33	49
33	73
33	84
33	86
33	95
33	97
33	98
33	197
33	260
33	479
33	544
33	600
33	686
33	755
33	905
34	40
34	53
34	64
34	65
34	66
34	69
34	79
34	81
34	88
34	95
34	138
34	273
34	289
34	370
34	396
34	510
34	571
34	666
34	779
34	980
35	41
35	43
35	54
35	59
35	61
35	86
35	94
35	134
35	169
35	190
35	244
35	300
35	347
35	398
35	406
35	460
35	462
35	486
35	495
35	528
35	564
35	590
35	698
35	826
35	863
36	58
36	65
36	71
36	91
36	98
36	134
36	137
36	221
36	264
36	491
36	511
36	530
36	548
36	607
36	688
36	788
36	828
36	933
36	940
36	956
36	984
37	38
37	40
37	41
37	47
37	55
37	68
37	83
37	85
37	89
37	90
37	97
37	164
37	221
37	294
37	413
37	449
37	572
37	667
37	770
37	824
37	848
37	878
38	39
38	40
38	50
38	71
38	73
38	78
38	88
38	161
38	204
38	402
38	427
38	434
38	435
38	501
38	522
38	588
38	589
38	619
38	767
38	855
39	60
39	69
39	76
39	85
39	95
39	102
39	220
39	445
39	471
39	492
39	569
39	579
39	676
39	725
39	746
39	844
39	857
39	933
40	43
40	54
40	55
40	71
40	98
40	111
40	132
40	305
40	342
40	485
40	525
40	795
40	845
40	851
41	42
41	56
41	61
41	67
41	70
41	85
41	89
41	133
41	153
41	154
41	291
41	463
41	474
41	490
41	548
41	699
41	793
41	822
41	911
42	65
42	75
42	82
42	88
42	105
42	240
42	269
42	317
42	672
42	820
42	838
42	875
42	971
43	55
43	64
43	98
43	211
43	219
43	389
43	433
43	568
43	573
43	574
43	593
43	667
43	678
43	679
43	682
43	751
43	764
44	46
44	58
44	60
44	67
44	77
44	82
44	85
44	147
44	157
44	395
44	465
44	518
44	531
44	772
44	794
44	870
44	910
45	59
45	61
45	76
45	77
45	84
45	98
45	302
45	312
45	379
45	475
45	522
45	566
45	783
45	849
45	864
46	51
46	57
46	87
46	148
46	184
46	192
46	281
46	388
46	516
46	759
46	841
46	927
47	68
47	77
47	81
47	90
47	183
47	217
47	252
47	328
47	483
47	598
47	687
47	703
47	802
47	817
47	819
47	893
48	82
48	90
48	98
48	162
48	172
48	202
48	316
48	328
48	391
48	545
48	713
48	771
48	898
48	974
49	65
49	76
49	77
49	81
49	165
49	186
49	402
49	742
49	818
49	824
49	861
49	873
50	68
50	70
50	82
50	95
50	99
50	216
50	315
50	424
50	439
50	523
50	524
50	729
50	742
50	860
50	893
50	899
50	916
51	57
51	58
51	59
51	71
51	89
51	99
51	202
51	290
51	387
51	400
51	459
51	688
51	708
51	750
51	935
52	88
52	98
52	115
52	155
52	165
52	212
52	366
52	516
52	528
52	596
52	850
53	68
53	73
53	81
53	83
53	112
53	242
53	475
53	504
53	625
53	649
53	707
53	716
53	911
54	64
54	79
54	83
54	196
54	344
54	424
54	650
54	924
55	58
55	68
55	81
55	86
55	88
55	318
55	376
55	446
55	502
55	505
55	799
55	934
55	999
56	57
56	58
56	60
56	74
56	88
56	92
56	214
56	527
56	560
56	646
56	774
56	833
56	948
56	953
56	969
57	64
57	68
57	79
57	87
57	445
57	470
57	598
57	782
57	865
57	893
57	937
57	943
58	63
58	64
58	66
58	84
58	132
58	156
58	320
58	445
58	691
58	833
58	843
59	61
59	74
59	91
59	94
59	97
59	139
59	187
59	228
59	421
59	449
59	456
59	503
59	781
59	827
59	871
59	986
60	68
60	82
60	97
60	175
60	263
60	273
60	384
60	431
60	457
60	459
60	496
60	597
60	703
60	726
60	774
60	849
60	861
60	918
60	949
61	63
61	82
61	86
61	88
61	92
61	98
61	256
61	455
61	527
61	803
61	838
61	854
61	946
62	74
62	77
62	86
62	87
62	97
62	158
62	439
62	496
62	588
62	690
62	808
62	977
63	68
63	72
63	77
63	96
63	202
63	269
63	394
63	434
63	453
63	505
63	780
63	845
63	919
64	80
64	93
64	160
64	267
64	301
64	382
64	744
64	810
64	843
64	892
64	915
64	963
65	72
65	76
65	87
65	105
65	144
65	177
65	237
65	440
65	501
65	593
65	682
65	705
65	740
65	751
65	792
66	86
66	94
66	114
66	353
66	368
66	424
66	481
66	505
66	509
66	577
66	601
66	637
66	832
66	967
67	85
67	95
67	96
67	99
67	109
67	130
67	244
67	272
67	279
67	308
67	581
67	606
67	769
67	829
67	854
67	898
67	928
68	74
68	79
68	82
68	90
68	95
68	236
68	283
68	334
68	449
68	470
68	538
68	793
68	822
68	966
69	75
69	78
69	91
69	106
69	302
69	419
69	533
69	535
69	587
69	751
69	859
69	965
70	179
70	435
70	446
70	471
70	570
70	603
70	707
70	845
71	266
71	302
71	615
71	818
71	835
71	902
71	986
72	83
72	93
72	205
72	244
72	258
72	318
72	369
72	431
72	623
72	721
72	745
72	809
72	825
72	908
72	942
73	91
73	93
73	95
73	99
73	104
73	148
73	215
73	395
73	409
73	482
73	604
73	669
73	713
73	720
73	806
73	881
74	170
74	327
74	379
74	434
74	467
74	573
74	625
74	831
74	938
74	954
74	999
75	79
75	89
75	102
75	171
75	374
75	386
75	505
75	626
75	651
75	662
75	677
75	680
75	738
75	828
75	906
76	86
76	90
76	91
76	96
76	193
76	215
76	298
76	377
76	586
76	770
76	842
76	922
76	925
76	935
76	954
76	974
77	77
77	79
77	99
77	153
77	228
77	389
77	513
77	518
77	650
77	744
77	755
77	764
77	820
77	843
77	913
77	934
78	79
78	96
78	120
78	262
78	346
78	460
78	498
78	527
78	536
78	551
78	612
78	673
78	693
78	801
78	842
78	937
79	96
79	119
79	230
79	477
79	550
79	633
79	670
79	781
79	812
79	862
79	871
79	882
79	935
80	81
80	82
80	85
80	104
80	147
80	317
80	384
80	516
80	571
80	586
80	602
80	634
80	685
80	695
80	811
80	824
81	118
81	214
81	235
81	419
81	434
81	613
81	873
81	884
81	893
82	84
82	97
82	384
82	426
82	869
82	994
83	92
83	94
83	95
83	257
83	290
83	489
83	494
83	549
83	669
83	686
83	710
83	794
83	818
83	846
83	917
83	999
84	89
84	117
84	144
84	172
84	271
84	576
84	612
84	678
84	753
84	805
84	982
85	90
85	92
85	111
85	192
85	259
85	361
85	597
85	601
85	603
85	639
85	807
85	913
85	952
85	985
86	119
86	210
86	212
86	216
86	244
86	246
86	399
86	467
86	491
86	615
86	639
86	846
86	912
86	945
86	995
87	99
87	159
87	167
87	215
87	322
87	386
87	391
87	415
87	456
87	524
87	568
87	641
87	897
87	904
87	960
88	131
88	519
88	556
88	610
88	677
88	760
88	815
88	875
88	923
89	117
89	196
89	246
89	261
89	393
89	576
89	682
89	687
89	757
89	837
89	916
89	999
90	92
90	217
90	219
90	346
90	356
90	379
90	383
90	592
90	613
90	679
90	733
90	797
90	931
91	99
91	131
91	142
91	237
91	369
91	430
91	547
91	661
91	709
92	92
92	93
92	156
92	183
92	363
92	364
92	381
92	387
92	516
92	525
92	558
92	620
92	820
92	885
93	97
93	155
93	224
93	303
93	407
93	421
93	616
93	739
93	801
93	897
93	918
93	965
94	279
94	329
94	412
94	474
94	524
94	535
94	573
94	969
94	974
95	119
95	300
95	369
95	450
95	458
95	534
95	770
95	866
95	867
95	872
95	889
95	921
95	938
96	247
96	341
96	387
96	533
96	602
96	682
96	702
96	786
96	849
96	860
96	862
96	894
96	903
96	973
96	990
97	148
97	154
97	159
97	295
97	375
97	409
97	565
97	593
97	650
97	722
97	726
97	746
97	767
97	804
97	866
97	882
97	945
98	247
98	378
98	382
98	450
98	541
98	551
98	724
98	818
98	923
98	994
99	136
99	292
99	452
99	520
99	593
99	637
99	804
99	879
100	110
100	121
100	152
100	155
100	156
100	159
100	161
100	162
100	167
100	193
100	197
100	199
100	205
100	461
100	578
100	580
100	736
100	794
100	947
101	111
101	115
101	122
101	123
101	127
101	164
101	167
101	172
101	179
101	188
101	191
101	192
101	203
101	225
101	311
101	334
101	414
101	438
101	477
101	580
101	700
101	774
101	805
102	107
102	112
102	113
102	122
102	126
102	127
102	135
102	137
102	162
102	169
102	173
102	182
102	293
102	346
102	373
102	490
102	590
102	697
102	734
102	748
102	773
102	784
103	121
103	130
103	132
103	149
103	150
103	155
103	160
103	182
103	187
103	189
103	219
103	230
103	236
103	314
103	319
103	332
103	397
103	535
103	765
103	906
103	922
103	952
104	127
104	138
104	140
104	152
104	154
104	159
104	194
104	279
104	284
104	331
104	373
104	489
104	494
104	536
104	540
104	565
104	872
105	114
105	122
105	141
105	149
105	163
105	170
105	191
105	192
105	195
105	199
105	300
105	694
105	697
105	736
105	834
105	846
105	959
106	110
106	112
106	113
106	123
106	128
106	131
106	133
106	138
106	148
106	170
106	187
106	196
106	261
106	298
106	427
106	536
106	656
106	692
106	832
106	867
106	919
106	934
107	115
107	122
107	124
107	133
107	147
107	154
107	162
107	167
107	179
107	191
107	242
107	412
107	425
107	591
107	605
107	695
107	714
107	819
107	888
108	111
108	114
108	115
108	116
108	119
108	126
108	160
108	217
108	316
108	376
108	533
108	536
108	552
108	657
108	705
108	846
108	923
109	121
109	143
109	156
109	164
109	178
109	191
109	193
109	194
109	210
109	290
109	389
109	508
109	570
109	651
109	738
109	800
109	959
110	117
110	132
110	133
110	135
110	143
110	158
110	159
110	161
110	174
110	184
110	186
110	196
110	221
110	243
110	248
110	281
110	363
110	396
110	457
110	493
110	680
110	811
111	127
111	141
111	162
111	167
111	169
111	183
111	197
111	272
111	390
111	449
111	525
111	640
111	658
111	719
111	837
111	973
112	147
112	148
112	152
112	172
112	177
112	181
112	184
112	191
112	225
112	269
112	284
112	394
112	437
112	485
112	613
112	645
112	722
112	774
112	869
112	888
112	893
113	127
113	130
113	137
113	151
113	155
113	172
113	177
113	184
113	190
113	212
113	243
113	330
113	508
113	572
113	765
113	779
113	879
113	918
114	115
114	118
114	124
114	130
114	140
114	156
114	514
114	574
114	592
114	706
114	968
115	128
115	138
115	148
115	151
115	154
115	160
115	163
115	164
115	177
115	265
115	624
115	782
115	789
115	845
115	933
116	117
116	166
116	169
116	194
116	276
116	414
116	574
116	583
116	619
116	633
116	657
116	857
117	123
117	124
117	137
117	173
117	178
117	185
117	322
117	446
117	447
117	535
117	673
117	682
117	707
117	740
117	783
117	978
118	120
118	138
118	141
118	151
118	173
118	188
118	197
118	358
118	477
118	516
118	563
118	864
118	893
119	124
119	125
119	135
119	139
119	149
119	159
119	162
119	167
119	217
119	256
119	367
119	410
119	613
119	718
119	765
119	888
120	127
120	131
120	155
120	168
120	176
120	190
120	334
120	378
120	415
120	438
120	551
120	571
120	609
120	831
120	887
120	926
121	129
121	149
121	150
121	194
121	549
121	670
121	830
122	149
122	151
122	166
122	179
122	191
122	196
122	264
122	572
122	703
122	739
122	818
122	915
122	993
123	131
123	136
123	144
123	149
123	151
123	157
123	167
123	168
123	174
123	181
123	185
123	192
123	302
123	343
123	553
123	583
123	614
123	979
124	145
124	170
124	181
124	184
124	185
124	269
124	366
124	369
124	381
124	452
124	495
124	516
124	629
124	681
124	804
124	831
124	857
124	899
124	901
124	906
125	131
125	143
125	150
125	152
125	162
125	166
125	168
125	170
125	173
125	179
125	186
125	262
125	264
125	421
125	791
125	960
125	975
125	999
126	141
126	155
126	158
126	170
126	174
126	195
126	196
126	236
126	260
126	509
126	648
126	812
126	871
126	927
127	177
127	179
127	194
127	373
127	380
127	390
127	433
127	510
127	526
127	564
127	646
127	651
127	708
127	803
127	835
127	912
128	131
128	158
128	177
128	195
128	197
128	225
128	380
128	545
128	630
128	678
129	139
129	149
129	172
129	187
129	198
129	239
129	365
129	377
129	456
129	548
129	681
129	685
129	745
130	130
130	134
130	174
130	177
130	187
130	195
130	227
130	564
130	650
130	845
131	133
131	137
131	148
131	155
131	267
131	337
131	378
131	453
131	641
131	656
131	696
131	754
131	833
131	906
132	150
132	162
132	168
132	181
132	189
132	276
132	298
132	313
132	340
132	419
132	453
132	540
132	679
132	725
132	802
132	822
132	911
132	965
133	145
133	170
133	190
133	192
133	237
133	436
133	516
133	593
133	594
133	600
133	719
133	772
133	858
133	875
134	136
134	153
134	174
134	190
134	233
134	238
134	313
134	330
134	692
134	731
134	861
134	869
134	930
135	141
135	145
135	171
135	187
135	195
135	196
135	198
135	218
135	310
135	359
135	559
135	608
135	641
135	684
135	732
135	794
135	864
136	141
136	146
136	149
136	169
136	173
136	179
136	197
136	373
136	379
136	686
136	747
136	766
136	800
136	897
136	938
137	157
137	164
137	180
137	193
137	195
137	340
137	344
137	409
137	413
137	644
137	736
137	816
137	979
138	140
138	187
138	243
138	247
138	291
138	479
138	552
138	564
138	566
138	585
138	606
138	632
138	665
138	910
138	935
138	990
139	146
139	154
139	161
139	162
139	167
139	169
139	187
139	288
139	433
139	562
139	907
139	911
140	142
140	181
140	185
140	191
140	299
140	401
140	529
140	635
140	662
140	695
140	698
140	708
141	148
141	162
141	169
141	173
141	178
141	199
141	339
141	356
141	379
141	397
141	467
141	489
141	490
141	674
141	733
141	766
141	773
141	866
141	879
141	884
141	893
142	147
142	165
142	173
142	176
142	198
142	444
142	479
142	548
142	605
142	687
142	709
142	721
143	144
143	172
143	174
143	180
143	184
143	196
143	198
143	223
143	337
143	386
143	424
143	684
143	816
143	904
143	905
143	980
144	157
144	161
144	167
144	179
144	187
144	313
144	335
144	396
144	443
144	504
144	506
144	522
144	635
144	654
144	658
144	703
144	934
144	941
144	942
145	150
145	170
145	172
145	174
145	182
145	250
145	477
145	568
145	627
145	717
145	829
145	882
145	936
146	149
146	151
146	153
146	163
146	165
146	180
146	189
146	192
146	657
146	686
146	947
147	148
147	158
147	167
147	213
147	265
147	378
147	429
147	721
147	761
147	814
147	815
148	151
148	152
148	167
148	172
148	184
148	193
148	198
148	312
148	468
148	487
148	488
148	497
148	507
148	573
148	601
148	609
148	659
148	660
148	748
148	786
148	822
148	907
148	944
149	151
149	165
149	193
149	194
149	201
149	379
149	429
149	435
149	570
149	653
149	671
149	699
149	742
149	743
149	821
149	869
149	957
150	154
150	178
150	194
150	195
150	208
150	218
150	260
150	293
150	352
150	361
150	406
150	440
150	447
150	494
150	855
150	866
150	995
151	153
151	383
151	427
151	432
151	449
151	486
151	514
151	525
151	611
151	899
152	178
152	191
152	192
152	196
152	203
152	230
152	295
152	300
152	369
152	485
152	684
152	719
152	736
152	746
152	888
152	970
152	986
152	991
153	156
153	157
153	166
153	171
153	177
153	181
153	268
153	302
153	500
153	591
153	655
153	690
153	793
153	807
153	832
153	847
154	174
154	176
154	204
154	211
154	365
154	388
154	448
154	466
154	543
154	617
154	665
154	702
154	744
154	766
154	911
154	992
155	158
155	160
155	171
155	185
155	297
155	349
155	373
155	381
155	390
155	541
155	559
155	600
155	618
155	718
155	741
155	788
155	794
155	837
155	956
156	160
156	161
156	164
156	166
156	168
156	175
156	184
156	190
156	191
156	195
156	398
156	414
156	433
156	558
156	810
156	826
156	982
157	162
157	180
157	184
157	188
157	195
157	198
157	290
157	339
157	351
157	826
157	930
158	159
158	176
158	178
158	182
158	302
158	326
158	341
158	453
158	503
158	569
158	614
158	810
158	813
158	912
159	170
159	176
159	207
159	245
159	385
159	552
159	670
159	717
159	722
159	818
159	917
159	967
160	167
160	168
160	271
160	273
160	341
160	365
160	376
160	433
160	542
160	649
160	655
160	837
160	915
160	954
161	174
161	176
161	185
161	195
161	198
161	369
161	456
161	544
161	550
161	656
161	970
162	164
162	171
162	186
162	193
162	287
162	486
162	518
162	555
162	735
162	788
162	935
162	951
163	184
163	198
163	266
163	349
163	630
163	707
163	734
163	754
163	806
163	962
164	173
164	188
164	312
164	400
164	402
164	528
164	563
164	607
164	676
164	698
164	736
164	812
164	842
164	959
164	980
165	171
165	185
165	186
165	189
165	196
165	221
165	235
165	269
165	339
165	416
165	533
165	668
165	741
165	766
165	783
165	842
165	846
165	919
165	942
166	170
166	172
166	189
166	190
166	191
166	192
166	330
166	488
166	521
166	553
166	693
166	734
166	820
167	167
167	173
167	184
167	243
167	319
167	430
167	574
167	806
167	851
167	942
167	962
167	988
168	173
168	174
168	180
168	187
168	188
168	249
168	342
168	357
168	415
168	707
169	171
169	172
169	182
169	193
169	195
169	377
169	526
169	579
169	600
169	702
169	742
169	951
169	983
170	171
170	177
170	179
170	181
170	196
170	197
170	213
170	219
170	552
170	610
170	615
170	995
171	173
171	180
171	187
171	188
171	226
171	291
171	350
171	757
171	774
171	778
171	858
171	974
172	190
172	194
172	316
172	322
172	368
172	396
172	544
172	605
172	615
172	616
172	792
172	814
172	867
173	176
173	186
173	197
173	204
173	221
173	378
173	513
173	585
173	673
173	697
173	753
173	803
173	829
174	193
174	198
174	221
174	229
174	248
174	254
174	275
174	404
174	650
174	701
174	948
174	996
175	190
175	281
175	469
175	512
175	534
175	611
175	633
175	644
175	742
175	824
176	178
176	185
176	188
176	190
176	313
176	580
176	746
176	834
176	900
176	914
176	959
177	179
177	186
177	187
177	195
177	368
177	390
177	423
177	486
177	584
177	728
177	756
177	790
177	871
177	904
177	931
178	191
178	343
178	369
178	445
178	611
178	622
178	710
178	824
178	828
178	873
179	185
179	186
179	226
179	401
179	537
179	644
179	652
179	724
179	820
179	871
179	873
179	948
179	967
180	299
180	319
180	457
180	521
180	600
180	853
180	907
181	189
181	274
181	534
181	643
181	693
181	732
181	768
181	916
182	190
182	253
182	361
182	364
182	403
182	606
182	948
183	295
183	369
183	392
183	601
183	825
184	189
184	195
184	329
184	357
184	522
184	566
184	733
184	817
184	826
185	204
185	243
185	256
185	303
185	316
185	381
185	440
185	727
185	978
185	989
186	187
186	255
186	341
186	348
186	350
186	407
186	412
186	420
186	563
186	667
186	777
186	779
186	868
187	192
187	441
187	454
187	461
187	471
187	530
187	683
187	747
187	757
187	819
188	191
188	279
188	337
188	468
188	641
188	736
188	790
188	819
188	859
188	879
188	964
189	192
189	193
189	288
189	312
189	639
189	703
189	854
189	855
189	968
189	990
190	235
190	253
190	370
190	461
190	537
190	590
190	707
190	812
191	235
191	292
191	370
191	378
191	561
191	598
191	750
191	770
191	785
191	842
192	234
192	262
192	288
192	369
192	457
192	469
192	611
192	949
192	973
193	379
193	434
193	549
193	577
193	590
193	726
193	814
193	840
193	967
193	990
194	691
194	700
194	754
194	867
194	877
194	882
195	198
195	214
195	230
195	253
195	283
195	362
195	390
195	492
195	496
195	600
195	626
195	670
195	685
195	711
195	891
196	196
196	462
196	536
196	596
196	603
196	681
196	830
196	931
196	949
196	983
197	282
197	455
197	460
197	540
197	624
197	649
197	659
197	685
197	764
197	871
197	919
197	972
198	217
198	232
198	288
198	302
198	465
198	473
198	612
198	650
198	700
198	864
198	895
198	920
199	214
199	274
199	314
199	384
199	422
199	698
199	816
199	819
199	908
200	205
200	229
200	238
200	256
200	259
200	266
200	278
200	282
200	283
200	293
200	360
200	470
200	569
200	606
200	780
200	870
200	987
201	202
201	212
201	214
201	233
201	239
201	244
201	250
201	255
201	262
201	278
201	279
201	294
201	488
201	492
201	765
201	782
201	969
202	207
202	227
202	232
202	242
202	247
202	278
202	279
202	296
202	298
202	389
202	456
202	780
203	221
203	224
203	232
203	238
203	246
203	253
203	258
203	267
203	268
203	282
203	292
203	311
203	319
203	494
203	518
203	562
203	565
203	594
203	666
203	718
203	737
203	804
204	204
204	210
204	212
204	219
204	220
204	234
204	238
204	239
204	254
204	271
204	277
204	279
204	384
204	409
204	483
204	512
204	876
204	882
204	973
205	205
205	207
205	230
205	232
205	233
205	239
205	241
205	244
205	248
205	264
205	270
205	275
205	284
205	291
205	347
205	524
205	560
205	921
205	942
206	213
206	232
206	255
206	267
206	274
206	275
206	284
206	290
206	298
206	322
206	842
206	852
207	210
207	221
207	249
207	251
207	254
207	295
207	305
207	329
207	419
207	436
207	500
207	549
207	594
207	649
207	708
208	222
208	226
208	229
208	243
208	255
208	263
208	277
208	305
208	408
208	418
208	436
208	446
208	672
208	734
208	989
208	999
209	227
209	232
209	280
209	292
209	294
209	489
209	526
209	975
210	228
210	246
210	267
210	281
210	287
210	297
210	299
210	339
210	343
210	351
210	457
210	480
210	509
210	746
210	747
211	212
211	214
211	219
211	229
211	232
211	234
211	241
211	253
211	271
211	276
211	428
211	479
211	550
211	552
211	634
211	755
211	760
211	764
211	798
211	803
211	885
211	905
212	214
212	219
212	223
212	225
212	231
212	275
212	277
212	285
212	295
212	313
212	362
212	399
212	436
212	607
212	654
212	662
212	782
212	803
212	836
212	918
212	920
212	961
212	971
213	220
213	230
213	246
213	249
213	258
213	259
213	286
213	294
213	296
213	297
213	328
213	339
213	345
213	453
213	590
213	680
213	767
213	918
213	963
213	996
214	218
214	232
214	239
214	253
214	256
214	261
214	262
214	268
214	290
214	304
214	438
214	562
214	735
214	785
214	920
214	927
214	974
215	244
215	249
215	273
215	552
215	642
215	856
216	222
216	230
216	244
216	245
216	246
216	281
216	352
216	365
216	427
216	435
216	442
216	450
216	496
216	540
216	545
216	613
216	647
216	657
216	681
216	848
216	879
216	907
216	962
217	225
217	238
217	259
217	267
217	275
217	283
217	394
217	438
217	626
217	647
217	785
217	892
217	929
218	223
218	225
218	242
218	248
218	252
218	256
218	257
218	271
218	277
218	286
218	375
218	514
218	539
218	584
218	740
218	806
218	904
218	934
218	952
219	221
219	225
219	226
219	234
219	243
219	245
219	252
219	255
219	266
219	268
219	276
219	293
219	437
219	489
219	722
219	749
219	946
219	992
219	993
220	234
220	253
220	284
220	285
220	428
220	446
220	517
220	567
220	607
220	689
220	732
220	769
220	776
220	958
221	224
221	232
221	241
221	245
221	246
221	251
221	256
221	269
221	274
221	299
221	339
221	374
221	377
221	449
221	577
221	686
221	761
221	796
221	871
221	950
222	242
222	244
222	247
222	248
222	262
222	279
222	280
222	514
222	642
222	809
222	868
222	870
222	948
223	228
223	232
223	235
223	241
223	246
223	252
223	272
223	276
223	285
223	293
223	362
223	505
223	632
223	652
223	666
223	682
223	823
224	248
224	264
224	268
224	270
224	282
224	283
224	285
224	371
224	472
224	477
224	558
224	589
224	657
224	745
224	828
224	892
225	233
225	237
225	239
225	249
225	259
225	261
225	275
225	296
225	365
225	434
225	528
225	554
225	657
225	878
225	895
225	943
225	997
226	228
226	233
226	236
226	244
226	250
226	252
226	259
226	264
226	274
226	354
226	365
226	374
226	501
226	528
226	581
226	595
226	619
226	816
226	830
226	982
227	238
227	253
227	254
227	262
227	276
227	287
227	288
227	289
227	291
227	299
227	351
227	629
227	641
227	645
227	672
227	921
228	247
228	251
228	253
228	281
228	291
228	299
228	324
228	448
228	480
228	481
228	636
228	666
228	699
228	709
228	829
228	862
228	975
229	239
229	249
229	250
229	268
229	280
229	293
229	332
229	572
229	605
229	657
229	738
229	867
230	235
230	242
230	243
230	253
230	264
230	268
230	273
230	283
230	290
230	291
230	333
230	355
230	420
230	484
230	568
230	585
230	603
230	610
230	620
230	624
230	804
230	952
230	995
231	235
231	243
231	258
231	296
231	385
231	476
231	517
231	565
231	808
231	832
231	886
231	913
232	237
232	252
232	283
232	286
232	341
232	371
232	413
232	501
232	654
232	738
232	966
232	987
233	238
233	249
233	251
233	257
233	288
233	289
233	541
233	794
233	893
233	937
233	955
234	238
234	263
234	278
234	425
234	587
234	706
234	708
234	776
234	831
234	835
234	963
235	237
235	242
235	251
235	261
235	266
235	271
235	295
235	483
235	516
235	756
235	807
235	812
235	895
236	251
236	262
236	263
236	265
236	284
236	299
236	336
236	363
236	397
236	448
236	562
236	631
236	645
236	666
236	835
237	239
237	284
237	324
237	360
237	368
237	545
237	570
237	602
237	615
237	651
237	660
237	774
237	783
237	801
237	825
237	869
238	253
238	257
238	274
238	285
238	286
238	292
238	295
238	332
238	399
238	497
238	584
238	648
238	739
238	814
238	912
238	981
239	244
239	255
239	264
239	287
239	299
239	430
239	501
239	616
239	670
239	760
239	767
239	858
239	859
239	863
239	890
240	247
240	253
240	264
240	266
240	362
240	526
240	527
240	632
240	723
240	743
240	783
241	253
241	263
241	275
241	289
241	293
241	298
241	358
241	372
241	462
241	549
241	576
241	645
241	765
241	779
241	786
241	872
242	254
242	266
242	269
242	274
242	276
242	285
242	299
242	316
242	661
242	663
242	721
242	789
242	819
242	983
242	993
243	248
243	252
243	257
243	260
243	271
243	293
243	298
243	416
243	510
243	611
243	634
243	784
243	828
243	866
243	894
243	982
244	249
244	274
244	280
244	297
244	326
244	443
244	625
244	634
244	637
244	655
244	656
244	676
244	739
244	839
244	929
245	249
245	280
245	286
245	298
245	436
245	446
245	464
245	549
245	572
245	588
245	651
245	745
245	830
245	837
245	864
245	909
245	924
246	275
246	280
246	282
246	349
246	378
246	395
246	450
246	459
246	519
246	622
246	671
246	722
246	737
246	910
246	966
247	250
247	275
247	278
247	420
247	440
247	557
247	573
247	628
247	694
247	873
247	927
247	944
247	961
248	253
248	274
248	280
248	297
248	319
248	326
248	419
248	497
248	532
248	647
248	698
248	912
248	928
248	948
248	986
248	997
249	261
249	266
249	291
249	294
249	295
249	317
249	407
249	420
249	564
249	643
249	660
249	664
249	677
249	742
249	896
249	963
250	257
250	272
250	279
250	295
250	492
250	518
250	658
250	670
250	743
250	824
250	857
250	892
250	901
250	903
250	966
251	255
251	277
251	295
251	296
251	393
251	683
251	939
251	989
252	253
252	271
252	273
252	283
252	296
252	307
252	475
252	542
252	569
252	735
252	850
253	276
253	291
253	296
253	352
253	567
253	637
253	801
253	835
253	888
253	988
254	267
254	281
254	283
254	287
254	297
254	328
254	435
254	490
254	714
254	742
254	748
254	792
254	845
255	257
255	258
255	273
255	279
255	280
255	286
255	348
255	370
255	414
255	484
255	521
255	530
255	721
255	760
255	763
255	805
255	867
255	962
256	258
256	287
256	292
256	320
256	334
256	408
256	495
256	529
256	577
256	592
256	605
256	632
256	639
256	664
256	892
256	915
256	972
257	274
257	278
257	282
257	287
257	468
257	480
257	706
257	708
257	733
257	806
258	259
258	262
258	275
258	279
258	280
258	286
258	365
258	536
258	722
258	952
258	986
259	409
259	424
259	511
259	583
259	639
259	741
259	784
259	919
259	943
259	950
260	267
260	279
260	284
260	351
260	482
260	497
260	603
260	610
260	679
260	782
260	882
260	904
260	984
261	267
261	273
261	278
261	291
261	295
261	355
261	360
261	581
261	773
261	783
261	797
261	849
261	910
261	927
262	276
262	281
262	289
262	584
262	666
262	732
262	851
262	922
263	280
263	298
263	304
263	367
263	443
263	465
263	503
263	547
263	594
263	707
263	749
263	798
263	867
263	883
263	897
264	269
264	276
264	283
264	480
264	533
264	751
264	938
265	275
265	285
265	287
265	396
265	444
265	606
265	616
265	729
265	988
266	274
266	333
266	488
266	501
266	503
266	705
266	710
266	762
266	817
266	873
267	274
267	278
267	285
267	286
267	290
267	472
267	537
267	583
267	756
268	283
268	290
268	344
268	470
268	556
268	593
268	690
268	813
268	891
268	939
269	273
269	281
269	284
269	287
269	328
269	395
269	440
269	458
269	599
269	738
269	920
270	296
270	376
270	391
270	452
270	498
270	575
270	649
270	655
270	701
270	737
270	785
270	865
270	885
270	970
271	274
271	275
271	276
271	281
271	414
271	466
271	473
271	493
271	592
271	647
271	660
271	843
271	974
271	990
271	991
272	285
272	288
272	290
272	292
272	407
272	514
272	540
272	722
272	762
272	851
272	959
273	281
273	327
273	369
273	509
273	548
273	566
273	667
273	781
273	866
273	976
274	297
274	299
274	835
274	837
274	855
274	873
275	291
275	311
275	476
275	549
275	559
275	729
275	785
275	979
276	290
276	389
276	469
276	508
276	650
276	816
276	911
276	934
276	998
277	288
277	292
277	297
277	336
277	631
277	746
277	997
278	287
278	292
278	315
278	328
278	389
278	576
278	613
278	657
278	920
278	946
278	969
279	286
279	294
279	297
279	344
279	348
279	454
279	570
279	599
279	605
279	667
279	725
279	745
279	769
279	838
279	851
279	893
279	912
279	960
279	961
280	284
280	290
280	299
280	362
280	438
280	490
280	530
280	730
280	763
280	847
280	883
281	286
281	294
281	560
281	573
281	739
281	782
281	863
281	923
281	943
281	958
281	987
282	289
282	468
282	471
282	725
282	843
282	999
283	290
283	358
283	433
283	438
283	552
283	588
283	681
283	773
283	789
283	847
283	894
283	913
283	923
283	969
284	377
284	394
284	475
284	510
284	580
284	613
284	702
284	917
284	941
284	946
284	965
284	969
285	291
285	316
285	457
285	563
285	687
285	699
286	289
286	307
286	366
286	390
286	406
286	424
286	588
286	612
286	614
286	616
286	641
286	656
287	356
287	374
287	503
287	522
287	578
287	617
287	643
287	716
287	759
287	837
287	868
288	299
288	349
288	407
288	443
288	478
288	699
288	711
288	734
288	735
288	773
288	958
288	962
289	290
289	296
289	379
289	497
289	554
289	673
289	708
289	734
289	933
289	945
289	975
290	291
290	334
290	384
290	427
290	437
290	447
290	459
290	497
290	525
290	567
290	569
290	605
290	624
290	639
290	723
290	736
290	754
290	774
290	868
291	434
291	484
291	494
291	525
291	632
291	810
291	923
292	296
292	373
292	424
292	474
292	486
292	493
292	523
292	668
292	741
292	764
292	827
292	966
293	538
293	637
293	787
293	795
293	884
293	898
294	356
294	367
294	394
294	650
294	662
294	697
294	705
294	728
294	766
294	800
294	879
294	962
294	966
294	972
295	297
295	410
295	419
295	422
295	469
295	531
295	613
295	645
295	679
295	855
296	393
296	554
296	693
296	818
296	864
296	917
297	344
297	421
297	502
297	658
297	793
297	860
298	299
298	370
298	378
298	492
298	498
298	601
298	724
298	866
298	924
298	937
299	426
299	459
299	533
299	548
299	591
299	621
299	769
299	771
299	803
300	302
300	316
300	338
300	346
300	356
300	373
300	374
300	384
300	394
300	509
300	512
300	602
300	623
300	757
300	962
301	303
301	309
301	314
301	343
301	362
301	379
301	443
301	575
301	591
301	721
301	744
301	817
301	861
301	954
302	304
302	316
302	359
302	364
302	406
302	473
302	581
302	594
302	600
302	794
302	878
302	905
302	989
303	342
303	346
303	353
303	357
303	359
303	381
303	383
303	388
303	390
303	392
303	397
303	402
303	408
303	427
303	432
303	456
303	464
303	655
303	656
303	679
303	693
303	733
303	780
303	783
303	942
304	318
304	321
304	338
304	350
304	363
304	374
304	379
304	382
304	392
304	447
304	452
304	596
304	610
304	698
304	716
304	770
304	952
304	956
305	334
305	336
305	347
305	358
305	361
305	362
305	366
305	375
305	377
305	383
305	398
305	753
305	779
305	860
306	310
306	316
306	335
306	365
306	368
306	396
306	405
306	407
306	505
306	540
306	699
306	821
306	823
306	856
306	949
306	988
307	314
307	323
307	324
307	339
307	342
307	344
307	346
307	350
307	370
307	372
307	383
307	386
307	455
307	456
307	558
307	715
307	804
308	316
308	329
308	336
308	338
308	359
308	380
308	444
308	486
308	524
308	556
308	708
308	740
308	757
308	810
308	893
308	929
309	316
309	318
309	327
309	329
309	331
309	359
309	364
309	371
309	377
309	584
309	664
309	732
309	919
309	967
309	989
310	335
310	384
310	403
310	421
310	700
310	729
310	928
311	320
311	343
311	350
311	352
311	355
311	374
311	381
311	386
311	387
311	676
311	721
311	795
311	831
311	937
312	325
312	329
312	335
312	341
312	350
312	359
312	388
312	405
312	423
312	783
312	862
312	997
313	342
313	349
313	360
313	367
313	376
313	390
313	392
313	403
313	446
313	496
313	536
313	557
313	596
313	623
313	630
313	674
313	683
313	759
314	315
314	325
314	330
314	331
314	335
314	348
314	399
314	419
314	651
314	657
314	827
314	830
314	894
314	899
314	962
314	987
315	324
315	341
315	353
315	357
315	370
315	380
315	390
315	611
315	625
315	640
315	907
315	993
316	341
316	356
316	373
316	376
316	380
316	388
316	476
316	688
316	707
316	751
316	758
316	792
316	838
316	961
317	322
317	324
317	328
317	353
317	361
317	378
317	394
317	401
317	520
317	587
317	696
317	880
317	922
318	321
318	327
318	330
318	361
318	362
318	363
318	368
318	385
318	439
318	495
318	617
318	658
318	702
318	775
319	324
319	328
319	338
319	339
319	357
319	365
319	382
319	541
319	595
319	751
319	811
319	922
320	324
320	328
320	336
320	344
320	351
320	355
320	375
320	530
320	545
320	647
320	770
320	772
320	836
321	330
321	348
321	357
321	362
321	368
321	388
321	390
321	421
321	542
321	579
321	597
321	730
321	835
321	877
321	988
322	323
322	325
322	328
322	346
322	353
322	358
322	359
322	366
322	371
322	396
322	411
322	412
322	482
322	511
322	701
322	709
322	735
322	764
322	782
322	854
322	860
322	985
323	327
323	336
323	345
323	357
323	371
323	376
323	381
323	388
323	654
323	705
323	832
323	922
324	324
324	330
324	341
324	345
324	347
324	364
324	373
324	376
324	378
324	383
324	471
324	618
324	620
324	671
324	815
325	341
325	346
325	348
325	352
325	355
325	374
325	389
325	391
325	392
325	457
325	743
325	918
325	952
325	978
326	331
326	345
326	358
326	362
326	375
326	395
326	431
326	455
326	493
326	526
326	673
326	688
326	691
326	716
326	789
326	831
327	341
327	357
327	499
327	632
327	641
327	827
327	832
327	907
327	968
327	981
328	330
328	336
328	339
328	342
328	361
328	362
328	366
328	387
328	519
328	579
328	618
328	673
328	690
328	720
328	794
329	338
329	350
329	380
329	392
329	426
329	486
329	613
329	694
329	720
329	724
329	798
329	864
329	886
329	896
329	935
330	342
330	357
330	371
330	386
330	394
330	516
330	581
330	699
330	710
330	756
331	345
331	352
331	365
331	371
331	396
331	434
331	435
331	508
331	537
331	743
331	799
331	902
331	957
332	338
332	367
332	383
332	431
332	488
332	499
332	561
332	787
332	846
332	860
332	996
333	338
333	348
333	387
333	558
333	607
333	706
333	744
333	751
333	765
333	829
333	872
333	916
333	991
334	340
334	346
334	352
334	357
334	365
334	370
334	378
334	379
334	385
334	476
334	479
334	532
334	592
334	617
334	657
334	786
334	849
334	903
335	397
335	408
335	413
335	428
335	481
335	515
335	589
335	611
335	748
335	783
335	843
336	340
336	343
336	356
336	358
336	500
336	501
336	603
336	765
336	858
336	864
337	345
337	378
337	396
337	398
337	466
337	571
337	746
337	775
337	783
337	789
337	857
338	343
338	357
338	360
338	364
338	386
338	391
338	398
338	542
338	546
338	685
338	751
338	862
338	967
338	987
338	993
339	340
339	357
339	364
339	366
339	367
339	370
339	371
339	377
339	384
339	389
339	392
339	399
339	413
339	619
339	676
339	928
339	969
339	993
340	351
340	359
340	365
340	374
340	377
340	460
340	670
340	755
341	344
341	356
341	359
341	381
341	397
341	512
341	591
341	645
341	856
341	929
342	343
342	352
342	353
342	364
342	368
342	379
342	396
342	571
342	662
342	695
342	736
342	891
342	915
343	347
343	367
343	370
343	372
343	373
343	395
343	463
343	542
343	757
343	781
343	871
343	900
344	356
344	358
344	362
344	384
344	388
344	389
344	539
344	616
344	812
344	813
344	839
344	841
344	942
345	350
345	358
345	365
345	410
345	473
345	519
345	679
345	681
345	687
345	689
345	699
345	762
345	778
345	913
346	370
346	379
346	647
346	667
346	805
346	822
346	844
347	352
347	353
347	360
347	398
347	506
347	750
347	793
348	349
348	380
348	381
348	389
348	398
348	399
348	405
348	414
348	455
348	537
348	563
348	642
348	660
348	758
348	899
348	938
348	951
349	366
349	374
349	377
349	474
349	484
349	493
349	499
349	620
349	674
349	718
349	753
349	791
349	827
349	847
349	853
350	351
350	381
350	776
350	894
350	902
351	351
351	359
351	368
351	371
351	383
351	397
351	428
351	508
351	703
351	785
351	817
351	865
351	982
352	360
352	366
352	395
352	397
352	936
352	989
353	353
353	383
353	397
353	457
353	557
353	703
353	777
353	849
353	939
354	367
354	373
354	393
354	467
354	580
354	763
354	768
354	885
354	998
355	386
355	390
355	391
355	650
355	667
355	763
355	795
355	871
356	357
356	366
356	368
356	380
356	387
356	419
356	434
356	442
356	670
356	729
356	841
357	360
357	364
357	372
357	379
357	385
357	386
357	389
357	397
357	430
357	692
357	960
358	370
358	384
358	385
358	393
358	488
358	533
358	535
358	757
358	832
358	844
358	913
359	369
359	375
359	396
359	416
359	418
359	850
359	864
359	875
359	909
360	378
360	381
360	389
360	464
360	478
360	607
360	657
360	741
360	852
360	875
360	901
360	905
360	949
360	966
361	363
361	370
361	383
361	399
361	511
361	580
361	679
361	747
361	848
361	914
362	386
362	394
362	434
362	461
362	490
362	543
362	569
362	584
362	642
362	655
362	744
362	818
362	908
363	378
363	382
363	396
363	444
363	460
363	566
363	587
363	651
363	693
363	729
363	751
363	752
363	809
363	863
364	370
364	377
364	406
364	431
364	458
364	471
364	545
364	675
364	712
364	858
364	872
364	991
365	366
365	375
365	384
365	387
365	392
365	397
365	630
365	743
365	755
365	820
365	829
365	949
365	961
366	371
366	372
366	378
366	399
366	554
366	560
366	565
366	582
366	659
366	809
366	865
367	374
367	376
367	468
367	557
367	586
367	590
367	642
367	719
367	775
367	816
367	925
367	939
368	379
368	382
368	387
368	389
368	415
368	496
368	784
368	847
369	396
369	494
369	581
369	625
369	688
369	759
369	875
369	884
369	924
369	988
369	994
370	373
370	397
370	458
370	541
370	546
370	818
370	857
370	866
370	982
371	373
371	378
371	520
371	719
371	792
371	893
371	917
371	975
372	451
372	459
372	648
372	725
372	734
372	877
372	905
372	911
372	955
373	382
373	383
373	391
373	484
373	490
373	495
373	517
373	523
373	600
373	627
373	770
373	776
373	941
373	981
374	374
374	378
374	391
374	473
374	740
374	753
374	765
374	801
374	947
374	968
375	384
375	397
375	418
375	545
375	571
375	845
376	377
376	379
376	388
376	399
376	471
376	607
376	671
376	711
376	846
376	939
376	986
377	381
377	384
377	386
377	389
377	415
377	449
377	489
377	546
377	658
377	700
377	729
378	387
378	398
378	593
378	609
378	641
378	702
378	744
378	839
378	841
379	451
379	681
379	753
379	775
379	960
380	384
380	390
380	397
380	399
380	559
380	648
380	776
380	806
380	866
380	898
380	978
381	397
381	462
381	532
381	560
381	624
381	842
381	954
382	389
382	516
382	659
382	725
382	736
382	843
382	849
383	385
383	390
383	393
383	516
383	577
383	705
383	824
383	862
384	389
384	415
384	618
384	619
384	708
384	902
384	992
385	405
385	460
385	480
385	511
385	546
385	564
385	571
385	594
385	669
385	677
385	877
386	540
386	557
386	567
386	597
386	631
386	794
386	934
387	478
387	547
387	598
387	642
387	666
387	831
387	947
387	966
388	395
388	400
388	419
388	481
388	704
388	782
388	813
388	945
389	394
389	398
389	421
389	541
389	823
389	949
389	953
390	400
390	463
390	546
390	560
390	572
390	611
390	813
390	890
390	926
391	391
391	396
391	549
391	581
391	617
391	664
391	711
391	804
391	847
391	930
391	998
392	395
392	514
392	691
392	705
392	747
392	895
392	966
393	395
393	396
393	427
393	620
393	652
393	656
393	670
393	744
393	832
393	877
393	923
393	971
393	987
393	994
394	485
394	684
394	767
395	439
395	495
395	529
395	532
395	573
395	587
395	701
395	757
395	772
395	793
395	841
395	982
395	988
396	398
396	422
396	457
396	497
396	571
396	578
396	603
396	926
397	596
397	679
397	780
397	916
397	981
397	995
398	404
398	428
398	513
398	574
398	626
398	655
398	701
398	791
398	792
398	867
398	880
398	915
398	924
398	925
398	927
399	441
399	475
399	503
399	583
399	626
399	820
399	918
399	953
400	408
400	413
400	422
400	424
400	450
400	461
400	471
400	472
400	474
400	478
400	483
400	504
400	515
400	558
400	650
400	740
401	412
401	414
401	444
401	445
401	452
401	464
401	471
401	484
401	489
401	492
401	608
401	844
401	898
402	410
402	432
402	434
402	440
402	448
402	454
402	458
402	462
402	493
402	533
402	647
402	682
402	776
402	971
403	405
403	408
403	443
403	444
403	460
403	477
403	491
403	501
403	513
403	550
403	621
403	644
403	680
404	411
404	418
404	420
404	455
404	477
404	484
404	495
404	584
404	630
404	714
404	893
404	923
404	957
404	991
404	998
405	423
405	427
405	445
405	450
405	469
405	482
405	766
405	776
405	994
406	425
406	432
406	434
406	438
406	456
406	464
406	470
406	473
406	477
406	547
406	844
407	425
407	433
407	448
407	450
407	452
407	456
407	462
407	472
407	491
407	498
407	543
407	557
407	591
407	606
407	664
407	728
407	824
407	868
407	920
408	409
408	411
408	412
408	420
408	422
408	445
408	448
408	456
408	459
408	474
408	479
408	764
408	779
409	409
409	417
409	423
409	438
409	486
409	493
409	494
409	562
409	731
409	913
409	958
409	960
410	412
410	431
410	434
410	437
410	446
410	475
410	483
410	491
410	508
410	561
410	788
410	896
411	420
411	428
411	450
411	466
411	469
411	476
411	489
411	490
411	499
411	786
411	829
411	855
411	924
411	960
412	414
412	427
412	432
412	449
412	462
412	606
412	659
412	665
412	826
412	953
413	417
413	419
413	426
413	445
413	455
413	456
413	457
413	497
413	537
413	609
413	623
413	629
413	733
413	781
413	784
413	821
413	867
413	916
413	989
414	416
414	425
414	431
414	454
414	455
414	472
414	828
414	836
414	991
415	430
415	436
415	438
415	440
415	448
415	463
415	471
415	491
415	496
415	525
415	596
415	610
415	763
415	806
415	900
416	456
416	468
416	471
416	492
416	519
416	584
416	739
416	772
416	827
416	963
416	970
417	421
417	441
417	452
417	463
417	466
417	468
417	469
417	471
417	472
417	654
417	680
417	732
417	863
418	425
418	446
418	449
418	457
418	490
418	495
418	548
418	552
418	555
418	574
418	658
418	910
418	945
419	425
419	429
419	435
419	439
419	444
419	445
419	451
419	453
419	459
419	464
419	473
419	493
419	512
419	586
419	668
419	682
419	788
419	801
419	994
419	996
420	426
420	440
420	445
420	448
420	475
420	477
420	486
420	543
420	635
421	438
421	441
421	444
421	449
421	478
421	497
421	498
421	541
421	581
421	623
421	847
421	917
421	941
421	987
422	424
422	453
422	457
422	494
422	498
422	528
422	864
422	876
422	877
422	976
423	444
423	532
423	560
423	583
423	606
423	809
423	883
423	903
423	981
424	437
424	439
424	440
424	441
424	475
424	483
424	490
424	491
424	607
424	611
424	664
424	701
424	712
424	814
424	825
424	885
425	449
425	451
425	465
425	466
425	484
425	489
425	493
425	495
425	504
425	524
425	588
425	728
425	813
425	853
425	884
425	901
426	434
426	438
426	440
426	457
426	460
426	477
426	490
426	515
426	538
426	583
426	596
426	649
426	676
426	697
426	772
426	991
427	431
427	436
427	447
427	448
427	464
427	472
427	485
427	491
427	578
427	955
428	450
428	451
428	459
428	463
428	470
428	475
428	484
428	486
428	492
428	500
428	526
428	733
428	814
428	950
429	435
429	444
429	461
429	480
429	483
429	520
429	555
429	680
429	688
429	856
430	430
430	433
430	464
430	489
430	496
430	510
430	562
430	578
430	646
431	444
431	458
431	459
431	465
431	483
431	493
431	552
431	685
431	803
431	824
431	889
431	990
432	441
432	458
432	484
432	501
432	559
432	617
432	726
432	749
432	758
432	919
433	436
433	441
433	469
433	479
433	481
433	535
433	622
433	626
433	643
433	730
433	747
433	769
433	787
433	877
434	437
434	458
434	467
434	491
434	495
434	635
434	700
435	447
435	452
435	454
435	457
435	465
435	474
435	498
435	653
435	814
435	822
435	870
435	977
436	473
436	488
436	493
436	496
436	551
436	605
436	652
436	759
436	765
436	774
436	815
436	833
437	450
437	460
437	465
437	469
437	482
437	486
437	492
437	497
437	606
437	633
437	635
437	719
437	745
437	758
437	937
437	983
437	987
438	471
438	473
438	499
438	850
439	446
439	450
439	480
439	582
439	725
439	773
439	811
439	922
439	984
440	444
440	454
440	476
440	482
440	497
440	520
440	536
440	540
440	612
440	887
441	441
441	449
441	451
441	457
441	460
441	471
441	495
441	611
441	639
441	652
441	892
441	982
442	447
442	457
442	464
442	470
442	474
442	480
442	491
442	497
442	686
442	693
442	780
442	843
442	856
442	909
442	921
443	460
443	461
443	468
443	498
443	728
443	867
443	988
444	468
444	477
444	482
444	486
444	496
444	499
444	578
444	708
444	747
445	453
445	454
445	471
445	476
445	478
445	482
445	494
445	588
445	629
445	646
445	787
445	928
445	970
446	448
446	461
446	487
446	540
446	551
446	555
446	604
446	679
446	684
446	793
446	819
446	827
446	866
446	911
447	470
447	474
447	476
447	479
447	490
447	497
447	552
447	580
447	640
447	659
447	666
447	830
447	933
447	975
448	453
448	455
448	456
448	459
448	465
448	479
448	485
448	489
448	650
448	655
448	833
448	961
449	464
449	480
449	493
449	494
449	729
449	823
449	876
449	918
449	979
450	478
450	486
450	738
450	912
451	457
451	472
451	473
451	477
451	478
451	495
451	501
451	572
451	687
451	714
451	733
451	763
451	829
452	470
452	493
452	558
452	586
452	659
452	662
452	768
452	787
452	798
452	862
452	882
452	899
453	458
453	477
453	487
453	488
453	563
453	576
453	592
453	750
453	752
454	459
454	467
454	491
454	498
454	535
454	582
454	599
454	640
454	654
454	719
454	731
455	466
455	474
455	497
455	508
455	519
455	551
455	693
455	837
455	856
455	895
455	909
455	967
456	459
456	464
456	486
456	487
456	490
456	493
456	550
456	564
456	615
456	638
456	654
456	866
457	463
457	470
457	472
457	488
457	577
457	586
457	677
457	803
457	946
457	979
458	482
458	485
458	489
458	492
458	773
458	780
458	900
458	910
459	475
459	486
459	498
459	549
459	560
459	645
459	756
459	811
459	818
459	940
459	956
460	480
460	486
460	488
460	490
460	496
460	498
460	536
460	801
460	830
460	886
460	900
461	463
461	493
461	513
461	650
461	716
461	767
461	826
461	841
461	881
461	929
461	939
462	463
462	497
462	549
462	885
462	922
462	923
462	971
462	988
463	495
463	496
463	557
463	682
463	803
463	805
463	862
463	927
464	482
464	483
464	489
464	537
464	572
464	633
464	676
464	740
464	744
464	765
464	854
464	931
464	984
464	993
465	466
465	478
465	705
465	713
465	742
465	755
465	756
465	854
465	906
466	490
466	498
466	654
466	716
466	797
467	467
467	485
467	512
467	513
467	610
467	626
467	750
467	790
467	833
467	960
468	479
468	482
468	486
468	495
468	498
468	747
468	801
468	915
468	998
469	476
469	480
469	481
469	498
469	505
469	553
469	573
469	598
469	613
469	625
469	716
469	774
469	872
469	986
470	486
470	583
470	605
470	763
470	776
470	874
470	946
470	956
470	997
471	481
471	486
471	490
471	539
471	626
471	648
471	659
471	922
471	923
471	939
472	505
472	610
472	734
472	745
472	758
472	774
472	782
472	812
472	839
473	476
473	478
473	491
473	492
473	582
473	597
473	908
473	912
473	963
474	477
474	492
474	497
474	501
474	527
474	574
474	678
474	698
474	729
474	744
474	900
475	478
475	490
475	503
475	509
475	566
475	569
475	671
475	782
475	785
475	808
475	898
475	908
476	494
476	547
476	719
476	790
476	965
477	488
477	493
477	497
477	616
477	900
477	954
478	491
478	552
478	616
478	621
478	713
478	716
478	780
478	866
478	927
479	496
479	515
479	608
479	660
479	719
479	746
479	780
479	846
479	853
479	956
479	964
480	494
480	528
480	651
480	656
480	678
480	743
480	750
480	764
480	834
480	852
481	484
481	491
481	581
481	799
481	914
482	484
482	542
482	687
482	752
482	784
482	812
482	924
483	484
483	514
484	492
484	560
484	577
484	732
484	746
484	814
484	906
484	963
485	496
485	530
485	643
485	702
485	738
485	768
485	811
485	813
485	897
485	988
486	490
486	494
486	619
486	645
486	717
486	823
486	830
486	855
486	923
486	995
486	999
487	496
487	534
487	689
487	697
487	760
487	864
487	893
487	967
487	987
488	663
488	690
488	957
489	495
489	576
489	778
489	926
490	595
490	632
490	642
490	657
490	844
490	858
490	878
490	885
490	959
490	990
491	497
491	547
491	759
491	800
491	808
491	863
491	915
491	917
491	991
492	533
492	539
492	637
492	692
492	900
492	919
492	973
493	513
493	839
494	641
494	681
494	705
494	723
494	821
494	874
494	876
494	897
494	957
494	980
495	531
495	581
495	644
495	657
495	701
495	740
495	854
495	859
496	496
496	531
496	540
496	590
496	592
496	682
496	685
496	732
496	737
496	777
496	894
497	626
497	688
497	702
497	774
497	902
497	993
498	628
498	723
498	847
499	589
499	672
499	996
500	500
500	504
500	508
500	520
500	534
500	549
500	581
500	582
500	586
500	593
500	595
500	596
500	629
500	631
500	743
500	756
500	767
500	809
500	860
500	949
500	967
500	986
501	516
501	545
501	559
501	560
501	565
501	580
501	593
501	594
501	672
501	677
501	728
501	811
501	870
501	934
502	514
502	517
502	518
502	533
502	546
502	611
502	698
502	895
502	924
502	925
502	935
503	506
503	519
503	527
503	543
503	544
503	552
503	556
503	579
503	639
503	970
504	509
504	515
504	520
504	526
504	538
504	543
504	559
504	565
504	566
504	574
504	575
504	588
504	589
504	631
504	736
504	749
504	775
504	828
504	989
505	506
505	507
505	513
505	514
505	518
505	551
505	577
505	579
505	594
505	672
505	712
505	735
505	844
505	847
505	856
505	917
506	508
506	509
506	536
506	540
506	543
506	554
506	580
506	726
506	756
506	932
507	517
507	521
507	535
507	538
507	541
507	562
507	604
507	631
507	686
507	789
507	791
507	838
507	907
508	510
508	525
508	535
508	564
508	574
508	588
508	755
508	866
508	889
509	512
509	551
509	560
509	672
509	676
509	806
509	938
510	520
510	524
510	525
510	538
510	547
510	728
510	870
510	876
510	909
510	972
511	538
511	550
511	576
511	582
511	583
511	751
511	768
511	798
512	528
512	543
512	552
512	557
512	591
512	595
512	599
512	610
512	701
512	827
512	866
513	516
513	522
513	535
513	540
513	542
513	545
513	548
513	551
513	584
513	588
513	596
513	736
514	523
514	550
514	553
514	554
514	556
514	557
514	569
514	581
514	588
514	654
514	682
514	750
514	805
514	979
514	990
514	993
515	525
515	531
515	550
515	556
515	564
515	587
515	632
515	699
515	704
515	873
515	989
516	534
516	535
516	548
516	552
516	556
516	571
516	578
516	581
516	584
516	591
516	861
516	879
516	968
517	530
517	544
517	585
517	587
517	635
517	674
517	773
517	828
517	855
518	550
518	553
518	557
518	572
518	590
518	592
518	596
518	661
518	728
519	531
519	532
519	533
519	540
519	558
519	561
519	563
519	685
519	803
519	890
519	895
520	527
520	570
520	582
520	765
520	830
520	955
521	525
521	527
521	549
521	550
521	557
521	559
521	572
521	575
521	590
521	595
521	598
521	599
521	718
521	826
521	833
521	860
522	527
522	551
522	552
522	567
522	569
522	574
522	611
522	791
523	548
523	563
523	571
523	575
523	577
523	578
523	593
523	656
523	678
523	824
523	853
524	546
524	554
524	556
524	565
524	662
524	823
524	839
524	988
525	528
525	540
525	562
525	563
525	567
525	576
525	578
525	595
525	615
525	785
525	840
525	888
525	954
526	527
526	530
526	535
526	539
526	547
526	548
526	565
526	566
526	575
526	583
526	598
526	623
526	689
526	736
526	865
527	562
527	571
527	579
527	597
527	599
527	664
527	675
527	678
527	688
527	724
527	951
527	987
528	543
528	544
528	558
528	566
528	588
528	645
528	763
529	542
529	543
529	562
529	566
529	568
529	569
529	576
529	581
529	594
529	755
529	756
529	886
529	910
530	531
530	540
530	545
530	556
530	559
530	566
530	570
530	667
530	676
530	706
530	848
530	850
530	872
530	902
530	941
531	533
531	540
531	548
531	561
531	578
531	591
531	678
531	700
531	731
531	838
531	844
531	922
531	996
532	552
532	576
532	585
532	591
532	593
532	595
532	661
532	713
532	756
532	759
533	537
533	541
533	542
533	562
533	567
533	568
533	571
533	580
533	583
533	587
533	591
533	711
533	717
533	725
533	765
533	818
533	932
533	954
534	548
534	565
534	567
534	570
534	577
534	579
534	591
534	643
534	747
534	765
534	773
534	775
534	787
534	814
534	850
534	970
535	566
535	567
535	573
535	582
535	587
535	594
535	595
535	686
535	916
536	537
536	541
536	545
536	546
536	549
536	592
536	593
536	694
536	737
536	741
536	805
536	833
537	554
537	564
537	587
537	614
537	618
537	687
537	807
537	811
537	884
538	545
538	571
538	574
538	657
538	664
538	804
538	980
539	571
539	576
539	591
539	593
539	595
539	673
539	699
539	744
539	752
539	804
539	855
540	562
540	572
540	580
540	587
540	598
540	645
540	648
540	652
540	866
540	942
540	959
541	545
541	556
541	564
541	602
541	611
541	618
541	735
541	855
541	946
542	548
542	574
542	581
542	607
542	729
542	745
543	547
543	556
543	565
543	568
543	588
543	592
543	744
544	546
544	569
544	581
544	592
544	598
544	731
544	758
544	833
544	839
544	902
544	977
544	979
545	556
545	563
545	569
545	575
545	581
545	604
545	721
545	773
545	775
545	820
545	887
545	920
546	552
546	568
546	569
546	580
546	581
546	594
546	660
546	787
546	885
546	935
546	963
547	548
547	554
547	557
547	569
547	574
547	578
547	587
547	592
547	595
547	598
547	626
547	641
547	643
547	701
547	758
547	850
547	863
548	583
548	614
548	687
548	814
548	817
548	821
548	853
549	565
549	594
549	789
549	816
549	843
549	946
549	957
550	553
550	557
550	560
550	571
550	576
550	587
550	590
550	605
550	674
550	776
550	954
550	977
551	573
551	578
551	592
551	708
551	797
551	818
551	934
552	559
552	585
552	599
552	726
552	774
552	823
552	868
552	951
553	556
553	567
553	574
553	583
553	595
553	703
553	718
553	746
553	754
553	755
553	906
553	922
553	938
553	981
553	990
554	559
554	577
554	629
554	807
554	893
555	556
555	573
555	574
555	590
555	597
555	819
555	832
555	979
555	986
556	564
556	579
556	588
556	595
556	599
556	626
556	670
556	677
556	767
556	843
556	909
556	946
556	985
557	564
557	577
557	580
557	591
557	602
557	724
557	737
557	780
558	559
558	585
558	588
558	590
558	680
558	807
559	571
559	718
559	790
559	967
559	977
560	561
560	579
560	674
561	566
561	583
561	598
561	599
561	669
561	747
561	820
561	944
561	948
562	566
562	567
562	590
562	765
562	805
562	828
562	995
562	996
563	571
563	575
563	583
563	585
563	592
563	594
563	723
564	564
564	565
564	579
564	603
564	630
564	654
564	680
564	688
564	699
564	850
564	991
565	580
565	589
565	597
565	636
565	744
565	783
565	826
565	987
566	569
566	733
566	881
566	944
567	580
567	592
567	739
567	986
567	999
568	593
568	777
568	861
568	901
568	936
569	574
569	576
569	577
569	661
569	853
569	919
570	570
570	575
570	578
570	594
570	597
570	599
570	686
570	897
570	931
570	957
571	582
571	596
571	598
571	678
571	696
571	711
571	815
571	912
572	594
572	597
572	662
572	728
572	837
572	840
572	956
572	989
573	578
573	592
573	650
573	694
573	753
573	856
573	936
573	969
574	580
574	583
574	584
574	585
574	816
574	826
574	940
574	951
575	589
575	592
575	594
575	813
575	863
575	980
576	580
576	589
576	591
576	637
576	850
576	906
576	915
576	924
576	937
577	582
577	594
577	597
577	722
577	747
577	943
578	587
578	757
579	581
579	587
579	845
579	846
579	944
579	969
579	982
580	589
580	623
580	625
580	702
580	730
580	885
581	585
581	587
581	592
581	721
581	777
582	583
582	587
582	757
582	779
582	844
582	958
583	615
583	631
583	642
583	674
583	702
583	752
583	830
583	944
584	648
584	671
584	685
584	813
584	925
584	967
584	981
585	585
585	588
585	610
585	723
585	856
585	875
585	983
586	597
586	648
586	699
586	805
587	595
587	647
587	691
587	703
587	725
587	831
587	861
587	870
587	918
588	596
588	828
589	652
589	706
589	713
589	888
589	925
590	695
590	961
591	647
591	661
591	772
591	869
592	593
592	750
592	879
592	955
593	773
593	798
593	846
593	857
593	999
594	759
594	856
594	870
594	934
595	598
595	728
596	640
596	700
596	776
596	800
596	829
596	830
596	831
596	928
597	648
597	687
597	749
597	987
597	997
598	642
598	741
598	778
599	609
599	615
599	697
599	921
599	935
600	605
600	615
600	621
600	631
600	638
600	642
600	648
600	665
600	669
600	670
600	684
600	698
600	883
600	892
601	610
601	619
601	622
601	663
601	674
601	680
601	681
601	784
601	804
601	935
602	606
602	608
602	624
602	634
602	659
602	677
602	685
602	702
602	759
602	761
602	966
603	603
603	615
603	617
603	639
603	649
603	673
603	690
603	706
603	727
604	621
604	630
604	633
604	654
604	659
604	661
604	684
604	691
604	694
604	696
604	698
604	732
604	770
604	855
604	891
604	959
604	984
605	613
605	636
605	649
605	652
605	656
605	658
605	661
605	664
605	684
605	693
605	756
605	862
605	918
605	959
606	630
606	635
606	653
606	661
606	670
606	676
606	691
606	914
607	610
607	613
607	616
607	627
607	643
607	648
607	672
607	684
607	687
607	918
607	991
608	609
608	613
608	614
608	618
608	631
608	633
608	641
608	650
608	653
608	658
608	663
608	684
608	689
608	881
608	896
609	610
609	631
609	642
609	665
609	672
609	685
609	686
609	694
609	699
609	760
609	888
610	616
610	622
610	631
610	644
610	678
610	680
610	687
610	690
610	794
610	913
610	959
610	979
611	611
611	619
611	624
611	668
611	671
611	677
611	684
611	693
611	787
611	876
611	933
611	945
611	990
612	621
612	623
612	630
612	646
612	664
612	691
612	699
612	726
612	750
612	770
612	914
612	921
612	958
612	995
613	633
613	642
613	645
613	664
613	676
613	679
613	685
613	689
613	694
614	634
614	647
614	654
614	662
614	692
614	847
614	924
614	932
614	990
615	642
615	648
615	652
615	663
615	667
615	692
615	850
616	621
616	636
616	651
616	661
616	684
616	693
616	736
616	760
616	833
616	903
616	938
616	979
617	620
617	636
617	642
617	646
617	650
617	655
617	683
617	699
617	751
617	756
617	811
617	878
617	911
618	625
618	647
618	664
618	683
618	740
618	971
619	624
619	626
619	628
619	631
619	644
619	653
619	655
619	671
619	672
619	677
619	683
619	684
619	695
619	696
619	856
620	631
620	635
620	649
620	672
620	971
620	977
621	698
621	707
621	884
621	895
621	960
621	977
621	978
622	625
622	628
622	636
622	644
622	648
622	666
622	752
622	909
622	994
623	624
623	640
623	645
623	663
623	687
623	699
623	717
623	808
623	930
623	973
623	980
624	633
624	641
624	654
624	655
624	656
624	662
624	682
624	684
624	686
624	688
624	708
624	878
624	959
625	633
625	637
625	648
625	652
625	654
625	656
625	663
625	671
625	697
625	974
626	641
626	676
626	692
626	731
626	849
626	951
626	969
627	648
627	653
627	662
627	675
627	731
627	916
628	672
628	860
629	631
629	633
629	636
629	661
629	677
629	682
629	698
629	730
629	827
629	906
629	910
629	932
629	945
629	960
630	633
630	639
630	653
630	662
630	683
630	684
630	689
630	982
631	643
631	682
631	686
631	803
631	853
632	652
632	685
632	692
632	698
632	786
632	882
633	650
633	672
633	685
633	686
633	692
633	709
633	731
633	735
633	857
633	957
634	636
634	645
634	652
634	655
634	657
634	677
634	680
634	683
634	685
634	693
634	712
634	755
634	785
635	639
635	643
635	658
635	663
635	666
635	677
635	702
636	661
636	673
636	680
636	685
636	691
636	696
636	699
636	753
636	910
636	925
636	987
637	640
637	646
637	676
637	685
637	696
637	698
637	799
637	830
637	894
637	898
638	641
638	642
638	650
638	663
638	665
638	666
638	753
638	860
638	884
638	939
638	970
639	653
639	664
639	670
639	688
639	697
639	770
639	831
640	643
640	646
640	647
640	653
640	660
640	663
640	687
640	695
640	801
640	835
641	652
641	665
641	669
641	679
641	686
641	689
641	697
642	654
642	664
642	672
642	798
643	647
643	664
643	666
643	668
643	688
643	731
643	886
643	903
644	652
644	658
644	681
644	686
644	709
644	733
644	744
644	865
644	885
645	646
645	682
645	687
645	691
645	697
645	730
645	832
645	852
645	871
646	666
646	671
646	676
646	691
646	699
646	748
646	944
647	651
647	669
647	681
647	683
647	920
647	957
648	657
648	660
648	665
648	679
648	684
648	685
648	686
648	689
648	728
648	817
648	892
648	920
648	955
649	665
649	670
649	687
649	696
649	703
649	787
650	656
650	662
650	679
650	948
651	661
651	670
651	677
651	693
651	753
651	826
651	985
652	653
652	675
652	695
652	724
652	812
652	813
652	960
652	964
653	660
653	664
653	688
653	692
653	730
653	740
653	764
653	831
653	866
654	671
654	693
654	740
654	762
654	838
654	839
654	888
654	938
654	992
655	655
655	656
655	678
655	691
655	972
656	658
656	660
656	671
656	673
656	680
656	693
656	699
656	750
656	773
656	838
656	853
657	661
657	666
657	688
657	698
657	832
657	876
657	907
657	949
658	660
658	664
658	760
658	776
658	800
658	868
658	917
659	664
659	690
659	694
659	822
659	952
660	675
660	677
660	800
660	805
660	912
660	973
661	662
661	665
661	667
661	672
661	687
661	696
661	784
661	851
662	666
662	669
662	682
662	771
662	986
663	709
663	754
663	759
663	823
663	977
664	665
664	671
664	696
664	765
664	789
664	847
664	912
664	916
664	953
664	998
665	666
665	825
665	990
666	673
666	690
666	710
666	763
666	766
666	861
666	991
667	683
667	779
667	862
667	902
667	963
668	674
668	692
668	694
668	798
668	834
668	935
669	672
669	682
669	696
669	807
669	867
669	972
669	999
670	683
670	699
670	713
670	839
670	957
671	797
671	804
671	821
671	892
672	689
672	695
672	696
672	705
672	805
672	864
672	985
673	676
673	677
673	788
673	800
673	835
674	688
674	813
674	838
674	893
674	947
675	678
675	693
675	695
675	717
675	854
675	889
675	924
675	987
677	691
677	727
677	812
677	820
677	831
677	933
677	976
677	988
678	679
678	774
678	878
678	933
679	680
679	690
679	699
679	788
679	905
679	941
679	949
680	769
680	772
680	797
680	832
680	855
680	867
680	941
681	699
681	722
681	744
681	922
681	941
681	948
682	782
682	808
682	855
682	862
682	897
682	927
682	944
683	684
683	795
683	799
683	817
683	959
683	999
684	696
684	760
685	692
685	696
685	699
685	707
685	709
685	790
686	900
686	985
687	750
687	759
687	863
687	893
687	985
688	708
688	751
688	833
688	877
688	957
689	696
689	697
689	780
689	825
689	875
689	905
689	996
690	718
690	757
690	860
690	907
690	991
691	692
691	797
691	941
692	728
692	761
692	826
692	929
692	938
692	985
692	986
693	776
693	931
693	980
694	767
694	898
694	969
695	732
695	733
695	754
695	768
695	844
695	892
695	917
696	733
696	799
697	792
697	815
697	934
697	971
698	803
698	975
699	859
699	983
700	712
700	714
700	728
700	735
700	743
700	770
700	771
700	773
700	775
700	791
700	792
700	799
700	818
700	836
700	893
700	967
701	704
701	712
701	719
701	727
701	732
701	737
701	742
701	767
701	783
701	791
701	792
701	794
701	857
701	861
701	865
701	964
702	707
702	711
702	722
702	731
702	732
702	736
702	750
702	752
702	823
702	869
702	875
702	986
703	732
703	752
703	772
703	777
703	779
703	780
703	786
703	792
703	795
703	801
703	878
703	894
704	743
704	759
704	780
704	790
704	819
704	850
704	913
704	956
705	708
705	709
705	725
705	726
705	729
705	753
705	763
705	776
705	781
705	873
706	713
706	724
706	740
706	746
706	755
706	762
706	764
706	767
706	770
706	900
707	718
707	721
707	730
707	731
707	746
707	759
707	763
707	767
707	774
707	776
707	785
707	790
707	791
707	795
708	708
708	726
708	747
708	750
708	756
708	766
708	784
708	787
708	790
708	887
708	987
709	717
709	719
709	720
709	721
709	722
709	725
709	751
709	753
709	759
709	791
709	863
709	952
709	985
710	712
710	728
710	733
710	735
710	741
710	743
710	764
710	766
710	780
710	783
710	796
710	892
710	897
710	914
710	942
711	713
711	758
711	760
711	784
711	796
711	855
711	960
712	714
712	719
712	724
712	725
712	745
712	761
712	764
712	773
712	775
712	779
712	787
712	790
712	792
712	816
712	888
712	894
712	897
712	908
712	940
712	976
713	715
713	734
713	755
713	757
713	765
713	766
713	784
713	785
713	950
713	976
714	721
714	725
714	731
714	747
714	781
714	783
714	789
715	729
715	735
715	739
715	762
715	763
715	769
715	773
715	776
715	936
715	942
716	719
716	720
716	724
716	728
716	749
716	750
716	777
716	851
716	995
717	720
717	723
717	746
717	752
717	769
717	780
717	788
717	965
718	728
718	739
718	758
718	779
718	888
718	916
718	935
719	722
719	742
719	752
719	756
719	757
719	808
719	927
720	750
720	752
720	760
720	761
720	789
720	796
720	808
720	809
720	865
720	979
720	987
721	727
721	729
721	735
721	740
721	823
721	894
721	958
722	723
722	731
722	747
722	752
722	756
722	877
722	943
722	950
723	730
723	747
723	759
723	776
723	948
724	733
724	752
724	767
724	782
724	799
724	820
724	932
724	946
724	957
724	961
725	732
725	742
725	743
725	744
725	758
725	759
725	762
725	849
725	861
725	902
725	965
726	729
726	741
726	747
726	752
726	760
726	762
726	781
726	783
726	798
726	856
726	924
726	999
727	751
727	754
727	755
727	775
727	787
727	793
727	883
727	917
727	935
728	748
728	756
728	758
728	980
729	729
729	739
729	746
729	773
729	778
729	786
729	829
730	732
730	741
730	758
730	775
730	783
730	786
730	791
730	885
730	897
730	992
731	733
731	739
731	742
731	753
731	760
731	763
731	769
731	771
731	794
731	958
732	746
732	753
732	759
732	763
732	764
732	773
732	775
732	777
732	813
732	899
732	928
733	740
733	741
733	743
733	763
733	774
733	780
733	787
733	795
733	798
733	817
733	822
733	856
733	945
734	734
734	735
734	737
734	744
734	758
734	761
734	767
734	780
734	912
735	741
735	755
735	763
735	766
735	789
736	747
736	749
736	764
736	777
736	780
736	781
736	790
736	854
736	880
737	739
737	743
737	745
737	756
737	759
737	771
737	799
737	808
737	946
738	754
738	757
738	762
738	800
738	932
739	742
739	745
739	746
739	760
739	765
739	780
739	783
739	804
739	879
739	911
739	930
740	751
740	755
740	757
740	772
740	774
740	776
740	785
740	794
740	798
740	877
740	890
740	891
740	895
740	915
740	917
740	992
741	746
741	756
741	761
741	769
741	787
741	800
741	820
741	826
742	743
742	746
742	761
742	774
742	778
742	789
742	803
742	978
742	981
743	779
743	784
743	786
743	795
743	796
743	955
744	746
744	768
744	792
744	905
744	978
745	747
745	763
745	781
745	784
745	797
745	858
746	746
746	748
746	763
746	769
746	790
746	870
746	871
746	971
747	766
747	864
747	916
747	921
748	754
748	767
748	773
748	790
748	836
748	895
749	750
749	756
749	766
749	781
749	785
749	796
749	799
749	847
749	869
749	870
749	936
750	754
750	757
750	759
750	772
750	778
750	781
750	785
750	792
750	794
750	798
750	804
750	909
750	946
751	759
751	775
751	781
751	790
751	930
752	756
752	760
752	773
752	797
753	793
753	885
753	950
754	758
754	788
754	795
754	797
754	850
754	899
754	972
755	756
755	758
755	775
755	784
755	790
755	854
756	759
756	768
756	779
756	783
756	786
756	908
756	931
756	968
757	763
757	766
757	793
757	798
757	900
757	944
757	980
758	762
758	777
758	778
758	797
758	847
758	850
758	901
758	966
758	972
759	762
759	772
759	784
759	785
759	849
760	766
760	798
760	815
760	863
761	769
761	778
761	784
761	864
761	956
761	972
762	767
762	768
762	786
762	799
762	858
762	878
763	767
763	768
763	788
763	848
763	936
764	764
764	787
764	846
764	876
764	887
765	847
765	901
765	905
765	926
766	820
766	921
767	770
767	772
767	791
767	867
767	921
767	939
767	947
767	998
768	783
768	789
768	792
768	795
768	834
768	912
769	780
769	907
769	919
770	788
770	798
770	799
770	823
770	863
771	776
771	788
771	799
771	865
772	773
772	783
772	791
772	793
772	799
772	910
772	914
772	933
773	780
773	782
773	793
773	802
773	971
774	780
774	794
774	898
775	778
775	782
775	783
776	794
776	822
776	829
776	855
777	950
777	983
778	789
778	793
778	806
778	981
779	847
779	879
780	786
780	797
780	809
780	901
780	942
781	783
781	796
781	859
781	887
781	931
782	788
782	792
782	799
782	806
782	849
782	907
783	794
783	797
783	864
784	798
784	839
787	798
787	838
788	834
788	931
788	983
789	792
789	868
789	953
790	790
790	905
790	909
791	797
791	805
791	946
792	802
792	814
792	951
793	849
794	795
794	799
794	904
794	927
794	962
796	797
796	867
796	869
797	962
797	963
798	990
798	997
799	897
799	957
800	813
800	817
800	820
800	822
800	825
800	863
800	887
800	894
800	999
801	802
801	822
801	826
801	844
801	850
801	860
801	874
801	883
801	888
801	889
801	985
802	804
802	809
802	828
802	836
802	845
802	866
802	874
802	896
802	928
802	981
803	804
803	806
803	829
803	849
803	861
803	868
803	874
803	880
803	894
803	904
803	980
804	809
804	834
804	879
804	885
804	891
804	939
804	987
805	809
805	813
805	843
805	862
805	868
805	877
805	888
805	890
805	896
806	807
806	813
806	827
806	830
806	831
806	841
806	868
806	874
806	880
806	904
806	910
806	921
807	815
807	827
807	833
807	869
807	889
807	898
807	976
808	809
808	850
808	890
808	894
809	854
809	876
809	882
809	897
809	937
810	816
810	820
810	835
810	854
810	863
810	899
811	822
811	831
811	838
811	852
811	862
811	864
811	876
811	891
811	893
811	897
811	901
811	927
812	818
812	825
812	828
812	834
812	850
812	867
812	880
812	883
812	892
812	893
812	898
812	899
812	900
812	945
813	834
813	837
813	848
813	857
813	859
813	870
813	871
813	888
813	889
813	892
813	895
813	898
813	949
814	820
814	835
814	837
814	844
814	860
814	865
814	872
814	888
814	893
814	894
814	951
815	833
815	855
815	870
815	873
815	877
815	889
815	895
815	988
816	822
816	838
816	839
816	844
816	848
816	852
816	865
816	871
816	882
816	905
816	913
816	917
816	964
817	820
817	837
817	843
817	892
817	927
818	818
818	821
818	824
818	826
818	833
818	842
818	852
818	857
818	870
818	873
818	874
819	826
819	828
819	833
819	836
819	841
819	864
819	887
819	894
819	942
820	823
820	824
820	827
820	829
820	841
820	853
820	865
820	875
820	881
820	889
820	904
820	919
820	988
821	844
821	854
821	856
821	879
821	885
821	909
821	924
821	982
821	997
822	840
822	845
822	865
822	875
822	889
822	897
822	898
822	963
823	824
823	831
823	836
823	844
823	846
823	861
823	896
823	970
824	828
824	846
824	861
824	888
824	890
825	840
825	842
825	848
825	893
825	898
825	969
826	840
826	846
826	861
826	866
826	874
826	884
826	892
826	936
826	985
827	862
827	870
827	970
828	833
828	841
828	856
828	858
828	862
828	868
828	874
828	878
828	880
828	892
828	906
828	972
828	974
829	841
829	855
829	861
829	893
829	916
829	981
830	838
830	847
830	867
830	868
830	883
830	899
830	945
831	844
831	848
831	852
831	861
831	864
831	868
831	869
831	870
831	872
831	873
831	893
831	898
832	833
832	837
832	840
832	859
832	867
832	875
832	876
832	878
832	879
832	887
832	891
832	894
832	929
833	834
833	840
833	842
833	854
833	859
833	863
833	876
833	879
833	921
833	940
834	854
834	860
834	864
834	873
834	883
834	890
834	907
834	971
835	841
835	849
835	859
835	861
835	879
835	895
835	931
836	841
836	866
836	883
836	895
836	937
836	959
837	844
837	846
837	875
837	880
837	933
838	868
838	872
838	951
838	956
839	844
839	869
839	870
839	885
839	894
840	844
840	853
840	859
840	866
840	873
840	874
840	876
840	894
840	955
840	966
841	846
841	860
841	861
841	874
841	901
841	904
841	933
841	934
842	845
842	847
842	850
842	859
842	860
842	872
842	886
842	893
842	906
842	945
842	947
843	854
843	891
843	929
843	936
844	853
844	865
844	875
844	889
844	895
844	898
844	946
845	846
845	857
845	872
845	893
845	895
845	961
846	857
846	876
846	878
846	879
846	882
846	883
846	884
846	911
846	944
846	957
846	987
847	859
847	897
847	902
847	954
848	848
848	857
848	859
848	867
848	881
848	885
848	894
848	896
848	899
848	916
849	864
849	877
849	878
849	941
850	853
850	867
850	871
850	876
850	890
850	897
850	929
851	855
851	857
851	886
851	899
851	928
851	962
851	984
852	856
852	860
852	861
852	862
852	866
852	868
852	877
852	885
852	949
852	972
852	988
852	999
853	887
853	892
853	960
854	860
854	868
854	914
854	943
854	996
855	867
855	874
855	878
855	887
855	915
856	859
856	868
856	875
856	890
856	903
857	870
857	872
857	882
857	885
857	925
858	874
858	876
858	897
858	906
858	919
858	928
858	945
858	967
859	861
859	867
859	886
859	890
859	913
859	940
860	867
860	875
860	887
860	894
860	912
861	866
861	868
861	870
861	890
861	893
862	863
862	891
862	899
862	916
863	872
863	881
863	895
864	871
864	895
864	977
865	876
866	877
866	879
867	889
867	953
868	873
868	882
868	883
868	956
869	870
869	883
869	895
869	900
870	879
870	882
870	890
870	895
870	933
871	886
871	892
871	961
871	964
872	873
872	883
872	887
872	897
873	875
873	881
873	888
873	895
873	915
874	884
874	899
875	878
875	879
875	881
875	891
875	893
875	963
876	884
876	955
877	886
877	888
877	889
877	896
878	891
878	895
878	983
879	880
879	893
879	895
879	931
880	881
880	883
880	972
881	883
881	888
881	901
882	894
882	904
883	988
884	894
884	930
884	947
885	894
885	993
886	887
886	888
886	911
887	889
888	897
888	927
888	994
889	999
890	893
890	895
891	896
892	971
892	997
893	896
893	949
895	896
895	921
896	942
897	915
897	928
897	933
897	978
898	936
898	965
899	899
900	912
900	942
900	990
900	991
901	921
901	935
901	957
901	962
901	976
901	991
902	906
902	915
902	925
902	937
902	946
902	955
902	960
902	963
902	966
902	972
902	977
903	910
903	915
903	918
903	934
903	965
903	981
904	909
904	911
904	924
904	932
904	939
904	943
904	953
904	961
904	962
904	983
904	997
905	912
905	913
905	918
905	923
905	931
905	946
905	991
906	920
906	933
906	939
906	944
906	952
906	955
906	965
906	973
906	990
906	994
907	908
907	910
907	945
907	987
907	990
908	916
908	917
908	922
908	941
908	978
908	995
909	925
909	928
909	963
909	977
909	979
910	920
910	924
910	928
910	934
910	945
910	947
910	954
910	961
910	967
910	970
910	981
910	987
910	998
911	917
911	924
911	926
911	933
911	951
911	971
911	975
912	916
912	920
912	921
912	923
912	928
912	929
912	933
912	950
912	973
912	978
912	983
912	985
912	997
912	998
913	917
913	922
913	952
913	968
913	975
913	978
913	980
913	982
914	921
914	925
914	929
914	931
914	933
914	940
914	941
914	942
914	954
914	964
915	955
915	973
915	995
916	919
916	933
916	937
916	960
916	970
916	979
917	920
917	921
917	923
917	927
917	930
917	966
917	967
917	971
917	978
917	991
917	996
918	922
918	938
918	942
918	958
918	961
918	969
918	975
918	981
919	934
919	949
919	954
919	957
919	969
919	971
919	975
920	928
920	932
920	947
920	948
920	953
920	955
920	960
920	964
920	977
920	991
921	943
921	953
921	955
921	958
921	963
921	966
921	973
921	989
922	926
922	928
922	975
922	985
922	989
923	934
923	937
923	948
923	967
923	974
923	979
923	980
923	982
923	990
924	926
924	953
924	980
925	960
925	968
925	972
925	980
925	985
925	986
925	994
926	940
926	962
926	977
926	983
927	952
927	953
927	956
927	966
927	968
927	974
927	996
928	939
928	958
928	973
928	977
928	980
928	984
928	987
929	941
929	950
929	953
929	978
929	980
930	937
930	951
930	961
930	968
930	972
930	999
931	963
931	971
931	992
932	958
932	961
932	963
932	981
932	983
932	987
933	949
933	962
933	971
933	979
933	986
934	937
934	945
934	949
934	976
935	937
935	941
935	956
935	960
935	962
936	943
936	954
936	957
936	960
936	977
937	959
937	963
937	976
937	980
937	981
937	998
938	940
938	961
938	974
938	984
939	943
939	957
939	958
940	946
940	956
940	963
940	991
940	996
941	945
941	952
941	958
941	967
941	970
941	975
941	980
942	947
942	959
943	946
943	970
944	945
944	971
944	989
945	948
945	988
945	990
946	959
946	983
947	949
947	954
947	966
947	967
947	980
947	986
948	961
948	971
948	977
948	980
948	985
948	992
948	995
949	952
949	963
949	982
949	998
950	960
950	973
950	975
950	979
950	980
950	986
951	956
951	964
951	966
951	983
951	984
951	992
951	998
952	970
952	976
952	990
953	958
953	960
953	971
953	982
953	995
954	954
954	962
954	968
954	973
954	977
954	982
954	985
954	988
955	957
955	963
955	971
955	983
956	970
956	975
956	990
957	958
957	959
957	961
957	977
957	989
958	963
958	999
959	967
959	969
959	976
959	981
959	982
960	981
960	984
961	996
962	972
962	976
962	980
962	986
962	987
963	970
964	968
964	970
964	974
964	976
964	990
964	994
965	970
965	992
965	993
966	969
966	974
966	989
967	982
967	992
968	972
969	984
969	985
969	998
970	971
971	972
971	989
971	991
972	974
972	975
972	992
973	974
974	979
974	982
974	984
974	994
974	995
975	983
975	987
975	990
976	978
976	989
977	981
977	993
978	982
978	993
978	995
979	991
980	980
980	986
981	984
982	986
984	996
985	998
986	991
987	996
988	989
988	990
988	993
989	997
991	995
993	996
996	998
