0	63
0	87
0	93
0	130
0	161
0	245
0	280
0	331
0	385
0	590
0	711
0	864
0	918
1	4
1	18
1	160
1	231
1	245
1	344
1	463
1	593
1	608
1	625
1	634
1	642
1	664
1	751
1	796
1	977
1	979
2	13
2	31
2	52
2	71
2	74
2	109
2	231
2	236
2	346
2	374
2	378
2	577
2	620
2	663
2	753
2	796
2	815
2	845
2	966
2	984
3	46
3	51
3	76
3	111
3	117
3	138
3	173
3	177
3	199
3	295
3	320
3	336
3	383
3	480
3	506
3	559
3	700
3	777
3	787
3	792
3	825
4	12
4	55
4	56
4	71
4	79
4	81
4	177
4	247
4	293
4	360
4	496
4	551
4	721
4	772
4	861
4	866
4	883
4	959
5	13
5	34
5	36
5	38
5	57
5	59
5	69
5	71
5	110
5	361
5	433
5	503
5	513
5	722
5	735
5	756
5	818
5	825
5	873
5	891
5	906
6	13
6	51
6	70
6	76
6	115
6	162
6	230
6	257
6	306
6	394
6	403
6	432
6	442
6	549
6	570
6	714
6	739
6	775
6	842
6	922
7	15
7	82
7	114
7	120
7	134
7	139
7	171
7	284
7	290
7	303
7	352
7	362
7	508
7	646
7	661
7	717
7	737
7	789
7	805
7	820
7	925
8	25
8	29
8	35
8	36
8	50
8	84
8	124
8	125
8	146
8	170
8	186
8	324
8	360
8	388
8	390
8	394
8	395
8	407
8	520
8	585
8	886
8	893
8	964
8	980
9	10
9	42
9	90
9	91
9	136
9	187
9	205
9	428
9	533
9	587
9	716
9	755
9	975
9	979
10	20
10	26
10	40
10	58
10	59
10	79
10	89
10	102
10	234
10	282
10	421
10	424
10	457
10	465
10	524
10	550
10	554
10	597
10	643
10	660
10	710
10	734
10	778
10	803
10	832
10	835
10	853
10	871
11	79
11	91
11	93
11	130
11	290
11	298
11	311
11	314
11	341
11	358
11	373
11	500
11	537
11	543
11	559
11	621
11	712
11	746
11	872
11	893
12	17
12	19
12	37
12	49
12	50
12	62
12	75
12	82
12	85
12	151
12	157
12	411
12	738
12	832
12	873
13	32
13	45
13	52
13	65
13	69
13	71
13	80
13	160
13	259
13	290
13	303
13	310
13	369
13	392
13	401
13	453
13	541
13	607
13	628
13	648
13	683
13	722
13	809
13	868
13	947
14	25
14	51
14	58
14	77
14	88
14	117
14	265
14	292
14	309
14	323
14	358
14	366
14	385
14	387
14	417
14	434
14	512
14	614
14	617
14	646
14	812
14	882
15	52
15	53
15	61
15	63
15	96
15	120
15	121
15	214
15	340
15	384
15	471
15	474
15	598
15	658
15	676
15	704
15	773
15	801
15	818
15	948
15	954
16	32
16	36
16	222
16	224
16	294
16	411
16	438
16	471
16	633
16	781
16	825
17	17
17	18
17	42
17	56
17	126
17	304
17	322
17	350
17	376
17	381
17	386
17	433
17	467
17	522
17	666
17	725
17	741
17	839
17	862
17	952
18	31
18	43
18	60
18	84
18	106
18	110
18	116
18	159
18	325
18	326
18	366
18	383
18	388
18	403
18	439
18	571
18	593
18	635
18	674
18	700
18	727
18	741
18	767
18	819
18	980
18	987
19	22
19	25
19	79
19	91
19	93
19	116
19	386
19	451
19	552
19	621
19	693
19	741
19	809
19	816
19	904
19	935
20	21
20	64
20	79
20	96
20	119
20	139
20	142
20	163
20	176
20	275
20	461
20	534
20	657
20	665
20	705
21	32
21	44
21	91
21	135
21	136
21	167
21	184
21	250
21	269
21	295
21	322
21	375
21	411
21	469
21	503
21	533
21	600
21	667
21	769
21	872
21	952
21	989
22	36
22	42
22	56
22	72
22	96
22	182
22	239
22	388
22	405
22	412
22	499
22	587
22	594
22	623
22	626
22	729
22	760
22	880
22	911
22	970
23	25
23	42
23	44
23	98
23	357
23	386
23	433
23	455
23	540
23	670
23	726
23	813
23	847
23	901
23	909
24	27
24	48
24	70
24	84
24	99
24	154
24	199
24	210
24	212
24	226
24	230
24	367
24	395
24	448
24	451
24	454
24	467
24	534
24	574
24	602
24	604
24	652
24	715
24	802
24	977
25	33
25	37
25	47
25	49
25	58
25	63
25	72
25	80
25	88
25	239
25	343
25	349
25	399
25	423
25	507
25	576
25	646
25	715
25	748
25	874
26	31
26	44
26	51
26	57
26	89
26	93
26	113
26	122
26	133
26	180
26	320
26	324
26	348
26	387
26	470
26	493
26	557
26	599
26	725
26	733
26	741
26	875
26	931
26	989
26	999
27	29
27	38
27	45
27	58
27	90
27	140
27	205
27	207
27	244
27	310
27	328
27	502
27	514
27	546
27	578
27	633
27	661
27	770
27	801
27	895
27	947
28	62
28	98
28	101
28	181
28	245
28	345
28	374
28	390
28	405
28	467
28	470
28	493
28	558
28	650
28	707
28	787
29	32
29	63
29	87
29	90
29	98
29	247
29	278
29	333
29	354
29	445
29	460
29	637
29	700
29	789
29	908
29	948
29	957
30	37
30	55
30	67
30	83
30	114
30	325
30	362
30	444
30	490
30	524
30	645
30	809
30	811
30	927
30	928
30	950
30	974
30	993
31	37
31	41
31	82
31	168
31	177
31	377
31	379
31	441
31	485
31	530
31	585
31	960
31	965
32	35
32	38
32	57
32	62
32	73
32	152
32	186
32	552
32	621
32	671
32	701
32	724
32	731
32	739
32	828
32	909
32	937
32	947
32	962
32	974
32	983
33	36
33	51
33	53
33	74
33	80
33	204
33	283
33	358
33	439
33	443
33	531
33	680
33	732
33	784
33	803
34	85
34	95
34	99
34	109
34	277
34	328
34	382
34	493
34	586
34	587
34	600
34	739
34	898
35	38
35	44
35	56
35	86
35	90
35	122
35	143
35	147
35	572
35	682
35	742
35	774
35	863
35	880
35	899
35	915
35	937
36	57
36	77
36	90
36	94
36	112
36	146
36	244
36	290
36	340
36	388
36	429
36	553
36	636
36	654
36	698
36	723
36	794
36	819
36	834
36	864
36	883
36	928
36	997
37	51
37	78
37	269
37	380
37	427
37	445
37	494
37	584
37	610
37	649
37	688
37	803
37	902
37	946
37	985
38	47
38	81
38	96
38	111
38	301
38	439
38	491
38	513
38	611
38	646
38	650
38	736
38	814
38	990
39	68
39	82
39	303
39	418
39	543
39	576
39	660
39	816
39	845
39	910
39	928
39	964
40	112
40	160
40	171
40	230
40	284
40	320
40	357
40	405
40	447
40	449
40	521
40	662
40	710
40	743
40	784
40	795
40	815
40	829
40	975
41	70
41	97
41	208
41	312
41	434
41	562
41	612
41	692
41	699
42	169
42	201
42	240
42	504
42	609
42	629
42	631
42	772
42	881
42	890
43	47
43	64
43	132
43	256
43	318
43	355
43	412
43	466
43	482
43	579
43	584
43	623
43	664
43	932
43	981
43	996
44	46
44	55
44	61
44	89
44	149
44	160
44	305
44	453
44	496
44	510
44	687
44	694
44	728
44	740
44	783
44	828
44	830
44	890
44	892
44	975
45	48
45	55
45	62
45	71
45	94
45	221
45	230
45	350
45	490
45	575
45	618
45	768
45	778
45	853
45	867
45	971
46	64
46	90
46	138
46	203
46	215
46	253
46	358
46	453
46	458
46	537
46	542
46	669
46	730
46	755
46	795
46	802
46	938
46	988
47	48
47	56
47	81
47	190
47	232
47	243
47	308
47	328
47	370
47	425
47	459
47	488
47	675
47	685
47	766
47	852
47	886
47	946
47	968
48	69
48	312
48	337
48	372
48	384
48	565
48	567
48	640
48	726
48	731
48	773
48	853
48	888
48	954
48	991
49	66
49	67
49	111
49	295
49	302
49	364
49	399
49	431
49	440
49	525
49	565
49	598
49	641
49	806
49	828
49	842
49	990
50	72
50	81
50	84
50	221
50	223
50	225
50	312
50	383
50	430
50	471
50	545
50	550
50	589
50	666
50	773
50	914
50	996
51	74
51	78
51	98
51	196
51	209
51	296
51	344
51	468
51	508
51	609
51	649
51	717
51	865
51	875
51	885
51	893
51	958
52	77
52	257
52	266
52	404
52	426
52	481
52	556
52	561
52	567
52	609
52	667
52	668
52	710
52	758
52	765
52	794
52	839
52	864
53	64
53	69
53	81
53	93
53	112
53	245
53	252
53	276
53	346
53	379
53	384
53	582
53	739
53	774
53	822
53	907
53	940
54	66
54	80
54	90
54	93
54	130
54	133
54	375
54	383
54	470
54	478
54	573
54	585
54	666
54	684
54	801
54	839
54	847
54	910
55	57
55	68
55	74
55	76
55	143
55	160
55	223
55	250
55	639
55	860
55	886
56	77
56	81
56	90
56	160
56	195
56	526
56	553
56	579
56	597
56	612
56	789
56	824
56	852
56	856
56	904
56	954
56	971
57	57
57	83
57	88
57	121
57	141
57	231
57	251
57	452
57	475
57	606
57	612
57	656
57	701
57	786
57	837
57	954
58	64
58	92
58	115
58	127
58	215
58	286
58	309
58	316
58	336
58	443
58	555
58	704
58	718
58	726
58	766
58	819
58	853
58	981
58	988
59	85
59	94
59	171
59	318
59	353
59	388
59	411
59	450
59	492
59	515
59	529
59	540
59	587
59	601
59	800
59	801
59	825
59	921
59	960
59	980
60	73
60	90
60	98
60	245
60	334
60	447
60	489
60	549
60	553
60	577
60	581
60	913
60	923
60	971
61	122
61	130
61	162
61	227
61	230
61	317
61	375
61	398
61	493
61	618
61	660
61	675
61	685
61	725
61	729
61	900
62	178
62	212
62	214
62	356
62	485
62	541
62	616
62	682
62	715
62	813
62	818
63	66
63	69
63	94
63	273
63	314
63	330
63	406
63	428
63	449
63	476
63	560
63	678
63	902
63	939
64	79
64	86
64	89
64	144
64	184
64	258
64	299
64	453
64	483
64	493
64	509
64	540
64	570
64	603
64	675
64	854
64	874
64	875
65	70
65	89
65	94
65	200
65	375
65	432
65	557
65	572
65	607
65	654
65	764
65	813
65	829
65	919
66	67
66	73
66	153
66	156
66	232
66	244
66	263
66	423
66	544
66	593
66	601
66	627
66	641
66	666
66	751
66	755
66	797
66	838
67	71
67	75
67	81
67	331
67	358
67	449
67	499
67	742
67	829
67	832
67	888
67	899
67	942
67	984
68	88
68	89
68	94
68	97
68	99
68	205
68	268
68	282
68	368
68	497
68	520
68	800
68	810
68	901
68	945
69	85
69	165
69	192
69	234
69	267
69	323
69	397
69	523
69	567
69	581
69	937
69	938
70	80
70	94
70	95
70	127
70	219
70	236
70	293
70	308
70	445
70	491
70	599
70	617
70	806
70	815
70	823
70	902
70	930
70	933
71	85
71	98
71	99
71	182
71	237
71	335
71	442
71	506
71	569
71	573
71	579
71	690
71	816
71	850
71	900
71	956
72	73
72	76
72	124
72	141
72	399
72	460
72	502
72	621
72	660
72	664
72	681
72	683
72	737
72	908
72	952
73	99
73	117
73	155
73	213
73	217
73	219
73	232
73	381
73	393
73	412
73	597
73	610
73	670
73	777
73	788
73	863
73	901
73	924
73	949
74	171
74	178
74	215
74	265
74	285
74	292
74	294
74	295
74	345
74	471
74	512
74	585
74	608
74	615
74	620
74	621
74	635
74	638
74	648
74	705
74	710
74	730
74	782
74	841
74	860
75	119
75	217
75	234
75	321
75	551
75	634
75	714
75	898
75	921
76	79
76	87
76	88
76	95
76	107
76	170
76	178
76	203
76	262
76	270
76	291
76	294
76	319
76	391
76	397
76	430
76	570
76	619
76	672
76	700
76	942
77	84
77	91
77	106
77	124
77	148
77	183
77	205
77	214
77	345
77	381
77	393
77	459
77	556
77	594
77	663
77	667
77	831
77	857
77	883
77	931
78	81
78	83
78	177
78	216
78	268
78	301
78	315
78	320
78	377
78	391
78	488
78	548
78	562
78	620
78	665
78	670
78	671
78	688
78	727
78	827
78	866
78	970
79	111
79	198
79	313
79	337
79	391
79	397
79	490
79	686
79	711
79	766
79	805
79	917
79	934
79	936
79	951
79	994
80	88
80	118
80	125
80	248
80	431
80	585
80	665
80	726
80	728
80	791
80	857
80	884
80	982
80	985
81	91
81	92
81	198
81	294
81	397
81	457
81	478
81	497
81	674
81	719
82	150
82	252
82	287
82	310
82	413
82	672
82	673
82	693
82	874
82	890
82	915
82	929
82	951
82	962
82	997
83	99
83	102
83	140
83	190
83	198
83	418
83	568
83	597
83	630
83	686
83	823
83	846
83	857
83	876
83	881
83	911
83	946
83	971
84	92
84	146
84	312
84	361
84	498
84	538
84	610
84	654
84	676
84	858
84	860
84	906
84	940
84	991
85	101
85	137
85	160
85	197
85	209
85	224
85	274
85	294
85	368
85	519
85	526
85	599
85	668
85	696
85	814
85	833
85	938
85	952
86	296
86	353
86	357
86	460
86	475
86	507
86	566
86	604
86	605
86	647
86	730
86	733
86	760
86	812
86	885
86	964
86	975
87	103
87	289
87	323
87	335
87	359
87	381
87	427
87	497
87	501
87	564
87	606
87	627
87	642
87	778
87	794
87	825
87	847
87	876
88	108
88	145
88	229
88	265
88	291
88	338
88	511
88	598
88	626
88	630
88	652
88	682
88	718
88	749
88	907
89	226
89	251
89	354
89	420
89	450
89	523
89	619
89	706
89	848
89	906
89	957
89	985
90	163
90	316
90	378
90	516
90	552
90	576
90	603
90	646
90	657
90	663
90	807
90	840
90	841
90	860
90	867
91	121
91	131
91	211
91	257
91	259
91	464
91	712
91	762
91	776
91	828
91	915
91	956
92	148
92	159
92	184
92	230
92	289
92	295
92	352
92	355
92	374
92	397
92	486
92	504
92	545
92	646
92	676
92	694
92	699
92	739
92	810
92	884
93	105
93	148
93	159
93	262
93	324
93	326
93	473
93	570
93	575
93	604
93	615
93	646
93	672
93	729
93	754
93	760
93	852
94	96
94	106
94	153
94	193
94	210
94	211
94	257
94	380
94	390
94	392
94	456
94	587
94	605
94	645
94	724
94	754
94	951
95	175
95	304
95	308
95	346
95	368
95	406
95	447
95	506
95	578
95	581
95	686
95	699
95	739
95	785
95	809
95	836
95	918
95	977
95	980
96	97
96	98
96	253
96	325
96	404
96	501
96	657
96	702
96	754
96	801
96	805
96	919
96	965
97	108
97	171
97	194
97	306
97	376
97	432
97	451
97	470
97	517
97	593
97	608
97	640
97	641
97	705
97	756
97	844
97	848
97	940
97	954
97	961
97	989
97	998
98	111
98	130
98	143
98	368
98	390
98	432
98	463
98	516
98	537
98	579
98	581
98	664
98	775
98	834
98	872
98	879
98	919
98	930
98	955
98	957
99	184
99	243
99	282
99	299
99	338
99	377
99	427
99	513
99	556
99	592
99	626
99	783
99	831
99	838
100	112
100	116
100	128
100	138
100	148
100	153
100	172
100	185
100	189
100	191
100	240
100	264
100	306
100	323
100	475
100	483
100	487
100	583
100	780
100	927
101	109
101	115
101	133
101	145
101	173
101	184
101	189
101	230
101	271
101	276
101	351
101	496
101	730
101	799
101	829
101	844
102	104
102	127
102	154
102	173
102	187
102	209
102	221
102	325
102	395
102	549
102	594
102	637
102	642
102	718
102	725
102	760
102	813
102	838
102	875
102	930
103	171
103	266
103	339
103	341
103	345
103	352
103	537
103	543
103	585
103	637
103	717
103	728
103	732
103	747
103	826
103	829
103	861
103	874
103	961
104	109
104	110
104	140
104	248
104	275
104	345
104	371
104	542
104	570
104	660
104	662
104	827
104	930
104	997
105	137
105	139
105	140
105	148
105	159
105	178
105	209
105	332
105	347
105	360
105	495
105	572
105	600
105	654
105	696
105	801
105	810
105	886
105	980
105	990
106	116
106	125
106	144
106	157
106	164
106	195
106	198
106	216
106	294
106	368
106	432
106	511
106	514
106	561
106	579
106	605
106	625
106	682
106	724
106	761
106	782
106	894
106	956
107	110
107	136
107	163
107	191
107	233
107	270
107	278
107	317
107	366
107	511
107	528
107	632
107	831
107	892
107	952
107	994
108	133
108	319
108	429
108	444
108	477
108	501
108	734
108	767
108	795
108	932
108	938
109	114
109	132
109	135
109	157
109	186
109	199
109	301
109	429
109	519
109	540
109	550
109	552
109	722
109	830
109	847
109	870
109	918
110	190
110	287
110	301
110	314
110	341
110	393
110	401
110	409
110	459
110	464
110	467
110	519
110	530
110	719
110	763
110	767
110	790
111	133
111	144
111	145
111	163
111	170
111	176
111	253
111	260
111	294
111	402
111	462
111	523
111	530
111	595
111	685
111	825
111	845
112	134
112	167
112	185
112	195
112	208
112	224
112	326
112	363
112	367
112	480
112	497
112	521
112	542
112	561
112	566
112	614
112	630
112	633
112	737
112	768
112	787
112	836
112	941
112	976
112	978
113	129
113	171
113	259
113	309
113	321
113	530
113	602
113	735
113	929
114	119
114	129
114	130
114	160
114	198
114	255
114	292
114	312
114	342
114	512
114	554
114	596
114	661
114	719
114	722
114	834
114	874
114	909
114	931
115	119
115	128
115	139
115	158
115	174
115	181
115	184
115	187
115	217
115	276
115	324
115	495
115	515
115	633
115	700
115	739
115	768
115	802
115	943
116	140
116	180
116	187
116	213
116	234
116	281
116	313
116	335
116	350
116	379
116	412
116	478
116	483
116	553
116	703
116	767
116	777
116	782
116	832
116	849
116	920
116	931
116	975
117	133
117	167
117	192
117	317
117	340
117	432
117	477
117	573
117	643
117	681
117	697
117	730
117	773
117	925
117	939
118	181
118	222
118	227
118	304
118	315
118	357
118	433
118	461
118	465
118	612
118	676
118	752
118	904
119	119
119	143
119	168
119	181
119	236
119	310
119	465
119	521
119	524
119	589
119	627
119	660
119	661
119	704
119	798
119	909
119	948
119	968
120	142
120	158
120	160
120	162
120	167
120	206
120	221
120	270
120	271
120	343
120	402
120	451
120	479
120	606
120	638
120	735
120	769
120	778
120	822
120	882
120	987
121	162
121	219
121	281
121	302
121	345
121	360
121	403
121	418
121	422
121	461
121	536
121	599
121	760
121	955
121	960
121	966
122	123
122	132
122	169
122	187
122	193
122	222
122	239
122	272
122	321
122	443
122	634
122	683
122	709
122	979
123	194
123	233
123	265
123	281
123	314
123	315
123	355
123	380
123	421
123	480
123	487
123	541
123	622
123	706
123	744
123	849
123	856
123	872
123	920
123	931
123	956
123	998
124	126
124	151
124	165
124	173
124	175
124	181
124	200
124	330
124	403
124	404
124	529
124	540
124	667
124	735
124	771
124	867
124	920
124	943
124	950
125	134
125	173
125	182
125	191
125	360
125	469
125	514
125	599
125	687
125	863
125	921
125	978
126	136
126	139
126	184
126	192
126	236
126	314
126	385
126	394
126	509
126	614
126	725
126	893
126	994
127	151
127	173
127	179
127	181
127	199
127	231
127	386
127	434
127	471
127	498
127	527
127	571
127	630
127	698
127	767
127	794
127	800
127	820
127	897
127	929
127	961
128	154
128	155
128	173
128	181
128	188
128	193
128	229
128	244
128	355
128	453
128	568
128	691
128	721
128	910
128	938
128	961
128	967
129	137
129	148
129	204
129	358
129	400
129	531
129	549
129	558
129	930
130	132
130	146
130	156
130	167
130	170
130	196
130	417
130	652
130	821
130	888
130	913
131	145
131	148
131	151
131	164
131	215
131	235
131	349
131	375
131	459
131	496
131	528
131	652
131	736
131	778
131	875
131	889
131	971
131	999
132	158
132	163
132	165
132	166
132	172
132	184
132	186
132	284
132	300
132	460
132	517
132	585
132	595
132	612
132	634
132	651
132	703
132	729
132	755
132	769
132	798
132	839
132	868
133	143
133	162
133	175
133	189
133	198
133	280
133	346
133	701
133	911
133	973
134	155
134	160
134	163
134	164
134	186
134	192
134	351
134	382
134	512
134	636
134	668
134	692
134	754
134	791
134	942
134	981
135	151
135	152
135	196
135	198
135	215
135	490
135	620
135	627
135	694
135	701
135	963
136	169
136	189
136	210
136	212
136	259
136	288
136	304
136	441
136	591
136	841
136	861
136	867
136	905
137	147
137	171
137	175
137	182
137	189
137	190
137	191
137	194
137	253
137	261
137	304
137	335
137	340
137	411
137	521
137	547
137	559
137	679
137	784
137	872
137	892
137	961
138	150
138	167
138	170
138	174
138	182
138	192
138	198
138	216
138	384
138	532
138	545
138	565
138	646
138	649
138	683
138	735
138	765
138	898
138	899
138	977
139	145
139	171
139	174
139	179
139	181
139	239
139	485
139	580
139	583
139	591
139	674
139	699
139	883
140	315
140	321
140	562
140	682
140	687
140	729
140	746
140	754
140	756
140	758
140	793
140	804
140	864
140	906
140	992
141	150
141	185
141	186
141	195
141	311
141	352
141	455
141	548
141	571
141	629
141	692
141	802
141	849
141	870
141	903
141	943
142	167
142	201
142	310
142	487
142	494
142	557
142	561
142	623
142	627
142	641
142	682
142	761
142	771
142	849
142	952
143	146
143	162
143	167
143	189
143	197
143	225
143	334
143	555
143	601
143	642
143	732
143	791
143	834
143	866
143	935
143	999
144	158
144	159
144	176
144	186
144	320
144	352
144	464
144	481
144	517
144	598
144	683
144	728
144	766
144	823
144	837
144	848
144	860
144	949
144	992
145	176
145	281
145	304
145	419
145	539
145	586
145	604
145	656
145	676
145	725
145	819
145	834
146	232
146	300
146	322
146	503
146	579
146	644
146	646
146	781
146	792
146	824
146	923
146	929
147	157
147	172
147	187
147	213
147	226
147	379
147	386
147	422
147	423
147	440
147	481
147	549
147	557
147	594
147	710
147	729
147	746
147	775
147	808
147	826
147	852
147	924
148	157
148	160
148	183
148	291
148	302
148	356
148	397
148	584
148	745
148	848
148	876
148	933
148	948
149	178
149	183
149	196
149	209
149	523
149	528
149	623
149	736
150	155
150	304
150	376
150	465
150	468
150	559
150	630
150	663
150	673
150	734
150	754
150	795
150	879
150	881
150	901
150	938
151	182
151	236
151	238
151	274
151	286
151	417
151	697
151	786
151	796
151	871
151	909
151	980
152	173
152	180
152	197
152	241
152	260
152	263
152	479
152	487
152	496
152	716
152	747
152	817
152	818
153	161
153	170
153	177
153	189
153	349
153	371
153	441
153	445
153	581
153	661
153	759
153	800
153	859
153	903
153	918
153	944
153	979
154	334
154	367
154	370
154	464
154	694
154	717
154	784
154	976
155	229
155	264
155	289
155	309
155	316
155	340
155	362
155	378
155	424
155	425
155	462
155	551
155	618
155	686
155	692
155	755
155	768
155	805
155	831
155	930
155	963
155	997
156	172
156	304
156	314
156	321
156	390
156	429
156	483
156	534
156	539
156	597
156	645
156	764
156	854
156	888
156	902
156	944
156	965
157	167
157	170
157	173
157	198
157	334
157	447
157	604
157	843
157	885
157	950
157	989
158	191
158	194
158	239
158	264
158	284
158	442
158	524
158	529
158	726
158	743
158	751
158	783
158	784
158	811
158	826
159	173
159	195
159	217
159	220
159	239
159	246
159	340
159	404
159	495
159	542
159	565
159	633
159	749
159	789
159	848
159	900
159	994
160	166
160	288
160	386
160	476
160	503
160	582
160	650
160	661
160	701
160	724
160	842
160	896
160	929
161	215
161	218
161	254
161	382
161	580
161	803
161	813
161	885
161	931
161	962
162	233
162	247
162	255
162	271
162	341
162	342
162	444
162	546
162	584
162	605
162	683
162	689
162	755
162	758
162	896
162	933
163	175
163	188
163	397
163	398
163	416
163	441
163	479
163	536
163	619
163	682
163	718
163	786
163	795
163	819
163	844
163	863
163	940
164	201
164	255
164	301
164	557
164	563
164	586
164	652
164	676
164	702
164	760
164	795
164	807
164	827
164	890
164	932
165	197
165	198
165	224
165	305
165	389
165	493
165	528
165	627
165	751
165	754
165	838
165	845
165	892
165	940
165	984
166	177
166	199
166	206
166	315
166	394
166	420
166	439
166	542
166	601
166	850
166	863
166	880
166	936
166	959
167	182
167	190
167	231
167	266
167	287
167	325
167	363
167	578
167	579
167	654
167	722
167	751
167	916
167	920
168	174
168	178
168	183
168	196
168	199
168	306
168	416
168	431
168	534
168	643
168	715
168	839
169	177
169	184
169	185
169	237
169	247
169	284
169	322
169	341
169	572
169	692
169	769
169	839
170	171
170	172
170	174
170	182
170	188
170	203
170	410
170	442
170	572
170	586
170	655
170	698
170	747
170	773
170	790
170	804
170	814
170	990
171	181
171	187
171	308
171	387
171	503
171	590
171	621
171	656
171	671
171	679
171	799
171	907
171	972
171	982
171	986
172	175
172	188
172	189
172	205
172	227
172	236
172	267
172	273
172	279
172	378
172	459
172	491
172	495
172	536
172	746
172	959
172	989
173	187
173	196
173	303
173	421
173	445
173	548
173	630
173	650
173	791
173	834
173	878
173	958
173	959
173	974
174	188
174	190
174	196
174	208
174	219
174	226
174	493
174	524
174	724
174	796
174	820
174	917
174	938
174	945
175	176
175	191
175	199
175	227
175	290
175	360
175	364
175	411
175	550
175	567
175	575
175	609
175	613
175	650
175	903
175	956
176	190
176	223
176	364
176	373
176	402
176	488
176	796
176	860
177	178
177	209
177	255
177	347
177	378
177	424
177	482
177	492
177	626
177	646
177	761
177	763
177	925
178	181
178	192
178	217
178	375
178	387
178	427
178	458
178	465
178	559
178	583
178	635
178	679
178	713
178	995
179	226
179	227
179	280
179	394
179	414
179	442
179	656
179	705
179	933
179	967
179	987
180	185
180	248
180	321
180	342
180	381
180	484
180	510
180	560
180	601
180	731
180	734
180	788
180	807
180	811
180	835
180	875
180	921
180	922
180	976
180	977
180	987
181	226
181	239
181	304
181	323
181	409
181	441
181	510
181	622
181	685
181	707
181	774
181	797
181	817
181	936
181	943
182	191
182	194
182	199
182	242
182	303
182	318
182	341
182	352
182	394
182	515
182	527
182	529
182	566
182	636
182	686
182	730
182	814
182	845
182	872
182	888
182	952
183	206
183	263
183	283
183	315
183	318
183	381
183	450
183	513
183	831
184	196
184	311
184	317
184	345
184	388
184	408
184	419
184	432
184	441
184	486
184	507
184	559
184	636
184	723
184	729
184	737
184	890
185	205
185	318
185	400
185	423
185	456
185	513
185	550
185	640
185	833
185	909
186	211
186	264
186	275
186	385
186	393
186	436
186	465
186	525
186	781
186	867
186	901
186	914
186	940
186	963
187	210
187	254
187	264
187	297
187	349
187	423
187	429
187	735
187	744
187	901
188	198
188	277
188	281
188	282
188	304
188	482
188	510
188	583
188	601
188	742
188	774
188	829
188	912
188	995
189	272
189	289
189	293
189	309
189	320
189	443
189	454
189	662
189	708
189	731
189	874
189	925
189	935
189	937
190	240
190	253
190	282
190	293
190	304
190	344
190	377
190	384
190	528
190	562
190	564
190	617
190	703
190	859
190	861
190	911
190	915
191	265
191	315
191	445
191	655
191	737
191	773
191	774
191	784
191	922
191	955
191	963
191	994
192	219
192	368
192	541
192	645
192	753
192	788
192	905
192	936
192	957
192	959
192	965
192	995
193	406
193	438
193	471
193	558
193	575
193	635
193	636
193	787
193	829
193	862
193	890
194	194
194	332
194	512
194	654
194	726
194	815
194	820
194	900
194	909
194	915
195	260
195	510
195	544
195	737
195	856
195	872
196	228
196	242
196	301
196	341
196	423
196	429
196	438
196	645
196	742
196	811
196	833
196	923
196	959
197	207
197	324
197	374
197	412
197	454
197	461
197	489
197	506
197	561
197	753
197	823
197	848
197	849
198	317
198	350
198	460
198	513
198	663
198	718
198	900
198	903
199	239
199	336
199	371
199	623
199	662
199	742
199	867
199	868
199	901
199	969
200	202
200	258
200	263
200	320
200	417
200	465
200	536
200	702
200	708
200	738
200	755
200	782
200	920
200	936
200	983
201	271
201	282
201	283
201	303
201	344
201	346
201	362
201	401
201	407
201	594
201	797
201	908
201	978
202	222
202	223
202	230
202	259
202	281
202	282
202	285
202	286
202	289
202	296
202	338
202	357
202	420
202	585
202	590
202	632
202	670
202	729
202	941
202	996
203	214
203	215
203	243
203	258
203	265
203	273
203	297
203	410
203	425
203	506
203	536
203	700
203	748
203	861
203	945
203	965
203	974
204	205
204	215
204	222
204	226
204	227
204	247
204	262
204	323
204	335
204	416
204	549
204	596
204	641
204	650
204	691
204	692
204	896
204	961
204	975
205	205
205	228
205	238
205	256
205	260
205	287
205	294
205	295
205	299
205	348
205	372
205	373
205	443
205	650
205	658
205	701
205	813
205	863
205	927
205	945
205	951
206	220
206	227
206	232
206	238
206	265
206	268
206	279
206	297
206	334
206	352
206	430
206	458
206	538
206	546
206	680
206	718
206	721
206	733
206	748
206	759
206	780
206	889
206	894
206	963
207	220
207	238
207	278
207	282
207	515
207	538
207	745
207	749
207	792
207	820
207	936
208	213
208	233
208	238
208	341
208	419
208	529
208	552
208	776
208	860
208	915
208	994
209	213
209	223
209	262
209	268
209	272
209	274
209	282
209	288
209	293
209	294
209	305
209	413
209	595
209	631
209	701
209	757
209	762
209	787
209	919
210	212
210	216
210	235
210	237
210	238
210	250
210	282
210	298
210	417
210	484
210	504
210	520
210	537
210	850
210	870
211	223
211	235
211	462
211	472
211	476
211	553
211	674
211	689
211	791
211	805
211	819
212	238
212	283
212	360
212	387
212	449
212	584
212	627
212	668
212	718
212	736
212	750
212	766
212	901
213	217
213	228
213	253
213	256
213	268
213	270
213	272
213	274
213	362
213	432
213	479
213	640
213	643
213	685
213	734
213	834
214	226
214	249
214	276
214	284
214	391
214	469
214	490
214	544
214	671
214	672
214	687
214	850
214	921
214	950
214	994
215	218
215	220
215	224
215	237
215	240
215	272
215	285
215	295
215	315
215	348
215	527
215	567
215	692
215	743
215	758
215	790
215	961
216	227
216	231
216	248
216	265
216	277
216	278
216	280
216	284
216	442
216	478
216	565
216	833
216	920
217	254
217	256
217	263
217	267
217	272
217	299
217	328
217	391
217	449
217	626
217	767
217	797
217	994
218	250
218	273
218	399
218	414
218	469
218	572
218	862
218	914
218	925
218	939
219	227
219	249
219	401
219	418
219	430
219	478
219	484
219	544
219	547
219	587
219	601
219	631
219	857
219	975
219	984
220	229
220	295
220	328
220	446
220	488
220	513
220	565
220	600
220	601
220	615
220	645
220	650
220	719
220	733
220	884
220	897
221	226
221	234
221	236
221	242
221	248
221	259
221	262
221	263
221	269
221	662
221	699
221	848
221	876
221	899
221	915
221	918
222	283
222	401
222	418
222	437
222	477
222	560
222	592
222	601
222	602
222	673
222	835
222	988
223	247
223	267
223	541
223	549
223	814
223	838
224	271
224	292
224	364
224	477
224	503
224	656
224	888
224	892
224	898
225	225
225	252
225	263
225	284
225	286
225	288
225	298
225	386
225	398
225	468
225	561
225	630
225	680
225	723
225	725
225	754
225	857
225	873
225	901
225	906
225	910
226	255
226	260
226	261
226	343
226	378
226	557
226	588
226	629
226	653
226	815
226	936
227	248
227	260
227	277
227	282
227	290
227	413
227	613
227	692
227	728
227	771
227	849
227	933
227	946
227	954
227	957
228	275
228	286
228	297
228	301
228	312
228	384
228	494
228	526
228	616
228	814
228	931
228	941
229	235
229	242
229	262
229	279
229	434
229	527
229	560
229	665
229	864
229	917
229	970
230	234
230	244
230	279
230	297
230	312
230	350
230	368
230	380
230	396
230	398
230	648
230	694
230	697
230	894
230	895
230	939
230	996
231	274
231	277
231	280
231	406
231	466
231	471
231	571
231	600
231	735
231	970
232	279
232	285
232	287
232	463
232	526
232	571
232	572
232	605
232	680
232	690
232	754
232	819
232	832
232	840
232	857
232	968
233	297
233	356
233	381
233	428
233	484
233	629
233	654
233	718
233	722
233	821
233	841
233	865
234	267
234	287
234	291
234	472
234	504
234	610
234	645
234	683
234	763
234	842
234	979
235	260
235	281
235	305
235	345
235	547
235	612
235	615
235	724
235	803
235	859
235	863
235	887
236	279
236	283
236	286
236	299
236	342
236	401
236	413
236	471
236	540
236	543
236	570
236	611
236	679
236	786
236	884
236	938
237	255
237	266
237	280
237	282
237	315
237	329
237	461
237	464
237	520
237	531
237	546
237	611
237	625
237	646
237	751
237	795
237	854
237	918
237	949
238	312
238	420
238	582
238	653
238	687
238	794
238	843
238	885
239	264
239	274
239	305
239	316
239	318
239	359
239	394
239	475
239	490
239	517
239	540
239	542
239	549
239	666
239	674
239	683
239	697
239	738
239	744
239	836
239	838
239	859
239	893
239	976
240	255
240	279
240	304
240	363
240	428
240	444
240	695
240	815
240	871
240	950
240	987
240	996
241	279
241	294
241	300
241	399
241	406
241	484
241	522
241	565
241	578
241	717
241	911
241	923
241	948
242	259
242	261
242	278
242	279
242	281
242	323
242	349
242	355
242	428
242	432
242	463
242	470
242	495
242	496
242	549
242	558
242	747
242	791
242	829
242	854
242	881
242	939
243	287
243	448
243	687
243	794
243	898
243	922
243	971
243	986
244	283
244	297
244	365
244	390
244	526
244	546
244	564
244	599
244	628
244	642
244	770
244	929
245	250
245	266
245	315
245	351
245	361
245	427
245	445
245	526
245	670
245	905
245	908
245	931
246	264
246	267
246	287
246	289
246	296
246	420
246	533
246	581
246	625
246	652
246	687
246	710
246	728
246	830
246	927
246	951
246	992
247	252
247	262
247	280
247	283
247	324
247	342
247	369
247	413
247	479
247	528
247	573
247	579
247	651
247	689
247	695
247	713
247	841
247	926
247	930
248	265
248	270
248	281
248	321
248	341
248	374
248	486
248	492
248	515
248	594
248	600
248	781
248	783
248	837
249	255
249	269
249	358
249	456
249	495
249	531
249	622
249	623
249	646
249	653
249	656
249	670
249	743
249	820
249	824
249	907
249	925
249	954
250	262
250	267
250	280
250	323
250	363
250	466
250	469
250	506
250	516
250	520
250	794
250	920
250	983
251	263
251	280
251	299
251	340
251	377
251	386
251	392
251	435
251	523
251	674
251	890
251	976
252	261
252	318
252	342
252	384
252	464
252	466
252	467
252	489
252	571
252	622
252	628
252	663
252	695
252	917
252	925
253	262
253	263
253	269
253	287
253	298
253	325
253	329
253	466
253	470
253	475
253	510
253	639
253	732
253	753
253	805
253	845
254	262
254	272
254	291
254	298
254	336
254	381
254	434
254	435
254	474
254	537
254	570
254	622
254	670
254	832
254	892
255	262
255	272
255	360
255	370
255	450
255	516
255	551
255	569
255	596
255	628
255	648
255	650
255	653
255	691
255	719
256	289
256	290
256	298
256	340
256	428
256	458
256	664
256	684
256	741
256	828
256	893
257	261
257	282
257	298
257	548
257	606
257	619
257	697
257	718
257	736
257	742
257	788
257	818
257	895
257	937
257	971
258	266
258	276
258	287
258	289
258	451
258	517
258	708
258	718
258	755
258	774
258	918
258	948
259	262
259	313
259	348
259	382
259	412
259	438
259	448
259	567
259	582
259	587
259	743
259	797
259	836
260	266
260	282
260	330
260	477
260	532
260	583
260	594
260	632
260	707
260	712
260	814
260	937
260	962
260	984
261	270
261	278
261	289
261	293
261	319
261	779
261	816
261	910
262	280
262	291
262	373
262	402
262	404
262	408
262	440
262	443
262	521
262	565
262	590
262	677
262	767
262	922
263	276
263	293
263	297
263	401
263	511
263	607
263	707
263	722
263	731
263	762
263	823
263	832
263	836
263	863
264	264
264	267
264	274
264	314
264	387
264	399
264	417
264	433
264	443
264	453
264	503
264	555
264	627
264	671
264	731
264	916
265	279
265	487
265	666
265	772
265	799
265	841
265	871
266	283
266	412
266	436
266	480
266	534
266	590
266	621
266	680
266	733
266	899
267	279
267	304
267	426
267	461
267	542
267	677
267	742
267	749
267	768
267	815
267	852
267	866
267	949
267	976
268	292
268	293
268	320
268	350
268	420
268	471
268	546
268	687
268	698
268	777
268	782
268	799
268	858
268	982
269	291
269	493
269	513
269	592
269	709
269	806
269	885
269	911
269	922
269	957
269	966
269	968
270	293
270	351
270	377
270	706
270	788
270	876
270	882
270	885
270	941
270	987
271	273
271	291
271	331
271	355
271	385
271	390
271	446
271	592
271	598
271	791
271	795
271	835
271	867
271	929
271	963
271	969
271	980
272	275
272	281
272	394
272	458
272	552
272	681
272	685
272	689
272	879
273	275
273	296
273	377
273	388
273	571
273	649
273	676
273	683
273	747
273	766
273	990
274	278
274	287
274	349
274	433
274	519
274	588
274	597
274	627
274	667
274	708
274	797
274	849
274	907
274	940
274	943
275	362
275	444
275	547
275	564
275	632
275	655
275	669
275	704
275	752
275	809
275	830
275	883
275	910
275	913
275	917
276	277
276	298
276	327
276	365
276	436
276	599
276	619
276	695
276	698
276	728
276	847
276	855
276	859
276	989
277	294
277	369
277	440
277	549
277	565
277	614
277	633
277	648
277	662
277	676
277	706
277	801
277	878
277	951
277	967
277	980
278	293
278	335
278	400
278	486
278	502
278	518
278	612
278	764
279	305
279	331
279	395
279	420
279	517
279	567
279	622
279	667
279	886
279	887
279	906
279	910
279	991
280	302
280	357
280	508
280	529
280	591
280	626
280	648
280	679
280	737
280	775
280	782
280	871
280	876
280	913
281	285
281	297
281	315
281	349
281	377
281	500
281	516
281	536
281	596
281	614
281	752
281	773
281	779
281	823
281	836
281	942
281	994
281	998
282	292
282	356
282	412
282	504
282	529
282	547
282	717
282	797
282	846
282	924
283	299
283	416
283	473
283	499
283	651
284	288
284	298
284	299
284	392
284	417
284	441
284	444
284	526
284	670
284	727
284	956
285	296
285	472
285	586
285	589
285	628
285	645
285	685
285	719
285	769
285	817
285	875
285	911
285	944
286	336
286	342
286	393
286	409
286	422
286	470
286	478
286	606
286	688
286	772
287	405
287	453
287	483
287	489
287	491
287	585
287	757
287	760
287	907
288	348
288	463
288	863
288	936
288	985
289	304
289	344
289	421
289	537
289	634
289	677
289	716
289	721
289	748
289	814
289	821
289	825
290	301
290	385
290	443
290	645
290	654
290	705
290	857
290	915
291	297
291	309
291	379
291	380
291	407
291	522
291	526
291	556
291	630
291	655
291	675
291	688
291	782
291	842
291	859
292	503
292	610
292	692
292	712
292	774
292	836
292	903
292	912
292	963
293	294
293	470
293	471
293	670
293	710
293	835
293	836
293	873
293	906
293	955
294	319
294	320
294	326
294	383
294	569
294	616
294	717
294	757
294	835
294	844
295	313
295	351
295	375
295	378
295	385
295	416
295	463
295	536
295	547
295	733
295	788
295	817
295	820
295	826
295	937
296	437
296	447
296	497
296	589
296	615
296	714
296	822
296	858
296	920
296	960
297	299
297	310
297	342
297	412
297	512
297	541
297	595
297	644
297	740
297	861
297	867
297	929
298	355
298	610
298	678
298	697
298	811
298	825
298	832
298	899
298	922
299	397
299	525
299	824
299	830
299	859
299	951
299	985
299	992
300	327
300	333
300	498
300	521
300	572
300	604
300	640
300	685
300	786
300	787
300	830
301	329
301	330
301	357
301	365
301	393
301	400
301	739
301	809
301	889
301	924
302	309
302	365
302	378
302	385
302	561
302	582
302	649
302	700
302	766
302	824
302	850
302	897
302	973
303	311
303	324
303	343
303	376
303	410
303	513
303	581
303	631
303	703
303	935
303	957
304	374
304	379
304	388
304	408
304	430
304	589
304	595
304	697
304	747
304	876
304	905
305	368
305	385
305	389
305	425
305	429
305	438
305	551
305	565
305	718
305	724
305	837
305	852
305	867
305	881
305	962
306	333
306	340
306	352
306	359
306	499
306	502
306	520
306	569
306	622
306	634
306	807
306	880
306	908
306	939
306	950
306	989
307	310
307	313
307	314
307	339
307	344
307	374
307	396
307	447
307	462
307	522
307	565
307	609
307	664
307	667
307	668
307	969
307	994
308	352
308	364
308	390
308	429
308	538
308	802
308	886
308	905
308	907
309	335
309	338
309	360
309	364
309	391
309	418
309	437
309	479
309	557
309	675
309	748
309	905
309	927
309	979
309	985
310	351
310	376
310	395
310	496
310	560
310	619
310	648
310	768
310	824
310	950
310	958
310	966
311	342
311	383
311	393
311	497
311	501
311	543
311	587
311	588
311	604
311	644
311	670
311	753
311	833
311	845
311	860
311	956
311	958
312	312
312	333
312	367
312	382
312	396
312	410
312	466
312	482
312	581
312	604
312	672
312	812
312	883
312	905
312	924
312	963
312	974
313	319
313	333
313	365
313	398
313	412
313	499
313	561
313	674
313	780
313	829
313	856
313	911
313	935
314	326
314	336
314	339
314	352
314	360
314	364
314	379
314	380
314	414
314	452
314	541
314	570
314	757
314	877
314	908
314	939
314	961
315	321
315	336
315	359
315	366
315	367
315	385
315	409
315	435
315	444
315	464
315	505
315	648
315	664
315	740
315	761
315	793
315	874
315	945
315	951
315	960
316	333
316	349
316	358
316	364
316	365
316	368
316	380
316	397
316	555
316	591
316	656
316	699
316	854
316	891
316	915
316	920
316	989
317	347
317	350
317	363
317	367
317	378
317	487
317	610
317	887
317	891
317	994
318	329
318	333
318	376
318	380
318	416
318	527
318	547
318	576
318	664
318	665
318	739
318	745
318	957
319	342
319	346
319	365
319	386
319	400
319	462
319	553
319	625
319	733
319	795
319	908
320	357
320	358
320	450
320	572
320	688
320	712
320	715
320	821
320	913
320	986
321	336
321	339
321	344
321	363
321	368
321	375
321	421
321	479
321	548
321	599
321	627
321	711
321	765
321	779
321	802
321	823
321	854
321	880
321	904
321	913
322	342
322	345
322	365
322	370
322	397
322	407
322	411
322	438
322	458
322	460
322	485
322	635
322	766
322	770
322	801
322	803
322	848
322	881
322	893
322	907
322	927
322	994
323	325
323	332
323	383
323	394
323	443
323	475
323	694
323	711
323	759
323	839
323	974
324	332
324	368
324	384
324	560
324	570
324	597
324	620
324	684
324	699
324	712
324	730
324	734
324	764
324	791
324	847
324	868
324	894
324	980
325	349
325	447
325	470
325	492
325	505
325	543
325	663
325	688
325	734
325	760
325	781
325	796
325	897
325	910
325	932
326	335
326	356
326	488
326	521
326	614
326	658
326	686
326	697
326	747
326	851
326	859
326	935
326	943
326	954
326	957
326	970
326	972
327	340
327	357
327	361
327	362
327	375
327	380
327	413
327	423
327	458
327	547
327	569
327	683
327	775
327	933
327	957
327	970
328	364
328	461
328	602
328	664
328	732
328	742
328	774
328	784
328	833
328	846
328	858
328	884
328	902
328	932
328	988
329	338
329	347
329	366
329	372
329	392
329	434
329	525
329	528
329	549
329	616
329	671
329	753
329	769
329	803
329	815
329	976
330	344
330	345
330	355
330	382
330	391
330	394
330	461
330	583
330	600
330	682
330	799
330	811
330	877
330	947
330	971
331	332
331	339
331	345
331	375
331	590
331	648
331	726
331	742
331	760
331	773
331	792
331	809
331	813
331	825
331	888
331	998
332	357
332	449
332	482
332	500
332	520
332	609
332	621
332	689
332	913
332	978
333	346
333	398
333	400
333	442
333	531
333	581
333	586
333	594
333	615
333	640
333	651
333	663
333	789
333	832
333	956
333	957
333	961
333	980
334	352
334	395
334	529
334	594
334	739
334	793
334	794
334	807
334	874
334	879
335	347
335	356
335	362
335	375
335	389
335	520
335	544
335	562
335	599
335	778
335	964
336	352
336	354
336	360
336	366
336	424
336	429
336	441
336	536
336	539
336	547
336	621
336	666
336	696
336	770
336	861
336	940
336	947
336	996
337	340
337	370
337	443
337	557
337	567
337	694
337	716
337	797
337	835
337	896
338	341
338	351
338	352
338	354
338	363
338	377
338	390
338	607
338	639
338	744
338	957
339	347
339	354
339	384
339	455
339	508
339	540
339	617
339	652
339	844
339	853
339	860
339	955
339	969
340	374
340	599
340	739
340	744
340	828
341	364
341	377
341	447
341	523
341	531
341	628
341	762
341	993
342	368
342	380
342	382
342	553
342	640
342	675
342	772
343	343
343	370
343	378
343	382
343	392
343	536
343	564
343	615
343	711
343	793
343	799
343	813
343	875
343	974
344	347
344	361
344	382
344	530
344	614
344	666
344	708
344	777
344	939
344	968
345	393
345	478
345	557
345	609
345	642
345	735
345	787
345	832
345	870
345	910
345	911
345	917
345	988
346	430
346	437
346	446
346	475
346	511
346	727
346	816
346	857
346	922
346	935
347	398
347	405
347	475
347	579
347	830
347	920
347	927
347	937
347	941
347	981
347	994
348	378
348	379
348	382
348	397
348	587
348	610
348	746
348	848
348	877
348	979
349	353
349	360
349	370
349	399
349	520
349	587
349	655
349	691
349	721
349	735
349	774
349	798
349	921
349	925
350	360
350	394
350	395
350	502
350	526
350	570
350	605
350	646
350	690
350	981
351	358
351	937
351	990
352	404
352	432
352	548
352	580
352	587
352	704
352	708
352	775
352	803
352	887
352	956
352	990
353	543
353	680
353	767
353	928
353	946
353	955
353	969
353	970
354	357
354	362
354	378
354	382
354	390
354	480
354	545
354	551
354	560
354	563
354	582
354	661
354	712
354	716
354	727
354	790
354	797
354	816
354	856
354	899
354	900
354	931
354	957
355	365
355	372
355	384
355	564
355	641
355	700
355	785
355	787
355	794
355	830
356	358
356	391
356	400
356	421
356	447
356	460
356	553
356	628
356	732
356	853
356	865
356	894
356	950
357	360
357	388
357	432
357	487
357	562
357	643
357	650
357	663
357	769
357	776
357	818
357	842
358	360
358	364
358	368
358	410
358	424
358	584
358	656
358	671
358	736
358	938
358	976
358	984
359	369
359	376
359	399
359	662
359	727
359	728
359	859
359	889
359	890
359	982
360	369
360	370
360	388
360	436
360	468
360	554
360	587
360	763
360	805
360	856
361	367
361	377
361	477
361	485
361	496
361	552
361	601
361	613
361	657
361	871
361	907
361	941
361	985
362	365
362	379
362	391
362	428
362	444
362	455
362	755
362	824
362	829
362	887
362	907
362	915
362	935
362	970
363	365
363	392
363	478
363	735
363	743
363	774
363	964
364	365
364	375
364	380
364	382
364	391
364	520
364	525
364	612
364	625
364	631
364	827
364	936
365	454
365	481
365	482
365	567
365	679
365	682
365	711
366	369
366	378
366	391
366	421
366	506
366	578
366	601
366	719
366	792
366	846
366	968
366	992
367	397
367	468
367	528
367	589
367	641
367	643
367	743
367	747
367	759
367	856
367	923
368	381
368	400
368	465
368	493
368	623
368	638
368	648
368	667
368	716
368	784
368	830
368	939
368	943
368	978
369	373
369	385
369	532
369	564
369	929
370	383
370	479
370	482
370	503
370	617
370	710
370	724
370	823
370	913
370	998
371	390
371	414
371	423
371	448
371	462
371	464
371	609
371	670
371	773
371	787
371	840
371	859
371	928
372	394
372	472
372	497
372	609
372	635
372	637
372	781
372	996
373	411
373	511
373	666
373	767
373	815
373	837
373	901
373	947
374	396
374	398
374	405
374	534
374	535
374	537
374	580
374	717
374	913
374	918
375	396
375	397
375	460
375	542
375	551
375	688
375	758
375	772
375	791
375	862
375	920
376	377
376	379
376	384
376	450
376	472
376	505
376	514
376	541
376	576
376	729
376	770
376	859
376	885
376	918
377	415
377	435
377	480
377	483
377	507
377	557
377	671
377	718
377	764
377	809
377	830
377	843
378	633
378	640
378	652
378	748
378	779
378	823
378	906
378	924
379	380
379	488
379	667
379	817
379	869
379	888
379	909
379	936
380	419
380	472
380	493
380	583
380	586
380	606
380	647
380	739
380	911
380	932
381	408
381	432
381	470
381	553
381	639
381	753
381	775
381	809
381	862
381	873
381	931
381	957
381	997
382	503
382	697
382	739
382	741
382	767
382	780
382	960
383	387
383	454
383	498
383	531
383	583
383	589
383	625
383	778
383	802
383	806
383	850
383	949
383	970
384	388
384	479
384	581
384	932
384	949
385	433
385	537
385	660
385	714
385	746
385	792
385	830
385	843
385	903
385	920
385	925
385	934
385	938
386	397
386	457
386	460
386	545
386	681
386	994
387	387
387	514
387	554
387	641
387	708
387	730
387	786
387	837
387	887
387	932
387	948
388	490
388	633
388	636
388	690
388	703
388	764
388	779
388	856
388	956
389	395
389	422
389	515
389	551
389	679
389	738
389	850
389	965
390	464
390	477
390	478
390	503
390	568
390	635
390	645
390	660
390	777
390	863
390	896
390	920
390	951
390	975
391	399
391	633
391	694
391	784
391	834
391	890
391	988
391	989
392	510
392	585
392	729
392	740
392	942
393	460
393	469
393	505
393	528
393	606
393	680
393	683
393	726
393	767
393	857
394	396
394	437
394	832
394	969
394	993
395	423
395	562
395	566
395	626
395	723
395	734
395	852
395	994
396	404
396	405
396	490
396	618
396	664
396	728
396	818
396	827
396	889
396	955
397	537
397	565
397	581
397	611
397	659
397	754
397	794
397	935
397	952
397	970
398	399
398	430
398	435
398	494
398	510
398	519
398	558
398	597
398	637
398	664
398	705
398	752
398	834
398	844
398	879
398	954
398	994
399	531
399	570
399	604
399	644
399	673
399	698
399	715
399	837
399	853
399	874
399	942
399	949
399	976
399	983
399	994
400	432
400	471
400	477
400	478
400	482
400	483
400	504
400	568
400	659
400	686
400	697
400	858
400	864
401	432
401	438
401	447
401	449
401	456
401	498
401	514
401	571
401	756
401	839
401	844
401	924
402	405
402	424
402	478
402	483
402	564
402	607
402	632
402	783
402	919
402	926
402	958
403	407
403	418
403	441
403	480
403	481
403	749
403	924
403	976
404	408
404	418
404	456
404	470
404	471
404	502
404	580
404	588
404	835
404	914
405	410
405	434
405	436
405	448
405	451
405	464
405	498
405	513
405	530
405	541
405	549
405	744
405	767
405	834
405	872
405	923
405	934
405	986
405	993
406	444
406	466
406	477
406	502
406	534
406	562
406	565
406	678
406	716
407	433
407	434
407	464
407	465
407	517
407	560
407	569
407	638
407	725
407	744
407	761
407	833
407	851
407	865
407	895
407	962
408	420
408	429
408	488
408	498
408	746
408	752
408	802
408	823
408	866
409	440
409	469
409	471
409	486
409	659
409	697
409	704
409	727
409	735
409	834
409	949
409	963
410	432
410	433
410	450
410	456
410	481
410	525
410	534
410	543
410	584
410	679
410	923
410	944
410	956
410	991
411	478
411	482
411	517
411	559
411	599
411	770
411	857
411	958
411	999
412	421
412	455
412	458
412	501
412	519
412	537
412	545
412	594
412	954
412	982
413	436
413	468
413	474
413	477
413	486
413	491
413	497
413	512
413	527
413	544
413	611
413	676
413	725
413	747
413	819
413	864
413	889
413	992
414	430
414	469
414	484
414	490
414	491
414	932
414	994
415	438
415	453
415	487
415	500
415	655
415	684
415	738
415	768
415	781
415	820
415	949
416	484
416	485
416	494
416	528
416	611
416	637
416	742
416	756
416	857
416	862
416	872
416	977
416	982
417	708
417	709
417	714
417	735
417	858
417	878
418	431
418	435
418	438
418	466
418	540
418	556
418	647
418	712
418	870
419	424
419	434
419	452
419	453
419	456
419	458
419	470
419	483
419	531
419	589
419	842
419	873
420	426
420	433
420	451
420	460
420	622
420	727
420	797
420	800
420	814
420	871
420	974
421	428
421	429
421	452
421	454
421	468
421	535
421	780
421	799
421	823
421	853
421	952
421	991
422	431
422	469
422	477
422	484
422	512
422	516
422	554
422	634
422	655
422	754
422	905
422	937
423	425
423	435
423	452
423	459
423	483
423	588
423	728
423	738
423	945
423	972
424	428
424	445
424	460
424	471
424	495
424	499
424	517
424	594
424	639
424	713
424	741
424	743
424	790
424	852
424	951
425	446
425	447
425	471
425	488
425	494
425	600
425	614
425	644
425	665
425	719
425	772
425	814
425	933
425	984
426	476
426	506
426	570
426	624
426	634
426	679
426	703
426	763
426	803
426	840
426	967
426	972
426	999
427	456
427	458
427	470
427	471
427	524
427	577
427	635
427	702
427	805
428	438
428	439
428	445
428	478
428	509
428	511
428	517
428	544
428	583
428	628
428	725
428	931
428	952
429	445
429	460
429	464
429	475
429	534
429	630
429	731
429	787
429	862
429	875
429	969
429	996
430	434
430	437
430	444
430	474
430	479
430	486
430	495
430	645
430	657
430	714
430	772
430	778
430	781
430	855
430	860
430	913
431	486
431	491
431	541
431	738
431	764
431	791
431	799
431	806
431	967
431	979
432	450
432	473
432	483
432	494
432	506
432	514
432	564
432	592
432	596
432	681
432	776
432	856
432	887
432	919
432	988
433	466
433	488
433	493
433	519
433	551
433	587
433	669
433	682
433	711
433	759
433	798
433	898
434	481
434	560
434	572
434	579
434	701
434	712
434	782
434	840
434	845
434	852
434	976
434	999
435	440
435	488
435	490
435	577
435	586
435	614
435	687
435	773
435	842
436	480
436	519
436	607
436	805
436	816
436	913
436	954
437	467
437	517
437	545
437	574
437	578
437	591
437	632
437	850
437	920
438	460
438	466
438	505
438	640
438	755
438	770
438	771
438	853
438	932
439	443
439	451
439	477
439	482
439	486
439	499
439	513
439	551
439	625
439	669
439	841
439	899
440	441
440	448
440	454
440	479
440	484
440	557
440	661
440	736
440	748
440	805
440	864
440	969
440	983
441	455
441	490
441	561
441	618
441	647
441	662
441	734
441	815
441	899
442	460
442	482
442	483
442	494
442	528
442	540
442	741
442	775
442	838
442	918
442	950
442	991
442	992
443	468
443	533
443	562
443	879
443	886
443	920
444	450
444	454
444	525
444	629
444	630
444	641
444	752
444	820
444	906
444	944
445	446
445	466
445	520
445	590
445	593
445	608
445	685
445	771
445	901
445	907
445	943
446	447
446	470
446	475
446	478
446	606
446	608
446	656
446	705
446	722
446	742
446	752
446	983
446	992
446	995
447	455
447	463
447	471
447	478
447	493
447	531
447	612
447	617
447	620
447	732
447	868
447	921
447	941
448	539
448	645
448	694
448	735
448	823
448	878
448	891
448	914
448	957
449	456
449	488
449	563
449	570
449	581
449	592
449	618
449	741
449	784
449	785
449	858
449	874
449	953
449	977
450	469
450	483
450	560
450	644
450	736
450	879
450	950
451	479
451	531
451	559
451	712
451	782
451	794
451	796
451	815
451	819
451	848
451	855
451	929
452	473
452	496
452	501
452	512
452	543
452	566
452	587
452	666
452	698
452	760
452	775
452	792
452	836
452	932
453	463
453	493
453	551
453	567
453	723
453	746
453	759
453	785
453	833
453	875
453	930
454	466
454	469
454	473
454	487
454	489
454	749
454	850
454	883
454	908
454	958
454	976
455	461
455	474
455	484
455	487
455	552
455	572
455	585
455	626
455	628
455	644
455	697
455	711
455	761
455	765
455	867
455	898
456	557
456	607
456	630
456	663
456	706
456	807
456	849
457	460
457	483
457	492
457	498
457	584
457	640
457	652
457	654
457	674
457	676
457	736
457	744
457	797
457	830
458	496
458	548
458	590
458	630
458	634
458	659
458	864
458	967
458	980
459	461
459	474
459	475
459	478
459	493
459	539
459	560
459	573
459	609
459	617
459	627
459	721
459	811
459	816
459	972
460	480
460	627
460	829
460	842
460	894
460	902
460	985
461	465
461	481
461	521
461	538
461	627
461	687
461	691
461	734
461	757
461	792
461	799
461	858
461	903
461	957
462	481
462	531
462	677
462	711
462	726
462	836
462	846
462	875
462	910
462	926
462	960
462	985
463	480
463	490
463	492
463	509
463	524
463	544
463	620
463	818
463	906
463	960
464	474
464	535
464	543
464	629
464	684
464	692
464	986
464	993
465	473
465	678
465	803
465	804
466	467
466	480
466	482
466	526
466	535
466	587
466	634
466	674
466	687
466	750
467	536
467	554
467	555
467	556
467	568
467	613
467	746
467	877
467	909
468	615
468	668
468	763
468	885
469	480
469	496
469	580
469	625
469	734
469	918
469	963
470	472
470	483
470	598
470	721
470	744
470	820
470	854
470	857
470	881
470	899
470	985
471	480
471	492
471	497
471	498
471	593
471	619
471	642
471	675
471	901
471	914
472	483
472	505
472	567
472	629
472	764
472	840
472	934
472	947
472	963
473	501
473	537
473	581
473	666
473	719
473	802
473	845
473	944
473	971
473	996
474	484
474	508
474	525
474	618
474	625
474	852
474	875
475	607
475	884
475	939
475	943
475	953
476	489
476	589
476	673
476	702
476	707
476	741
476	778
476	847
476	984
476	994
477	524
477	540
477	650
477	664
477	720
477	813
477	829
477	895
477	943
478	592
478	681
478	729
478	786
478	879
478	893
478	971
478	973
479	574
479	621
479	719
479	747
479	775
479	847
479	850
480	510
480	530
480	588
480	640
480	642
480	662
480	831
480	946
481	523
481	575
481	661
481	726
481	788
481	833
481	861
481	896
481	911
481	912
481	969
482	487
482	629
482	646
482	728
482	792
482	794
482	903
482	924
482	930
483	492
483	593
483	597
483	641
483	978
483	994
484	499
484	560
484	575
484	579
484	585
484	632
484	789
484	846
484	850
484	852
484	932
484	941
484	981
484	998
485	489
485	522
485	627
485	634
485	656
485	685
485	734
485	744
485	823
485	862
485	927
486	494
486	519
486	593
486	690
486	711
486	830
486	919
486	949
487	489
487	607
487	713
487	772
488	493
488	528
488	531
488	725
488	787
488	809
488	924
488	973
488	984
489	521
489	593
489	603
489	629
489	737
489	783
489	801
489	848
489	868
489	914
489	936
489	955
489	985
490	653
490	672
490	753
490	828
490	837
490	991
491	510
491	578
491	605
491	618
491	831
491	890
491	956
492	519
492	541
492	647
492	682
492	782
492	997
493	499
493	518
493	526
493	862
493	864
493	908
493	919
493	975
494	561
494	676
494	776
494	786
494	879
494	889
494	896
495	520
495	561
495	587
495	601
495	641
495	731
495	773
495	809
495	832
495	842
496	498
496	548
496	561
496	621
496	645
496	811
496	957
497	523
497	525
497	640
497	712
497	742
497	809
498	563
498	716
498	727
498	840
498	879
498	914
498	967
499	523
499	555
499	562
499	581
499	642
499	761
499	827
499	888
499	912
499	961
499	999
500	516
500	524
500	531
500	540
500	546
500	557
500	589
500	593
500	597
500	615
500	645
500	695
500	768
500	840
500	978
501	505
501	512
501	527
501	572
501	585
501	644
501	659
501	675
501	791
501	805
501	814
501	832
501	886
501	995
502	504
502	536
502	544
502	587
502	606
502	611
502	688
502	809
502	849
502	881
502	971
502	972
502	991
503	529
503	548
503	579
503	594
503	650
503	755
503	807
503	859
503	874
503	886
503	909
503	959
503	984
504	512
504	527
504	541
504	549
504	565
504	578
504	588
504	709
505	505
505	526
505	532
505	543
505	585
505	653
505	669
505	768
505	771
505	825
505	845
505	852
505	895
506	544
506	578
506	581
506	695
506	713
506	741
506	747
506	856
506	857
506	907
506	990
507	532
507	547
507	606
507	641
507	786
507	856
507	951
508	525
508	542
508	553
508	679
508	805
508	816
508	941
508	992
509	531
509	536
509	537
509	566
509	572
509	582
509	671
509	705
509	729
509	799
509	855
509	866
509	870
509	894
509	904
509	909
509	914
509	946
510	511
510	531
510	606
510	616
510	633
510	783
510	795
510	964
510	979
511	515
511	519
511	528
511	547
511	564
511	587
511	617
511	624
511	660
511	690
511	711
511	813
511	821
512	526
512	530
512	552
512	582
512	594
512	597
512	604
512	641
512	689
512	826
512	832
513	520
513	530
513	554
513	562
513	573
513	629
513	740
513	947
513	949
514	544
514	588
514	592
514	769
514	790
514	824
514	920
514	953
515	516
515	568
515	571
515	663
515	871
515	952
515	973
516	520
516	540
516	542
516	544
516	556
516	561
516	562
516	579
516	588
516	595
516	683
516	765
516	809
516	861
516	906
516	973
516	975
516	995
517	524
517	527
517	531
517	561
517	586
517	599
517	764
517	780
517	907
517	928
518	530
518	546
518	583
518	584
518	598
518	708
518	725
518	738
518	802
518	937
519	523
519	529
519	584
519	723
519	724
519	733
519	763
519	796
519	872
519	919
519	997
520	539
520	578
520	681
520	683
520	794
520	863
520	885
520	919
520	984
521	570
521	598
521	748
521	769
521	771
521	817
521	929
522	585
522	659
522	701
522	715
522	798
522	877
522	895
522	919
522	952
522	961
522	969
523	532
523	566
523	586
523	594
523	597
523	623
523	684
523	913
524	529
524	537
524	565
524	569
524	577
524	597
524	609
524	624
524	649
524	743
524	847
524	937
525	555
525	584
525	591
525	599
525	603
525	615
525	825
525	918
526	539
526	573
526	576
526	588
526	591
526	617
526	678
526	681
526	756
526	780
526	810
526	902
526	937
526	982
526	990
527	541
527	544
527	610
527	614
527	640
527	670
527	706
527	717
527	739
527	828
527	835
527	881
527	980
527	983
528	569
528	595
528	598
528	599
528	786
528	954
529	537
529	549
529	561
529	586
529	592
529	816
529	867
530	547
530	561
530	562
530	563
530	637
530	643
530	754
530	801
530	964
531	541
531	547
531	554
531	578
531	596
531	722
531	725
531	746
531	824
531	872
531	911
531	952
531	981
532	537
532	538
532	540
532	546
532	553
532	556
532	573
532	586
532	652
532	698
532	865
532	867
532	872
532	980
532	985
533	581
533	593
533	673
533	712
533	803
533	858
533	995
534	556
534	561
534	568
534	573
534	592
534	599
534	703
534	732
534	823
534	880
534	898
534	990
535	581
535	597
535	621
535	627
535	660
535	699
535	763
535	824
535	829
535	940
536	562
536	565
536	572
536	594
536	597
536	621
536	651
536	707
536	791
536	852
536	899
536	978
537	545
537	565
537	676
537	758
537	782
537	828
537	867
537	877
537	909
537	976
537	978
538	560
538	584
538	589
538	614
538	630
538	748
538	813
538	819
538	876
539	570
539	574
539	576
539	594
539	701
539	771
539	784
539	804
539	806
539	841
539	877
539	905
539	975
540	564
540	570
540	595
540	689
540	707
540	847
540	938
541	596
541	599
541	626
541	685
541	712
541	759
541	924
542	553
542	554
542	559
542	573
542	581
542	711
542	733
542	777
542	828
542	831
542	917
543	549
543	572
543	589
543	592
543	596
543	602
543	654
543	663
543	709
543	712
543	734
543	772
543	935
543	988
543	989
543	995
544	550
544	564
544	586
544	587
544	652
544	738
544	741
544	753
544	755
544	763
544	865
544	942
544	966
545	551
545	554
545	570
545	572
545	589
545	593
545	618
545	690
545	785
545	798
545	809
545	910
545	922
545	960
545	998
546	549
546	578
546	615
546	639
546	645
546	790
546	854
546	892
546	905
547	552
547	578
547	584
547	622
547	631
547	732
547	794
547	869
547	931
548	572
548	582
548	671
548	761
548	813
548	814
548	886
548	898
548	959
549	555
549	575
549	584
549	595
549	597
549	645
549	657
549	778
549	800
549	824
549	918
549	946
549	950
549	970
550	568
550	571
550	582
550	590
550	597
550	620
550	632
550	697
550	742
550	755
550	795
550	863
550	925
550	928
550	964
551	559
551	568
551	589
551	614
551	722
551	756
551	921
551	993
552	554
552	583
552	644
552	650
552	798
552	859
552	908
552	975
552	996
553	555
553	577
553	675
553	731
553	753
553	809
553	814
553	842
553	876
553	924
553	940
554	590
554	593
554	612
554	753
554	789
554	889
555	559
555	561
555	564
555	575
555	577
555	583
555	586
555	643
555	756
555	840
555	863
555	927
555	985
556	558
556	586
556	629
556	659
556	787
556	789
556	848
556	940
556	966
557	562
557	563
557	570
557	575
557	585
557	600
557	695
557	711
557	817
557	969
558	560
558	564
558	580
558	624
558	716
558	860
558	884
558	910
558	967
558	990
558	993
559	560
559	591
559	598
559	599
559	605
559	643
559	698
559	712
559	713
559	738
559	741
559	762
559	774
559	791
559	996
560	565
560	577
560	578
560	696
560	760
560	870
561	567
561	839
561	842
561	844
561	860
561	882
561	899
561	958
562	563
562	596
562	681
562	683
562	849
562	913
562	917
562	929
562	934
562	995
563	574
563	644
563	686
563	742
563	868
563	917
563	995
564	581
564	596
564	616
564	630
564	682
564	683
564	753
564	854
564	865
564	884
564	973
565	568
565	585
565	592
565	599
565	683
565	720
565	781
565	828
565	909
565	948
566	568
566	624
566	691
566	796
566	822
566	841
566	894
566	970
567	572
567	576
567	581
567	583
567	690
567	712
567	817
567	823
567	931
568	604
568	775
568	850
568	973
569	572
569	592
569	597
569	703
569	733
569	793
570	584
570	636
570	682
570	740
570	786
570	815
571	593
571	745
571	881
572	576
572	744
572	749
572	846
572	963
572	969
573	604
573	614
573	758
573	815
573	847
573	864
573	874
573	994
574	710
574	726
574	800
574	861
574	871
574	933
574	985
575	581
575	584
575	644
575	690
575	713
575	901
576	584
576	637
576	680
576	699
576	700
576	784
576	864
576	913
577	586
577	599
577	732
577	765
577	797
577	811
577	825
577	967
577	977
578	584
578	627
578	665
578	718
578	750
578	811
578	813
578	854
578	858
578	947
578	994
579	583
579	614
579	685
579	743
579	775
579	787
579	789
579	856
579	983
580	710
580	848
580	879
580	880
580	928
580	960
581	655
581	698
581	836
581	852
581	912
581	979
582	589
582	624
582	746
582	768
582	828
582	905
582	913
582	914
582	964
582	987
582	991
583	589
583	592
583	594
583	596
583	710
583	722
583	846
583	925
583	966
583	970
583	999
584	792
584	795
584	848
584	893
584	899
585	624
585	663
585	730
585	855
585	901
585	912
585	936
586	591
586	592
586	615
586	625
586	641
586	685
586	720
586	770
586	884
586	950
586	958
587	596
587	649
587	676
587	804
587	829
587	836
588	599
588	626
588	662
588	720
588	805
588	825
588	828
588	861
588	951
589	594
589	599
589	651
589	670
589	727
589	747
589	781
589	787
589	820
589	906
589	997
590	598
590	719
590	909
590	952
591	605
591	717
591	779
591	782
591	893
591	930
591	944
591	966
592	614
592	624
592	793
592	852
592	860
592	863
592	880
592	905
593	596
593	612
593	625
593	706
593	719
593	813
593	889
593	975
594	652
594	770
594	816
594	828
595	690
595	714
595	716
595	741
595	779
595	780
595	811
595	851
595	996
596	695
596	883
596	897
597	615
597	660
597	702
597	707
597	810
598	598
598	810
598	832
598	865
598	907
598	974
598	991
599	661
599	700
599	796
599	824
599	930
599	932
599	987
600	606
600	609
600	621
600	665
600	675
600	900
600	955
600	961
601	612
601	634
601	656
601	661
601	675
601	694
601	744
601	871
601	884
601	888
601	918
602	610
602	619
602	627
602	632
602	758
602	790
602	921
602	947
602	967
603	619
603	621
603	629
603	779
603	908
604	624
604	648
604	653
604	667
604	669
604	688
604	831
604	859
604	917
604	929
604	971
604	973
605	608
605	627
605	634
605	648
605	662
605	672
605	694
605	699
605	756
605	836
605	934
606	607
606	620
606	634
606	637
606	653
606	679
606	720
606	731
606	802
606	861
606	885
606	891
606	990
607	611
607	643
607	653
607	659
607	670
607	682
607	742
607	764
607	793
607	805
607	850
607	969
607	992
608	629
608	635
608	652
608	687
608	688
608	689
608	691
608	697
608	728
608	797
608	838
608	862
608	873
608	960
608	961
609	631
609	680
609	685
609	725
609	742
609	794
610	621
610	658
610	666
610	778
610	817
610	845
610	953
610	967
611	619
611	632
611	652
611	698
611	714
611	724
611	848
611	913
612	623
612	659
612	687
612	692
612	695
612	705
612	711
612	811
612	876
612	917
612	920
612	937
613	623
613	629
613	634
613	641
613	647
613	648
613	679
613	751
613	788
613	867
613	868
613	926
614	635
614	649
614	656
614	660
614	661
614	667
614	679
614	694
614	698
614	778
614	827
614	850
615	619
615	633
615	655
615	681
615	684
615	691
615	723
615	829
615	843
615	991
616	618
616	619
616	622
616	638
616	641
616	654
616	678
616	679
616	686
616	763
616	794
616	796
616	822
616	869
617	693
617	739
617	760
617	776
617	848
617	864
618	635
618	671
618	678
618	679
618	746
618	828
618	875
618	911
618	953
618	955
619	619
619	669
619	673
619	714
619	726
619	871
619	890
620	631
620	658
620	673
620	689
620	779
620	796
620	797
620	994
621	649
621	665
621	671
621	715
621	721
621	737
621	738
621	795
621	806
621	892
621	954
622	642
622	659
622	682
622	690
622	717
622	755
622	773
622	906
622	986
623	627
623	646
623	692
623	893
624	638
624	661
624	682
624	688
624	691
624	755
624	889
624	932
624	982
625	627
625	643
625	651
625	673
625	683
625	685
625	705
625	760
625	784
625	789
625	822
625	838
625	959
626	646
626	662
626	685
626	897
626	921
627	635
627	872
628	659
628	671
628	695
628	699
628	848
628	852
628	854
628	965
628	966
629	665
629	684
629	693
629	729
629	843
629	884
630	644
630	646
630	682
630	693
630	823
630	848
630	891
630	910
630	990
631	639
631	663
631	680
631	682
631	692
631	764
631	793
631	798
631	839
631	889
631	892
631	909
631	936
632	670
632	773
632	844
632	847
632	854
632	888
632	923
632	951
633	665
633	826
633	834
633	843
633	985
634	646
634	653
634	673
634	769
634	774
634	779
634	854
634	878
634	983
634	990
635	651
635	673
635	678
635	727
635	778
635	832
635	839
635	912
635	973
635	991
636	639
636	644
636	657
636	677
636	686
636	692
636	719
636	775
636	953
636	992
637	641
637	649
637	742
637	757
637	768
637	850
637	894
637	994
638	649
638	815
638	878
638	908
638	922
639	652
639	654
639	682
639	703
639	736
639	799
639	804
639	812
639	827
639	835
639	850
639	854
639	930
639	947
640	651
640	665
640	696
640	699
640	764
640	819
640	883
640	896
640	965
640	981
641	657
641	696
641	765
641	886
641	980
641	995
642	669
642	675
642	700
642	821
642	871
642	931
642	991
642	997
643	681
643	714
643	904
643	908
643	912
643	931
644	661
644	681
644	683
644	728
644	765
644	965
645	656
645	691
645	711
645	861
645	877
645	895
645	935
646	665
646	668
646	687
646	790
646	857
646	942
646	952
647	651
647	655
647	662
647	669
647	673
647	699
647	823
647	881
647	945
647	966
648	652
648	653
648	680
648	682
648	690
648	777
648	778
648	879
648	909
648	936
648	946
649	669
649	896
649	988
650	684
650	784
650	813
650	925
650	949
650	962
651	783
651	802
651	841
651	875
651	932
652	660
652	675
652	681
652	690
652	716
652	750
652	801
652	859
652	883
652	941
652	965
652	967
653	657
653	666
653	671
653	689
653	751
653	890
653	948
653	979
653	992
654	662
654	670
654	686
654	694
654	750
654	793
654	799
654	992
655	656
655	671
655	716
655	726
655	746
655	960
655	986
655	987
656	667
656	671
656	691
656	834
656	841
656	865
656	911
656	917
656	928
657	673
657	674
657	675
657	705
657	762
657	799
657	912
657	973
658	667
658	686
658	754
658	841
659	679
659	682
659	684
659	691
659	763
659	872
659	883
659	926
660	683
660	688
660	690
660	852
660	900
660	973
661	727
661	744
661	758
661	775
661	786
661	928
661	973
662	682
662	686
662	760
662	839
662	904
663	666
663	696
663	747
663	840
663	870
663	960
664	707
664	723
664	768
664	853
664	874
664	913
665	687
665	748
665	772
665	881
665	973
665	987
666	672
666	678
666	681
666	708
666	723
666	725
666	790
666	816
666	896
667	694
667	705
667	718
667	723
667	850
667	885
667	929
667	986
668	669
668	677
668	806
668	919
668	980
669	723
669	724
669	922
670	824
670	890
670	897
670	904
670	950
670	965
670	980
671	694
671	798
672	788
672	861
672	877
673	675
673	680
673	695
673	801
673	900
673	922
674	689
674	802
674	808
674	828
674	838
674	841
674	904
674	918
675	699
675	703
675	711
675	740
675	877
675	921
675	993
676	692
676	774
676	783
677	685
677	766
677	822
677	846
677	944
677	973
678	697
678	724
678	740
678	779
678	952
679	681
679	897
679	987
679	997
680	684
680	724
680	769
680	965
681	695
681	716
681	841
681	860
681	895
681	908
681	964
682	735
682	908
683	689
683	712
683	713
683	777
683	951
684	685
684	724
684	844
684	862
684	967
685	702
685	706
685	755
685	784
685	830
685	864
685	901
685	962
686	942
687	777
687	783
687	863
687	885
688	771
688	782
688	890
689	711
689	786
689	788
689	801
689	825
689	851
690	774
690	910
690	974
691	700
691	757
691	814
691	887
692	849
692	890
692	937
692	943
692	954
693	700
693	705
693	879
693	913
693	932
694	695
694	696
694	771
695	706
695	745
695	746
695	761
695	767
695	776
695	796
695	912
695	920
695	974
695	979
695	987
696	704
696	727
696	743
696	758
696	775
696	808
696	846
696	850
697	699
697	748
697	849
697	864
697	881
697	904
697	912
697	992
698	725
698	868
698	871
698	910
698	927
699	753
699	802
699	829
699	836
699	969
700	712
700	798
700	810
700	852
700	940
701	709
701	722
701	789
701	792
701	797
701	821
701	888
701	907
701	953
702	707
702	775
702	885
703	708
703	713
703	727
703	750
703	751
703	762
703	770
703	781
703	829
703	846
703	891
703	919
703	928
704	716
704	726
704	757
704	783
704	795
704	946
705	715
705	736
705	765
705	790
705	806
705	886
706	709
706	739
706	760
706	765
706	767
706	772
706	794
706	814
706	821
706	852
706	922
706	930
706	956
706	995
707	711
707	726
707	741
707	780
707	795
707	878
707	901
707	955
707	982
708	728
708	733
708	754
708	802
708	818
708	988
709	732
709	758
709	765
709	782
709	784
709	786
709	795
709	816
709	878
709	980
710	728
710	755
710	756
710	783
710	982
711	714
711	723
711	733
711	741
711	759
711	760
711	778
711	785
711	798
711	925
712	724
712	739
712	782
712	787
713	739
713	753
713	759
713	774
713	789
713	797
713	831
713	891
713	900
713	975
713	981
714	732
714	766
714	776
714	783
714	786
714	931
715	722
715	740
715	763
715	773
715	784
715	799
715	824
715	850
715	948
715	962
715	998
716	736
716	745
716	747
716	755
716	796
716	894
716	912
716	970
716	998
717	718
717	727
717	772
717	774
717	848
717	887
717	923
717	945
717	976
718	725
718	726
718	743
718	788
718	809
718	887
718	908
718	927
718	985
718	998
719	726
719	744
719	753
719	773
719	775
719	781
719	961
720	725
720	758
720	772
720	797
720	955
721	776
721	779
721	799
721	806
721	828
721	885
722	731
722	737
722	759
722	761
722	787
722	797
722	807
722	946
723	733
723	767
723	781
723	785
723	811
723	907
723	927
723	999
724	735
724	751
724	776
724	831
724	847
724	869
724	910
724	979
725	736
725	740
725	743
725	752
725	756
725	773
725	809
725	870
725	916
725	961
726	735
726	834
726	840
726	857
726	910
726	947
726	949
726	953
727	747
727	770
727	780
727	785
727	790
727	793
727	924
728	740
728	750
728	756
728	763
728	779
728	793
728	811
728	838
729	736
729	742
729	801
729	805
729	814
729	834
729	927
729	956
730	732
730	738
730	747
730	771
730	848
730	853
731	746
731	751
731	770
731	783
731	787
731	907
731	978
731	990
732	746
732	788
732	861
733	742
733	768
733	881
734	736
734	937
734	996
735	758
735	783
735	805
735	881
735	884
735	895
735	913
735	940
735	955
735	964
736	749
736	764
736	776
736	793
736	936
736	940
736	959
737	760
737	767
737	783
737	808
737	953
738	742
738	746
738	747
738	748
738	760
738	771
738	780
738	784
738	811
738	846
738	892
738	899
738	914
739	765
739	783
739	794
739	808
739	907
739	957
739	971
740	767
740	779
740	958
741	792
741	803
741	810
741	813
741	969
742	747
742	753
742	758
742	772
742	832
742	894
742	908
742	936
743	779
743	811
743	863
743	890
743	905
744	744
744	751
745	776
745	793
745	868
745	901
745	954
746	769
746	770
746	789
746	847
746	943
747	824
747	840
747	875
747	899
747	907
747	957
748	771
748	818
748	868
748	963
748	966
748	999
749	760
749	962
750	753
750	755
750	772
750	779
750	793
750	798
750	848
750	898
750	920
751	757
751	812
751	952
751	954
752	788
752	795
752	856
752	900
752	972
753	755
753	764
753	767
753	769
753	778
753	794
753	799
753	852
753	920
753	981
754	761
754	784
754	878
755	759
755	760
755	761
755	775
755	797
755	824
755	832
755	905
755	939
755	968
755	995
756	775
756	801
756	804
756	873
756	959
756	978
756	999
757	769
757	786
757	788
757	836
757	891
757	904
758	767
758	780
758	805
758	905
758	998
759	774
759	777
759	784
759	804
759	826
759	874
759	930
760	762
760	782
760	793
760	801
760	871
760	887
760	955
761	774
761	879
761	880
761	890
761	935
761	940
762	799
762	821
762	915
763	764
763	769
763	775
763	785
763	852
763	868
763	875
763	894
763	898
763	917
764	768
764	798
764	902
764	923
764	924
764	927
764	940
765	775
765	781
765	846
765	874
765	923
766	787
766	834
766	838
766	899
767	797
767	903
767	955
767	970
768	774
768	784
768	787
768	835
768	875
768	906
768	915
769	789
769	792
769	832
769	888
769	909
769	996
770	778
770	925
771	773
771	775
771	799
771	820
771	891
772	773
772	785
772	792
772	910
772	951
773	778
773	780
773	784
773	854
773	859
773	869
774	805
774	940
774	973
774	976
774	977
775	781
775	791
775	817
775	848
775	849
775	885
775	896
776	782
776	793
776	847
776	874
776	890
776	937
776	977
777	794
777	804
777	872
778	787
778	794
778	885
778	983
779	789
779	795
779	798
779	815
779	902
779	961
780	785
780	789
780	887
780	908
780	956
781	989
782	782
782	789
782	790
782	797
782	811
782	825
782	853
782	874
782	926
783	879
783	999
784	869
784	888
785	787
785	843
785	961
785	973
786	789
786	793
786	890
786	928
786	963
786	975
787	882
788	909
788	929
788	947
789	949
790	808
790	924
790	928
790	935
791	818
791	826
791	915
792	793
792	820
792	859
792	909
792	931
793	800
793	854
793	912
794	878
794	950
794	971
795	796
795	797
795	828
795	964
795	970
796	854
797	831
797	840
797	852
797	896
797	984
798	806
799	810
799	915
799	940
800	836
800	842
800	872
800	882
800	885
800	894
800	899
801	822
801	831
801	844
801	860
801	869
801	882
802	838
802	860
802	895
802	955
803	807
803	824
803	825
803	856
803	865
803	874
803	893
803	902
804	845
804	851
804	853
804	869
804	889
804	893
804	898
805	806
805	814
805	816
805	842
805	858
805	860
805	895
805	912
805	978
806	817
806	826
806	839
806	842
806	848
806	876
806	877
806	888
806	891
806	914
806	921
807	810
807	855
807	874
807	888
807	949
808	824
808	857
808	859
808	900
808	906
808	943
808	946
808	951
809	832
809	836
809	850
809	867
809	874
809	885
809	887
809	897
809	898
809	899
809	949
809	952
809	987
810	828
810	837
810	873
810	881
810	895
810	963
810	970
810	971
811	831
811	846
811	848
811	855
811	879
811	945
812	827
812	832
812	848
812	857
812	900
812	958
813	819
813	837
813	850
813	856
813	888
813	895
813	904
813	990
813	992
814	847
814	857
814	863
814	869
814	881
814	888
814	935
814	962
815	855
815	857
815	863
815	878
815	890
815	892
816	823
816	826
816	837
816	875
816	878
816	891
816	969
817	830
817	845
817	846
817	849
817	879
817	901
818	830
818	864
818	966
818	975
819	837
819	867
819	882
819	886
819	898
819	925
819	932
820	835
820	842
820	848
820	855
820	863
820	868
820	869
820	891
820	895
820	926
821	830
821	845
821	865
821	874
821	899
821	929
821	978
822	835
822	853
822	930
822	938
822	970
823	827
823	845
823	850
823	852
823	861
823	862
823	871
823	879
823	889
823	891
823	899
823	944
824	824
824	860
824	875
824	882
824	891
824	905
825	896
825	994
826	835
826	841
826	855
826	890
826	948
826	966
826	969
826	984
827	853
827	859
827	917
827	977
828	847
828	865
828	885
828	918
828	930
828	953
828	970
828	972
828	990
829	830
829	871
829	883
829	885
829	886
829	892
830	833
830	836
830	874
830	884
830	886
830	888
830	946
831	849
831	869
831	881
831	928
831	959
831	985
832	832
832	835
832	846
832	881
832	895
833	835
833	861
833	952
833	969
834	859
834	865
834	958
835	848
835	858
835	883
835	915
835	939
836	837
836	878
836	890
836	900
836	918
836	967
837	844
837	863
837	871
837	888
837	909
837	914
837	927
837	929
837	973
838	862
838	885
838	886
838	999
839	883
839	886
839	899
839	935
839	996
840	861
840	884
840	917
840	996
841	880
841	913
842	845
842	850
842	856
842	858
842	896
843	850
843	853
843	856
843	866
843	870
843	898
843	939
843	964
844	853
844	869
845	892
845	971
846	857
846	871
847	849
847	854
847	890
847	946
847	979
847	988
847	997
848	852
848	865
848	866
848	868
848	869
848	875
848	886
848	907
848	910
848	934
849	866
849	872
849	875
849	882
849	978
850	854
850	867
850	871
850	995
851	851
851	853
851	870
851	875
851	890
851	962
851	964
851	980
851	998
852	853
852	867
852	909
852	947
853	871
854	855
854	884
854	902
854	903
854	934
854	945
854	974
855	856
855	864
855	869
855	871
855	874
855	879
855	880
855	889
855	899
856	903
856	905
856	955
856	970
857	858
857	862
857	879
857	885
857	895
857	917
857	980
857	986
858	884
858	934
858	968
858	995
859	891
859	892
859	933
859	943
860	864
860	946
861	887
861	894
861	965
861	991
862	872
862	879
862	893
862	933
862	939
862	943
863	865
863	897
863	903
864	929
864	938
864	961
864	991
865	878
865	888
865	891
866	867
866	918
866	962
867	951
868	877
868	894
869	888
869	894
869	968
870	886
870	963
871	886
872	932
873	925
873	992
874	892
874	898
874	907
876	880
876	888
876	973
877	937
878	879
878	981
878	986
880	896
880	952
881	960
882	891
882	975
883	968
883	980
884	886
884	920
884	942
884	950
884	961
884	969
884	974
885	983
886	894
886	897
886	934
886	935
886	981
886	995
887	889
887	904
888	894
888	899
888	934
888	986
888	994
889	918
889	977
889	984
890	950
891	946
891	989
892	897
892	915
892	984
893	894
893	954
894	913
894	947
895	979
896	898
896	914
899	910
899	963
900	907
900	921
900	933
900	937
900	942
900	961
900	979
900	980
901	934
901	963
902	933
902	954
902	996
903	909
903	913
903	956
903	958
904	948
904	960
904	974
904	983
904	986
905	914
905	928
905	944
905	946
905	950
905	986
906	907
906	932
906	948
906	976
906	990
906	992
907	916
907	919
907	933
907	958
907	962
907	964
908	975
908	976
908	982
908	996
909	940
909	951
909	955
909	960
909	961
909	982
910	927
910	933
910	934
910	975
910	993
911	937
911	982
912	915
912	924
912	953
912	961
912	984
913	942
913	983
913	986
914	931
914	935
914	943
914	948
914	969
914	994
914	998
915	954
915	960
916	990
916	997
917	961
917	975
917	977
918	940
918	943
918	944
918	947
918	964
919	952
919	957
919	966
919	976
919	985
920	924
920	927
920	943
920	955
920	975
920	983
920	994
921	922
921	927
921	934
921	971
921	982
921	990
921	995
922	937
923	933
923	954
923	956
924	942
924	945
925	939
925	954
925	955
925	961
925	999
926	936
926	961
926	967
926	980
927	947
927	968
927	970
927	998
928	965
928	966
928	996
929	937
929	946
929	968
929	973
929	997
930	934
930	964
930	972
930	983
930	991
931	935
931	943
931	948
931	994
932	947
932	968
933	957
933	989
934	934
934	948
934	949
934	951
934	987
934	989
934	990
935	946
935	963
936	968
937	941
937	946
937	951
937	958
937	975
937	979
938	989
939	951
939	956
939	972
940	945
940	954
940	978
940	982
941	989
941	990
942	949
942	955
942	965
942	988
942	994
943	993
944	951
944	975
944	992
945	970
945	984
945	993
945	996
946	961
946	993
946	999
947	994
948	955
948	975
948	979
948	981
948	998
949	955
949	969
950	963
950	966
950	973
950	978
951	953
951	981
951	982
952	965
952	990
952	994
953	955
953	958
953	971
953	999
954	980
954	993
955	975
955	988
956	984
957	974
958	972
958	998
959	986
960	961
960	963
961	993
962	963
962	966
962	986
962	991
962	996
963	986
963	987
964	997
965	972
966	972
966	977
966	983
967	979
967	991
968	976
968	981
968	985
968	988
968	992
970	987
970	999
971	971
971	974
971	977
971	994
972	999
974	986
974	996
976	986
977	986
978	996
980	982
980	998
982	993
982	995
983	991
983	998
984	995
984	997
986	999
987	992
989	993
994	998
995	996
