0	4
0	7
0	34
0	45
0	51
0	57
0	63
0	67
0	72
0	84
0	243
0	282
0	286
0	308
0	413
0	473
0	523
0	554
0	599
0	716
0	905
0	961
1	11
1	29
1	36
1	53
1	55
1	67
1	85
1	87
1	93
1	99
1	169
1	237
1	318
1	468
1	530
1	553
1	557
1	564
1	609
1	705
1	747
1	870
1	873
1	900
1	929
2	8
2	10
2	22
2	37
2	44
2	47
2	54
2	57
2	71
2	72
2	94
2	197
2	309
2	465
2	491
2	632
2	833
3	5
3	15
3	84
3	91
3	170
3	225
3	305
3	322
3	392
3	475
3	505
3	689
3	828
3	868
3	874
3	916
4	6
4	11
4	12
4	16
4	18
4	20
4	25
4	28
4	33
4	37
4	42
4	47
4	53
4	64
4	85
4	94
4	137
4	234
4	325
4	533
4	683
4	794
4	953
5	50
5	55
5	59
5	70
5	73
5	74
5	75
5	78
5	82
5	83
5	90
5	98
5	346
5	366
5	460
5	490
5	550
5	564
5	608
5	704
5	838
5	989
5	995
6	20
6	26
6	30
6	34
6	36
6	39
6	44
6	53
6	58
6	61
6	66
6	70
6	77
6	78
6	84
6	88
6	96
6	103
6	149
6	156
6	192
6	238
6	381
6	416
6	463
6	713
6	848
6	911
6	922
6	967
6	973
7	11
7	22
7	25
7	27
7	40
7	41
7	43
7	61
7	73
7	78
7	98
7	162
7	163
7	289
7	316
7	691
7	899
7	921
7	991
8	11
8	12
8	22
8	39
8	44
8	48
8	53
8	56
8	64
8	70
8	71
8	88
8	93
8	97
8	116
8	130
8	248
8	250
8	312
8	362
8	530
8	654
8	673
8	939
9	18
9	24
9	40
9	46
9	48
9	54
9	58
9	79
9	85
9	92
9	99
9	168
9	218
9	226
9	449
9	461
9	488
9	509
9	515
9	603
9	654
9	675
9	897
10	16
10	23
10	53
10	62
10	71
10	74
10	80
10	81
10	421
10	589
10	823
10	941
10	983
11	58
11	70
11	81
11	83
11	92
11	93
11	97
11	121
11	140
11	187
11	224
11	322
11	590
11	609
11	658
11	771
11	839
11	922
12	17
12	36
12	45
12	55
12	62
12	82
12	108
12	446
12	549
12	655
12	698
12	941
13	30
13	37
13	46
13	49
13	53
13	87
13	99
13	605
13	855
13	906
14	15
14	23
14	35
14	37
14	49
14	62
14	68
14	71
14	72
14	75
14	79
14	91
14	221
14	568
14	872
14	895
14	911
14	949
15	19
15	25
15	50
15	78
15	80
15	89
15	95
15	101
15	354
15	390
15	549
15	561
15	580
15	589
15	823
16	28
16	36
16	37
16	42
16	46
16	55
16	80
16	89
16	95
16	221
16	423
16	575
16	579
16	595
16	646
16	778
16	863
16	924
16	952
17	24
17	30
17	38
17	43
17	104
17	193
17	257
17	269
17	302
17	455
17	463
17	547
17	640
17	701
17	710
17	739
17	808
17	919
18	30
18	39
18	45
18	62
18	69
18	72
18	79
18	120
18	747
18	767
18	779
18	883
18	954
19	24
19	48
19	63
19	65
19	75
19	77
19	85
19	187
19	196
19	268
19	329
19	354
19	509
19	854
19	905
20	27
20	53
20	59
20	60
20	66
20	91
20	107
20	396
20	406
20	427
20	586
20	644
20	719
20	816
20	840
20	859
20	889
20	900
21	22
21	30
21	31
21	33
21	76
21	86
21	123
21	138
21	156
21	216
21	257
21	694
21	788
22	64
22	70
22	75
22	88
22	147
22	250
22	256
22	291
22	412
22	465
22	511
22	531
22	682
22	770
22	804
22	828
23	29
23	40
23	53
23	55
23	65
23	69
23	90
23	96
23	180
23	215
23	227
23	351
23	405
23	415
23	442
23	514
23	557
23	784
23	797
23	844
23	864
23	915
23	992
24	24
24	28
24	34
24	43
24	52
24	57
24	78
24	81
24	88
24	97
24	121
24	139
24	378
24	420
24	438
24	471
24	735
24	863
24	875
24	976
25	26
25	41
25	47
25	50
25	57
25	92
25	382
25	433
25	497
25	723
25	812
26	43
26	75
26	84
26	85
26	154
26	160
26	278
26	312
26	370
26	392
26	464
26	838
26	975
27	28
27	40
27	44
27	62
27	64
27	67
27	71
27	72
27	75
27	80
27	87
27	129
27	214
27	247
27	449
27	481
27	608
27	637
27	716
27	766
27	834
27	904
27	917
28	29
28	30
28	38
28	44
28	52
28	58
28	73
28	77
28	79
28	87
28	93
28	425
28	429
28	520
28	588
28	642
28	670
28	740
28	742
29	38
29	54
29	60
29	72
29	74
29	88
29	89
29	98
29	167
29	280
29	382
29	452
29	505
29	598
29	899
30	48
30	50
30	57
30	88
30	91
30	98
30	111
30	223
30	284
30	403
30	512
30	574
30	685
30	738
30	848
30	871
30	876
31	37
31	66
31	95
31	98
31	118
31	386
31	704
31	843
32	49
32	55
32	62
32	65
32	68
32	83
32	87
32	90
32	99
32	162
32	179
32	306
32	327
32	338
32	382
32	481
32	628
32	770
32	826
32	858
33	36
33	70
33	80
33	88
33	96
33	653
33	756
33	788
33	949
34	34
34	39
34	48
34	60
34	78
34	80
34	97
34	99
34	101
34	108
34	346
34	348
34	362
34	420
34	448
34	484
34	531
34	624
34	677
34	688
34	895
35	38
35	43
35	45
35	46
35	64
35	65
35	84
35	87
35	149
35	227
35	238
35	374
35	410
35	421
35	597
35	943
36	38
36	49
36	61
36	71
36	77
36	99
36	206
36	272
36	313
36	419
36	526
36	665
36	668
36	782
36	889
36	920
37	50
37	65
37	75
37	99
37	303
37	474
37	507
37	552
37	932
37	999
38	40
38	47
38	60
38	71
38	80
38	81
38	90
38	235
38	463
38	567
38	597
38	937
38	981
39	72
39	78
39	84
39	167
39	222
39	248
39	270
39	461
39	468
39	548
39	552
39	605
39	611
39	941
40	40
40	52
40	57
40	59
40	83
40	84
40	87
40	257
40	668
41	52
41	57
41	64
41	68
41	73
41	84
41	85
41	86
41	87
41	90
41	94
41	99
41	110
41	130
41	173
41	273
41	335
41	353
41	436
41	482
41	516
41	559
41	663
41	681
41	907
41	982
42	48
42	51
42	52
42	58
42	61
42	74
42	75
42	85
42	308
42	337
42	395
42	568
42	586
42	638
42	648
42	707
42	765
42	882
43	47
43	55
43	57
43	65
43	68
43	72
43	77
43	174
43	369
43	707
43	737
43	814
43	844
44	45
44	53
44	54
44	78
44	84
44	85
44	88
44	171
44	175
44	224
44	265
44	323
44	333
44	373
44	483
44	485
44	578
44	641
44	778
45	52
45	58
45	68
45	76
45	77
45	80
45	84
45	85
45	87
45	91
45	93
45	124
45	295
45	329
45	567
45	664
45	695
45	723
45	833
46	48
46	63
46	78
46	88
46	548
46	815
46	845
47	65
47	82
47	91
47	95
47	704
47	742
47	964
48	50
48	52
48	59
48	64
48	89
48	180
48	336
48	351
48	509
48	543
48	614
48	668
48	709
48	727
48	737
48	779
48	816
48	864
48	906
48	920
48	946
49	55
49	58
49	66
49	82
49	86
49	90
49	102
49	194
49	205
49	247
49	262
49	344
49	382
49	767
49	923
50	52
50	56
50	60
50	61
50	63
50	82
50	92
50	393
50	435
50	553
50	653
50	800
50	940
50	973
51	61
51	63
51	64
51	80
51	115
51	230
51	382
51	401
51	427
51	655
51	761
51	827
52	66
52	88
52	90
52	161
52	263
52	493
52	592
52	614
52	809
53	62
53	74
53	81
53	88
53	222
53	319
53	328
53	666
53	813
53	896
54	59
54	73
54	76
54	83
54	90
54	111
54	283
54	491
54	510
54	553
54	642
54	701
54	707
54	739
54	819
54	921
55	64
55	67
55	68
55	81
55	95
55	285
55	299
55	331
55	407
55	620
56	57
56	70
56	76
56	85
56	87
56	90
56	217
56	244
56	260
56	304
56	418
56	524
56	721
56	801
56	880
56	885
57	73
57	77
57	78
57	95
57	158
57	227
57	255
57	310
57	338
57	545
57	580
57	604
57	678
57	759
57	874
57	899
58	60
58	63
58	67
58	81
58	85
58	90
58	99
58	165
58	218
58	300
58	632
58	769
58	856
58	867
59	86
59	94
59	136
59	212
59	258
59	275
59	393
59	444
59	504
59	533
59	878
59	922
59	957
59	972
60	60
60	167
60	258
60	414
60	502
60	573
60	589
60	606
60	623
60	824
60	933
61	81
61	136
61	147
61	193
61	201
61	315
61	707
61	760
61	962
62	66
62	67
62	79
62	82
62	83
62	84
62	90
62	92
62	94
62	119
62	142
62	148
62	187
62	286
62	415
62	653
62	799
62	955
63	73
63	76
63	93
63	94
63	96
63	366
63	404
63	518
63	624
63	639
63	746
63	771
63	801
63	831
63	928
63	981
64	73
64	74
64	130
64	185
64	188
64	343
64	357
64	622
64	756
64	920
65	92
65	307
65	333
65	483
65	844
65	983
66	374
66	379
66	481
66	657
66	693
66	801
66	886
66	969
66	979
67	81
67	96
67	114
67	137
67	206
67	300
67	339
67	356
67	521
67	527
67	658
67	704
67	713
67	782
68	75
68	76
68	90
68	98
68	178
68	322
68	777
69	73
69	88
69	263
69	471
69	666
69	703
69	733
69	791
69	872
69	904
69	926
70	73
70	75
70	323
70	568
70	632
70	667
70	780
70	966
70	972
71	81
71	85
71	89
71	91
71	92
71	93
71	341
71	399
71	595
71	707
71	788
71	815
71	846
71	855
71	893
71	923
71	930
72	72
72	91
72	258
72	847
72	942
73	81
73	85
73	89
73	151
73	312
73	348
73	577
73	719
73	887
73	935
73	961
74	83
74	85
74	151
74	211
74	317
74	341
74	356
74	368
74	419
74	462
74	550
74	601
74	663
74	787
74	906
74	909
75	86
75	92
75	429
75	520
75	676
75	796
75	810
75	935
76	90
76	95
76	152
76	247
76	439
76	530
76	550
76	888
76	914
77	78
77	79
77	203
77	290
77	331
77	464
77	538
77	800
77	880
77	908
78	79
78	80
78	82
78	83
78	85
78	98
78	132
78	177
78	205
78	299
78	430
78	451
78	682
78	875
79	85
79	172
79	248
79	464
79	471
79	557
79	610
79	804
79	860
80	99
80	215
80	241
80	473
80	650
80	727
80	763
80	811
80	830
80	912
81	83
81	88
81	102
81	254
81	398
81	411
81	449
81	610
81	675
81	791
82	102
82	180
82	336
82	342
82	512
82	842
82	908
83	91
83	92
83	192
83	240
83	349
83	501
83	529
83	840
83	958
83	972
84	90
84	91
84	185
84	212
84	221
84	242
84	309
84	379
84	428
84	474
84	477
84	511
84	529
84	560
84	594
84	992
85	86
85	111
85	254
85	282
85	597
85	726
85	756
85	775
85	876
86	177
86	734
86	777
86	789
86	824
86	884
86	929
86	978
86	984
87	89
87	96
87	442
87	576
87	600
87	705
88	401
88	574
88	594
88	786
88	814
88	852
88	977
88	991
89	96
89	118
89	305
89	306
89	448
89	467
89	588
89	696
89	751
89	847
89	864
89	929
90	94
90	123
90	164
90	175
90	182
90	359
90	376
90	389
90	468
90	572
90	606
90	795
90	846
90	860
90	898
90	925
90	928
91	92
91	95
91	135
91	466
91	512
91	527
91	646
91	869
91	973
92	230
92	406
92	553
92	661
92	689
92	774
92	805
92	839
93	95
93	162
93	230
93	431
93	445
93	468
93	490
93	776
93	933
93	984
93	991
94	125
94	338
94	558
94	560
94	603
94	665
94	831
94	902
94	972
94	985
95	500
95	603
95	722
95	740
95	765
95	933
95	996
95	999
96	155
96	365
96	484
96	579
96	617
96	686
96	962
97	99
97	210
97	211
97	236
97	437
97	440
97	532
97	574
97	622
97	768
97	888
98	127
98	131
98	220
98	281
98	324
98	326
98	790
99	133
99	208
99	396
99	494
99	698
99	737
99	936
100	108
100	110
100	136
100	144
100	152
100	167
100	173
100	174
100	191
100	199
100	262
100	327
100	439
100	677
100	679
100	694
100	826
100	965
101	114
101	115
101	121
101	138
101	166
101	167
101	184
101	187
101	192
101	237
101	372
101	566
101	576
101	927
102	117
102	118
102	126
102	134
102	161
102	176
102	180
102	183
102	186
102	187
102	228
102	246
102	923
103	111
103	113
103	114
103	124
103	127
103	128
103	135
103	138
103	152
103	153
103	176
103	178
103	186
103	188
103	190
103	191
103	261
103	263
103	267
103	422
103	597
103	660
103	668
103	857
103	892
103	958
103	990
104	115
104	128
104	132
104	141
104	150
104	151
104	164
104	165
104	174
104	176
104	186
104	192
104	195
104	197
104	199
104	210
104	237
104	313
104	471
104	546
104	606
104	634
104	841
104	989
105	112
105	117
105	120
105	122
105	140
105	144
105	168
105	176
105	185
105	186
105	199
105	320
105	359
105	412
105	420
105	486
105	584
105	756
105	797
105	807
105	869
105	936
105	949
105	951
106	121
106	133
106	143
106	171
106	186
106	190
106	199
106	253
106	462
106	466
106	630
106	632
106	704
106	912
106	929
106	972
106	980
107	134
107	183
107	195
107	196
107	201
107	383
107	451
107	590
107	639
107	682
107	746
107	750
107	790
107	869
107	885
107	973
107	997
108	159
108	166
108	172
108	173
108	175
108	180
108	234
108	265
108	272
108	289
108	580
108	701
108	858
108	871
108	999
109	112
109	146
109	148
109	150
109	163
109	165
109	170
109	175
109	190
109	193
109	195
109	216
109	302
109	405
109	447
109	471
109	536
109	569
109	613
109	641
109	785
109	865
110	111
110	116
110	121
110	158
110	160
110	162
110	166
110	168
110	186
110	223
110	294
110	429
110	775
110	886
110	980
111	141
111	145
111	147
111	152
111	160
111	164
111	178
111	188
111	189
111	272
111	305
111	386
111	428
111	544
111	625
111	641
111	661
111	665
111	833
112	121
112	123
112	141
112	146
112	151
112	154
112	160
112	161
112	173
112	187
112	191
112	312
112	384
112	460
112	611
112	753
112	813
112	830
112	879
112	903
112	991
113	164
113	185
113	192
113	199
113	201
113	287
113	480
113	629
113	643
113	648
113	725
113	736
113	894
113	900
114	126
114	127
114	128
114	137
114	146
114	157
114	165
114	179
114	187
114	188
114	197
114	214
114	273
114	305
114	415
114	484
114	542
114	566
114	694
115	123
115	129
115	143
115	150
115	152
115	180
115	189
115	198
115	214
115	535
115	850
115	865
116	120
116	124
116	136
116	138
116	146
116	166
116	169
116	171
116	175
116	193
116	525
116	644
116	654
116	678
116	810
116	913
116	943
117	119
117	131
117	132
117	133
117	135
117	136
117	140
117	158
117	180
117	193
117	195
117	240
117	359
117	378
117	582
117	656
117	910
118	170
118	175
118	183
118	185
118	199
118	397
118	721
119	120
119	131
119	137
119	140
119	158
119	170
119	174
119	180
119	498
119	541
119	680
119	862
119	869
119	901
119	966
120	122
120	124
120	131
120	136
120	140
120	152
120	158
120	171
120	172
120	175
120	179
120	184
120	193
120	196
120	306
120	578
120	848
120	849
120	893
121	127
121	143
121	144
121	148
121	158
121	173
121	174
121	177
121	184
121	192
121	585
121	723
122	134
122	140
122	141
122	155
122	167
122	172
122	176
122	193
122	304
122	396
122	408
122	482
122	660
122	743
122	768
122	868
123	136
123	138
123	141
123	144
123	146
123	147
123	148
123	150
123	162
123	176
123	181
123	182
123	310
123	585
123	605
123	700
123	759
123	867
124	135
124	136
124	141
124	143
124	167
124	171
124	198
124	375
124	519
124	522
124	585
124	586
124	629
124	947
124	949
125	151
125	159
125	174
125	185
125	194
125	321
125	366
125	492
125	589
125	722
125	816
125	860
125	893
125	931
126	138
126	144
126	154
126	155
126	192
126	246
126	249
126	263
126	414
126	456
126	490
126	638
126	651
126	699
126	852
126	897
127	128
127	139
127	147
127	149
127	157
127	158
127	159
127	161
127	168
127	173
127	178
127	189
127	193
127	254
127	464
127	530
127	619
127	804
127	999
128	130
128	131
128	140
128	154
128	157
128	158
128	160
128	165
128	166
128	169
128	174
128	175
128	178
128	186
128	190
128	205
128	291
128	374
128	459
128	460
128	478
128	674
128	716
128	720
128	844
128	920
129	148
129	149
129	190
129	201
129	241
129	256
129	331
129	467
129	470
129	634
129	732
129	860
129	917
130	136
130	167
130	170
130	175
130	185
130	189
130	193
130	209
130	319
130	357
130	828
130	943
130	968
131	131
131	145
131	161
131	169
131	177
131	179
131	184
131	323
131	486
131	533
131	710
131	711
131	770
131	773
131	805
132	142
132	230
132	301
132	374
132	504
132	581
132	594
132	607
132	656
132	690
132	825
132	860
132	870
133	135
133	146
133	147
133	148
133	157
133	170
133	174
133	177
133	181
133	187
133	188
133	483
133	512
133	626
133	649
133	855
134	135
134	139
134	163
134	173
134	189
134	437
134	542
134	737
134	812
134	821
134	822
134	824
134	880
134	963
134	977
135	139
135	145
135	166
135	167
135	181
135	185
135	191
135	373
135	554
135	555
135	659
135	725
135	785
136	137
136	166
136	177
136	190
136	191
136	198
136	207
136	303
136	560
136	582
136	660
136	861
136	926
137	141
137	151
137	152
137	169
137	178
137	179
137	183
137	199
137	260
137	282
137	489
137	540
137	754
137	840
137	917
137	963
138	141
138	180
138	189
138	195
138	239
138	295
138	299
138	407
138	489
138	716
138	749
138	835
138	843
138	948
139	151
139	160
139	166
139	175
139	184
139	195
139	211
139	265
139	329
139	383
139	455
139	642
139	655
139	694
139	709
139	849
139	956
139	959
140	140
140	141
140	160
140	181
140	292
140	425
140	432
140	486
140	520
140	920
141	152
141	162
141	166
141	175
141	176
141	343
141	398
141	429
141	484
141	545
141	600
141	967
142	146
142	150
142	157
142	158
142	163
142	177
142	190
142	192
142	233
142	326
142	330
142	562
142	607
142	851
142	891
142	933
143	152
143	162
143	171
143	173
143	188
143	192
143	206
143	292
143	296
143	525
143	584
143	642
143	716
143	863
143	908
144	148
144	152
144	155
144	159
144	161
144	166
144	178
144	179
144	223
144	329
144	340
144	346
144	582
144	704
144	708
144	999
145	148
145	166
145	178
145	181
145	196
145	450
145	543
145	833
145	959
145	985
146	164
146	183
146	350
146	548
146	552
146	652
146	910
146	925
146	943
146	995
147	148
147	170
147	183
147	186
147	187
147	228
147	344
147	422
147	498
147	552
147	666
147	763
147	793
147	824
147	899
147	959
148	150
148	154
148	158
148	172
148	181
148	190
148	355
148	569
148	689
148	708
148	775
149	154
149	156
149	159
149	165
149	169
149	182
149	194
149	220
149	268
149	283
149	355
149	524
149	547
149	559
149	713
149	847
149	965
150	165
150	182
150	188
150	210
150	230
150	410
150	469
150	801
150	804
150	820
150	931
150	954
151	152
151	153
151	160
151	182
151	294
151	300
151	321
151	335
151	499
151	526
151	558
151	633
151	736
151	830
151	923
151	945
152	152
152	163
152	166
152	196
152	364
152	396
152	440
152	565
152	602
152	712
152	810
153	169
153	172
153	179
153	189
153	496
153	621
153	653
153	946
153	974
154	155
154	179
154	180
154	187
154	189
154	194
154	420
154	424
154	445
154	534
154	654
154	721
154	818
154	876
154	889
154	914
155	156
155	164
155	193
155	194
155	306
155	336
155	364
155	368
155	470
155	505
155	528
155	584
155	586
155	756
155	791
155	842
155	860
155	922
155	926
156	171
156	180
156	181
156	194
156	437
156	452
156	532
156	687
156	718
156	975
157	165
157	167
157	168
157	181
157	198
157	253
157	432
157	490
157	539
157	798
157	990
158	163
158	169
158	173
158	180
158	192
158	198
158	223
158	430
158	609
158	713
158	717
158	900
159	167
159	175
159	181
159	195
159	200
159	249
159	396
159	426
159	442
159	460
159	688
160	160
160	163
160	184
160	198
160	251
160	382
160	483
160	665
160	726
160	756
160	855
160	894
160	945
161	181
161	183
161	186
161	192
161	284
161	316
161	369
161	378
161	502
161	559
161	637
161	827
161	847
161	915
162	174
162	180
162	186
162	196
162	239
162	300
162	303
162	344
162	486
162	778
162	877
162	888
162	931
163	174
163	189
163	293
163	324
163	423
163	437
163	497
163	544
163	677
163	716
163	863
164	173
164	181
164	183
164	300
164	335
164	478
164	533
164	559
164	563
164	572
164	853
164	867
165	173
165	188
165	191
165	197
165	377
165	393
165	451
165	534
165	586
165	755
165	830
165	913
166	169
166	180
166	191
166	199
166	280
166	330
166	440
166	583
166	638
166	785
166	962
167	199
167	243
167	253
167	297
167	428
167	657
167	773
167	829
167	909
167	954
168	197
168	330
168	332
168	350
168	422
168	462
168	511
168	824
168	885
168	917
168	973
168	982
169	170
169	177
169	178
169	182
169	187
169	195
169	234
169	379
169	432
169	599
169	796
169	822
170	170
170	191
170	193
170	195
170	204
170	498
170	538
170	749
171	174
171	178
171	184
171	237
171	243
171	285
171	304
171	327
171	330
171	350
171	555
171	595
171	692
171	749
171	843
171	858
171	885
172	188
172	190
172	304
172	441
172	451
172	462
172	491
172	700
172	780
173	185
173	196
173	198
173	199
173	307
173	398
173	489
173	513
173	644
173	664
173	763
173	817
174	187
174	193
174	197
174	260
174	306
174	387
174	505
174	514
174	572
174	665
175	186
175	298
175	357
175	482
175	590
175	677
175	910
176	189
176	388
176	433
176	580
176	654
176	702
176	782
176	820
177	185
177	191
177	197
177	218
177	355
177	363
177	518
178	182
178	183
178	197
178	198
178	357
178	387
178	464
178	475
178	507
178	587
178	604
178	671
178	764
178	891
178	894
178	943
179	182
179	184
179	185
179	186
179	188
179	289
179	368
179	410
179	500
179	526
179	644
179	822
179	848
179	908
180	182
180	184
180	187
180	192
180	194
180	207
180	225
180	332
180	356
180	447
180	902
181	195
181	357
181	378
181	437
181	557
181	775
181	834
181	954
181	987
182	355
182	523
182	651
182	671
182	698
182	719
182	751
182	777
182	783
182	810
182	829
182	931
183	195
183	348
183	393
183	564
183	744
183	864
183	910
183	972
184	334
184	583
184	598
184	662
184	791
184	867
184	898
184	911
184	932
185	185
185	197
185	234
185	253
185	764
185	784
185	805
185	919
185	988
186	198
186	245
186	269
186	704
186	706
187	191
187	236
187	247
187	296
187	593
187	834
187	898
187	913
188	224
188	231
188	332
188	543
188	942
189	293
189	337
189	495
189	574
189	644
189	666
189	820
189	978
189	981
190	397
190	551
190	796
190	853
191	266
191	599
191	687
191	736
191	895
191	907
192	257
192	482
192	554
192	558
192	788
192	874
192	943
192	946
192	967
192	991
192	998
193	225
193	568
193	624
193	807
193	832
193	884
193	892
193	910
193	982
194	342
194	370
194	524
194	620
194	682
194	739
194	757
194	909
195	196
195	242
195	247
195	276
195	375
195	483
195	521
195	561
195	578
195	605
195	906
195	970
196	326
196	474
196	793
196	825
196	920
196	972
196	992
197	348
197	375
197	644
197	652
198	230
198	279
198	354
198	396
198	410
198	484
198	527
198	572
198	672
198	797
198	863
198	985
199	345
199	454
199	491
199	506
199	669
199	670
199	947
199	995
200	206
200	209
200	214
200	218
200	223
200	239
200	247
200	264
200	294
200	298
200	593
200	639
200	861
200	901
200	957
201	206
201	207
201	222
201	240
201	256
201	257
201	296
201	372
201	563
202	226
202	237
202	238
202	243
202	245
202	248
202	255
202	260
202	264
202	267
202	272
202	276
202	283
202	542
202	636
202	668
202	804
202	816
202	845
202	885
202	933
203	207
203	208
203	216
203	227
203	230
203	237
203	255
203	259
203	271
203	281
203	285
203	311
203	340
203	434
203	466
203	467
203	479
203	499
203	686
203	740
203	807
203	916
203	983
204	210
204	225
204	229
204	231
204	232
204	234
204	249
204	253
204	567
204	789
204	894
204	909
205	260
205	263
205	277
205	278
205	295
205	348
205	426
205	581
205	709
205	726
205	848
205	873
205	892
205	893
205	922
205	942
205	996
206	209
206	210
206	219
206	221
206	226
206	232
206	236
206	248
206	252
206	272
206	282
206	286
206	290
206	291
206	364
206	624
206	743
206	789
206	827
206	876
207	224
207	251
207	258
207	262
207	285
207	418
207	800
207	804
207	836
207	934
207	938
208	219
208	248
208	270
208	287
208	415
208	735
208	777
208	854
208	898
208	926
209	253
209	257
209	259
209	291
209	501
209	506
209	554
209	612
209	613
209	902
210	218
210	231
210	240
210	250
210	279
210	293
210	310
210	313
210	319
210	375
210	422
210	615
210	664
210	783
210	934
210	992
211	223
211	244
211	248
211	250
211	265
211	273
211	276
211	296
211	402
211	473
211	501
211	617
211	651
211	985
212	235
212	253
212	256
212	260
212	265
212	289
212	328
212	573
212	743
212	901
212	930
212	993
213	216
213	219
213	227
213	228
213	231
213	237
213	239
213	255
213	257
213	260
213	267
213	268
213	273
213	275
213	285
213	290
213	297
213	314
213	406
213	482
213	501
213	736
213	938
213	986
214	221
214	231
214	232
214	240
214	250
214	264
214	288
214	291
214	293
214	295
214	472
214	639
214	706
215	225
215	228
215	272
215	276
215	293
215	295
215	332
215	386
215	437
215	507
216	232
216	239
216	246
216	269
216	281
216	287
216	330
216	395
216	589
216	923
217	219
217	223
217	241
217	244
217	259
217	272
217	273
217	275
217	280
217	288
217	296
217	412
217	517
217	525
217	604
217	626
218	225
218	233
218	237
218	278
218	364
218	600
218	841
218	924
218	967
219	228
219	233
219	236
219	238
219	261
219	270
219	271
219	278
219	289
219	306
219	385
219	386
219	417
219	462
219	478
219	580
219	721
219	748
219	806
219	821
220	224
220	237
220	248
220	256
220	270
220	277
220	279
220	637
220	748
220	755
220	793
220	914
221	226
221	236
221	261
221	264
221	271
221	281
221	294
221	351
221	414
221	570
221	756
221	988
222	223
222	225
222	228
222	231
222	244
222	246
222	248
222	254
222	260
222	264
222	284
222	287
222	288
222	293
222	364
222	468
222	484
222	601
222	635
222	732
223	232
223	234
223	261
223	266
223	270
223	281
223	296
223	515
223	526
223	557
223	788
224	232
224	234
224	238
224	241
224	253
224	280
224	292
224	299
224	400
224	474
224	527
224	724
224	930
224	956
225	227
225	255
225	261
225	266
225	267
225	268
225	287
225	289
225	295
225	500
225	515
225	522
225	571
225	658
225	726
225	735
225	759
225	858
226	233
226	235
226	239
226	245
226	256
226	260
226	264
226	282
226	283
226	291
226	342
226	480
226	537
226	583
226	635
226	765
226	830
226	905
226	940
227	240
227	245
227	252
227	262
227	263
227	268
227	278
227	285
227	483
227	906
227	950
228	239
228	263
228	266
228	278
228	292
228	403
228	425
228	496
228	603
228	761
228	780
228	908
228	913
229	234
229	238
229	240
229	251
229	254
229	262
229	323
229	335
229	336
229	346
229	513
229	520
229	608
229	627
229	825
230	241
230	248
230	249
230	251
230	266
230	281
230	283
230	379
230	432
230	439
230	457
230	589
230	680
230	794
230	822
230	846
230	862
230	947
230	965
231	242
231	243
231	256
231	264
231	285
231	294
231	410
231	418
231	435
231	489
231	673
231	716
231	731
231	826
232	241
232	242
232	259
232	261
232	263
232	265
232	279
232	297
232	307
232	374
232	439
232	618
232	682
232	818
232	907
233	251
233	254
233	269
233	276
233	279
233	284
233	295
233	373
233	397
233	477
233	479
233	481
233	590
233	653
233	711
233	972
234	250
234	263
234	273
234	280
234	293
234	298
234	411
234	423
234	473
234	492
234	547
234	572
234	632
234	714
234	724
234	725
234	808
234	819
234	884
235	238
235	243
235	249
235	258
235	273
235	282
235	284
235	340
235	430
235	528
235	571
235	728
235	850
235	896
236	247
236	249
236	256
236	268
236	378
236	473
236	502
236	601
236	759
236	873
237	250
237	251
237	262
237	277
237	286
237	287
237	292
237	299
237	403
237	502
237	529
237	599
237	635
237	709
237	764
237	906
237	965
237	993
238	241
238	246
238	271
238	274
238	279
238	291
238	292
238	299
238	411
238	657
238	716
238	874
238	919
238	937
238	958
239	254
239	292
239	319
239	469
239	596
239	758
239	836
240	240
240	263
240	270
240	282
240	287
240	292
240	295
240	326
240	416
240	480
240	503
240	544
240	775
240	814
240	942
241	251
241	262
241	272
241	283
241	295
241	299
241	379
241	392
241	498
241	732
241	862
241	866
241	867
241	922
242	242
242	243
242	244
242	248
242	279
242	481
242	520
242	642
242	662
242	710
242	890
242	945
243	256
243	261
243	263
243	296
243	299
243	382
243	409
243	526
243	527
243	583
243	791
243	803
243	859
243	870
244	246
244	255
244	276
244	289
244	306
244	587
244	715
244	868
245	247
245	257
245	265
245	278
245	284
245	368
245	378
245	527
245	548
245	616
245	676
245	716
245	867
245	981
246	248
246	256
246	265
246	268
246	276
246	278
246	285
246	286
246	288
246	293
246	482
246	572
246	633
246	652
246	660
246	723
246	726
247	249
247	267
247	276
247	283
247	292
247	328
247	480
247	505
247	515
247	797
247	955
248	248
248	252
248	259
248	272
248	280
248	283
248	285
248	288
248	297
248	308
248	579
248	586
248	692
248	818
248	852
248	938
248	971
249	253
249	256
249	271
249	286
249	288
249	438
249	515
249	881
249	954
250	258
250	259
250	262
250	266
250	285
250	295
250	598
250	608
250	633
250	712
250	898
251	269
251	274
251	284
251	291
251	298
251	299
251	532
251	657
251	901
251	958
252	261
252	262
252	266
252	276
252	279
252	500
252	553
252	803
252	921
252	924
253	258
253	259
253	292
253	301
253	351
253	394
253	499
253	506
253	716
253	979
254	257
254	275
254	279
254	281
254	283
254	291
254	295
254	486
254	569
254	666
254	685
254	719
254	738
255	259
255	264
255	279
255	280
255	286
255	354
255	414
255	797
255	878
256	262
256	264
256	272
256	278
256	329
256	357
256	381
256	414
256	647
256	719
256	963
257	259
257	273
257	280
257	289
257	293
257	403
257	469
257	730
257	851
258	277
258	279
258	280
258	283
258	287
258	299
258	441
258	524
258	869
258	926
258	983
258	999
259	263
259	268
259	269
259	271
259	274
259	276
259	279
259	307
259	331
259	356
259	438
259	491
259	731
259	933
260	273
260	277
260	281
260	282
260	292
260	296
260	300
260	340
260	372
260	424
260	499
260	525
260	711
260	836
260	975
261	267
261	272
261	278
261	279
261	284
261	421
261	520
261	648
261	736
261	841
262	271
262	282
262	289
262	292
262	462
262	526
262	563
262	633
262	827
262	840
262	855
262	968
263	267
263	269
263	273
263	280
263	294
263	302
263	665
263	810
263	934
263	944
264	294
264	314
264	434
264	501
264	683
264	760
264	786
264	882
264	979
265	266
265	271
265	275
265	276
265	293
265	432
265	434
265	491
265	575
265	840
266	268
266	272
266	273
266	279
266	281
266	296
266	299
266	806
267	286
267	399
267	400
267	762
267	829
267	950
268	270
268	271
268	273
268	274
268	291
268	452
268	695
268	719
268	761
268	771
269	270
269	274
269	552
269	595
270	279
270	340
270	407
270	662
270	708
270	711
270	840
270	951
271	275
271	276
271	278
271	294
271	301
271	345
271	386
271	445
271	713
271	792
271	838
271	935
271	963
271	977
272	276
272	280
272	293
272	298
272	343
272	416
272	484
272	630
272	652
272	751
272	857
272	976
273	273
273	281
273	292
273	365
273	422
273	651
273	745
273	787
273	903
273	905
273	946
273	997
274	281
274	284
274	293
274	298
274	300
274	351
274	382
274	790
274	851
274	931
274	963
275	279
275	286
275	477
275	556
275	567
275	627
275	679
275	743
275	806
275	922
275	928
276	281
276	289
276	294
276	296
276	304
276	317
276	369
276	568
276	884
276	917
277	278
277	290
277	293
277	320
277	365
277	412
277	466
277	544
277	607
277	839
277	883
277	887
277	926
278	290
278	291
278	294
278	296
278	297
278	514
278	593
278	629
278	637
278	707
278	774
278	891
278	898
278	905
278	910
278	990
279	289
279	293
279	296
279	744
279	745
280	299
280	361
280	397
280	488
280	723
280	785
280	795
281	281
281	286
281	289
281	297
281	298
281	309
281	340
281	618
281	683
281	700
281	729
282	284
282	298
282	326
282	454
282	920
282	921
283	288
283	295
283	429
283	784
283	900
283	906
283	928
284	290
284	333
284	689
284	813
284	857
284	877
284	966
285	291
285	301
285	308
285	309
285	433
285	547
285	820
285	861
285	929
286	291
286	292
286	293
286	340
286	415
286	797
286	867
286	894
287	289
287	299
287	413
287	468
287	520
287	721
287	833
287	935
287	939
288	293
288	365
288	549
288	602
288	609
288	703
288	723
288	805
288	859
289	338
289	393
289	431
289	669
289	885
289	921
289	933
290	297
290	324
290	354
290	391
290	446
290	464
290	485
290	493
290	499
290	874
290	927
290	959
291	295
291	318
291	408
291	473
291	537
292	297
292	322
292	386
292	506
292	538
293	296
293	325
293	459
293	606
293	623
293	843
293	896
293	921
294	295
294	299
294	513
294	628
294	684
294	863
294	963
295	350
295	366
295	436
295	470
295	503
295	521
295	974
296	316
296	669
296	770
296	774
296	880
296	928
296	983
297	461
297	623
297	685
297	710
297	759
297	807
297	876
297	899
297	914
297	925
298	308
298	327
298	390
298	549
298	708
298	880
298	916
299	442
299	517
299	522
299	878
299	899
299	940
300	318
300	324
300	326
300	381
300	392
300	430
300	512
300	875
301	302
301	323
301	325
301	333
301	340
301	348
301	362
301	369
301	379
301	384
301	389
301	394
301	436
301	530
301	538
301	558
301	559
301	576
301	598
301	693
301	856
301	908
301	990
302	313
302	319
302	343
302	345
302	360
302	382
302	385
302	489
302	612
302	632
302	798
303	312
303	313
303	316
303	317
303	326
303	331
303	336
303	345
303	383
303	400
303	508
303	544
303	574
303	776
303	802
303	916
303	926
304	306
304	324
304	331
304	344
304	349
304	350
304	356
304	359
304	365
304	387
304	388
304	397
304	423
304	685
304	859
304	864
305	343
305	353
305	355
305	367
305	375
305	380
305	383
305	389
305	392
305	481
305	506
305	582
305	585
305	671
305	748
305	755
306	317
306	346
306	351
306	352
306	357
306	369
306	381
306	395
306	399
306	403
306	539
306	574
306	604
306	737
306	741
306	819
306	878
306	907
307	312
307	319
307	336
307	365
307	366
307	380
307	381
307	389
307	390
307	392
307	394
307	546
307	567
307	682
308	312
308	327
308	338
308	346
308	347
308	351
308	357
308	362
308	376
308	382
308	392
308	397
308	418
308	512
308	742
308	849
308	937
308	961
309	318
309	321
309	332
309	333
309	343
309	347
309	355
309	359
309	606
309	698
309	720
309	865
309	872
309	948
310	318
310	330
310	334
310	335
310	339
310	341
310	368
310	377
310	378
310	379
310	386
310	387
310	395
310	396
310	399
310	570
310	636
310	699
310	768
310	841
310	938
310	943
310	949
311	326
311	336
311	340
311	346
311	348
311	354
311	366
311	379
311	387
311	388
311	397
311	399
311	550
311	731
311	779
311	993
311	994
312	313
312	317
312	331
312	349
312	365
312	367
312	381
312	385
312	389
312	393
312	397
312	399
312	416
312	575
312	728
312	784
313	330
313	359
313	368
313	372
313	378
313	380
313	395
313	494
313	535
313	547
313	571
313	578
313	625
313	636
313	825
313	949
313	983
314	319
314	334
314	344
314	353
314	358
314	374
314	381
314	451
314	517
314	845
314	859
315	315
315	316
315	334
315	354
315	368
315	369
315	376
315	381
315	385
315	395
315	438
315	715
316	320
316	323
316	324
316	327
316	355
316	356
316	368
316	377
316	388
316	396
316	679
316	730
316	762
317	333
317	343
317	344
317	346
317	353
317	362
317	371
317	373
317	378
317	383
317	392
317	397
317	451
317	492
317	549
317	716
318	325
318	331
318	333
318	340
318	354
318	366
318	369
318	382
318	384
318	390
318	394
318	433
318	801
318	996
319	348
319	352
319	363
319	385
319	387
319	388
319	391
319	851
320	324
320	326
320	338
320	360
320	367
320	368
320	378
320	382
320	393
320	407
320	426
320	506
320	527
320	616
320	776
320	846
320	857
321	326
321	342
321	361
321	362
321	365
321	372
321	384
321	389
321	390
321	392
321	475
321	538
321	859
322	330
322	332
322	339
322	347
322	348
322	395
322	440
322	443
322	493
322	510
322	566
322	707
322	751
322	753
322	818
322	875
322	923
323	324
323	325
323	340
323	341
323	370
323	380
323	387
323	389
323	560
323	713
323	723
323	826
323	973
324	327
324	332
324	342
324	368
324	379
324	398
324	580
324	613
324	896
324	937
324	946
325	337
325	339
325	341
325	375
325	383
325	385
325	429
325	432
325	585
325	590
325	779
325	864
325	960
325	989
326	327
326	332
326	347
326	359
326	372
326	392
326	417
326	418
326	566
326	649
326	725
326	746
326	792
327	328
327	329
327	345
327	353
327	386
327	387
327	391
327	410
327	415
327	435
327	535
327	766
327	803
327	905
328	348
328	353
328	355
328	366
328	369
328	370
328	376
328	386
328	387
328	394
328	395
328	557
328	569
328	598
328	603
328	644
328	665
328	816
329	342
329	372
329	381
329	508
329	812
329	860
329	993
330	334
330	335
330	364
330	377
330	410
330	446
330	601
330	754
330	776
330	893
330	991
331	359
331	440
331	629
331	680
331	704
331	945
332	335
332	339
332	354
332	358
332	362
332	365
332	381
332	396
332	605
332	727
332	805
332	840
333	340
333	346
333	360
333	363
333	365
333	373
333	378
333	489
333	509
333	579
333	878
333	915
333	922
333	982
334	340
334	361
334	385
334	393
334	410
334	467
334	521
334	569
334	624
334	668
334	819
334	870
334	919
335	345
335	346
335	352
335	355
335	363
335	379
335	385
335	394
335	409
335	438
335	576
335	638
335	719
335	768
335	823
335	840
335	859
336	356
336	360
336	367
336	379
336	390
336	392
336	394
336	397
336	406
336	528
336	632
336	892
336	979
337	342
337	370
337	375
337	388
337	389
337	420
337	619
337	684
337	714
337	717
337	719
337	938
338	341
338	344
338	350
338	357
338	361
338	376
338	381
338	383
338	384
338	388
338	438
338	602
338	815
338	951
338	964
338	965
338	975
338	995
339	346
339	352
339	364
339	376
339	537
339	635
340	354
340	358
340	370
340	374
340	390
340	399
340	465
340	540
340	548
340	607
341	357
341	360
341	371
341	377
341	378
341	591
341	749
342	378
342	382
342	384
342	394
342	869
343	345
343	346
343	353
343	376
343	379
343	434
343	452
343	617
343	751
343	899
343	953
344	352
344	361
344	368
344	370
344	372
344	378
344	392
344	412
344	482
344	662
344	679
344	743
344	786
344	959
345	355
345	358
345	367
345	370
345	380
345	409
345	571
345	621
345	681
345	741
345	760
345	793
345	858
345	890
346	350
346	351
346	372
346	381
346	385
346	395
346	398
346	399
346	464
346	579
346	614
346	694
346	714
346	873
346	958
347	348
347	358
347	387
347	393
347	396
347	398
347	427
347	628
348	349
348	364
348	370
348	393
348	509
348	528
348	629
348	654
348	860
348	923
349	361
349	364
349	376
349	384
349	526
349	531
349	602
349	744
349	853
350	364
350	370
350	383
350	390
350	391
350	393
350	483
350	615
350	720
350	778
350	779
350	806
350	887
351	360
351	365
351	375
351	383
351	387
351	478
351	667
351	813
351	973
352	362
352	368
352	391
352	393
352	432
352	497
352	580
352	661
352	663
352	688
352	721
352	729
352	845
353	368
353	374
353	375
353	392
353	707
353	980
354	371
354	375
354	382
354	389
354	435
354	611
354	622
354	719
354	738
354	871
354	919
354	997
355	362
355	381
355	387
355	522
355	572
355	714
355	779
355	855
355	875
355	899
355	901
356	368
356	375
356	380
356	416
356	556
356	604
356	673
356	706
356	890
357	369
357	371
357	381
357	383
357	393
357	542
357	698
357	807
357	837
358	388
358	397
358	435
358	504
358	753
358	761
358	840
358	862
358	909
358	928
358	958
358	992
359	381
359	397
359	398
359	540
359	557
359	587
359	762
359	816
359	845
359	856
360	365
360	379
360	384
360	396
360	443
360	558
360	720
360	790
360	912
361	363
361	374
361	382
361	392
361	670
362	370
362	373
362	375
362	466
362	774
362	800
363	372
363	374
363	376
363	390
363	480
363	482
363	503
363	850
363	908
364	366
364	369
364	370
364	384
364	395
364	399
364	442
364	673
364	825
365	370
365	373
365	376
365	384
365	437
365	454
365	638
365	804
365	911
365	944
366	389
366	489
366	521
366	529
366	785
367	371
367	381
367	397
367	444
367	478
367	521
367	630
367	983
368	369
368	375
368	381
368	623
368	859
368	891
368	899
368	900
368	916
368	925
369	377
369	382
369	385
369	393
369	469
369	480
369	613
369	638
369	672
369	713
369	787
369	856
369	889
369	923
369	934
370	371
370	373
370	384
370	386
370	387
370	510
370	607
370	635
370	747
370	795
371	376
371	502
371	799
371	840
371	882
371	994
372	381
372	450
372	467
372	514
372	615
372	764
372	809
372	864
373	383
373	390
373	558
373	845
373	948
374	384
374	395
374	495
374	607
374	781
375	381
375	383
375	437
375	528
375	540
375	587
375	742
375	778
375	826
375	975
376	387
376	388
376	389
376	395
376	399
376	424
376	446
376	450
376	632
376	856
376	922
376	944
377	484
377	550
377	623
377	658
377	977
378	382
378	387
378	441
378	657
378	712
378	834
378	909
378	955
378	990
379	381
379	385
379	389
379	394
379	475
379	492
379	520
379	629
379	781
379	790
379	818
379	887
379	895
379	919
379	960
380	396
380	456
380	494
380	523
380	724
380	839
380	846
380	859
380	890
380	963
380	979
381	388
381	492
381	704
381	747
381	912
382	392
382	393
382	549
382	717
382	778
382	872
382	892
382	929
382	957
383	448
383	762
383	879
384	388
384	392
384	405
384	432
384	475
384	505
384	580
384	597
384	820
384	915
384	959
385	399
385	497
385	660
385	761
385	927
386	387
386	395
386	486
386	659
386	720
386	733
386	839
387	392
387	586
387	640
387	802
387	812
387	978
388	469
388	594
388	619
388	794
388	821
388	872
389	537
389	554
389	627
389	763
389	765
389	842
390	391
390	479
390	627
390	667
390	750
390	766
390	932
390	937
391	405
391	532
391	550
391	597
391	609
391	647
391	713
391	975
392	399
392	401
392	575
392	599
392	668
392	736
392	842
392	861
393	399
393	497
393	509
393	519
393	524
393	526
393	563
393	645
393	932
393	997
394	397
394	406
394	810
394	838
395	447
395	590
395	729
395	866
396	471
396	561
396	651
396	839
396	909
396	923
396	944
396	953
396	994
396	997
397	569
397	597
397	686
397	725
397	766
397	880
397	982
398	418
398	447
398	449
398	479
398	697
399	507
399	621
399	711
399	866
399	870
400	419
400	422
400	445
400	454
400	459
400	483
400	490
400	492
400	549
400	717
400	771
401	406
401	427
401	440
401	443
401	462
401	470
401	475
401	478
401	481
401	484
401	488
401	526
401	757
401	784
401	829
402	406
402	407
402	424
402	436
402	447
402	456
402	470
402	473
402	476
402	481
402	484
402	495
402	675
402	853
403	437
403	441
403	480
403	483
403	596
403	602
403	966
403	981
404	415
404	417
404	421
404	425
404	436
404	445
404	446
404	474
404	481
404	485
404	487
404	490
404	499
404	613
404	638
404	707
404	814
404	816
404	884
405	405
405	408
405	423
405	454
405	457
405	480
405	483
405	485
405	491
405	602
405	630
405	875
405	911
405	947
405	994
406	431
406	434
406	437
406	442
406	448
406	455
406	458
406	473
406	491
406	499
406	572
406	608
406	668
406	815
406	822
407	409
407	437
407	448
407	473
407	498
407	581
407	611
407	680
407	773
408	414
408	428
408	436
408	446
408	453
408	469
408	472
408	488
408	704
408	756
408	870
408	903
408	938
409	430
409	439
409	443
409	449
409	458
409	461
409	528
409	667
409	746
409	815
409	880
409	969
410	411
410	416
410	420
410	424
410	425
410	426
410	427
410	435
410	443
410	445
410	452
410	471
410	484
410	486
410	488
410	546
410	733
410	838
410	853
411	425
411	436
411	445
411	447
411	450
411	453
411	456
411	485
411	489
411	609
411	698
411	745
411	766
411	790
411	850
411	939
412	429
412	438
412	440
412	445
412	451
412	452
412	459
412	460
412	466
412	468
412	478
412	640
412	642
412	960
413	428
413	431
413	433
413	438
413	440
413	470
413	479
413	480
413	580
413	868
413	894
413	995
414	489
414	490
414	492
414	514
414	540
414	548
414	709
414	955
414	986
415	433
415	450
415	451
415	452
415	469
415	485
415	490
415	496
415	544
415	692
415	795
415	817
415	885
415	901
415	906
415	936
416	435
416	437
416	439
416	449
416	457
416	499
416	507
416	692
416	805
416	852
416	940
417	417
417	420
417	424
417	427
417	448
417	455
417	470
417	474
417	478
417	489
417	498
417	627
417	639
417	683
417	845
417	941
418	421
418	424
418	429
418	435
418	436
418	441
418	443
418	446
418	450
418	457
418	472
418	508
418	543
418	556
418	593
418	700
418	729
418	839
418	923
418	958
419	428
419	432
419	433
419	435
419	449
419	461
419	486
419	497
419	528
419	566
419	883
419	947
419	948
419	997
420	437
420	453
420	458
420	462
420	470
420	475
420	485
420	497
420	636
420	642
420	704
420	739
420	811
420	859
420	907
420	910
420	918
420	983
421	422
421	431
421	443
421	445
421	449
421	460
421	476
421	485
421	486
421	492
421	499
421	505
421	604
421	608
421	874
421	955
421	987
422	427
422	432
422	435
422	442
422	443
422	453
422	464
422	470
422	474
422	475
422	565
422	587
422	745
422	906
422	955
422	970
423	428
423	444
423	447
423	448
423	469
423	491
423	631
423	736
423	865
423	873
423	882
424	438
424	445
424	462
424	463
424	465
424	483
424	491
424	493
424	496
424	513
424	516
424	828
424	844
425	455
425	470
425	472
425	473
425	474
425	475
425	477
425	482
425	487
425	499
425	512
425	823
426	430
426	433
426	437
426	451
426	475
426	476
426	485
426	522
426	686
426	868
426	870
426	874
426	923
427	442
427	446
427	447
427	469
427	472
427	478
427	479
427	600
427	606
427	608
427	615
427	679
427	930
427	937
427	952
428	450
428	456
428	476
428	488
428	492
428	498
428	831
428	963
429	432
429	438
429	447
429	449
429	461
429	477
429	482
429	571
429	715
430	431
430	477
430	483
430	491
430	493
430	497
430	721
430	724
430	843
430	853
430	862
430	866
430	902
430	963
431	433
431	437
431	438
431	448
431	477
431	489
431	495
431	496
431	539
432	448
432	478
432	481
432	487
432	490
432	495
432	746
432	808
432	983
432	997
433	447
433	452
433	462
433	474
433	484
433	494
433	495
433	517
433	575
433	577
433	580
433	638
433	658
433	868
434	437
434	445
434	453
434	468
434	479
434	515
434	552
434	613
434	747
434	835
434	936
435	435
435	448
435	453
435	459
435	481
435	485
435	489
435	502
435	540
435	637
435	651
435	950
435	989
435	994
436	438
436	444
436	448
436	461
436	490
436	492
436	497
436	602
436	662
436	737
436	872
436	946
436	948
436	978
437	442
437	443
437	447
437	450
437	452
437	462
437	480
437	486
437	493
437	544
437	563
437	676
438	439
438	444
438	452
438	458
438	499
438	532
438	655
438	737
438	800
438	991
438	999
439	445
439	460
439	464
439	468
439	470
439	481
439	488
439	542
439	825
439	924
440	450
440	462
440	472
440	494
440	573
440	683
440	685
440	848
441	451
441	455
441	456
441	468
441	485
441	487
441	531
441	713
441	760
441	897
441	912
441	938
442	443
442	450
442	458
442	462
442	468
442	469
442	473
442	480
442	494
442	495
442	541
442	759
442	859
442	864
442	916
442	996
443	445
443	448
443	457
443	471
443	490
443	493
443	670
443	707
443	775
443	809
443	853
443	960
444	449
444	455
444	468
444	472
444	473
444	480
444	489
444	541
444	667
444	685
444	790
444	837
444	867
444	871
444	888
444	915
444	930
444	968
445	447
445	457
445	463
445	474
445	510
445	512
445	704
445	753
445	800
445	807
445	845
446	449
446	451
446	472
446	493
446	512
446	565
446	711
446	741
446	853
446	961
446	979
447	456
447	458
447	460
447	485
448	450
448	567
448	619
448	713
448	794
448	951
449	457
449	483
449	493
449	587
450	450
450	458
450	460
450	462
450	472
450	483
450	486
450	654
450	690
450	717
450	734
450	786
450	843
450	900
450	917
451	460
451	484
451	486
451	490
451	494
451	498
451	630
451	725
451	811
452	456
452	465
452	469
452	473
452	480
452	486
452	520
452	533
452	548
452	585
452	775
452	819
452	975
452	984
453	455
453	461
453	468
453	476
453	481
453	493
453	540
453	575
453	927
453	930
453	982
453	990
454	467
454	490
454	498
454	582
454	591
454	684
454	760
454	824
454	830
454	867
454	996
455	455
455	479
455	485
455	573
455	689
455	735
455	759
455	898
455	962
455	995
456	470
456	477
456	486
456	490
456	491
456	492
456	496
456	598
456	738
456	813
456	899
456	983
457	457
457	477
457	484
457	498
457	499
457	529
457	844
458	459
458	460
458	469
458	480
458	494
458	496
458	575
458	663
458	759
458	916
459	462
459	486
459	494
459	541
459	567
459	696
459	719
459	743
459	794
459	987
460	482
460	483
460	488
460	490
460	502
460	550
460	584
460	601
460	622
460	695
460	765
460	786
460	842
460	888
461	463
461	477
461	478
461	489
461	493
461	622
461	655
461	690
461	752
461	945
461	984
462	473
462	477
462	490
462	493
462	494
462	497
462	698
462	878
463	471
463	475
463	490
463	499
463	729
463	840
463	867
463	976
464	472
464	474
464	486
464	521
464	560
464	571
464	778
464	965
465	466
465	477
465	509
465	600
465	733
465	772
465	792
465	931
466	482
466	496
466	735
466	964
466	972
467	473
467	476
467	482
467	491
467	495
467	499
467	610
467	612
467	695
467	845
467	906
468	483
468	484
468	525
468	583
468	595
468	604
468	690
468	733
468	758
468	918
469	479
469	527
469	573
469	748
469	800
470	478
470	484
470	565
470	672
470	699
470	880
471	482
471	491
471	499
471	532
471	584
471	646
472	479
472	481
472	507
472	610
472	668
472	710
472	769
472	789
472	802
473	483
473	492
473	567
473	596
473	665
473	680
473	780
473	922
474	479
474	488
474	490
474	494
474	496
474	499
474	526
474	534
474	541
474	720
474	850
475	478
475	515
475	747
475	754
475	891
475	910
475	992
476	496
476	597
476	616
476	640
476	673
476	912
476	959
476	992
477	479
477	496
477	499
477	505
477	805
478	486
478	550
478	573
478	632
478	647
478	681
478	708
478	787
478	912
478	931
478	937
479	655
479	659
479	671
479	689
479	967
480	493
480	499
480	530
480	590
480	593
480	691
480	778
480	833
481	484
481	485
481	501
481	603
481	640
481	763
481	849
481	864
481	950
482	584
482	735
482	903
482	960
483	486
483	741
483	742
483	990
484	499
484	565
484	667
484	771
484	949
485	665
485	670
485	698
485	726
486	489
486	490
486	505
486	525
486	626
486	679
486	755
486	865
487	496
487	626
487	694
487	810
487	941
487	951
487	990
488	492
488	607
488	645
488	758
488	819
488	893
489	604
489	617
489	712
489	769
489	812
489	840
489	858
490	495
490	497
490	499
490	523
490	569
490	783
490	798
490	926
491	573
491	670
491	770
491	781
491	814
492	720
492	793
492	950
492	972
493	499
493	859
493	939
494	497
494	514
494	627
494	646
494	723
494	970
495	771
495	928
495	981
496	634
496	676
496	698
496	893
496	952
497	497
497	526
497	784
497	803
497	857
497	939
497	948
497	964
498	796
498	800
498	991
499	544
499	583
499	643
499	653
499	803
499	911
499	971
499	995
500	527
500	539
500	541
500	550
500	561
500	571
500	579
500	585
500	589
500	593
500	601
500	731
500	739
500	746
500	778
500	841
500	847
501	503
501	533
501	545
501	546
501	557
501	563
501	564
501	585
501	586
501	589
501	590
501	591
501	593
501	644
501	766
501	917
502	506
502	516
502	523
502	537
502	542
502	544
502	548
502	553
502	556
502	561
502	565
502	580
502	589
502	595
502	777
502	846
503	507
503	521
503	524
503	527
503	530
503	546
503	547
503	559
503	598
503	843
503	880
504	510
504	515
504	517
504	519
504	556
504	563
504	568
504	588
504	720
504	864
504	937
505	505
505	515
505	536
505	557
505	559
505	562
505	563
505	575
505	587
505	590
505	594
505	753
505	959
506	514
506	525
506	536
506	541
506	544
506	578
506	593
506	781
506	835
506	852
506	886
506	958
506	985
507	519
507	534
507	538
507	539
507	550
507	587
507	592
507	715
508	514
508	524
508	536
508	540
508	543
508	544
508	546
508	547
508	549
508	557
508	569
508	576
508	577
508	581
508	592
508	594
508	754
508	846
508	883
509	512
509	513
509	520
509	525
509	531
509	532
509	539
509	540
509	541
509	544
509	545
509	546
509	558
509	562
509	571
509	572
509	583
509	585
509	586
509	644
509	742
509	933
510	517
510	518
510	532
510	538
510	547
510	552
510	567
510	569
510	576
510	586
510	618
510	659
510	683
510	741
510	749
510	775
510	786
510	790
510	847
510	943
511	516
511	520
511	524
511	548
511	562
511	584
511	944
511	974
511	989
512	516
512	542
512	549
512	560
512	567
512	576
512	578
512	585
512	588
512	590
512	591
512	592
512	598
512	781
512	788
512	828
512	886
513	532
513	543
513	544
513	548
513	567
513	568
513	579
513	587
513	590
513	596
513	606
513	623
513	637
513	644
513	687
513	714
514	515
514	517
514	527
514	528
514	533
514	538
514	540
514	551
514	557
514	563
514	564
514	573
514	580
514	587
514	765
514	856
514	947
515	517
515	537
515	542
515	549
515	575
515	576
515	580
515	590
515	593
515	814
515	971
515	974
516	517
516	519
516	522
516	541
516	543
516	545
516	557
516	562
516	574
516	576
516	579
516	582
516	588
516	667
516	794
516	831
516	941
517	519
517	524
517	568
517	583
517	590
517	597
517	610
517	937
517	949
517	974
518	523
518	530
518	535
518	536
518	537
518	551
518	560
518	574
518	597
518	598
518	610
518	687
518	888
518	894
518	993
519	539
519	570
519	576
519	581
519	586
519	593
519	598
519	968
519	993
520	522
520	552
520	559
520	561
520	565
520	569
520	579
520	580
520	904
520	937
521	526
521	527
521	542
521	545
521	550
521	552
521	557
521	559
521	566
521	569
521	591
521	974
522	532
522	551
522	552
522	553
522	591
522	593
522	666
522	759
522	794
522	798
522	892
522	932
523	540
523	542
523	544
523	555
523	569
523	577
523	579
523	580
523	582
523	584
523	589
523	675
523	793
523	798
523	854
524	543
524	586
524	598
524	604
524	659
524	843
524	991
525	535
525	537
525	564
525	565
525	579
525	588
525	591
525	665
525	690
526	529
526	589
526	597
526	598
526	745
526	879
526	943
526	985
527	535
527	546
527	547
527	551
527	553
527	559
527	592
527	605
527	855
527	865
527	898
527	925
528	542
528	549
528	560
528	564
528	586
528	595
528	597
528	746
528	898
528	990
529	545
529	563
529	582
529	587
529	666
529	716
529	900
529	965
530	535
530	541
530	556
530	562
530	577
530	933
530	998
531	563
531	567
531	568
531	569
531	577
531	581
531	585
531	588
531	593
531	606
532	549
532	569
532	577
532	588
532	637
532	648
532	789
532	807
532	841
532	862
532	882
532	888
532	905
532	988
533	534
533	546
533	554
533	556
533	562
533	573
533	577
533	598
533	616
533	653
533	942
534	537
534	540
534	576
534	577
534	592
534	596
534	599
534	677
534	750
534	925
535	552
535	554
535	559
535	563
535	564
535	573
535	581
535	601
535	625
535	658
535	739
535	758
535	938
535	996
536	551
536	555
536	560
536	567
536	581
536	587
536	589
536	595
536	605
536	624
536	759
536	881
536	912
537	541
537	552
537	555
537	562
537	563
537	572
537	579
537	591
537	750
537	899
538	544
538	550
538	552
538	559
538	564
538	568
538	580
538	582
538	586
538	785
538	806
538	866
539	540
539	544
539	551
539	558
539	562
539	593
539	643
539	731
539	751
539	880
540	546
540	549
540	552
540	559
540	561
540	567
540	570
540	571
540	572
540	586
540	747
540	779
540	820
540	860
540	870
540	891
541	548
541	550
541	559
541	560
541	565
541	566
541	567
541	570
541	585
541	589
541	816
541	869
541	996
541	997
542	543
542	565
542	587
542	594
542	598
542	599
542	770
542	788
542	790
542	811
542	935
543	558
543	560
543	561
543	565
543	571
543	577
543	582
543	598
543	680
543	773
543	780
543	800
543	945
544	544
544	551
544	579
544	616
544	637
544	743
544	747
544	797
545	551
545	567
545	583
545	591
545	594
545	595
545	984
546	558
546	569
546	572
546	573
546	581
546	583
546	589
546	593
546	614
546	652
546	773
546	781
546	953
547	554
547	559
547	565
547	586
547	587
547	598
547	768
547	823
548	550
548	551
548	558
548	564
548	567
548	578
548	582
548	675
548	696
548	702
548	844
548	975
548	987
549	556
549	561
549	565
549	566
549	567
549	569
549	575
549	579
549	580
549	590
549	694
549	697
549	703
549	788
549	858
550	556
550	566
550	570
550	573
550	578
550	584
550	593
550	594
550	677
550	935
550	947
550	988
551	554
551	566
551	572
551	574
551	584
551	586
551	589
551	639
551	644
551	762
551	865
551	896
551	950
551	975
551	993
552	563
552	584
552	586
552	853
552	928
552	946
552	951
552	964
552	968
553	555
553	566
553	573
553	574
553	586
553	645
553	755
553	765
553	970
553	996
554	556
554	575
554	588
554	642
554	689
554	768
554	785
554	805
554	954
555	571
555	580
555	587
555	588
555	606
555	737
555	811
555	815
555	846
555	998
556	570
556	580
556	587
556	813
556	829
556	844
556	924
557	559
557	573
557	577
557	586
557	591
557	593
557	631
557	747
557	766
557	795
557	889
557	977
558	564
558	567
558	587
558	602
558	763
558	816
558	952
558	993
559	560
559	564
559	569
559	576
559	578
559	580
559	587
559	589
559	599
559	733
559	751
559	826
559	881
559	923
559	951
560	579
560	594
560	598
560	757
560	841
561	564
561	574
561	577
561	589
561	592
561	593
561	599
561	647
561	698
561	712
561	805
561	841
561	969
562	585
562	598
562	725
562	739
562	878
563	684
563	715
563	839
563	840
563	859
563	876
564	577
564	683
564	720
564	761
564	980
565	569
565	571
565	577
565	588
565	593
565	635
565	888
565	911
566	575
566	594
566	664
566	730
566	846
567	575
567	577
567	596
567	597
567	598
567	644
567	652
567	658
567	688
568	570
568	575
568	576
568	580
568	582
568	588
568	737
568	787
568	926
569	577
569	589
569	590
569	592
569	593
569	767
569	896
569	923
570	571
570	574
570	583
570	638
570	859
570	928
571	572
571	581
571	596
571	597
571	618
571	840
571	853
571	969
572	590
572	659
572	670
572	712
572	860
573	576
573	581
573	594
573	662
573	822
573	855
573	860
573	877
573	882
573	959
574	576
574	590
574	598
574	765
574	838
574	951
574	986
575	579
575	586
575	588
575	592
575	711
575	778
575	855
575	872
575	976
576	579
576	589
576	623
576	841
576	843
576	855
576	880
576	938
576	954
577	578
577	579
577	585
577	589
577	637
577	692
577	740
577	764
577	845
578	699
578	710
578	741
578	756
578	778
578	927
579	588
579	623
579	650
579	704
580	593
580	719
580	790
580	873
581	583
581	585
581	596
581	625
581	649
581	941
582	595
582	798
582	853
583	584
583	588
583	597
583	626
583	779
583	873
583	988
584	595
584	597
584	673
585	591
585	598
585	923
586	588
586	592
586	594
586	596
586	716
586	719
586	778
586	810
586	840
586	930
587	592
587	805
587	840
587	863
587	956
588	781
588	797
588	842
588	860
588	867
588	946
589	823
589	829
590	591
590	592
590	780
590	804
591	598
591	612
591	745
591	864
591	964
591	981
592	597
592	626
592	687
592	702
592	725
592	883
593	599
593	608
593	738
593	776
593	980
594	618
594	688
594	703
594	710
594	753
594	775
594	879
594	978
595	619
595	624
595	639
595	700
595	813
596	673
596	707
596	904
597	668
597	711
597	963
597	986
598	783
598	881
598	984
599	712
599	812
599	847
600	616
600	622
600	625
600	649
600	655
600	665
600	669
600	693
600	694
600	745
600	827
600	909
600	966
601	602
601	613
601	624
601	636
601	641
601	645
601	669
601	680
601	692
601	699
601	710
601	740
601	786
601	789
601	831
601	959
602	602
602	603
602	617
602	633
602	636
602	655
602	668
602	675
602	687
602	697
602	815
602	927
603	619
603	636
603	641
603	642
603	657
603	660
603	668
603	811
603	958
604	616
604	621
604	624
604	675
604	696
604	698
604	813
604	828
604	852
604	860
605	620
605	628
605	655
605	658
605	690
605	759
605	834
605	859
605	910
605	987
605	995
606	617
606	619
606	635
606	682
606	683
606	688
606	690
606	808
606	850
606	883
607	632
607	639
607	641
607	656
607	662
607	671
607	687
607	950
608	611
608	620
608	629
608	635
608	640
608	653
608	654
608	664
608	667
608	755
608	771
608	870
608	885
608	914
608	955
609	609
609	618
609	619
609	624
609	629
609	646
609	652
609	653
609	656
609	672
609	676
609	726
610	634
610	635
610	636
610	649
610	654
610	660
610	680
610	688
610	695
610	697
610	721
610	777
610	779
610	812
610	983
611	615
611	639
611	663
611	673
611	801
611	808
611	874
611	886
611	946
612	615
612	631
612	651
612	662
612	663
612	666
612	679
612	680
612	692
612	882
612	992
613	621
613	624
613	625
613	640
613	646
613	650
613	661
613	682
613	683
613	689
613	697
613	854
613	971
614	616
614	620
614	635
614	654
614	660
614	661
614	664
614	667
614	668
614	694
614	833
614	879
615	619
615	623
615	637
615	647
615	666
615	674
615	675
615	684
615	694
615	699
615	743
616	619
616	624
616	645
616	649
616	674
616	677
616	696
617	625
617	634
617	642
617	654
617	662
617	674
617	682
617	692
617	698
617	754
618	633
618	654
618	669
618	685
618	686
618	691
619	621
619	622
619	640
619	642
619	646
619	655
619	682
619	690
619	695
619	761
620	636
620	638
620	657
620	672
620	674
620	675
620	679
620	681
620	696
620	785
621	642
621	646
621	655
621	674
621	678
621	687
621	689
621	762
621	763
621	916
622	627
622	666
622	677
622	687
622	688
622	714
622	857
622	860
622	863
622	872
622	885
622	913
622	923
623	629
623	644
623	651
623	672
623	674
623	675
623	801
623	870
624	636
624	646
624	656
624	658
624	664
624	668
624	677
624	680
624	692
624	739
624	772
624	776
624	818
624	895
625	634
625	655
625	671
625	677
625	688
625	698
625	768
625	943
625	956
625	987
626	631
626	639
626	665
626	687
626	692
626	693
626	697
626	835
626	969
627	633
627	664
627	670
627	672
627	675
627	687
627	692
627	824
628	631
628	632
628	634
628	646
628	647
628	655
628	661
628	662
628	663
628	670
628	671
628	678
628	696
628	699
628	869
629	636
629	638
629	643
629	645
629	667
629	669
629	688
629	690
629	695
629	698
629	743
629	818
629	849
629	999
630	633
630	649
630	651
630	672
630	679
630	691
630	696
630	783
631	654
631	663
631	676
631	680
631	683
631	687
631	690
631	695
631	696
631	699
631	774
631	802
631	852
632	632
632	646
632	650
632	664
632	678
632	693
632	738
632	783
632	855
632	928
633	635
633	640
633	692
633	742
633	746
633	751
633	804
633	853
634	636
634	639
634	641
634	643
634	649
634	658
634	660
634	661
634	702
634	849
634	856
634	910
634	945
635	635
635	639
635	648
635	655
635	663
635	675
635	800
635	992
636	641
636	646
636	654
636	658
636	684
636	699
636	747
636	753
636	765
636	898
636	992
636	994
637	652
637	655
637	661
637	672
637	694
637	698
637	717
637	873
637	920
637	939
637	941
638	639
638	653
638	669
638	694
638	833
638	941
639	641
639	645
639	678
639	681
639	690
639	694
639	708
639	751
639	984
640	647
640	681
640	687
640	708
640	812
641	642
641	648
641	667
641	674
641	681
641	789
641	986
642	644
642	645
642	650
642	655
642	658
642	663
642	677
642	679
642	689
642	690
642	693
642	749
642	829
642	840
643	646
643	685
643	688
643	693
643	725
643	741
643	866
643	978
644	652
644	670
644	673
644	676
644	687
644	693
645	648
645	650
645	659
645	660
645	672
645	684
645	691
645	692
645	724
645	854
646	649
646	660
646	670
646	672
646	891
646	897
647	648
647	649
647	652
647	655
647	658
647	660
647	662
647	680
647	683
647	693
647	694
648	649
648	654
648	666
648	675
648	679
648	680
648	687
648	691
648	696
648	841
648	912
648	945
648	968
648	976
649	656
649	677
649	678
649	691
649	694
649	696
649	747
649	825
650	654
650	656
650	662
650	665
650	678
650	699
650	897
651	658
651	661
651	662
651	671
651	901
651	924
652	653
652	660
652	679
652	791
653	654
653	656
653	678
653	680
653	684
653	691
653	727
653	897
653	965
654	656
654	658
654	662
654	667
654	672
654	692
654	696
654	718
654	805
654	847
654	930
654	963
655	658
655	665
655	670
655	671
655	675
655	679
655	691
655	693
655	717
655	721
655	889
655	919
655	949
656	667
656	670
656	673
656	901
656	911
656	998
657	659
657	673
657	692
657	698
657	784
657	787
657	825
657	903
658	681
658	688
658	710
658	837
658	922
659	679
659	698
659	714
659	746
659	747
659	759
659	784
659	861
659	912
660	665
660	693
660	805
660	819
660	888
661	672
661	684
661	686
661	687
661	691
661	713
661	887
661	903
661	943
661	996
662	695
662	696
662	697
662	703
662	709
662	760
663	669
663	674
663	675
663	688
663	689
663	696
663	704
663	864
663	893
663	956
663	992
664	681
664	683
664	687
664	690
664	717
664	978
664	982
665	688
665	691
665	718
665	777
665	806
665	829
665	848
665	880
665	952
666	668
666	695
666	697
666	839
667	668
667	689
667	816
667	870
667	872
667	945
668	671
668	673
668	685
668	694
668	696
668	699
668	799
669	675
669	681
669	684
669	724
669	948
670	683
670	692
670	698
670	771
671	677
671	685
671	688
671	695
671	756
671	817
671	879
672	679
672	681
672	689
672	692
672	773
672	890
672	912
673	682
673	745
673	808
673	864
673	871
673	900
673	940
673	990
674	677
674	680
674	681
674	683
675	695
675	697
675	740
675	842
676	679
676	697
676	896
676	904
677	680
677	687
677	690
677	696
677	891
677	920
677	964
677	985
678	684
678	688
679	698
679	809
679	818
679	853
679	866
679	915
679	928
679	956
679	973
679	981
679	990
680	680
680	689
680	852
681	683
681	685
681	695
681	698
681	806
681	975
682	686
682	687
682	694
682	697
682	869
682	888
683	689
683	695
683	765
683	900
684	692
684	715
684	724
684	773
684	787
684	892
684	975
685	755
685	852
685	860
685	979
686	687
686	783
686	999
687	692
687	693
687	766
687	821
687	823
687	853
687	952
688	691
688	733
688	767
688	769
688	880
688	995
689	696
689	804
689	863
689	982
690	817
690	854
690	881
691	696
691	699
691	960
692	697
692	756
692	780
693	922
694	698
694	774
694	840
694	846
694	852
695	720
695	723
695	743
695	848
696	698
696	702
696	966
697	699
697	854
697	907
697	911
697	942
697	988
698	719
698	793
698	892
698	962
698	995
699	795
699	856
700	703
700	704
700	713
700	716
700	739
700	760
700	770
700	796
700	842
700	942
700	963
701	707
701	711
701	715
701	719
701	740
701	763
701	769
701	780
701	900
701	943
702	713
702	714
702	721
702	737
702	740
702	742
702	745
702	769
702	782
702	795
702	938
703	712
703	727
703	735
703	743
703	757
703	760
703	797
704	708
704	710
704	723
704	747
704	749
704	764
704	783
704	787
704	790
704	875
704	991
705	714
705	717
705	719
705	727
705	746
705	764
705	856
705	991
706	706
706	712
706	721
706	780
706	788
706	790
706	917
707	713
707	733
707	741
707	744
707	748
707	753
707	755
707	766
707	767
707	772
707	774
707	798
707	816
707	844
708	720
708	723
708	729
708	733
708	747
708	764
708	771
708	780
708	785
708	823
709	715
709	716
709	719
709	720
709	755
709	765
709	773
709	778
709	789
709	798
709	813
709	880
709	910
709	930
710	714
710	715
710	719
710	720
710	721
710	724
710	734
710	746
710	748
710	757
710	762
710	763
710	769
710	784
710	954
710	992
711	731
711	749
711	760
711	773
711	776
711	779
711	789
711	798
711	947
712	732
712	739
712	741
712	747
712	751
712	756
712	767
712	796
712	872
713	720
713	721
713	726
713	743
713	766
713	770
713	773
713	779
713	789
713	790
713	794
713	797
713	829
713	841
714	729
714	742
714	763
714	780
714	798
714	837
714	898
714	963
715	730
715	740
715	754
715	759
715	779
715	797
715	798
715	815
715	878
715	893
716	727
716	751
716	752
716	769
716	787
716	790
716	797
716	999
717	719
717	730
717	739
717	747
717	748
717	756
717	763
717	769
717	773
717	787
717	792
717	817
717	987
718	735
718	743
718	750
718	751
718	752
718	755
718	784
718	793
718	798
718	835
718	931
719	723
719	726
719	731
719	734
719	741
719	747
719	757
719	761
719	768
719	770
719	774
719	777
719	778
719	780
719	791
719	851
719	872
720	725
720	735
720	736
720	739
720	740
720	765
720	777
720	789
720	807
720	817
721	722
721	732
721	733
721	744
721	747
721	785
721	791
721	827
721	850
721	870
721	912
721	945
722	741
722	766
722	768
722	792
722	821
722	888
722	995
723	736
723	745
723	747
723	763
723	768
723	774
723	788
723	816
723	833
723	898
724	738
724	748
724	755
724	762
724	776
724	794
724	893
724	938
724	940
725	734
725	747
725	786
725	791
725	985
726	740
726	741
726	747
726	751
726	768
726	791
726	832
727	763
727	768
727	772
727	791
727	794
727	826
728	754
728	774
729	754
729	762
729	767
729	769
729	779
729	788
729	796
729	797
729	803
729	840
729	843
729	867
729	904
730	733
730	739
730	741
730	745
730	752
730	762
730	768
730	781
730	782
730	793
730	972
731	732
731	749
731	755
731	763
731	764
731	766
731	769
731	775
731	789
731	793
731	799
731	803
731	824
732	740
732	760
732	785
732	788
732	796
732	798
732	836
732	842
733	734
733	757
733	764
733	773
733	837
733	889
733	951
733	959
733	998
734	742
734	776
734	793
734	794
734	893
735	776
735	779
735	783
735	790
735	814
735	925
735	966
736	739
736	747
736	770
736	775
736	804
736	917
736	940
737	747
737	765
737	767
737	793
737	930
738	761
738	762
738	764
738	766
738	773
738	775
738	789
738	794
738	922
739	741
739	742
739	756
739	760
739	779
739	780
739	787
739	791
739	798
739	803
739	862
740	760
740	798
740	841
740	969
741	747
741	759
741	772
741	778
741	789
741	791
741	795
741	798
741	799
741	987
742	763
742	772
742	783
742	786
742	787
742	886
742	903
742	904
742	905
743	745
743	747
743	751
743	761
743	764
743	765
744	760
744	784
744	792
744	825
744	883
744	952
745	746
745	768
745	776
745	779
745	786
745	797
745	803
745	813
745	865
745	878
745	885
745	907
745	960
746	755
746	778
746	783
746	797
746	983
747	776
747	780
747	781
747	834
747	843
748	760
748	766
748	776
748	788
748	872
748	891
748	948
748	975
749	750
749	757
749	762
749	764
749	770
749	773
749	774
749	781
749	793
749	797
749	856
749	958
749	990
750	751
750	775
750	785
750	796
750	798
750	799
750	932
750	940
751	762
751	766
751	767
751	798
751	910
751	960
752	756
752	761
752	763
752	789
752	799
752	868
752	900
752	963
753	778
753	785
753	787
753	788
753	803
753	950
753	978
754	759
754	760
754	763
754	766
754	768
754	845
754	876
754	880
754	906
754	966
755	760
755	763
755	776
755	791
755	795
756	771
756	788
756	797
756	883
757	765
757	771
757	775
757	784
757	999
758	761
758	771
758	791
759	782
759	846
759	856
760	961
761	763
761	764
761	772
761	779
761	786
761	892
761	927
761	968
762	765
762	777
762	779
762	781
762	786
762	793
762	799
762	890
763	765
763	778
763	779
763	780
763	786
763	788
763	790
763	791
763	847
763	890
763	962
763	964
764	767
764	787
764	794
764	797
764	821
764	911
764	986
765	787
765	790
765	793
765	863
765	923
765	970
766	779
766	788
766	797
766	815
766	878
767	777
767	783
767	787
767	788
767	934
768	769
768	775
768	784
768	789
768	790
768	793
769	777
769	778
769	792
769	797
769	824
769	919
770	795
770	822
771	772
771	775
771	793
771	871
771	969
772	776
772	779
772	784
772	792
772	857
773	774
773	794
773	903
774	775
774	777
774	783
774	793
774	795
774	798
774	807
774	809
775	776
775	786
775	792
775	898
775	917
775	964
777	783
777	799
777	921
778	783
778	784
778	798
778	954
778	996
779	793
779	798
779	849
779	936
780	787
780	793
780	796
781	784
781	785
781	789
781	863
781	885
782	787
782	825
782	883
783	788
783	793
783	796
783	861
783	926
784	787
784	792
784	794
785	793
785	795
785	828
785	879
786	970
787	790
787	792
787	794
787	921
787	995
788	791
788	910
788	922
788	940
788	956
789	935
789	957
790	793
790	801
790	837
790	887
790	987
791	794
791	801
792	797
792	949
792	974
792	985
792	995
795	799
795	800
795	801
795	822
795	873
795	878
795	889
795	967
796	820
796	894
796	971
797	800
797	804
797	875
797	940
797	978
798	799
798	973
799	862
799	869
799	902
800	806
800	812
800	848
800	854
800	878
800	880
800	883
800	889
800	894
800	939
800	944
801	809
801	831
801	837
801	848
801	852
801	859
801	892
801	980
802	809
802	810
802	823
802	832
802	837
802	855
802	857
802	863
802	869
802	876
802	892
802	896
802	977
803	814
803	824
803	845
803	847
803	849
803	853
803	864
803	891
803	896
803	899
803	960
803	997
804	821
804	822
804	837
804	847
804	855
804	871
804	876
804	879
804	882
804	895
804	899
804	905
804	911
804	949
804	960
804	968
805	826
805	828
805	830
805	838
805	840
805	844
805	861
805	864
805	865
805	888
805	889
805	893
805	894
805	896
805	900
805	908
805	911
805	931
805	955
805	967
806	808
806	814
806	840
806	841
806	859
806	870
806	873
806	991
807	827
807	849
807	851
807	856
807	857
807	868
807	872
807	878
807	880
807	893
807	899
808	836
808	875
808	885
808	894
809	829
809	830
809	836
809	842
809	861
809	869
809	880
809	887
809	889
809	893
809	894
809	910
810	818
810	824
810	836
810	843
810	849
810	851
810	874
810	885
810	888
810	893
810	905
810	958
810	993
811	825
811	831
811	833
811	836
811	842
811	862
811	880
811	892
812	835
812	846
812	849
812	857
812	863
812	891
812	893
812	896
812	899
812	964
813	813
813	824
813	850
813	865
813	867
813	870
813	871
813	890
813	898
813	912
813	951
813	976
814	869
814	881
814	883
814	896
815	827
815	851
815	863
815	865
815	895
815	944
815	994
816	853
816	856
816	858
816	876
816	883
816	889
816	892
817	830
817	832
817	837
817	855
817	863
817	869
817	876
817	877
817	890
817	895
817	915
818	820
818	839
818	842
818	878
818	884
818	885
818	908
819	824
819	845
819	848
819	854
819	863
819	868
819	873
819	878
819	894
820	833
820	834
820	838
820	850
820	855
820	879
820	881
820	884
820	885
821	827
821	830
821	831
821	835
821	870
821	874
821	879
821	886
821	897
821	899
822	830
822	844
822	850
822	862
822	872
822	885
822	886
822	888
823	834
823	836
823	839
823	842
823	852
823	857
823	862
823	886
823	913
823	994
824	825
824	834
824	846
824	849
824	850
824	852
824	853
824	876
824	880
824	898
824	911
824	971
825	857
825	864
825	877
825	885
825	894
826	832
826	837
826	840
826	850
826	883
826	890
826	908
827	830
827	834
827	872
827	884
827	949
827	954
827	968
828	837
828	844
828	856
828	862
828	885
828	890
828	924
829	829
829	853
829	856
829	879
829	883
829	890
829	998
830	860
830	887
830	888
830	891
830	918
831	838
831	855
831	859
831	874
831	876
831	882
831	884
831	904
832	836
832	837
832	845
832	861
832	862
832	870
832	871
832	881
832	891
832	896
832	930
832	970
832	972
833	836
833	856
833	871
833	883
833	884
833	907
833	992
834	845
834	849
834	850
834	851
834	856
834	885
834	886
834	898
835	838
835	839
835	855
835	861
835	868
835	873
835	883
835	885
835	899
835	946
836	848
836	851
836	854
836	857
836	867
836	878
836	889
836	899
836	955
837	844
837	862
837	881
837	890
838	868
838	872
838	887
838	918
838	942
838	985
839	846
839	858
839	860
839	861
839	865
839	867
839	882
839	888
839	891
839	892
839	896
840	845
840	860
840	870
840	877
840	883
840	891
840	895
840	981
841	858
841	859
841	870
841	896
842	843
842	849
842	853
842	861
842	865
842	871
842	893
842	894
842	898
842	911
843	853
843	863
843	867
843	872
843	878
843	880
843	886
843	897
844	849
844	858
844	859
844	860
844	861
844	864
844	866
844	877
844	888
844	892
845	848
845	851
845	874
845	887
845	899
846	849
846	850
846	862
846	872
846	879
846	911
846	981
846	999
847	858
847	871
847	886
847	887
847	889
847	892
847	895
847	896
847	950
848	852
848	853
848	854
848	856
848	860
848	861
848	867
848	870
848	873
848	884
848	983
849	856
849	859
849	861
849	882
849	886
849	887
849	930
850	891
850	970
851	855
851	872
851	879
851	881
851	886
852	852
852	856
852	860
852	883
853	879
853	885
853	890
853	960
854	877
854	879
854	950
854	968
855	861
855	868
855	869
855	871
855	882
855	978
856	864
856	866
856	870
856	878
856	882
856	898
857	870
857	871
857	882
857	892
857	893
857	896
857	899
857	966
858	861
858	870
858	877
858	892
858	894
858	917
859	860
859	868
859	869
859	882
859	886
859	890
859	961
860	861
860	866
860	868
860	870
860	882
860	895
860	897
860	899
860	942
860	988
861	872
861	876
862	869
862	879
863	891
863	894
863	896
863	964
864	872
864	883
864	887
864	898
864	959
864	960
865	875
865	893
865	896
865	899
865	957
866	866
866	874
866	901
866	923
866	968
867	886
867	888
867	898
867	906
868	877
868	881
868	884
868	885
868	890
868	898
869	878
869	882
869	887
869	906
870	877
870	885
870	886
870	893
870	895
870	989
871	874
871	880
871	895
871	899
871	908
871	949
871	999
872	874
872	881
872	888
872	892
872	909
872	910
874	874
874	877
874	951
875	891
875	904
876	880
876	882
876	888
876	892
876	897
877	912
877	953
878	887
878	898
878	996
879	882
879	909
879	962
880	889
880	986
881	884
881	895
881	899
881	910
881	951
881	961
882	892
882	899
882	916
883	886
884	886
884	887
885	888
885	892
885	897
885	931
886	917
886	923
887	892
887	894
887	902
888	892
888	969
889	890
889	893
889	917
890	997
891	896
891	930
891	977
892	893
892	973
893	896
894	898
894	960
895	958
895	991
896	929
898	917
898	985
899	941
900	910
900	916
900	919
900	923
900	928
900	938
900	961
900	967
900	973
900	979
900	995
900	996
901	913
901	935
901	944
901	964
901	975
901	980
901	985
901	997
901	998
902	908
902	915
902	928
902	930
902	958
902	962
902	974
902	987
903	906
903	907
903	913
903	914
903	918
903	929
903	930
903	938
903	943
903	947
903	953
903	961
903	965
903	969
903	974
903	975
904	927
904	942
904	943
904	960
904	963
904	968
904	971
904	979
904	999
905	909
905	916
905	918
905	951
905	983
905	986
906	907
906	911
906	922
906	928
906	933
906	955
906	961
906	976
906	992
906	998
907	916
907	919
907	920
907	924
907	956
907	958
907	960
907	965
907	973
907	975
907	994
908	913
908	970
908	981
908	982
908	984
908	985
909	931
909	934
909	936
909	944
909	956
909	958
909	963
909	965
909	972
909	982
909	984
909	985
909	993
909	994
909	997
909	999
910	914
910	925
910	927
910	956
910	972
911	938
911	939
911	944
911	965
911	969
911	989
912	914
912	922
912	932
912	934
912	940
912	948
912	974
912	983
912	987
912	991
913	918
913	920
913	927
913	930
913	954
913	958
913	959
913	970
913	976
913	986
913	997
914	916
914	918
914	925
914	933
914	936
914	943
914	952
914	953
914	994
915	943
915	967
915	976
915	984
915	989
916	919
916	924
916	936
916	940
916	948
916	950
916	952
916	958
916	972
916	997
917	918
917	921
917	923
917	925
917	938
917	944
917	956
917	984
917	996
918	920
918	955
918	968
918	979
918	995
919	926
919	961
919	964
919	980
919	987
919	989
919	997
919	998
920	925
920	929
920	932
920	963
920	974
920	981
920	996
921	932
921	935
921	951
921	957
921	974
921	984
921	985
922	961
922	970
922	991
923	929
923	931
923	940
923	941
923	955
923	957
923	981
923	989
924	928
924	929
924	931
924	937
924	942
924	944
924	951
924	962
924	972
924	974
925	931
925	951
925	952
925	956
925	971
925	989
925	995
926	938
926	967
926	971
926	985
926	994
926	997
926	999
927	948
927	977
928	937
928	947
928	954
928	959
928	968
928	972
928	976
928	985
928	989
928	992
928	998
929	934
929	946
929	956
929	958
929	966
929	968
929	973
929	979
929	984
930	934
930	941
930	942
930	943
930	962
930	963
930	965
930	993
930	997
931	934
931	958
931	963
931	979
931	985
931	987
931	993
932	932
932	942
932	969
932	972
932	976
932	983
932	988
932	991
933	939
933	954
933	960
933	967
933	990
933	994
933	996
934	935
934	973
934	982
934	985
934	988
934	995
934	996
935	952
936	945
936	954
936	967
936	997
937	942
937	964
937	970
937	974
937	991
937	995
937	998
938	939
938	943
938	949
938	973
938	976
938	991
938	992
938	996
939	945
939	947
939	966
939	973
939	974
939	998
940	940
940	971
940	981
941	956
941	972
941	979
941	980
941	984
941	990
942	953
942	968
942	977
942	989
942	994
942	997
943	943
943	948
943	965
943	968
943	969
944	949
944	960
944	962
944	991
944	997
945	962
945	964
945	970
945	974
945	989
946	948
946	957
946	959
946	966
946	971
946	981
946	993
947	950
947	968
947	987
947	990
947	998
948	949
948	953
948	960
948	981
949	967
949	974
950	956
950	973
950	980
950	993
951	956
951	963
951	969
951	979
951	981
951	987
951	990
951	994
952	992
952	998
953	954
953	962
953	984
953	998
954	964
954	969
954	981
954	983
954	991
954	993
954	996
954	999
955	966
955	968
956	963
956	980
956	988
957	958
957	966
957	980
958	995
958	996
958	999
959	970
959	981
959	988
959	992
959	996
959	999
960	966
960	973
961	969
961	986
961	988
962	983
962	985
962	997
962	998
963	965
963	972
963	980
963	983
963	986
963	996
964	981
965	973
965	983
965	984
965	986
966	969
966	980
966	995
966	996
967	971
967	976
967	991
968	978
968	990
968	992
968	994
968	997
968	998
969	979
969	986
969	989
969	990
969	991
969	996
970	975
970	988
970	993
971	982
972	974
972	977
972	989
972	993
972	996
973	974
973	981
973	987
973	997
974	995
975	988
976	981
976	990
976	996
977	999
978	981
978	990
979	981
979	983
979	986
979	995
979	996
980	985
980	991
980	998
980	999
983	984
984	998
985	986
985	988
986	992
986	999
987	990
987	999
988	990
988	995
988	997
989	995
991	997
992	997
992	999
993	995
994	997
997	999
