0	5
0	7
0	12
0	29
0	30
0	31
0	40
0	62
0	77
0	80
0	82
0	87
0	212
0	216
0	310
0	504
0	526
0	564
0	572
0	578
0	646
0	800
0	890
1	5
1	7
1	24
1	32
1	50
1	67
1	73
1	402
1	485
1	531
1	539
2	4
2	8
2	28
2	30
2	33
2	40
2	46
2	71
2	89
2	97
2	265
2	485
2	536
2	543
2	547
2	561
2	580
2	611
2	628
2	655
2	734
2	806
2	854
2	946
2	952
2	977
2	989
3	20
3	25
3	29
3	34
3	37
3	40
3	41
3	44
3	55
3	56
3	58
3	65
3	86
3	97
3	269
3	424
3	440
3	477
3	543
4	5
4	12
4	16
4	21
4	22
4	31
4	32
4	33
4	41
4	42
4	44
4	60
4	62
4	63
4	87
4	112
4	117
4	492
4	551
4	643
4	811
4	866
4	978
4	988
5	31
5	37
5	48
5	53
5	58
5	59
5	61
5	70
5	71
5	91
5	92
5	204
5	476
5	633
5	744
5	868
5	945
5	976
6	6
6	11
6	15
6	21
6	42
6	55
6	60
6	61
6	76
6	82
6	85
6	99
6	147
6	199
6	284
6	390
6	900
6	909
7	8
7	23
7	25
7	29
7	32
7	64
7	79
7	96
7	97
7	108
7	217
7	301
7	316
7	452
7	453
7	454
7	498
7	500
7	553
7	597
7	601
7	766
7	780
8	10
8	15
8	19
8	35
8	40
8	42
8	44
8	54
8	88
8	97
8	351
8	599
8	661
8	956
8	969
8	978
9	10
9	12
9	19
9	30
9	49
9	54
9	62
9	67
9	84
9	93
9	99
9	269
9	579
9	626
9	710
9	920
10	23
10	24
10	26
10	30
10	39
10	51
10	66
10	77
10	78
10	103
10	262
10	513
10	670
10	713
10	744
10	804
10	849
10	901
11	33
11	34
11	54
11	59
11	75
11	80
11	81
11	176
11	231
11	278
11	395
11	530
11	595
11	676
11	685
11	740
11	824
11	863
12	13
12	22
12	42
12	46
12	54
12	56
12	74
12	76
12	82
12	84
12	93
12	330
12	374
12	388
12	412
12	498
12	517
12	552
12	614
12	733
12	899
12	952
13	33
13	37
13	44
13	50
13	59
13	63
13	68
13	91
13	93
13	97
13	98
13	195
13	220
13	263
13	341
13	451
13	515
13	533
13	577
13	608
13	707
13	836
13	837
13	974
14	44
14	50
14	51
14	54
14	55
14	57
14	64
14	66
14	68
14	72
14	74
14	75
14	97
14	98
14	103
14	311
14	400
14	413
14	806
14	929
14	933
14	987
15	23
15	26
15	41
15	50
15	63
15	76
15	114
15	153
15	302
15	393
15	568
15	610
15	649
15	771
15	792
15	803
15	892
16	21
16	30
16	69
16	78
16	95
16	300
16	446
16	615
16	674
16	728
16	771
16	811
16	819
16	832
17	37
17	65
17	70
17	75
17	85
17	238
17	326
17	339
17	464
17	557
17	712
17	832
17	871
17	925
17	930
17	938
18	19
18	41
18	57
18	59
18	71
18	72
18	81
18	99
18	542
18	688
18	694
18	728
18	866
19	44
19	83
19	91
19	96
19	343
19	358
19	719
19	954
20	23
20	28
20	46
20	55
20	74
20	75
20	79
20	90
20	91
20	96
20	97
20	204
20	206
20	296
20	382
20	466
20	525
20	570
20	640
20	707
20	740
20	807
21	22
21	34
21	44
21	48
21	57
21	71
21	76
21	78
21	80
21	82
21	83
21	85
21	93
21	94
21	233
21	516
21	810
21	882
21	908
21	914
21	950
22	27
22	29
22	31
22	32
22	40
22	43
22	44
22	60
22	70
22	86
22	94
22	193
22	198
22	227
22	239
22	411
22	669
22	697
22	732
22	981
23	30
23	34
23	35
23	62
23	68
23	73
23	76
23	144
23	194
23	240
23	359
23	388
23	438
23	454
23	519
23	592
23	722
23	766
23	773
23	814
23	929
24	25
24	27
24	41
24	43
24	52
24	55
24	69
24	96
24	132
24	267
24	288
24	422
24	451
24	477
24	575
24	633
24	651
24	675
24	722
24	810
24	832
24	971
25	32
25	36
25	37
25	48
25	58
25	68
25	89
25	253
25	307
25	385
25	406
25	504
25	521
25	525
25	628
25	691
25	792
25	857
25	945
25	969
26	27
26	46
26	48
26	52
26	126
26	150
26	273
26	394
26	511
26	544
26	749
26	832
27	38
27	40
27	413
27	666
27	774
27	791
27	872
27	890
28	33
28	38
28	43
28	52
28	65
28	70
28	99
28	193
28	295
28	456
28	484
28	567
28	786
29	35
29	40
29	53
29	246
29	412
29	472
29	600
29	694
29	862
29	898
29	980
30	36
30	65
30	76
30	78
30	79
30	92
30	93
30	98
30	225
30	366
30	451
30	477
30	501
30	556
30	719
30	722
30	795
31	32
31	36
31	48
31	53
31	71
31	74
31	82
31	98
31	118
31	235
31	562
31	575
31	576
31	622
31	707
31	746
31	841
31	972
32	42
32	51
32	57
32	69
32	78
32	93
32	98
32	99
32	169
32	198
32	199
32	269
32	311
32	328
32	355
32	407
32	683
32	865
32	930
32	932
32	960
33	42
33	46
33	76
33	89
33	90
33	107
33	170
33	192
33	365
33	423
33	459
33	735
33	764
33	921
33	946
33	972
33	973
34	35
34	45
34	53
34	54
34	82
34	113
34	164
34	201
34	368
34	568
34	644
34	670
34	681
34	805
34	828
34	990
35	48
35	68
35	69
35	71
35	85
35	174
35	245
35	263
35	404
35	421
35	454
35	595
35	622
35	677
36	36
36	44
36	51
36	58
36	66
36	75
36	76
36	78
36	86
36	88
36	423
36	575
36	733
36	796
36	915
37	42
37	45
37	56
37	64
37	66
37	85
37	86
37	91
37	94
37	538
37	580
37	599
37	658
37	782
37	936
37	973
38	53
38	60
38	67
38	73
38	76
38	81
38	82
38	93
38	99
38	118
38	253
38	267
38	355
38	370
38	561
38	608
38	650
38	806
38	973
39	39
39	61
39	84
39	89
39	279
39	348
39	492
39	728
39	731
39	825
39	858
39	950
40	40
40	46
40	52
40	64
40	74
40	83
40	86
40	91
40	95
40	113
40	244
40	272
40	370
40	511
40	776
40	810
40	839
40	847
40	981
41	43
41	45
41	56
41	98
41	204
41	353
41	531
41	644
41	645
41	671
41	724
41	735
41	891
41	894
42	44
42	91
42	94
42	106
42	194
42	213
42	229
42	334
42	341
42	406
42	414
42	469
42	668
42	905
42	935
43	43
43	59
43	61
43	85
43	94
43	95
43	124
43	172
43	228
43	264
43	444
43	449
43	522
43	771
43	798
43	875
44	48
44	53
44	54
44	60
44	62
44	69
44	265
44	342
44	357
44	407
44	451
44	477
44	834
44	957
44	986
45	54
45	74
45	75
45	84
45	136
45	175
45	234
45	353
45	432
45	477
45	680
45	780
45	785
45	964
46	51
46	59
46	66
46	74
46	78
46	92
46	93
46	99
46	188
46	238
46	293
46	303
46	523
46	617
46	773
46	922
46	989
47	50
47	52
47	59
47	65
47	68
47	81
47	233
47	391
47	668
47	690
47	775
47	780
47	830
47	850
47	974
48	50
48	57
48	69
48	73
48	79
48	82
48	94
48	97
48	426
48	497
48	506
48	532
48	589
48	824
48	852
48	990
48	994
49	51
49	58
49	63
49	75
49	81
49	155
49	311
49	428
49	554
49	650
49	679
49	850
49	851
49	879
49	965
50	53
50	61
50	67
50	73
50	75
50	83
50	87
50	307
50	368
50	393
50	422
50	554
50	696
50	743
50	837
50	851
51	54
51	73
51	82
51	91
51	105
51	284
51	292
51	298
51	405
51	535
51	541
51	568
51	744
51	845
51	852
51	880
51	968
51	973
52	56
52	63
52	73
52	74
52	88
52	93
52	174
52	246
52	256
52	324
52	354
52	519
52	589
52	644
52	763
53	54
53	62
53	64
53	69
53	84
53	90
53	91
53	96
53	97
53	106
53	287
53	311
53	424
53	486
53	679
53	700
53	707
53	714
53	776
53	823
53	868
53	949
54	78
54	79
54	84
54	93
54	108
54	152
54	188
54	227
54	283
54	373
54	413
54	654
54	997
55	55
55	60
55	64
55	68
55	71
55	91
55	97
55	117
55	127
55	153
55	192
55	193
55	215
55	298
55	357
55	579
55	655
55	698
56	65
56	75
56	79
56	82
56	94
56	96
56	246
56	442
56	476
56	513
56	660
56	771
56	810
56	846
56	858
56	868
56	923
56	941
57	69
57	72
57	77
57	95
57	129
57	137
57	240
57	275
57	294
57	488
57	631
57	718
57	793
57	936
58	59
58	66
58	74
58	77
58	91
58	233
58	369
58	538
58	651
58	714
58	780
58	818
59	61
59	73
59	84
59	88
59	92
59	267
59	377
59	386
59	407
59	452
59	511
59	568
59	606
59	626
59	673
60	65
60	66
60	86
60	113
60	159
60	290
60	404
60	425
60	608
60	703
61	67
61	79
61	80
61	81
61	87
61	97
61	99
61	197
61	253
61	271
61	285
61	423
61	451
61	549
61	727
61	839
61	894
61	918
62	69
62	73
62	83
62	85
62	87
62	96
62	126
62	164
62	204
62	230
62	301
62	418
62	561
62	671
62	684
62	808
62	909
63	68
63	81
63	87
63	91
63	98
63	127
63	359
63	388
63	429
63	589
63	846
63	894
64	127
64	354
64	381
64	418
64	510
64	624
64	679
64	685
64	702
64	766
64	982
65	73
65	90
65	97
65	509
65	741
65	787
65	902
66	87
66	157
66	210
66	260
66	436
66	531
66	584
66	652
66	700
66	735
66	772
66	838
67	67
67	77
67	82
67	92
67	96
67	198
67	317
67	318
67	499
67	506
67	904
67	927
67	973
68	88
68	95
68	400
68	471
68	578
68	608
68	648
68	853
68	893
69	94
69	133
69	614
69	853
69	876
69	938
70	75
70	125
70	328
70	560
70	626
70	649
70	687
70	742
70	820
70	902
70	957
71	82
71	93
71	163
71	205
71	270
71	305
71	331
71	469
71	472
71	518
71	642
71	737
71	997
72	208
72	270
72	412
72	438
72	512
72	592
72	767
72	907
72	961
73	81
73	95
73	149
73	531
73	537
73	628
73	906
74	74
74	77
74	82
74	92
74	94
74	121
74	366
74	381
74	412
74	446
74	589
74	695
74	718
74	737
74	772
74	781
74	896
74	925
75	79
75	85
75	86
75	167
75	271
75	284
75	517
75	522
75	557
75	603
75	665
75	714
75	735
75	834
75	888
76	79
76	96
76	97
76	341
76	350
76	847
76	989
76	999
77	133
77	217
77	282
77	457
77	466
77	487
77	542
77	759
77	786
78	80
78	88
78	92
78	209
78	346
78	697
78	815
79	80
79	86
79	90
79	91
79	95
79	104
79	129
79	155
79	175
79	289
79	340
79	422
79	454
79	545
79	616
79	745
79	767
79	773
79	793
79	889
79	979
80	96
80	320
80	331
80	483
80	571
80	625
80	767
80	828
81	84
81	86
81	94
81	115
81	122
81	717
81	788
81	792
82	86
82	91
82	123
82	193
82	233
82	259
82	297
82	306
82	465
82	708
82	799
82	902
83	85
83	90
83	95
83	170
83	336
83	512
83	748
83	840
83	879
84	86
84	91
84	93
84	200
84	249
84	297
84	329
84	547
84	734
84	756
84	953
84	957
85	106
85	320
85	405
85	411
85	481
85	632
85	677
85	741
85	905
86	90
86	95
86	239
86	317
86	455
86	509
86	537
86	584
86	783
86	824
86	870
87	89
87	325
87	329
87	457
87	517
87	573
87	791
87	892
88	92
88	94
88	98
88	99
88	480
88	523
88	679
88	804
88	809
88	880
88	890
89	89
89	115
89	245
89	448
89	491
89	679
89	934
89	943
89	954
90	154
90	176
90	230
90	328
90	530
90	543
90	587
90	623
90	657
90	727
90	736
90	758
90	768
90	893
90	982
90	983
91	179
91	264
91	285
91	536
91	710
91	721
91	887
92	97
92	381
92	391
92	404
92	509
92	740
92	742
92	832
92	961
93	98
93	162
93	305
93	306
93	322
93	508
93	564
93	586
93	807
93	898
93	964
94	95
94	96
94	98
94	166
94	305
94	440
94	539
94	926
94	936
95	96
95	320
95	372
95	414
95	426
95	520
95	568
95	630
95	644
95	708
95	785
95	967
96	131
96	174
96	335
96	461
96	608
96	633
96	729
96	829
96	851
96	880
96	932
96	948
96	987
97	98
97	102
97	275
97	740
97	770
97	778
97	904
97	917
97	956
98	236
98	271
98	367
98	455
98	517
98	830
99	171
99	528
99	644
99	683
99	797
99	809
100	106
100	113
100	114
100	128
100	132
100	139
100	148
100	155
100	156
100	166
100	192
100	193
100	204
100	318
100	474
100	590
100	772
100	877
100	885
100	963
100	991
101	101
101	104
101	107
101	108
101	111
101	114
101	137
101	156
101	178
101	182
101	192
101	195
101	433
101	645
101	689
101	713
101	828
101	983
102	103
102	107
102	110
102	113
102	125
102	126
102	135
102	148
102	151
102	168
102	169
102	192
102	193
102	195
102	196
102	243
102	538
102	599
102	640
102	771
102	818
102	909
103	138
103	143
103	145
103	192
103	193
103	194
103	200
103	268
103	360
104	115
104	118
104	129
104	142
104	145
104	149
104	150
104	154
104	156
104	167
104	169
104	174
104	180
104	182
104	183
104	187
104	193
104	331
104	344
104	451
104	508
104	741
105	108
105	118
105	148
105	155
105	157
105	172
105	189
105	399
105	462
105	566
105	775
105	807
105	834
105	845
106	112
106	116
106	119
106	125
106	126
106	133
106	136
106	143
106	152
106	166
106	167
106	174
106	190
106	191
106	192
106	197
106	199
106	410
106	571
106	589
106	609
106	682
106	887
106	912
107	127
107	131
107	132
107	134
107	150
107	153
107	190
107	197
107	198
107	281
107	319
107	399
107	695
107	847
107	926
107	961
108	115
108	116
108	117
108	146
108	149
108	177
108	179
108	421
108	775
108	869
108	911
108	921
109	114
109	115
109	164
109	175
109	192
109	196
109	228
109	271
109	277
109	504
109	588
109	656
109	715
109	769
109	870
109	909
109	916
109	960
110	117
110	123
110	124
110	147
110	151
110	154
110	164
110	170
110	183
110	191
110	232
110	285
110	507
110	569
110	590
110	959
111	130
111	139
111	152
111	163
111	178
111	189
111	198
111	298
111	666
111	728
111	732
111	787
111	904
112	118
112	121
112	123
112	127
112	129
112	131
112	143
112	146
112	154
112	155
112	163
112	164
112	167
112	174
112	180
112	181
112	182
112	190
112	300
112	309
112	471
112	476
112	482
112	487
112	505
112	622
112	639
112	833
112	993
112	994
113	130
113	132
113	137
113	138
113	145
113	148
113	158
113	167
113	169
113	186
113	194
113	212
113	233
113	235
113	251
113	313
113	424
113	511
113	559
113	578
113	599
113	602
113	617
113	811
113	959
114	134
114	145
114	154
114	162
114	171
114	174
114	180
114	197
114	203
114	222
114	321
114	325
114	362
114	374
114	411
114	626
114	633
114	727
114	742
114	791
114	827
114	846
114	951
115	132
115	142
115	150
115	180
115	181
115	183
115	188
115	191
115	192
115	196
115	432
115	440
115	441
115	564
115	663
115	734
115	844
115	921
115	943
115	947
115	960
116	116
116	126
116	136
116	154
116	169
116	171
116	179
116	233
116	280
116	327
116	460
116	483
116	624
116	733
116	922
117	117
117	132
117	139
117	156
117	158
117	180
117	194
117	236
117	241
117	246
117	273
117	349
117	599
117	608
117	617
117	670
117	671
117	767
117	980
118	118
118	121
118	124
118	126
118	140
118	150
118	164
118	169
118	177
118	302
118	325
118	401
118	485
118	525
118	702
118	718
118	728
118	798
118	893
118	983
118	999
119	121
119	140
119	163
119	164
119	169
119	181
119	191
119	280
119	359
119	524
119	588
119	765
119	959
119	977
120	135
120	145
120	156
120	166
120	167
120	168
120	177
120	178
120	185
120	188
120	197
120	235
120	342
120	354
120	399
120	522
120	560
120	597
120	630
120	656
120	677
120	715
120	852
120	899
121	127
121	128
121	149
121	171
121	182
121	252
121	441
121	576
121	778
121	826
121	863
121	890
122	123
122	152
122	159
122	168
122	181
122	217
122	304
122	333
122	496
122	741
122	750
122	820
122	848
122	905
123	148
123	151
123	155
123	157
123	158
123	160
123	166
123	171
123	174
123	250
123	263
123	391
123	409
123	457
123	590
123	824
123	893
124	129
124	138
124	156
124	161
124	164
124	166
124	188
124	256
124	285
124	385
124	580
124	585
124	706
124	710
124	801
124	816
124	866
124	968
125	136
125	141
125	170
125	190
125	195
125	405
125	417
125	526
125	598
125	794
125	846
125	889
125	925
125	983
126	142
126	155
126	156
126	179
126	194
126	290
126	362
126	363
126	585
126	674
126	840
126	881
126	883
126	947
127	137
127	142
127	150
127	156
127	177
127	196
127	198
127	202
127	226
127	349
127	451
127	506
127	652
127	672
127	751
127	840
127	843
127	984
127	996
128	133
128	145
128	148
128	150
128	156
128	171
128	194
128	557
128	835
128	859
129	155
129	171
129	174
129	182
129	193
129	195
129	196
129	286
129	301
129	609
129	755
129	787
129	930
130	152
130	175
130	180
130	187
130	199
130	274
130	323
130	536
130	576
130	742
130	757
130	778
131	136
131	138
131	140
131	142
131	144
131	176
131	178
131	184
131	195
131	234
131	256
131	364
131	407
131	449
131	552
131	576
131	891
131	908
132	139
132	141
132	143
132	147
132	156
132	184
132	194
132	199
132	223
132	304
132	330
132	397
132	490
132	492
132	530
132	572
132	591
132	634
132	770
132	805
132	867
132	881
132	901
133	139
133	148
133	177
133	234
133	238
133	257
133	261
133	371
133	420
133	485
133	538
133	651
133	798
134	148
134	149
134	155
134	173
134	187
134	190
134	275
134	298
134	403
134	479
134	513
134	611
134	677
134	692
134	713
134	743
134	753
134	770
134	816
134	827
134	843
134	908
134	921
134	988
135	136
135	157
135	166
135	189
135	193
135	222
135	307
135	339
135	366
135	419
135	473
136	138
136	149
136	161
136	173
136	175
136	176
136	181
136	183
136	186
136	193
136	197
136	198
136	230
136	468
136	500
136	561
136	828
136	899
136	907
137	140
137	142
137	151
137	162
137	167
137	171
137	193
137	196
137	198
137	310
137	388
137	408
137	440
137	484
137	539
137	573
137	618
137	739
137	871
137	880
137	948
138	139
138	153
138	155
138	168
138	185
138	198
138	252
138	519
138	577
138	612
138	674
138	798
138	953
139	145
139	148
139	157
139	158
139	159
139	180
139	356
139	452
139	645
139	699
139	771
139	813
139	991
140	157
140	164
140	174
140	189
140	193
140	235
140	458
140	462
140	509
140	665
140	726
140	891
140	897
140	920
140	941
141	166
141	175
141	185
141	191
141	195
141	283
141	326
141	394
141	408
141	626
141	776
141	841
141	845
141	871
141	909
141	964
142	142
142	143
142	158
142	165
142	168
142	172
142	183
142	184
142	192
142	196
142	279
142	305
142	592
142	594
142	753
142	849
142	869
142	927
143	155
143	162
143	168
143	174
143	180
143	184
143	186
143	233
143	242
143	384
143	544
144	148
144	157
144	162
144	165
144	189
144	579
144	582
144	620
144	707
145	158
145	165
145	169
145	176
145	180
145	283
145	287
145	325
145	579
145	618
145	644
145	733
145	792
145	876
146	172
146	176
146	185
146	193
146	197
146	334
146	353
146	412
146	645
146	978
147	158
147	159
147	179
147	486
147	515
147	669
147	696
147	750
147	901
148	151
148	177
148	365
148	455
148	848
148	872
148	956
149	164
149	170
149	174
149	175
149	195
149	251
149	277
149	382
149	421
150	154
150	157
150	158
150	180
150	184
150	217
150	248
150	303
150	519
150	630
150	977
150	988
151	167
151	172
151	174
151	176
151	410
151	673
151	769
152	172
152	176
152	184
152	189
152	198
152	251
152	263
152	278
152	356
152	411
152	852
152	906
152	909
153	164
153	178
153	190
153	193
153	195
153	483
153	490
153	592
153	594
153	654
153	694
153	832
153	836
153	860
153	879
153	956
153	999
154	172
154	175
154	176
154	180
154	183
154	185
154	187
154	189
154	196
154	209
154	222
154	377
154	491
154	578
154	633
154	660
154	719
154	779
154	790
154	971
155	159
155	180
155	188
155	189
155	199
155	250
155	458
155	617
155	636
155	697
156	158
156	164
156	181
156	183
156	223
156	617
156	720
156	783
156	868
156	987
157	170
157	176
157	180
157	275
157	387
157	546
157	841
158	170
158	181
158	185
158	187
158	196
158	347
158	831
158	890
158	948
158	989
159	161
159	183
159	215
159	225
159	228
159	370
159	376
159	442
159	473
159	567
159	592
159	632
159	821
160	166
160	169
160	182
160	189
160	276
160	409
160	464
160	478
160	520
160	543
160	635
160	649
161	163
161	191
161	225
161	285
161	664
161	711
161	760
162	176
162	177
162	195
162	206
162	434
162	460
162	482
162	770
162	839
163	185
163	283
163	329
163	357
163	671
163	767
164	173
164	183
164	193
164	274
164	316
164	326
164	475
164	702
164	725
164	726
164	759
164	788
164	789
164	981
164	983
165	167
165	173
165	190
165	310
165	357
165	482
165	551
165	782
165	812
165	847
165	967
166	166
166	188
166	189
166	599
166	620
166	691
166	696
166	920
167	180
167	194
167	338
167	577
167	587
167	628
167	687
167	989
167	995
168	181
168	190
168	470
168	567
168	658
168	793
168	838
168	905
169	169
169	184
169	190
169	191
169	192
169	214
169	264
169	555
169	696
169	703
169	735
169	829
169	865
169	914
169	967
169	993
170	179
170	182
170	195
170	197
170	909
170	921
170	925
170	926
171	262
171	338
171	628
171	651
171	658
171	823
171	856
171	951
171	980
172	183
172	190
172	196
172	290
172	362
172	382
172	548
172	846
172	869
173	182
173	191
173	283
173	678
173	826
174	175
174	176
174	185
174	193
174	278
174	320
174	352
174	502
174	631
174	850
175	183
175	191
175	206
175	306
175	492
175	561
175	589
175	624
175	725
175	758
175	847
175	858
175	859
176	178
176	183
176	186
176	190
176	194
176	332
176	468
176	570
176	858
176	871
176	934
177	177
177	233
177	269
177	305
177	589
177	621
177	654
177	696
177	875
177	946
178	181
178	187
178	194
178	345
178	620
178	779
178	791
178	941
178	985
179	181
179	185
179	304
179	388
179	431
179	687
179	707
179	788
179	876
179	928
179	945
180	524
180	664
180	846
180	847
181	197
181	273
181	302
181	494
181	647
181	651
181	835
181	858
181	891
181	951
182	187
182	205
182	272
182	287
182	313
182	343
182	347
182	430
182	588
182	728
182	837
183	187
183	188
183	253
183	386
183	439
183	453
183	471
183	662
184	187
184	470
184	475
184	550
184	623
184	750
184	768
184	773
184	812
184	863
185	199
185	241
185	262
185	373
185	425
185	440
185	441
185	457
185	590
185	591
185	682
185	690
185	812
185	843
185	939
185	941
185	996
186	210
186	211
186	453
186	454
186	741
186	802
187	189
187	268
187	344
187	383
187	836
187	841
187	864
187	887
187	952
187	998
188	196
188	198
188	387
188	584
188	613
188	748
188	917
188	935
189	198
189	221
189	355
189	473
189	576
189	768
189	921
190	198
190	218
190	305
190	310
190	344
190	640
190	645
190	646
190	819
190	876
191	195
191	199
191	268
191	323
191	396
191	401
191	521
191	544
191	597
191	598
191	658
191	742
191	749
191	766
191	893
192	231
192	310
192	352
192	382
192	419
192	470
192	688
192	717
192	830
192	855
192	930
192	948
192	956
193	390
193	602
193	624
193	632
193	659
193	718
193	772
193	800
194	243
194	291
194	543
194	585
194	632
194	725
194	824
194	952
195	351
195	389
195	560
195	666
195	762
195	959
195	966
196	196
196	199
196	244
196	263
196	448
196	520
196	554
196	720
196	866
196	920
196	928
197	199
197	271
197	296
197	428
197	432
197	561
197	676
198	257
198	396
198	486
198	683
198	782
198	890
198	937
198	958
199	224
199	422
199	548
199	695
199	959
200	215
200	219
200	229
200	230
200	237
200	246
200	250
200	259
200	261
200	281
200	295
200	336
200	525
200	593
200	689
200	745
200	778
201	238
201	241
201	243
201	247
201	259
201	270
201	278
201	286
201	287
201	289
201	324
201	377
201	621
201	705
201	744
201	765
201	845
201	949
202	212
202	214
202	222
202	223
202	236
202	248
202	255
202	257
202	265
202	270
202	281
202	296
202	370
202	381
202	638
202	643
202	705
202	733
202	912
203	204
203	208
203	210
203	223
203	231
203	241
203	245
203	246
203	281
203	298
203	366
203	561
203	611
203	850
204	204
204	215
204	220
204	223
204	226
204	230
204	234
204	243
204	259
204	286
204	288
204	373
204	479
204	645
204	818
205	211
205	219
205	228
205	231
205	236
205	243
205	254
205	256
205	265
205	281
205	295
205	296
205	339
205	356
205	453
205	502
205	571
205	579
205	657
205	784
205	821
205	894
205	932
205	937
206	208
206	211
206	220
206	222
206	227
206	235
206	243
206	253
206	269
206	279
206	280
206	283
206	290
206	297
206	528
206	616
206	718
206	796
206	889
206	964
207	209
207	212
207	220
207	223
207	240
207	245
207	257
207	262
207	288
207	366
207	442
207	529
207	535
207	722
207	742
207	792
207	809
208	224
208	225
208	232
208	233
208	253
208	264
208	270
208	273
208	279
208	280
208	285
208	288
208	298
208	516
208	533
208	724
208	914
209	219
209	221
209	228
209	244
209	245
209	247
209	251
209	253
209	261
209	276
209	282
209	283
209	299
209	391
209	637
209	696
209	715
209	723
209	755
209	853
209	929
209	955
210	222
210	229
210	246
210	248
210	257
210	278
210	291
210	292
210	429
210	492
210	879
211	218
211	232
211	245
211	250
211	259
211	266
211	270
211	280
211	377
211	471
211	489
211	534
211	561
211	705
211	743
211	865
212	229
212	230
212	248
212	259
212	268
212	288
212	295
212	367
212	408
212	501
212	508
212	717
212	773
212	824
213	219
213	224
213	255
213	281
213	290
213	354
213	578
213	606
213	619
213	652
213	694
213	721
213	903
214	242
214	252
214	257
214	266
214	291
214	293
214	298
214	370
214	445
214	533
214	689
214	702
214	822
214	859
214	892
215	216
215	218
215	234
215	246
215	247
215	253
215	265
215	266
215	268
215	274
215	277
215	287
215	339
215	431
215	693
215	695
215	815
216	226
216	228
216	229
216	235
216	237
216	238
216	266
216	284
216	292
216	324
216	500
216	508
216	621
216	626
216	850
216	884
216	905
217	228
217	231
217	238
217	243
217	251
217	253
217	271
217	272
217	278
217	287
217	293
217	391
217	397
217	425
217	978
218	224
218	232
218	239
218	241
218	242
218	243
218	256
218	264
218	271
218	278
218	313
218	574
218	677
218	844
218	946
219	225
219	226
219	250
219	262
219	273
219	274
219	292
219	298
219	352
219	394
219	512
219	863
219	942
220	223
220	230
220	250
220	267
220	283
220	291
220	293
220	298
220	377
220	611
220	619
220	671
220	866
220	881
221	233
221	235
221	241
221	242
221	249
221	277
221	278
221	282
221	285
221	296
221	390
221	424
221	467
221	625
221	688
221	768
221	838
221	919
221	939
221	963
222	240
222	246
222	256
222	257
222	259
222	260
222	262
222	277
222	279
222	280
222	290
222	293
222	295
222	429
222	447
222	455
222	456
222	506
222	675
222	803
222	838
222	905
223	224
223	256
223	258
223	291
223	372
223	442
223	551
223	694
223	701
223	709
223	746
223	870
223	921
223	978
224	230
224	232
224	236
224	237
224	247
224	253
224	329
224	335
224	387
224	481
224	498
224	654
224	680
224	776
224	909
224	932
225	226
225	233
225	241
225	243
225	253
225	259
225	561
225	747
225	833
225	894
225	933
226	232
226	247
226	264
226	283
226	291
226	341
226	361
226	370
226	422
226	625
226	633
226	716
226	848
226	971
226	979
227	244
227	250
227	258
227	265
227	271
227	280
227	281
227	533
227	540
227	739
227	758
227	781
227	864
227	910
227	941
227	981
228	229
228	233
228	237
228	240
228	248
228	260
228	292
228	373
228	421
228	446
228	572
228	615
228	625
228	774
228	839
228	928
228	944
229	260
229	266
229	268
229	269
229	270
229	282
229	284
229	297
229	298
229	342
229	386
229	393
229	470
229	516
229	843
229	874
229	901
230	231
230	234
230	240
230	242
230	247
230	251
230	268
230	275
230	284
230	342
230	650
230	821
230	956
231	244
231	254
231	279
231	283
231	284
231	287
231	289
231	291
231	311
231	339
231	434
231	453
231	478
231	643
231	719
231	743
231	809
231	883
231	923
232	247
232	260
232	296
232	303
232	585
232	986
233	234
233	236
233	239
233	252
233	261
233	269
233	278
233	327
233	340
233	483
233	587
233	598
233	711
233	734
233	950
233	953
234	235
234	240
234	248
234	252
234	256
234	281
234	287
234	290
234	298
234	413
234	446
234	484
234	600
234	662
234	684
234	805
234	813
234	829
234	980
235	254
235	260
235	294
235	308
235	366
235	423
235	430
235	604
235	608
235	917
236	246
236	249
236	257
236	265
236	289
236	297
236	387
236	431
236	514
236	600
236	649
236	688
236	696
236	811
236	830
236	838
237	253
237	261
237	271
237	275
237	296
237	319
237	359
237	398
237	902
237	946
238	250
238	265
238	267
238	275
238	278
238	293
238	294
238	353
238	525
238	633
238	854
238	915
238	958
239	244
239	264
239	281
239	296
239	368
239	455
239	483
239	539
239	575
239	679
240	243
240	249
240	258
240	262
240	277
240	283
240	287
240	330
240	339
240	437
240	450
240	600
240	617
240	639
240	699
240	701
240	795
240	861
240	982
241	243
241	244
241	245
241	249
241	251
241	269
241	285
241	286
241	287
241	388
241	429
241	786
241	810
241	872
241	908
242	243
242	249
242	251
242	263
242	268
242	269
242	273
242	290
242	291
242	294
242	365
242	508
242	651
242	770
242	815
242	888
242	980
242	994
243	243
243	252
243	260
243	264
243	267
243	270
243	272
243	288
243	293
243	527
243	717
243	753
243	785
243	787
243	805
243	874
244	249
244	256
244	265
244	271
244	279
244	298
244	395
244	561
244	566
244	570
244	579
244	606
244	629
244	735
244	813
244	883
244	909
245	248
245	258
245	282
245	416
245	474
245	532
245	564
245	727
245	795
245	831
245	980
245	983
246	251
246	272
246	279
246	286
246	292
246	413
246	907
246	959
246	972
247	249
247	251
247	254
247	260
247	270
247	286
247	428
247	429
247	452
247	674
247	689
247	801
248	256
248	262
248	263
248	288
248	388
248	716
248	719
248	811
249	256
249	267
249	271
249	273
249	282
249	285
249	293
249	373
249	422
249	566
249	588
249	891
249	904
249	959
250	252
250	258
250	259
250	263
250	278
250	279
250	280
250	282
250	296
250	299
250	417
250	483
250	525
250	633
250	769
250	780
250	854
250	875
250	898
250	958
251	253
251	256
251	260
251	265
251	273
251	277
251	280
251	294
251	867
251	892
252	262
252	298
252	299
252	393
252	623
252	793
252	877
252	895
252	953
253	253
253	265
253	280
253	294
253	296
253	298
253	321
253	504
253	650
253	692
253	940
254	283
254	292
254	418
254	466
254	474
254	505
254	583
254	818
254	831
254	852
254	862
255	256
255	296
255	299
255	461
255	763
256	266
256	278
256	291
256	540
256	592
256	670
256	673
256	684
256	744
256	797
257	284
257	293
257	294
257	345
257	394
257	421
257	438
257	683
257	773
257	857
258	280
258	286
258	297
258	656
258	764
258	934
259	281
259	289
259	294
259	374
259	427
259	649
259	654
259	662
259	750
259	798
259	828
259	908
260	298
260	299
260	420
260	439
260	440
260	610
260	696
260	913
261	290
261	292
261	296
261	298
261	580
261	607
261	735
261	759
261	881
262	265
262	280
262	290
262	291
262	407
262	472
262	634
262	641
262	657
262	681
262	804
262	924
262	949
263	270
263	282
263	293
263	312
263	860
264	265
264	274
264	361
264	456
264	556
264	618
264	622
264	739
264	805
264	820
264	861
265	284
265	296
265	297
265	350
265	665
265	674
265	703
265	802
265	832
265	894
265	906
265	943
266	266
266	278
266	291
266	294
266	509
266	635
266	815
266	895
267	273
267	291
267	298
267	415
267	436
267	464
267	504
267	558
267	715
268	279
268	280
268	462
268	525
268	868
268	893
269	271
269	275
269	290
269	340
269	378
269	387
269	629
269	652
269	711
269	797
270	276
270	294
270	303
270	309
270	426
270	483
270	535
270	554
270	655
270	821
270	873
270	976
271	288
271	375
271	397
271	405
271	411
271	510
271	596
271	674
271	720
271	920
272	279
272	280
272	287
272	289
272	297
272	317
272	409
272	440
272	490
272	513
272	629
272	712
272	797
272	809
272	839
273	289
273	290
273	294
273	431
273	713
273	799
273	832
273	856
273	860
274	274
274	276
274	287
274	294
274	379
274	386
274	438
274	552
274	662
274	675
274	677
274	690
274	730
274	797
274	927
275	287
275	291
275	752
275	774
276	277
276	283
276	285
276	290
276	297
276	341
276	477
276	513
276	878
276	989
277	288
277	467
277	478
277	511
277	626
277	861
278	278
278	280
278	296
278	418
278	747
279	283
279	294
279	443
279	497
279	516
279	528
279	551
279	855
279	991
280	285
280	379
280	389
280	531
280	535
280	557
280	908
280	979
280	984
281	282
281	289
281	290
281	446
281	599
281	643
281	724
281	753
281	794
281	816
281	954
281	977
282	299
282	319
282	386
282	389
282	553
282	736
283	297
283	332
283	402
283	487
283	559
283	584
283	672
283	920
283	943
284	290
284	298
284	299
284	322
284	330
284	479
284	495
284	564
284	582
284	623
284	888
285	289
285	297
285	320
285	367
285	376
285	399
285	745
285	804
285	836
285	885
286	290
286	292
286	376
286	510
286	570
286	690
286	763
287	288
287	297
287	306
287	357
287	420
287	496
287	515
287	526
287	817
288	338
288	455
288	614
288	634
288	639
288	801
289	330
289	522
289	530
289	673
289	827
289	853
289	929
289	985
290	292
290	298
290	513
290	530
290	865
290	971
291	297
291	299
291	427
291	483
291	501
291	503
291	520
291	522
291	617
291	626
291	691
291	770
291	835
291	986
292	318
292	367
292	390
292	455
292	468
292	729
292	762
292	855
293	444
293	863
293	873
293	988
294	445
294	453
294	599
294	620
294	630
294	753
294	819
294	927
295	296
295	405
295	574
295	646
295	700
295	783
295	850
295	881
295	931
295	999
296	297
296	408
296	523
296	568
296	575
296	597
296	697
296	942
297	332
297	386
297	492
297	645
297	676
297	679
297	715
297	756
297	802
297	946
298	304
298	311
298	446
298	499
298	567
298	721
298	735
298	891
299	299
299	358
299	488
299	502
299	519
299	557
299	643
300	301
300	310
300	313
300	318
300	321
300	330
300	352
300	355
300	361
300	362
300	388
300	391
300	500
300	506
300	571
300	587
300	671
300	718
301	317
301	335
301	343
301	345
301	348
301	359
301	377
301	397
301	597
301	700
301	736
301	819
301	852
301	922
301	970
301	979
302	321
302	322
302	340
302	341
302	348
302	350
302	376
302	377
302	396
302	484
302	599
302	618
302	670
302	729
302	740
302	877
302	932
303	305
303	308
303	335
303	355
303	358
303	361
303	365
303	372
303	373
303	380
303	382
303	397
303	480
303	758
303	791
303	813
303	853
303	869
303	965
304	327
304	340
304	342
304	355
304	364
304	390
304	396
304	526
304	743
304	866
304	907
304	917
305	317
305	333
305	343
305	346
305	359
305	364
305	370
305	372
305	382
305	387
305	394
305	423
305	514
305	609
305	666
305	808
305	838
306	311
306	319
306	324
306	334
306	337
306	353
306	354
306	355
306	360
306	378
306	380
306	383
306	500
306	522
306	778
306	925
307	308
307	311
307	313
307	349
307	354
307	356
307	365
307	369
307	380
307	386
307	393
307	536
307	626
307	637
307	685
307	794
307	962
308	323
308	338
308	343
308	364
308	369
308	377
308	382
308	384
308	387
308	390
308	391
308	393
308	396
308	560
308	664
308	834
309	310
309	316
309	318
309	322
309	327
309	336
309	344
309	355
309	361
309	383
309	384
309	418
309	465
309	655
309	776
309	779
309	788
309	811
309	966
309	991
310	311
310	315
310	331
310	338
310	342
310	343
310	346
310	348
310	356
310	369
310	382
310	386
310	398
310	488
310	527
310	540
310	586
310	703
310	946
310	983
311	318
311	329
311	338
311	351
311	369
311	390
311	463
311	699
311	752
311	773
311	976
312	334
312	345
312	360
312	367
312	392
312	424
312	493
312	537
312	724
312	753
312	868
312	893
312	927
312	976
313	322
313	339
313	343
313	348
313	349
313	369
313	381
313	387
313	394
313	413
313	499
313	571
313	631
313	709
313	753
313	793
313	850
313	987
314	323
314	333
314	337
314	339
314	340
314	342
314	343
314	355
314	357
314	363
314	367
314	387
314	484
314	500
314	660
314	905
314	919
315	337
315	341
315	343
315	344
315	351
315	353
315	357
315	358
315	371
315	372
315	373
315	386
315	388
315	394
315	454
315	599
315	681
315	724
315	754
315	843
316	321
316	332
316	360
316	372
316	386
316	396
316	854
316	888
316	965
316	966
317	321
317	322
317	329
317	379
317	433
317	554
317	559
317	562
317	610
317	663
317	722
317	731
317	748
317	842
317	875
317	877
317	916
318	321
318	328
318	331
318	344
318	345
318	346
318	350
318	360
318	362
318	372
318	445
318	503
318	614
318	764
318	875
318	910
318	931
319	325
319	334
319	346
319	352
319	357
319	374
319	385
319	393
319	397
319	425
319	441
319	458
319	736
319	747
319	947
320	327
320	347
320	351
320	358
320	366
320	367
320	370
320	387
320	388
320	396
320	561
320	588
320	645
320	828
321	328
321	334
321	335
321	352
321	357
321	362
321	368
321	384
321	387
321	667
321	972
321	984
322	327
322	340
322	342
322	344
322	383
322	451
322	550
322	609
322	720
322	761
322	843
323	332
323	344
323	351
323	355
323	373
323	375
323	381
323	382
323	386
323	397
323	470
323	477
323	492
323	701
323	905
324	326
324	327
324	339
324	348
324	350
324	366
324	371
324	377
324	385
324	482
324	771
324	781
324	822
325	325
325	345
325	354
325	360
325	369
325	387
325	393
325	397
325	485
325	555
325	675
325	750
325	767
326	327
326	333
326	344
326	346
326	352
326	364
326	377
326	383
326	388
326	416
326	556
326	653
326	676
326	755
326	769
326	809
326	892
327	342
327	344
327	350
327	361
327	365
327	388
327	391
327	515
327	516
327	836
327	872
327	965
328	339
328	345
328	351
328	354
328	370
328	386
328	447
328	465
328	467
328	480
328	538
328	546
328	674
328	686
328	742
328	776
328	843
328	845
328	851
328	862
328	865
328	886
328	944
329	334
329	339
329	376
329	385
329	468
329	510
329	635
330	332
330	335
330	343
330	357
330	366
330	369
330	385
330	396
330	805
330	816
330	889
330	906
331	337
331	348
331	365
331	386
331	387
331	610
331	635
331	723
331	845
332	345
332	349
332	378
332	387
332	391
332	392
332	399
332	423
332	436
332	453
332	504
332	506
332	731
332	763
332	989
333	337
333	357
333	372
333	380
333	383
333	386
333	389
333	391
333	495
333	591
333	753
333	771
333	781
333	895
333	936
334	340
334	368
334	379
334	401
334	448
334	625
334	654
334	687
334	791
334	899
335	378
335	395
335	447
335	477
335	588
335	642
335	709
335	809
335	946
336	338
336	362
336	363
336	388
336	395
336	408
336	444
336	566
336	610
336	701
336	893
337	341
337	349
337	354
337	368
337	382
337	388
337	389
337	398
337	403
337	423
337	493
337	507
337	534
337	660
337	687
337	765
337	789
337	853
337	961
337	976
338	338
338	343
338	350
338	359
338	366
338	371
338	380
338	381
338	394
338	519
338	554
338	706
338	884
338	961
339	342
339	344
339	352
339	363
339	367
339	385
339	398
339	437
339	503
339	791
339	834
339	867
339	883
340	347
340	362
340	364
340	378
340	387
340	483
340	518
340	596
340	648
340	816
341	343
341	346
341	348
341	353
341	365
341	373
341	375
341	381
341	567
341	728
341	796
341	803
341	984
342	343
342	351
342	369
342	371
342	377
342	379
342	383
342	385
342	391
342	593
342	844
342	952
342	994
343	355
343	356
343	359
343	361
343	364
343	379
343	384
343	393
343	398
343	646
343	788
343	804
343	887
343	946
343	977
344	354
344	355
344	362
344	372
344	382
344	390
344	399
344	459
344	520
344	563
344	569
344	786
344	971
344	972
345	346
345	356
345	357
345	367
345	388
345	394
345	397
345	405
345	671
345	755
345	793
346	350
346	354
346	365
346	369
346	390
346	606
346	611
346	699
346	777
346	793
347	347
347	348
347	356
347	376
347	377
347	388
347	399
347	671
347	721
347	747
347	759
347	858
348	368
348	375
348	399
348	483
348	628
348	662
348	680
348	698
348	705
348	713
348	769
348	827
348	909
348	993
349	363
349	369
349	372
349	395
349	401
349	479
349	593
349	628
349	715
349	738
349	857
349	942
349	982
350	370
350	382
350	393
350	693
350	763
350	768
350	834
350	952
351	372
351	375
351	381
351	383
351	387
351	395
351	396
351	442
351	467
351	477
351	573
351	629
351	907
351	965
352	359
352	362
352	379
352	381
352	386
352	389
352	649
352	657
352	681
352	800
352	862
353	358
353	383
353	384
353	396
353	398
353	399
353	466
353	473
353	642
353	742
353	812
353	831
353	853
353	881
353	931
353	964
354	363
354	371
354	375
354	690
354	894
355	357
355	366
355	375
355	377
355	494
355	741
355	813
355	836
355	841
355	872
356	358
356	360
356	372
356	376
356	458
356	487
356	732
357	374
357	375
357	380
357	385
357	387
357	389
357	390
357	395
357	435
357	464
357	497
357	498
357	581
357	608
357	777
357	896
357	989
358	360
358	362
358	371
358	373
358	374
358	379
358	381
358	393
358	399
358	517
358	552
358	712
358	740
358	980
359	362
359	365
359	392
359	412
359	469
359	547
359	568
359	592
359	708
359	827
359	858
359	893
360	377
360	386
360	388
360	928
360	969
360	993
361	365
361	382
361	387
361	388
361	500
361	542
361	652
361	672
361	702
361	711
361	762
361	857
361	894
362	369
362	372
362	386
362	393
362	397
362	931
363	364
363	376
363	378
363	394
363	554
363	560
363	862
363	935
364	368
364	384
364	399
364	469
364	555
364	619
364	976
364	992
365	366
365	369
365	558
365	616
365	675
365	836
365	884
366	368
366	383
366	385
366	541
366	549
366	610
366	711
366	716
366	878
366	922
366	929
366	931
367	374
367	380
367	381
367	389
367	762
367	794
367	837
367	905
367	913
367	977
368	375
368	377
368	384
368	391
368	393
368	468
368	515
368	548
368	704
369	378
369	383
369	435
369	449
369	492
369	587
369	609
369	631
369	632
369	667
369	723
369	851
369	880
369	886
369	897
370	375
370	381
370	388
370	390
370	434
370	568
370	607
370	729
370	777
370	985
371	374
371	380
371	383
371	672
371	735
371	819
371	951
372	377
372	381
372	472
372	493
372	766
373	376
373	382
373	534
373	730
373	737
373	753
373	974
374	376
374	451
374	576
374	698
374	745
374	808
375	380
375	396
375	438
375	463
375	520
375	601
375	606
375	645
375	692
375	767
375	784
375	813
375	927
375	982
376	382
376	386
376	392
376	399
376	572
376	914
376	967
377	380
377	382
377	418
377	471
377	509
377	513
377	711
377	808
377	817
377	960
378	384
378	388
378	389
378	394
378	436
378	488
378	495
378	554
379	380
379	429
379	435
379	535
379	747
379	829
379	892
379	981
380	473
380	490
380	613
380	646
380	695
380	697
380	855
380	856
380	916
380	945
381	384
381	388
381	459
381	475
381	650
381	953
382	387
382	394
382	488
382	580
382	680
382	692
382	701
382	919
383	596
383	674
383	690
383	811
383	991
384	515
384	669
384	905
384	996
385	385
385	387
385	417
385	825
385	834
385	977
386	386
386	389
386	392
386	398
386	509
386	868
386	918
386	928
386	967
387	390
387	396
387	438
387	452
387	547
387	965
388	535
388	631
388	649
389	523
389	550
389	640
390	451
390	503
390	579
390	945
391	406
391	414
391	894
391	913
391	937
391	980
392	404
392	486
392	576
392	584
392	840
393	399
393	488
393	681
393	809
393	871
393	951
393	969
394	397
394	398
394	444
394	564
394	736
395	396
395	397
395	470
395	538
395	731
395	732
395	770
395	924
396	397
396	435
396	455
396	562
396	634
396	654
396	742
396	863
396	983
397	398
397	698
397	820
397	850
397	909
397	930
397	943
398	456
398	463
398	485
398	525
398	532
398	762
398	875
399	503
399	712
399	933
399	938
400	410
400	422
400	429
400	436
400	438
400	442
400	445
400	467
400	469
400	476
400	478
400	489
400	493
400	495
400	630
400	723
400	993
401	417
401	424
401	435
401	440
401	449
401	464
401	468
401	469
401	482
401	489
401	493
401	497
401	697
401	842
402	440
402	444
402	459
402	471
402	495
402	512
402	568
402	575
402	814
402	899
403	406
403	418
403	459
403	464
403	470
403	483
403	484
403	494
403	566
403	641
403	692
403	734
403	754
403	782
403	955
404	412
404	417
404	426
404	427
404	452
404	454
404	494
404	508
404	682
404	733
404	750
404	778
404	911
404	937
405	419
405	421
405	450
405	461
405	465
405	480
405	485
405	497
405	550
405	576
405	666
405	760
405	779
405	824
405	907
405	962
406	407
406	411
406	433
406	436
406	480
406	482
406	497
406	498
406	666
406	714
406	750
406	788
406	899
406	917
407	416
407	425
407	426
407	461
407	477
407	489
407	496
407	590
407	622
407	780
407	904
408	421
408	427
408	433
408	471
408	480
408	594
408	659
408	727
408	874
409	420
409	424
409	435
409	442
409	444
409	451
409	459
409	469
409	471
409	489
409	493
409	640
409	656
409	681
409	731
409	748
409	772
409	849
409	968
410	416
410	418
410	419
410	423
410	437
410	452
410	476
410	478
410	483
410	498
410	716
410	897
411	414
411	436
411	441
411	448
411	459
411	478
411	507
411	761
411	848
411	934
412	416
412	433
412	435
412	443
412	444
412	447
412	460
412	468
412	470
412	479
412	498
412	715
413	421
413	445
413	456
413	470
413	486
413	497
413	761
413	837
413	922
413	994
414	421
414	437
414	460
414	470
414	488
414	490
414	504
414	532
414	534
414	670
414	788
414	802
414	859
414	885
415	427
415	429
415	432
415	435
415	440
415	444
415	451
415	452
415	460
415	461
415	470
415	488
415	564
415	589
415	645
415	764
415	770
415	938
415	983
415	991
416	427
416	435
416	436
416	441
416	448
416	460
416	466
416	467
416	469
416	474
416	476
416	491
416	708
416	719
416	783
416	845
416	908
417	427
417	436
417	439
417	444
417	448
417	462
417	469
417	471
417	482
417	489
417	746
417	870
417	938
418	428
418	430
418	435
418	447
418	448
418	460
418	479
418	480
418	481
418	486
418	496
418	499
418	571
418	689
418	724
418	975
418	986
419	421
419	447
419	472
419	486
419	496
419	525
419	580
419	590
419	669
419	715
419	730
419	782
419	981
420	432
420	439
420	440
420	464
420	472
420	475
420	477
420	479
420	482
420	542
420	682
420	934
420	946
421	423
421	448
421	451
421	455
421	457
421	458
421	460
421	462
421	471
421	486
421	498
421	499
421	633
421	700
421	702
421	753
421	886
422	431
422	436
422	448
422	462
422	476
422	491
422	495
422	498
422	761
423	430
423	433
423	440
423	463
423	521
423	546
423	571
423	613
423	688
423	876
423	934
424	433
424	436
424	446
424	453
424	454
424	457
424	459
424	460
424	475
424	476
424	479
424	480
424	499
424	555
424	560
424	608
424	655
424	727
424	881
425	441
425	446
425	451
425	461
425	464
425	465
425	498
425	499
425	501
425	566
425	599
425	608
425	679
425	737
425	749
425	769
426	435
426	444
426	451
426	460
426	474
426	475
426	477
426	705
426	896
426	953
427	429
427	440
427	441
427	452
427	468
427	480
427	484
427	492
427	496
427	499
427	801
427	953
427	959
427	968
428	440
428	452
428	465
428	480
428	483
428	485
428	490
428	492
428	796
428	868
428	884
428	886
428	935
429	432
429	447
429	455
429	461
429	463
429	476
429	477
429	483
429	491
429	497
429	615
429	674
429	737
429	843
429	848
429	863
429	929
430	447
430	449
430	451
430	452
430	457
430	461
430	486
430	490
430	497
430	498
430	567
430	650
430	854
430	945
431	441
431	446
431	453
431	461
431	465
431	468
431	470
431	472
431	475
431	481
431	496
431	499
431	518
431	532
431	533
431	692
431	741
431	838
431	893
432	434
432	441
432	442
432	465
432	483
432	484
432	613
432	857
433	469
433	491
433	561
433	735
433	801
433	834
433	854
434	454
434	455
434	461
434	495
434	497
434	623
434	691
434	754
434	871
435	453
435	461
435	485
435	577
435	618
435	700
435	832
436	483
436	509
436	530
436	706
436	728
436	743
436	858
436	982
437	439
437	448
437	449
437	456
437	481
437	492
437	540
437	793
437	875
437	919
437	931
438	451
438	457
438	461
438	471
438	495
438	581
438	652
438	666
438	833
439	445
439	450
439	458
439	468
439	477
439	493
439	497
439	584
439	655
439	687
439	793
439	811
439	866
439	970
440	440
440	455
440	461
440	466
440	474
440	498
440	518
440	519
440	582
440	632
440	665
440	735
440	828
441	455
441	462
441	467
441	474
441	486
441	488
441	515
441	547
441	632
441	920
442	443
442	472
442	475
442	498
442	725
442	746
442	900
443	445
443	446
443	449
443	456
443	479
443	497
443	512
443	562
443	607
443	721
443	777
443	903
443	961
444	448
444	456
444	457
444	459
444	469
444	471
444	616
444	641
444	679
444	703
444	824
445	456
445	465
445	494
445	648
445	682
445	735
445	775
445	884
445	921
446	448
446	457
446	468
446	469
446	479
446	529
446	596
446	773
447	449
447	451
447	453
447	459
447	460
447	465
447	475
447	514
447	655
447	854
448	457
448	459
448	464
448	471
448	474
448	487
448	530
448	604
448	730
448	925
448	949
449	463
449	481
449	489
449	490
449	496
449	526
449	770
449	825
449	850
449	864
449	992
450	451
450	462
450	463
450	466
450	468
450	481
450	482
450	484
450	489
450	565
450	624
450	632
450	705
450	743
450	795
450	889
450	939
450	952
450	962
451	453
451	473
451	480
451	485
451	491
451	494
451	495
451	515
451	517
451	531
451	624
451	753
451	861
451	948
451	982
452	472
452	486
452	496
452	595
452	652
452	679
452	731
452	755
452	980
453	464
453	472
453	551
453	716
453	947
454	475
454	492
454	493
454	588
455	461
455	474
455	480
455	486
455	489
455	547
455	555
455	578
455	592
455	679
455	882
455	891
456	487
456	502
456	574
456	629
456	684
456	736
456	759
456	860
456	936
457	470
457	560
457	648
457	742
457	774
458	468
458	473
458	484
458	486
458	494
458	498
458	658
458	746
458	882
459	475
459	646
459	717
459	962
460	465
460	468
460	469
460	488
460	781
461	467
461	482
461	497
461	721
461	791
461	917
462	466
462	469
462	472
462	482
462	483
462	523
462	706
462	745
463	475
463	478
463	594
463	648
463	653
463	661
463	870
463	913
463	914
463	942
464	467
464	468
464	482
464	490
464	501
464	619
464	733
464	764
464	853
464	907
464	971
465	471
465	480
465	483
465	489
465	590
465	662
465	866
465	965
466	473
466	476
466	477
466	480
466	486
466	487
466	489
466	511
466	562
466	643
466	769
466	964
467	473
467	487
467	492
467	567
467	779
468	473
468	483
468	492
468	778
468	783
468	803
468	994
469	470
469	485
469	575
469	612
469	649
469	802
470	479
470	509
470	529
470	610
470	613
470	666
470	738
470	740
470	789
470	970
470	979
471	473
471	493
471	885
471	938
472	475
472	478
472	484
472	486
472	490
472	495
472	572
472	650
472	701
472	844
472	929
473	484
473	486
473	496
473	722
473	850
473	982
474	478
474	491
474	666
474	675
474	718
474	930
474	946
475	487
475	589
475	665
475	968
476	928
477	484
477	503
477	741
477	754
477	907
478	523
478	660
478	750
478	917
478	927
479	480
479	491
479	541
479	576
480	498
480	504
480	528
480	641
480	893
480	935
480	974
481	485
481	504
481	603
481	704
481	715
481	919
482	487
482	614
482	618
482	657
482	672
482	705
482	714
482	850
482	972
483	487
483	493
483	547
483	552
483	649
483	712
483	738
483	764
483	878
483	983
484	532
484	745
484	761
484	868
484	912
485	489
485	701
485	761
485	894
485	950
486	546
486	611
486	693
486	855
486	982
487	556
487	727
487	831
487	941
488	492
488	499
488	502
488	534
488	628
488	635
488	695
488	826
488	982
489	491
489	493
489	691
489	903
490	497
490	587
490	644
490	651
490	767
490	873
490	890
490	941
490	980
491	518
491	531
491	676
491	748
491	752
491	828
491	862
491	959
492	495
492	496
492	622
492	670
492	753
492	895
492	951
493	727
493	734
493	763
493	793
493	880
493	893
493	927
494	552
494	585
494	641
494	738
495	502
495	504
495	527
495	563
495	835
496	603
496	697
496	774
496	903
497	498
497	567
497	569
497	597
497	629
497	695
497	732
497	775
497	983
497	985
498	654
498	663
498	766
498	768
498	890
498	933
498	985
499	687
499	743
499	820
499	838
499	870
499	986
500	504
500	536
500	537
500	549
500	559
500	567
500	579
500	593
500	594
500	599
500	626
500	656
500	791
500	799
500	905
500	911
501	508
501	523
501	536
501	539
501	544
501	550
501	568
501	593
501	597
501	678
501	748
501	879
501	991
502	514
502	519
502	546
502	561
502	575
502	591
502	593
502	599
502	652
502	661
502	922
503	507
503	540
503	554
503	555
503	556
503	565
503	568
503	575
503	593
503	596
503	597
503	738
503	770
504	504
504	514
504	516
504	519
504	522
504	526
504	535
504	538
504	545
504	548
504	557
504	562
504	571
504	594
504	701
504	965
504	987
505	511
505	526
505	544
505	549
505	557
505	560
505	563
505	572
505	880
505	944
506	524
506	541
506	549
506	558
506	574
506	583
506	589
506	595
506	599
506	661
506	721
506	776
506	871
506	907
506	908
507	511
507	515
507	516
507	525
507	539
507	559
507	566
507	570
507	577
507	580
507	583
507	591
507	645
507	708
507	745
507	790
507	825
507	856
508	513
508	527
508	528
508	545
508	552
508	565
508	571
508	574
508	577
508	578
508	588
508	594
508	685
508	717
508	795
508	914
508	931
508	995
509	511
509	518
509	528
509	529
509	542
509	558
509	564
509	570
509	573
509	580
509	584
509	587
509	599
509	629
509	733
509	982
510	511
510	522
510	524
510	534
510	538
510	541
510	542
510	569
510	573
510	646
510	855
510	904
511	533
511	537
511	542
511	566
511	576
511	589
511	592
511	690
511	778
511	781
511	801
512	519
512	520
512	549
512	550
512	554
512	561
512	566
512	573
512	579
512	581
512	589
512	616
512	928
512	929
512	992
513	533
513	539
513	540
513	542
513	573
513	596
513	651
513	670
513	811
513	863
513	875
513	984
514	517
514	519
514	520
514	552
514	561
514	563
514	579
514	582
514	584
514	589
514	597
514	675
514	688
514	698
514	763
514	847
514	879
515	519
515	521
515	537
515	539
515	544
515	545
515	550
515	578
515	581
515	582
515	717
515	748
515	926
516	540
516	541
516	547
516	549
516	551
516	570
516	583
516	588
516	591
516	592
516	599
516	830
516	853
516	893
517	527
517	531
517	538
517	544
517	548
517	551
517	552
517	561
517	567
517	577
517	581
517	599
517	652
517	704
517	844
517	992
518	519
518	525
518	537
518	549
518	576
518	581
518	587
518	593
518	672
518	787
518	923
519	529
519	539
519	559
519	561
519	562
519	585
519	593
519	599
519	677
519	846
520	531
520	532
520	541
520	543
520	544
520	548
520	556
520	559
520	562
520	581
520	583
520	591
520	609
520	721
520	860
520	861
520	883
520	889
521	529
521	548
521	549
521	555
521	558
521	559
521	565
521	566
521	569
521	572
521	577
521	579
521	581
521	845
521	878
522	524
522	539
522	554
522	572
522	574
522	587
522	589
522	591
522	690
522	706
522	877
523	524
523	530
523	532
523	535
523	551
523	561
523	562
523	564
523	567
523	571
523	792
523	853
523	854
523	963
523	968
524	528
524	532
524	538
524	541
524	548
524	566
524	569
524	571
524	574
524	575
524	576
524	583
524	656
524	662
524	765
524	867
524	925
525	538
525	541
525	545
525	572
525	575
525	577
525	583
525	585
525	588
525	602
525	648
525	649
525	742
525	761
525	767
525	913
526	538
526	572
526	587
526	588
526	597
526	670
526	672
526	689
526	916
526	955
526	973
527	530
527	555
527	558
527	559
527	563
527	585
527	595
527	598
527	606
527	722
527	830
527	969
528	544
528	552
528	553
528	563
528	569
528	574
528	583
528	586
528	589
528	657
528	691
528	795
528	818
528	829
529	537
529	556
529	562
529	573
529	582
529	587
529	588
529	589
529	593
529	597
529	632
529	703
529	929
529	943
529	948
530	541
530	563
530	574
530	576
530	577
530	584
530	590
530	737
530	758
531	544
531	551
531	553
531	563
531	570
531	572
531	580
531	588
531	589
531	592
531	727
531	960
532	534
532	543
532	544
532	548
532	549
532	551
532	552
532	554
532	581
532	599
532	624
532	656
532	664
532	712
532	861
532	923
532	997
533	563
533	570
533	571
533	575
533	732
533	787
533	836
533	926
533	978
534	540
534	546
534	557
534	564
534	577
534	591
534	599
534	653
534	697
534	782
534	801
534	870
535	543
535	546
535	561
535	576
535	582
535	592
535	595
535	597
535	623
535	775
535	800
535	888
535	970
535	986
536	539
536	561
536	562
536	568
536	572
536	573
536	589
536	590
536	597
536	723
536	849
536	862
536	998
537	543
537	545
537	553
537	568
537	577
537	580
537	595
537	710
537	825
537	853
537	895
537	901
537	932
537	938
538	538
538	539
538	563
538	574
538	598
538	660
538	748
538	925
538	993
539	545
539	548
539	552
539	574
539	580
539	582
539	583
539	598
539	654
539	791
539	805
539	973
540	547
540	549
540	571
540	577
540	579
540	591
540	832
541	558
541	559
541	568
541	595
541	603
541	649
541	778
541	832
541	843
541	906
541	909
541	927
541	964
542	558
542	581
542	630
542	720
542	814
542	892
543	561
543	574
543	582
543	583
543	595
543	596
543	619
543	637
543	661
544	547
544	586
544	851
544	919
544	971
545	556
545	559
545	566
545	577
545	578
545	579
545	581
545	586
545	588
545	594
545	700
546	559
546	569
546	574
546	586
546	591
546	674
546	704
546	726
546	790
547	549
547	557
547	564
547	574
547	575
547	614
547	627
547	667
547	713
547	724
547	967
548	554
548	565
548	574
548	580
548	589
548	594
548	610
548	706
548	716
548	986
548	990
549	575
549	580
549	583
549	689
549	774
549	845
550	562
550	568
550	574
550	736
551	573
551	589
551	593
551	605
551	666
551	687
551	707
551	931
552	558
552	569
552	570
552	574
552	581
552	658
552	808
552	827
553	567
553	573
553	588
553	591
553	592
553	682
554	565
554	571
554	573
554	578
554	579
554	597
554	725
555	561
555	563
555	565
555	568
555	578
555	599
555	617
555	749
555	763
555	884
555	931
555	975
556	561
556	578
556	589
556	590
556	689
556	749
556	943
557	562
557	578
557	586
557	609
557	641
557	669
557	850
557	860
557	897
557	900
558	562
558	668
558	725
558	733
558	735
558	909
558	974
559	565
559	566
559	567
559	595
559	597
559	626
559	884
560	593
560	594
560	595
560	780
560	874
561	568
561	569
561	578
561	579
561	600
561	762
561	777
561	830
561	879
562	582
562	588
562	634
562	710
562	753
562	953
563	583
563	591
563	598
563	685
563	841
564	581
564	596
564	615
564	695
564	705
564	831
564	967
565	566
565	570
565	582
565	607
565	701
565	759
565	881
565	960
566	682
566	911
567	581
567	596
567	795
567	840
567	856
567	968
568	584
568	623
568	738
568	866
568	893
568	998
569	573
569	575
569	576
569	590
569	592
569	593
569	681
569	775
570	571
570	577
570	578
570	588
570	590
570	596
570	623
570	627
570	707
571	589
571	593
571	639
571	684
571	760
571	789
571	932
571	965
572	577
572	580
572	583
572	594
572	597
572	599
572	614
572	640
573	579
573	583
573	618
573	781
573	823
573	888
573	989
574	576
574	579
574	584
574	599
575	576
575	595
575	838
575	878
575	914
575	970
576	579
576	585
576	798
576	839
576	928
576	991
577	579
577	582
577	584
577	625
577	726
577	745
577	765
577	811
577	860
577	935
578	580
578	589
578	590
578	594
578	598
578	636
578	790
578	892
578	947
578	988
579	583
579	586
579	595
579	660
579	732
579	877
579	940
579	959
580	695
580	750
580	756
580	775
581	669
581	751
581	842
582	586
582	587
583	588
583	660
583	807
583	941
584	606
584	615
584	750
584	768
584	771
584	793
584	832
584	888
584	911
584	927
585	598
585	633
585	707
585	711
585	810
585	822
585	826
585	916
586	594
586	975
587	599
587	645
587	713
587	773
587	800
587	890
588	671
589	590
589	613
589	634
589	748
589	866
589	925
590	593
590	676
590	692
590	740
591	593
591	601
591	665
591	688
591	780
591	903
592	594
592	595
592	874
592	977
592	984
592	997
593	641
593	720
593	731
593	806
593	932
594	595
594	781
595	746
595	809
595	927
595	935
595	976
595	996
596	631
596	715
596	824
596	859
596	951
596	961
597	598
597	621
597	690
597	788
597	896
598	611
598	985
599	623
599	746
599	849
599	901
600	602
600	606
600	615
600	617
600	620
600	639
600	644
600	655
600	657
600	671
600	672
600	679
600	690
600	704
600	725
601	649
601	657
601	659
601	665
601	667
601	669
601	694
601	823
601	909
602	608
602	617
602	640
602	654
602	659
602	672
602	679
602	909
603	618
603	626
603	636
603	638
603	649
603	673
603	844
604	609
604	633
604	637
604	642
604	646
604	650
604	653
604	668
604	674
604	677
604	683
604	684
604	685
604	690
604	693
604	696
604	714
604	907
604	977
605	622
605	633
605	636
605	644
605	657
605	688
605	691
605	692
605	693
605	713
605	840
605	990
606	611
606	621
606	631
606	632
606	644
606	659
606	661
606	670
606	675
606	679
606	682
606	684
606	698
606	700
606	705
606	709
606	870
606	931
607	616
607	632
607	638
607	666
607	673
607	684
607	686
607	688
607	689
607	690
607	697
607	711
607	805
607	815
607	838
607	840
607	946
607	958
607	970
607	971
608	608
608	618
608	628
608	632
608	652
608	658
608	665
608	677
608	679
608	681
608	769
608	829
608	841
608	872
609	614
609	633
609	656
609	660
609	662
609	670
609	679
609	681
609	721
610	636
610	646
610	647
610	648
610	653
610	654
610	659
610	688
610	950
611	620
611	621
611	642
611	652
611	657
611	660
611	670
611	674
611	694
611	696
611	742
611	891
612	629
612	640
612	651
612	656
612	685
612	690
612	691
612	725
612	757
612	873
612	899
612	915
613	613
613	616
613	632
613	635
613	645
613	646
613	650
613	667
613	671
613	685
613	698
613	742
614	619
614	623
614	628
614	637
614	649
614	656
614	687
614	689
614	698
614	711
614	816
614	970
615	622
615	633
615	637
615	638
615	657
615	662
615	964
615	976
616	619
616	625
616	634
616	638
616	648
616	654
616	668
616	675
616	678
616	682
616	683
616	687
616	695
616	743
616	774
617	620
617	625
617	626
617	635
617	660
617	661
617	665
617	678
617	798
618	623
618	628
618	653
618	664
618	670
618	672
618	693
618	695
618	754
618	760
618	865
618	880
619	621
619	642
619	653
619	660
619	667
619	678
619	681
619	688
619	689
619	690
619	715
619	763
619	832
620	653
620	661
620	674
620	690
620	691
620	693
620	699
620	759
620	767
620	887
620	925
621	629
621	640
621	644
621	651
621	658
621	661
621	662
621	688
621	728
621	853
622	627
622	643
622	644
622	672
622	679
622	687
622	690
622	691
622	696
622	697
622	734
622	984
623	633
623	642
623	646
623	647
623	672
623	689
623	692
623	695
623	726
623	865
623	875
623	937
623	968
623	996
624	652
624	658
624	669
624	672
624	686
624	695
624	699
624	832
624	902
624	915
625	625
625	641
625	643
625	657
625	665
625	667
625	687
625	689
625	697
625	902
625	918
625	935
625	983
626	639
626	641
626	645
626	646
626	650
626	680
626	685
626	792
626	977
627	639
627	642
627	662
627	685
627	695
627	724
627	800
627	899
627	927
628	633
628	646
628	658
628	687
628	690
628	697
628	882
629	636
629	648
629	651
629	654
629	658
629	670
629	675
629	680
629	690
629	916
630	632
630	633
630	634
630	635
630	655
630	661
630	667
630	694
630	724
630	776
630	805
630	958
631	637
631	638
631	641
631	660
631	674
631	684
631	699
631	764
631	774
631	816
631	837
631	854
631	857
631	870
631	916
632	640
632	648
632	659
632	666
632	677
632	683
632	684
632	692
632	693
632	698
632	712
632	816
632	837
633	646
633	654
633	671
633	687
633	740
633	860
633	947
634	636
634	637
634	641
634	646
634	677
634	694
634	696
634	698
634	703
634	712
634	729
634	745
634	808
634	832
634	956
634	958
634	968
634	976
635	636
635	648
635	655
635	662
635	673
635	687
635	861
635	867
636	644
636	655
636	658
636	662
636	665
636	676
636	677
636	681
636	687
636	689
636	863
636	929
636	953
637	637
637	649
637	653
637	656
637	666
637	668
637	671
637	676
637	688
637	699
637	705
637	717
637	744
637	791
637	833
638	644
638	649
638	650
638	661
638	663
638	666
638	671
638	675
638	857
639	655
639	656
639	664
639	665
639	677
639	686
639	713
639	789
639	790
639	995
640	651
640	669
640	674
640	699
640	707
640	776
640	961
640	972
641	649
641	658
641	662
641	675
641	686
641	692
641	830
641	856
642	647
642	662
642	671
642	691
642	757
642	822
642	843
643	651
643	663
643	686
643	694
643	934
643	963
643	970
643	977
644	654
644	655
644	663
644	671
644	676
644	686
644	688
644	699
645	676
645	681
645	687
645	688
645	719
645	767
645	863
646	657
646	678
646	679
646	687
646	689
646	691
646	695
646	767
646	821
646	951
647	650
647	658
647	666
647	673
647	675
647	683
647	689
647	789
648	649
648	658
648	660
648	689
648	692
648	855
648	932
648	935
648	947
649	891
649	912
649	913
649	937
649	957
650	668
650	673
650	689
650	701
650	724
650	860
650	872
650	895
651	652
651	661
651	666
651	675
651	693
651	696
651	699
651	880
652	652
652	662
652	671
652	678
652	689
652	693
652	774
652	797
652	840
653	655
653	659
653	685
653	693
653	699
653	708
653	756
653	813
653	844
653	934
653	959
654	663
654	664
654	669
654	670
654	680
654	684
654	687
654	692
654	816
655	662
655	670
655	696
655	800
656	656
656	672
656	679
656	682
656	695
656	697
657	671
657	674
657	678
657	682
657	774
657	887
658	671
658	679
658	778
658	792
658	918
658	983
659	667
659	681
659	711
659	749
659	777
659	822
660	679
660	693
660	706
661	663
661	667
661	671
661	672
661	688
661	691
661	699
661	789
661	996
662	666
662	670
662	671
662	686
662	687
662	690
662	694
662	820
663	663
663	674
663	681
663	683
663	702
663	742
663	760
663	918
663	941
663	985
664	667
664	672
664	674
664	678
664	685
664	693
664	695
664	697
664	761
664	904
665	675
665	676
665	681
665	694
665	723
665	796
665	815
665	985
666	666
666	669
666	670
666	678
666	680
667	880
668	673
668	675
668	688
668	940
669	687
669	693
669	697
669	745
669	862
669	894
669	965
670	671
670	692
670	823
670	827
670	832
670	872
671	673
671	674
671	698
671	918
671	972
672	674
672	696
672	710
672	794
672	837
672	878
672	936
673	677
673	678
673	688
673	694
673	703
673	785
673	801
673	967
674	685
674	686
674	687
674	689
674	694
674	830
674	890
674	915
674	990
675	678
675	679
675	697
675	699
675	724
675	779
675	818
675	854
675	874
676	695
676	696
676	702
676	839
676	884
677	680
677	682
677	758
677	824
678	697
679	685
679	696
679	722
679	875
680	686
680	847
680	861
680	873
681	683
681	695
681	696
681	698
681	699
681	893
681	981
681	986
682	684
682	687
682	759
682	771
682	819
682	825
682	878
682	953
683	688
683	691
683	786
683	810
683	842
683	889
683	902
684	684
684	691
684	711
684	767
684	915
684	990
685	688
685	693
685	695
685	803
685	819
685	962
685	988
685	992
686	686
686	708
686	760
686	930
686	998
687	688
687	695
687	697
688	688
688	729
688	795
689	740
689	821
689	937
690	692
690	756
690	801
690	859
691	710
691	822
691	866
692	692
692	710
692	786
692	943
693	805
693	981
694	785
694	838
694	845
694	949
695	778
695	795
695	860
695	922
695	960
696	769
696	932
697	735
697	796
697	803
697	836
698	712
699	699
699	701
700	710
700	739
700	745
700	746
700	748
700	751
700	772
700	774
700	776
700	782
700	783
700	793
700	798
700	799
700	814
700	984
701	711
701	719
701	742
701	744
701	752
701	754
701	756
701	793
701	799
701	919
702	704
702	726
702	748
702	756
702	781
702	785
702	786
702	832
702	908
702	962
703	703
703	710
703	722
703	728
703	730
703	731
703	736
703	741
703	750
703	753
703	755
703	765
703	772
703	775
703	782
703	794
703	811
704	711
704	712
704	723
704	727
704	744
704	746
704	749
704	769
704	772
704	780
704	790
704	792
704	798
704	827
704	848
704	865
704	955
704	991
705	711
705	729
705	730
705	745
705	763
705	764
705	771
705	772
705	775
705	792
705	862
705	899
705	962
705	967
706	709
706	711
706	717
706	719
706	736
706	740
706	773
706	781
706	827
706	851
706	928
706	979
707	709
707	711
707	725
707	727
707	745
707	747
707	754
707	760
707	790
707	797
707	822
707	864
707	932
708	713
708	715
708	721
708	727
708	732
708	746
708	753
708	774
708	780
708	784
708	786
708	791
708	874
708	965
708	984
709	715
709	718
709	719
709	722
709	723
709	726
709	733
709	741
709	744
709	749
709	753
709	754
709	758
709	788
709	832
709	849
709	865
709	867
709	909
710	713
710	731
710	733
710	735
710	745
710	748
710	758
710	762
710	764
710	769
710	776
710	792
710	953
711	729
711	734
711	755
711	826
711	869
711	878
711	883
711	886
712	751
712	758
712	763
712	768
712	779
712	780
712	787
712	791
712	805
712	902
712	911
712	913
713	717
713	736
713	744
713	755
713	781
713	793
713	798
714	728
714	751
714	765
714	793
714	851
714	859
714	872
715	716
715	723
715	726
715	733
715	734
715	748
715	751
715	754
715	757
715	795
715	799
715	808
715	891
716	728
716	737
716	773
716	779
716	784
716	786
716	792
716	794
716	795
716	899
716	922
717	729
717	731
717	735
717	743
717	760
717	771
717	779
717	793
717	795
717	982
718	724
718	727
718	735
718	750
718	756
718	760
718	762
718	764
719	729
719	747
719	758
719	760
719	762
719	763
719	769
719	770
719	781
720	749
720	751
720	762
720	763
720	766
720	769
720	770
720	772
720	779
720	780
720	784
720	808
720	906
721	753
721	758
721	779
721	783
721	784
721	787
721	788
722	726
722	730
722	737
722	740
722	745
722	755
722	760
722	767
722	781
722	784
722	790
722	799
722	834
723	732
723	737
723	739
723	763
723	770
723	782
723	795
723	796
723	799
723	960
724	734
724	740
724	759
724	763
724	775
724	785
724	816
724	840
725	744
725	747
725	754
725	759
725	766
725	769
725	775
725	831
725	879
726	730
726	734
726	735
726	736
726	737
726	738
726	741
726	745
726	747
726	751
726	761
726	771
726	786
726	788
726	793
726	794
726	983
727	729
727	751
727	772
727	774
727	787
727	794
727	914
728	736
728	741
728	750
728	761
728	768
728	769
728	795
729	729
729	735
729	739
729	740
729	763
729	768
729	772
729	776
729	777
729	787
729	795
729	995
730	732
730	768
730	776
730	805
730	894
731	735
731	743
731	745
731	759
731	763
731	790
731	967
732	735
732	738
732	741
732	751
732	761
732	768
732	791
732	852
733	734
733	740
733	750
733	751
733	767
733	788
733	793
733	837
733	839
733	960
733	965
734	740
734	766
734	772
734	777
734	909
735	749
735	768
735	772
735	787
735	788
735	794
735	817
735	987
736	751
736	753
736	755
736	758
736	770
736	773
736	786
736	900
736	942
737	741
737	747
737	750
737	757
737	764
737	767
737	772
737	776
737	785
737	792
737	796
738	754
738	760
738	772
738	781
738	796
738	867
739	741
739	751
739	760
739	776
739	780
739	787
740	749
740	786
740	787
740	846
740	985
740	995
741	753
741	756
741	770
741	771
741	785
741	926
741	942
741	964
742	764
742	804
742	948
743	747
743	771
743	773
743	779
743	783
743	944
744	752
744	785
744	794
744	830
744	835
744	861
744	899
744	978
745	750
745	760
745	765
745	767
745	772
745	774
745	782
745	791
745	798
745	913
746	751
746	759
746	766
746	768
746	772
746	773
746	774
746	778
746	784
746	791
747	765
747	772
747	773
747	781
747	786
747	790
747	867
747	908
748	749
748	758
748	760
748	772
748	796
748	797
748	810
748	905
748	982
749	753
749	755
749	758
749	768
749	775
749	780
749	781
749	782
749	796
749	887
749	952
749	995
750	757
750	758
750	760
750	784
750	786
750	787
750	790
750	792
750	796
751	770
751	905
751	990
752	758
752	770
752	787
752	791
752	793
752	797
752	860
752	925
753	787
753	799
753	869
753	894
754	757
754	764
754	770
754	775
754	782
754	793
755	759
755	762
755	771
755	797
756	765
756	768
756	776
756	777
756	781
756	782
756	784
756	793
756	810
757	767
757	781
757	784
757	799
757	850
758	780
758	783
758	790
758	864
758	909
759	762
759	763
759	768
759	776
759	781
759	782
759	797
759	814
760	769
760	775
760	778
760	787
760	795
760	810
760	945
761	768
761	771
761	787
761	792
761	796
761	799
761	962
762	768
762	772
762	783
762	792
762	881
762	971
763	772
763	776
763	782
763	783
763	787
763	793
763	933
763	962
763	971
764	769
764	771
764	780
764	796
764	841
764	973
765	768
765	792
765	796
765	922
766	793
766	795
766	907
767	768
767	770
767	772
767	776
767	778
767	790
767	795
767	854
767	919
767	943
768	770
768	772
768	797
768	799
769	773
769	775
769	788
769	791
769	884
770	778
770	796
770	821
770	930
770	965
770	968
771	775
771	791
771	793
771	799
772	830
772	849
772	859
773	774
773	785
773	796
774	780
774	781
774	792
774	840
774	843
774	909
775	779
775	798
775	943
775	983
776	783
776	787
776	788
776	835
777	786
777	787
777	792
777	867
777	978
778	785
778	792
778	798
778	809
778	850
778	864
778	949
779	782
779	784
779	785
779	788
779	796
779	832
779	877
780	785
780	787
780	849
781	788
781	791
781	792
781	874
781	875
781	930
782	785
782	796
783	784
783	789
783	793
783	820
784	796
784	799
785	788
785	790
785	838
785	919
785	967
785	989
786	788
786	793
786	794
787	791
787	799
787	882
788	792
788	795
788	796
788	891
788	920
788	929
788	935
788	942
788	969
788	973
789	796
789	835
789	967
790	810
790	878
791	809
791	923
791	963
791	997
792	795
793	795
793	845
793	999
794	801
794	820
794	845
794	873
794	876
795	866
795	986
797	799
797	967
798	799
798	806
798	868
798	874
798	879
798	903
799	856
799	869
799	973
800	804
800	816
800	818
800	831
800	839
800	843
800	848
800	851
800	854
800	858
800	859
800	866
800	884
800	893
801	810
801	849
801	887
801	896
801	897
802	823
802	826
802	834
802	837
802	839
802	845
802	847
802	860
802	862
802	869
802	870
802	874
802	875
802	878
802	888
802	920
802	922
802	960
803	803
803	805
803	811
803	818
803	819
803	821
803	838
803	842
803	846
803	852
803	854
803	858
803	866
803	867
803	875
803	956
804	824
804	827
804	833
804	845
804	870
804	894
804	952
805	805
805	814
805	818
805	820
805	822
805	837
805	840
805	856
805	879
806	813
806	814
806	834
806	849
806	855
806	872
806	885
806	888
806	891
806	896
807	813
807	815
807	833
807	842
807	887
807	898
807	962
808	822
808	825
808	836
808	840
808	843
808	844
808	851
808	867
808	873
808	878
808	882
808	883
808	892
808	899
809	820
809	823
809	824
809	825
809	834
809	851
809	853
809	867
809	868
809	869
809	870
809	875
809	880
809	882
809	884
809	889
809	890
809	959
810	813
810	819
810	829
810	848
810	853
810	867
810	880
810	897
810	898
811	858
811	864
811	877
811	879
811	883
811	884
811	886
811	977
812	835
812	839
812	846
812	851
812	852
812	853
812	867
812	882
812	888
812	889
812	899
813	817
813	831
813	837
813	848
813	856
814	823
814	829
814	831
814	843
814	860
814	864
814	870
814	883
815	822
815	824
815	828
815	836
815	850
815	851
815	853
815	862
815	877
815	888
815	889
815	895
815	956
816	837
816	854
816	864
816	865
816	871
816	872
816	889
816	925
817	821
817	822
817	825
817	841
817	857
817	860
817	869
817	871
818	825
818	827
818	832
818	849
818	854
818	855
818	870
818	878
818	899
818	928
818	934
819	826
819	833
819	848
819	849
819	851
819	856
819	878
819	886
819	889
819	890
819	924
820	827
820	831
820	857
820	865
820	874
820	876
820	894
820	993
820	995
821	826
821	828
821	829
821	830
821	838
821	839
821	842
821	868
821	876
821	877
821	883
821	884
821	887
821	890
821	899
821	982
822	825
822	828
822	831
822	849
822	853
822	866
822	871
822	876
823	832
823	848
823	851
823	879
823	885
823	896
823	932
823	950
824	831
824	832
824	840
824	859
824	862
824	872
824	890
825	830
825	838
825	849
825	850
825	856
825	861
825	865
825	963
826	837
826	840
826	847
826	848
826	849
826	869
826	886
826	952
827	859
827	862
827	865
827	874
827	892
828	830
828	840
828	848
828	866
828	876
828	883
828	893
829	830
829	831
829	841
829	842
829	847
829	849
829	868
829	869
829	881
829	888
829	890
829	891
829	895
829	944
830	830
830	837
830	844
830	865
830	866
830	868
830	878
830	889
830	891
830	897
830	967
831	842
831	850
831	851
831	853
831	861
831	881
831	885
832	848
832	852
832	870
832	874
832	891
832	902
832	992
833	838
833	847
833	849
833	858
833	881
833	895
833	949
834	844
834	846
834	866
834	870
834	875
834	876
834	889
834	906
834	991
835	848
835	863
835	875
835	876
835	880
835	885
835	888
835	889
835	891
835	895
835	932
836	846
836	847
836	864
836	865
836	866
836	870
836	871
836	882
836	971
836	983
837	845
837	847
837	854
837	858
837	878
837	883
838	843
838	868
838	882
838	889
838	896
838	897
838	899
839	842
839	887
839	975
840	842
840	843
840	848
840	869
840	876
840	885
840	890
840	929
841	856
841	876
841	880
841	895
841	898
842	844
842	851
842	874
842	875
842	883
842	884
842	893
842	994
843	851
843	856
843	863
843	866
843	896
843	913
843	935
844	869
844	878
844	893
844	896
845	878
845	880
845	895
846	869
846	876
846	877
846	886
846	920
846	924
847	848
847	850
847	852
847	869
847	873
847	882
847	884
847	888
847	897
848	854
848	957
848	972
849	850
849	851
849	855
849	862
849	870
849	889
849	894
849	945
849	948
850	854
850	863
850	866
850	885
850	899
851	856
851	860
851	864
851	869
851	871
851	879
851	887
851	927
852	866
852	869
852	884
852	898
852	915
852	916
853	862
853	868
853	869
853	888
853	892
853	894
853	960
853	997
854	857
854	864
854	873
854	877
854	881
854	884
854	895
854	897
854	996
855	864
855	886
855	897
855	899
855	989
856	866
856	880
856	884
856	893
856	894
856	999
857	864
857	867
857	877
857	890
857	959
857	985
858	876
858	939
858	950
859	869
859	885
859	894
860	871
861	886
861	896
861	898
862	889
862	919
863	866
863	882
863	888
863	893
863	896
863	952
864	866
864	873
864	878
864	886
864	891
865	871
865	874
865	875
865	878
865	890
865	893
865	897
865	898
866	868
866	872
866	874
866	877
866	879
866	893
866	940
867	876
867	878
867	891
867	905
868	893
868	894
868	921
868	927
869	874
869	880
869	887
869	906
869	938
869	962
870	872
870	880
870	885
870	889
870	891
870	913
871	873
871	895
871	963
871	971
871	975
872	872
872	885
872	886
872	897
872	912
872	945
873	880
873	888
873	891
873	893
873	977
874	898
874	963
875	884
875	887
875	893
875	899
875	908
876	881
876	894
876	952
877	878
877	881
877	911
878	881
878	894
878	899
878	907
878	920
879	883
879	887
879	892
879	991
880	897
880	948
880	949
881	886
881	894
881	896
881	914
882	885
882	896
882	898
882	930
882	980
883	893
883	902
883	905
883	909
884	915
884	962
885	898
885	924
885	952
886	891
887	975
888	890
888	891
888	895
888	896
888	897
888	899
889	891
889	893
889	895
890	890
890	893
890	897
891	892
891	894
891	897
891	950
891	961
892	893
892	894
892	895
893	968
894	894
894	895
894	987
895	898
896	901
899	944
900	913
900	925
900	929
900	931
900	958
900	966
900	977
900	986
900	991
900	993
900	997
901	912
901	927
901	937
901	938
901	939
901	951
901	965
901	971
901	984
901	986
901	995
901	999
902	903
902	906
902	907
902	924
902	944
902	956
902	966
902	991
902	992
903	928
903	942
903	943
903	959
903	961
903	981
903	985
903	986
903	995
904	923
904	929
904	932
904	942
904	962
904	964
904	973
904	986
905	919
905	922
905	936
905	952
906	909
906	915
906	935
906	954
906	962
906	965
906	967
906	975
906	992
907	910
907	920
907	926
907	941
907	948
907	950
907	961
907	963
907	975
907	986
907	992
907	999
908	915
908	922
908	928
908	936
908	963
908	966
908	971
908	991
909	911
909	912
909	926
909	930
909	936
909	949
909	950
909	952
909	958
909	961
909	965
910	912
910	914
910	930
910	971
910	975
910	981
910	982
910	988
910	992
910	999
911	913
911	922
911	955
911	964
911	980
912	914
912	918
912	921
912	931
912	942
912	969
912	979
912	983
912	985
912	989
913	916
913	918
913	925
913	929
913	933
913	948
913	955
913	972
913	980
913	993
913	998
914	916
914	965
914	967
914	972
914	982
914	998
915	921
915	922
915	923
915	934
915	936
915	939
915	940
915	941
915	944
915	945
915	951
915	955
915	962
916	941
916	948
916	952
916	953
916	961
916	976
916	984
916	997
917	920
917	922
917	925
917	944
917	966
917	969
917	970
917	979
918	920
918	937
918	960
918	962
918	997
919	936
919	946
919	981
919	985
920	920
920	926
920	944
920	954
920	959
920	960
920	961
920	964
920	969
920	973
920	978
920	982
920	987
921	925
921	939
921	984
921	989
922	929
922	931
922	932
922	933
922	935
922	939
922	940
922	945
922	950
922	956
922	960
922	964
922	965
922	985
922	989
923	929
923	931
923	939
923	944
923	949
923	951
923	956
923	961
923	962
923	966
923	973
923	984
923	991
923	999
924	925
924	954
924	970
924	980
924	990
925	935
925	938
925	942
925	947
925	953
925	970
925	973
925	978
925	999
926	928
926	933
926	958
926	964
926	976
926	980
926	981
926	986
926	996
926	997
926	999
927	927
927	933
927	939
927	948
927	949
927	954
927	958
927	975
927	986
928	928
928	929
928	934
928	966
928	968
928	984
928	987
929	930
929	932
929	935
929	942
929	954
929	961
929	969
929	970
929	974
929	977
929	989
929	998
930	931
930	935
930	946
930	954
930	960
930	966
930	970
930	980
930	989
931	942
931	948
931	954
931	956
931	962
931	974
932	947
932	965
932	968
932	972
932	976
932	978
932	980
932	982
932	988
932	989
932	996
933	944
933	946
933	955
933	970
933	997
934	935
934	939
934	943
934	946
934	947
934	954
934	958
934	961
934	969
934	981
934	982
934	985
934	996
935	941
935	948
935	962
935	965
935	969
935	974
935	978
935	979
936	937
936	939
936	944
936	947
936	952
936	997
937	937
937	957
937	959
937	969
937	973
937	991
937	996
937	998
938	940
938	959
938	962
938	973
938	974
938	994
939	941
939	942
939	963
939	972
939	994
939	995
940	947
940	958
940	966
941	944
941	948
941	967
941	979
941	989
941	993
942	951
942	952
942	963
942	992
943	944
943	966
943	982
943	985
943	991
944	971
944	976
944	977
944	983
944	984
944	989
945	950
945	954
945	962
945	969
945	979
945	991
945	998
946	949
946	964
946	971
946	976
946	977
947	955
947	985
947	995
948	950
948	967
948	972
948	981
948	990
949	960
949	966
949	986
950	964
950	974
950	990
950	997
951	960
951	977
951	985
951	994
952	964
952	967
952	971
952	980
952	987
952	997
953	957
953	965
953	971
953	973
953	984
953	995
953	996
954	957
954	963
954	979
954	983
954	989
955	979
955	990
956	957
956	976
956	983
957	958
957	979
958	983
958	986
958	991
959	979
959	981
959	997
960	960
960	967
960	971
960	972
960	975
960	976
960	981
960	988
960	998
961	962
961	967
961	982
962	962
962	967
962	979
962	989
962	991
962	995
963	964
963	974
963	976
963	990
964	969
964	973
964	986
964	989
965	966
965	970
965	971
965	999
966	971
966	982
966	983
966	984
966	986
966	994
967	982
967	993
967	994
968	982
968	989
969	973
969	981
969	985
969	993
971	971
971	992
971	996
971	999
972	972
972	974
972	991
972	992
973	979
973	985
973	996
974	974
974	975
975	979
975	983
975	995
976	984
976	985
977	996
978	996
978	999
979	985
979	986
979	989
979	992
980	981
980	996
982	990
982	994
983	984
983	985
984	985
984	989
984	991
984	996
985	986
986	989
989	991
989	995
990	993
990	995
993	995
995	995
