0	16
0	44
0	55
0	69
0	78
0	81
0	90
0	182
0	571
0	752
0	781
0	837
0	956
1	5
1	6
1	9
1	13
1	14
1	16
1	19
1	20
1	24
1	31
1	55
1	64
1	84
1	95
1	210
1	222
1	292
1	346
1	369
1	375
1	405
1	417
1	565
1	931
2	3
2	14
2	19
2	23
2	33
2	39
2	41
2	44
2	46
2	56
2	57
2	61
2	65
2	67
2	74
2	91
2	98
2	140
2	329
2	349
2	467
2	629
2	760
3	3
3	6
3	15
3	17
3	22
3	29
3	53
3	59
3	96
3	110
3	137
3	228
3	324
3	359
3	375
4	15
4	22
4	23
4	28
4	44
4	55
4	59
4	62
4	88
4	91
4	95
4	98
4	99
4	241
4	306
4	334
4	406
4	740
4	886
5	10
5	20
5	29
5	43
5	44
5	46
5	63
5	67
5	70
5	74
5	169
5	201
5	609
5	620
5	982
6	43
6	56
6	61
6	85
6	96
6	229
6	249
6	361
6	395
6	706
7	23
7	33
7	38
7	44
7	46
7	54
7	55
7	63
7	70
7	72
7	73
7	132
7	142
7	442
7	512
7	758
7	759
7	872
7	896
7	977
8	17
8	19
8	26
8	38
8	51
8	52
8	59
8	62
8	66
8	72
8	81
8	261
8	318
8	472
8	692
8	791
8	814
8	931
8	951
9	10
9	12
9	13
9	23
9	26
9	32
9	36
9	40
9	70
9	72
9	74
9	83
9	173
9	200
9	754
9	777
9	911
9	912
10	12
10	23
10	26
10	31
10	33
10	44
10	49
10	53
10	66
10	75
10	81
10	85
10	89
10	352
10	879
11	21
11	25
11	29
11	30
11	39
11	42
11	53
11	72
11	77
11	87
11	292
11	309
11	343
11	372
11	656
11	749
12	34
12	45
12	48
12	49
12	50
12	59
12	62
12	78
12	80
12	87
12	89
12	91
12	97
12	99
12	179
12	195
12	497
12	580
12	890
12	895
12	939
12	993
13	14
13	21
13	32
13	35
13	38
13	45
13	55
13	66
13	73
13	74
13	76
13	82
13	83
13	88
13	125
13	190
13	369
13	529
14	29
14	39
14	64
14	67
14	70
14	71
14	72
14	74
14	75
14	78
14	81
14	91
14	241
14	531
14	583
14	948
14	957
15	31
15	37
15	45
15	49
15	66
15	72
15	79
15	85
15	92
15	99
15	340
15	506
15	711
16	28
16	31
16	33
16	41
16	60
16	61
16	83
16	84
16	86
16	145
17	25
17	31
17	37
17	39
17	44
17	46
17	47
17	56
17	63
17	80
17	99
17	100
17	171
17	187
17	206
17	259
17	374
17	511
17	615
17	681
17	864
17	942
18	19
18	20
18	22
18	26
18	38
18	50
18	79
18	85
18	86
18	127
18	150
18	343
18	396
18	424
18	436
18	440
18	468
18	731
18	786
18	928
18	930
18	941
19	20
19	25
19	39
19	48
19	55
19	60
19	62
19	70
19	71
19	73
19	74
19	81
19	86
19	90
19	145
19	277
19	297
19	320
19	361
19	401
19	744
19	759
19	892
20	29
20	60
20	66
20	76
20	81
20	154
20	394
20	484
20	604
20	810
20	845
21	23
21	25
21	33
21	44
21	56
21	60
21	64
21	72
21	82
21	88
21	92
21	471
21	532
21	543
21	556
21	590
21	677
21	872
22	25
22	27
22	29
22	35
22	40
22	45
22	48
22	56
22	64
22	75
22	85
22	285
22	537
22	641
22	739
22	760
22	834
22	859
22	908
22	971
23	27
23	31
23	32
23	33
23	38
23	42
23	48
23	72
23	76
23	98
23	99
23	128
23	181
23	197
23	250
23	271
23	285
23	347
23	387
23	396
23	517
23	550
23	646
23	679
23	846
23	905
24	26
24	59
24	78
24	80
24	82
24	86
24	137
24	226
24	398
24	435
24	616
24	770
25	29
25	31
25	52
25	53
25	63
25	75
25	84
25	96
25	270
25	328
25	546
25	601
25	721
25	962
26	28
26	35
26	44
26	51
26	63
26	66
26	78
26	273
26	313
26	409
26	842
26	942
26	967
27	30
27	33
27	38
27	43
27	46
27	49
27	50
27	58
27	60
27	61
27	72
27	80
27	89
27	203
27	217
27	730
27	790
28	29
28	36
28	37
28	43
28	58
28	66
28	77
28	96
28	455
28	824
28	870
28	953
29	50
29	55
29	66
29	68
29	94
29	227
29	299
29	342
29	505
29	526
29	719
30	31
30	39
30	45
30	49
30	50
30	52
30	65
30	72
30	81
30	92
30	95
30	98
30	647
30	752
30	919
30	953
31	35
31	36
31	37
31	144
31	279
31	400
31	577
31	752
31	885
32	36
32	56
32	64
32	66
32	82
32	95
32	117
32	192
32	318
32	343
32	385
32	712
32	809
32	865
33	35
33	41
33	52
33	59
33	73
33	78
33	81
33	92
33	328
33	438
33	689
34	34
34	38
34	42
34	45
34	49
34	58
34	64
34	68
34	83
34	213
34	263
34	370
34	558
34	757
34	912
35	42
35	44
35	52
35	54
35	60
35	81
35	84
35	338
35	462
35	562
35	626
35	732
35	784
35	824
35	848
36	41
36	46
36	50
36	52
36	58
36	65
36	90
36	92
36	94
36	95
36	278
36	353
36	510
36	541
36	642
37	47
37	53
37	60
37	65
37	66
37	78
37	98
37	155
37	256
37	269
37	277
37	354
37	497
37	560
37	587
37	694
38	40
38	41
38	46
38	47
38	73
38	94
38	464
38	592
38	597
38	878
38	917
38	986
39	50
39	51
39	59
39	66
39	70
39	77
39	94
39	95
39	96
39	98
39	202
39	229
39	244
39	260
39	354
39	360
39	369
39	842
40	41
40	45
40	46
40	67
40	69
40	70
40	71
40	99
40	232
40	477
40	599
40	819
40	828
40	877
40	925
40	990
41	45
41	47
41	53
41	59
41	63
41	65
41	71
41	88
41	89
41	324
41	331
41	380
41	393
41	405
41	685
41	735
41	741
42	42
42	64
42	66
42	75
42	166
42	200
42	215
42	412
42	510
42	810
43	47
43	52
43	57
43	74
43	75
43	84
43	88
43	93
43	94
43	96
43	194
43	268
43	296
43	383
43	704
43	960
43	961
44	50
44	52
44	56
44	59
44	68
44	72
44	87
44	132
44	139
44	218
44	387
44	408
44	536
44	716
45	49
45	74
45	84
45	93
45	131
45	198
45	228
45	472
45	509
45	787
45	869
45	879
45	941
46	47
46	53
46	60
46	62
46	73
46	97
46	245
46	263
46	371
46	540
46	580
46	766
46	789
46	814
46	949
47	49
47	51
47	63
47	74
47	75
47	115
47	157
47	213
47	219
47	380
47	664
48	55
48	61
48	62
48	79
48	86
48	95
48	157
48	411
48	643
48	869
49	56
49	64
49	70
49	87
49	95
49	96
49	146
49	380
49	478
49	515
49	710
49	995
50	60
50	73
50	78
50	82
50	85
50	90
50	94
50	95
50	109
50	146
50	325
50	342
50	760
51	87
51	110
51	242
51	298
51	550
51	593
51	610
51	628
51	758
51	943
52	83
52	93
52	153
52	236
52	401
52	530
52	625
52	762
52	922
52	937
53	54
53	56
53	57
53	67
53	80
53	117
53	138
53	230
53	240
53	290
53	394
53	590
53	593
53	607
53	913
54	54
54	61
54	72
54	73
54	74
54	79
54	83
54	362
54	406
54	465
54	524
54	958
54	988
55	56
55	77
55	78
55	79
55	82
55	235
55	320
55	336
55	614
55	793
55	947
56	58
56	60
56	66
56	68
56	71
56	72
56	83
56	86
56	87
56	91
56	92
56	93
56	95
56	295
56	364
56	715
56	745
56	796
56	936
56	997
57	61
57	77
57	78
57	453
57	513
57	679
57	700
58	62
58	90
58	91
58	190
58	320
58	342
58	608
58	645
58	896
59	74
59	87
59	237
59	253
59	282
59	384
59	489
60	63
60	69
60	70
60	71
60	77
60	79
60	82
60	91
60	96
60	98
60	220
60	229
60	266
60	286
60	435
60	768
60	781
61	63
61	94
61	162
61	168
61	218
61	312
61	421
61	467
61	554
61	563
61	651
61	661
61	683
61	861
61	950
62	443
62	510
62	529
62	636
62	861
62	922
63	74
63	76
63	79
63	88
63	90
63	91
63	137
63	262
63	267
63	273
63	316
63	465
63	552
63	575
63	658
63	693
63	747
63	848
63	973
64	80
64	99
64	272
64	354
64	605
64	610
64	696
64	700
65	70
65	83
65	87
65	88
65	90
65	93
65	94
65	154
65	269
65	578
65	670
66	79
66	86
66	87
66	90
66	93
66	94
66	148
66	153
66	174
66	431
66	435
66	514
66	524
66	566
66	924
66	954
66	983
67	74
67	82
67	92
67	103
67	117
67	160
67	428
67	507
67	740
67	961
68	76
68	81
68	85
68	99
68	188
68	239
68	438
68	465
68	777
68	787
68	827
69	71
69	75
69	80
69	85
69	86
69	93
69	415
69	468
69	491
69	503
69	780
69	821
69	941
70	76
70	77
70	78
70	82
70	84
70	91
70	94
70	95
70	121
70	248
70	269
70	396
70	593
70	598
70	724
71	72
71	74
71	77
71	96
71	98
71	127
71	337
71	353
71	458
71	517
71	551
71	683
71	719
71	807
72	76
72	85
72	88
72	99
72	120
72	290
72	322
72	859
72	871
73	74
73	78
73	315
73	579
73	635
73	786
73	854
74	75
74	76
74	78
74	81
74	86
74	91
74	98
74	134
74	385
74	418
74	503
74	550
74	705
74	839
74	846
74	917
74	992
75	76
75	81
75	89
75	333
75	338
75	467
75	512
76	97
76	271
76	487
77	78
77	79
77	86
77	97
77	179
77	305
77	664
77	670
78	83
78	87
78	89
78	137
78	236
78	279
78	300
78	320
78	509
78	632
78	643
78	744
79	146
79	231
79	254
79	304
79	332
79	387
79	494
79	531
79	815
79	875
79	910
79	985
80	97
80	130
80	210
80	318
80	363
80	412
80	552
80	605
80	639
80	708
80	740
80	801
80	902
81	201
81	290
81	373
81	713
81	849
81	927
82	95
82	195
82	403
82	484
82	525
82	669
82	766
83	85
83	93
83	96
83	97
83	209
83	586
83	647
83	673
83	679
83	729
83	755
83	776
83	815
83	857
83	862
83	929
83	943
84	287
84	341
84	575
84	622
84	708
84	722
84	724
84	814
84	831
85	94
85	105
85	450
85	638
85	659
85	727
85	728
85	909
86	97
86	99
86	399
86	564
86	630
86	694
86	760
86	861
87	256
87	288
87	400
87	633
87	679
87	874
87	900
87	950
87	956
88	122
88	133
88	315
88	454
88	726
88	774
88	789
89	93
89	94
89	114
89	189
89	262
89	355
89	581
89	654
90	96
90	152
90	154
90	226
90	433
90	477
90	492
90	553
90	630
90	683
90	713
90	754
90	774
90	942
90	967
90	996
91	333
91	384
91	474
91	574
91	751
91	785
91	974
91	978
92	95
92	162
92	230
92	258
92	380
92	530
92	548
92	610
92	625
92	780
92	794
92	814
93	103
93	275
93	409
93	515
93	588
93	707
93	764
93	807
93	887
93	958
94	139
94	179
94	239
94	405
94	725
94	760
95	147
95	198
95	263
95	351
95	777
95	851
95	914
96	339
96	436
96	439
96	468
96	484
96	755
97	99
97	207
97	242
97	578
97	692
97	958
98	145
98	210
98	253
98	375
98	377
98	394
98	429
98	727
98	821
98	869
99	102
99	267
99	313
99	470
99	547
99	633
99	782
99	786
99	848
100	102
100	104
100	106
100	118
100	128
100	131
100	143
100	145
100	150
100	158
100	164
100	170
100	176
100	189
100	422
100	447
100	531
100	670
100	765
100	826
100	888
100	975
101	101
101	105
101	107
101	114
101	134
101	137
101	140
101	146
101	147
101	149
101	153
101	159
101	177
101	186
101	193
101	205
101	325
101	388
101	446
101	664
101	871
101	953
102	108
102	118
102	135
102	145
102	146
102	150
102	152
102	159
102	170
102	175
102	189
102	360
102	665
102	671
102	701
103	103
103	104
103	119
103	122
103	126
103	131
103	163
103	186
103	190
103	196
103	258
103	261
103	264
103	284
103	301
103	574
103	632
103	655
103	693
103	767
103	805
104	104
104	106
104	123
104	128
104	134
104	136
104	153
104	154
104	166
104	170
104	176
104	178
104	183
104	188
104	196
104	244
104	281
104	785
104	877
105	113
105	114
105	134
105	158
105	174
105	184
105	185
105	190
105	195
105	196
105	289
105	431
105	639
105	818
105	989
106	109
106	115
106	116
106	118
106	127
106	128
106	149
106	152
106	160
106	161
106	168
106	174
106	181
106	195
106	197
106	210
106	244
106	316
106	367
106	424
106	441
106	683
106	796
106	837
106	841
106	853
106	951
107	120
107	140
107	144
107	171
107	177
107	429
107	484
107	545
107	546
107	693
107	805
107	840
107	852
107	903
108	108
108	112
108	113
108	119
108	126
108	144
108	152
108	164
108	179
108	193
108	394
108	453
108	697
108	719
108	842
108	848
108	937
109	125
109	130
109	136
109	140
109	149
109	151
109	157
109	163
109	171
109	180
109	181
109	183
109	186
109	187
109	195
109	199
109	431
109	459
109	585
109	818
109	943
110	118
110	121
110	126
110	127
110	150
110	171
110	335
110	443
110	536
110	786
110	799
110	804
111	114
111	122
111	131
111	133
111	135
111	142
111	144
111	154
111	162
111	191
111	289
111	362
111	461
111	839
111	901
112	112
112	132
112	142
112	145
112	147
112	163
112	171
112	173
112	176
112	181
112	188
112	264
112	553
112	619
112	621
112	793
112	938
113	119
113	121
113	123
113	135
113	151
113	158
113	162
113	174
113	176
113	199
113	238
113	341
113	416
113	428
113	649
113	672
113	715
113	725
113	865
113	923
113	928
113	946
114	119
114	122
114	131
114	140
114	149
114	157
114	162
114	165
114	177
114	181
114	187
114	203
114	474
114	500
114	543
114	576
114	653
114	735
114	868
114	870
115	123
115	127
115	138
115	148
115	150
115	157
115	168
115	169
115	192
115	295
115	332
115	371
115	404
115	427
115	828
116	122
116	135
116	136
116	176
116	177
116	180
116	192
116	791
116	972
116	993
117	144
117	147
117	149
117	160
117	165
117	173
117	181
117	214
117	772
117	873
117	887
117	918
118	122
118	125
118	128
118	133
118	135
118	136
118	137
118	144
118	146
118	171
118	186
118	194
118	199
118	200
118	412
118	497
118	610
118	768
118	771
118	802
119	125
119	131
119	148
119	156
119	161
119	163
119	166
119	169
119	235
119	525
119	697
119	701
119	861
120	120
120	128
120	131
120	132
120	135
120	140
120	146
120	148
120	164
120	201
120	223
120	479
120	504
120	579
120	779
120	843
121	134
121	142
121	146
121	155
121	161
121	166
121	176
121	183
121	192
121	198
121	221
121	293
121	765
121	869
121	987
122	122
122	124
122	130
122	144
122	146
122	147
122	150
122	170
122	173
122	177
122	190
122	193
122	301
122	665
122	845
123	127
123	128
123	130
123	131
123	136
123	137
123	138
123	146
123	147
123	159
123	171
123	191
123	194
123	278
123	436
123	506
123	649
123	706
124	131
124	137
124	141
124	147
124	152
124	172
124	185
124	197
124	622
124	721
124	733
124	846
124	870
125	126
125	131
125	140
125	173
125	191
125	244
125	634
125	666
125	824
125	836
126	138
126	142
126	150
126	152
126	168
126	193
126	195
126	274
126	276
126	316
126	423
126	487
126	707
126	733
126	779
126	885
127	137
127	140
127	142
127	156
127	167
127	170
127	192
127	193
127	194
127	225
127	249
127	482
127	665
127	754
128	132
128	133
128	186
128	192
128	198
128	371
128	527
128	534
128	655
128	772
128	781
128	888
129	131
129	143
129	147
129	149
129	152
129	168
129	177
129	181
129	190
129	218
129	245
129	452
129	626
130	139
130	147
130	151
130	188
130	191
130	246
130	248
130	339
130	513
130	666
130	771
130	901
130	905
131	139
131	141
131	148
131	149
131	159
131	164
131	170
131	172
131	173
131	414
131	448
131	454
131	559
131	600
131	712
131	968
132	137
132	140
132	152
132	155
132	156
132	182
132	183
132	185
132	195
132	216
132	364
132	398
132	627
133	154
133	160
133	164
133	166
133	171
133	180
133	197
133	256
133	528
134	167
134	168
134	171
134	175
134	178
134	179
134	185
134	334
134	405
134	547
134	784
134	859
135	139
135	144
135	145
135	153
135	177
135	180
135	186
135	196
135	372
135	453
135	631
135	791
136	148
136	151
136	155
136	164
136	172
136	176
136	179
136	191
136	192
136	197
136	198
136	199
136	357
136	984
137	141
137	152
137	158
137	166
137	176
137	179
137	184
137	192
137	195
137	263
137	320
137	395
137	439
137	526
137	536
137	634
137	974
137	984
138	138
138	139
138	141
138	152
138	154
138	166
138	176
138	180
138	185
138	193
138	199
138	340
138	413
138	534
138	643
138	818
138	852
139	146
139	149
139	151
139	157
139	160
139	186
139	189
139	190
139	410
139	677
139	711
139	888
140	146
140	162
140	171
140	186
140	267
140	333
140	469
140	648
140	860
141	146
141	158
141	190
141	230
141	875
141	973
142	143
142	153
142	157
142	165
142	173
142	183
142	184
142	195
142	358
142	360
142	396
142	407
142	514
142	621
142	662
143	143
143	156
143	160
143	162
143	164
143	170
143	177
143	179
143	181
143	191
143	192
143	194
143	247
143	393
143	558
143	681
143	864
143	900
144	144
144	150
144	198
144	320
144	414
144	439
144	440
144	502
144	561
144	588
144	670
144	840
144	897
144	938
145	163
145	166
145	177
145	185
145	186
145	194
145	195
145	380
145	638
145	727
146	155
146	160
146	167
146	171
146	189
146	453
146	464
146	471
146	529
146	569
146	691
146	763
146	764
146	843
147	150
147	154
147	182
147	200
147	324
147	378
147	445
147	449
147	541
147	721
148	149
148	155
148	156
148	163
148	164
148	166
148	180
148	193
148	194
148	208
148	568
148	714
148	834
149	154
149	157
149	165
149	172
149	183
149	188
149	207
149	405
149	504
149	635
149	743
149	836
149	968
150	155
150	158
150	159
150	160
150	169
150	179
150	190
150	219
150	418
150	452
151	158
151	163
151	184
151	188
151	192
151	295
151	588
151	703
151	898
151	998
152	158
152	164
152	165
152	181
152	182
152	183
152	184
152	188
152	194
152	393
152	497
152	631
152	841
152	890
153	158
153	172
153	183
153	187
153	191
153	196
153	228
153	317
153	341
153	880
154	162
154	166
154	171
154	174
154	175
154	176
154	186
154	187
154	404
154	713
154	857
155	158
155	181
155	189
155	208
155	434
155	603
155	666
155	737
155	823
155	935
156	167
156	173
156	178
156	181
156	183
156	331
156	488
156	617
156	759
157	157
157	179
157	188
157	361
157	866
157	975
158	168
158	176
158	187
158	194
158	753
158	905
158	913
158	929
158	974
159	160
159	164
159	246
159	248
159	540
159	558
159	584
159	661
159	684
159	693
159	766
159	873
160	175
160	186
160	196
160	199
160	307
160	369
160	464
160	541
160	599
160	663
160	666
160	709
160	726
160	999
161	171
161	175
161	180
161	185
161	187
161	191
161	193
161	196
161	197
161	383
161	418
161	509
161	733
161	761
161	878
162	168
162	174
162	176
162	230
162	407
162	755
162	794
163	166
163	169
163	174
163	181
163	191
163	198
163	317
163	530
163	762
163	832
163	840
163	854
163	918
164	167
164	181
164	182
164	187
164	188
164	433
164	665
164	738
165	169
165	176
165	177
165	180
165	190
165	195
165	213
165	252
165	435
165	884
165	909
166	170
166	177
166	195
166	582
166	645
166	680
166	790
166	807
166	879
166	904
167	173
167	183
167	188
167	197
167	281
167	376
167	387
167	551
167	604
167	685
167	964
168	180
168	279
168	805
168	891
168	943
169	170
169	185
169	192
169	199
169	400
169	493
169	545
169	571
169	599
169	675
169	751
170	175
170	189
170	191
170	195
170	198
170	201
170	425
170	489
170	541
170	560
170	576
170	727
170	825
170	877
171	182
171	243
171	361
171	443
171	447
171	548
171	579
171	637
171	783
171	901
172	188
172	194
172	205
172	410
172	658
172	701
172	728
172	897
173	180
173	190
173	204
173	542
173	562
173	582
173	833
173	887
173	916
173	944
174	178
174	179
174	188
174	197
174	198
174	237
174	260
174	304
174	492
174	540
174	646
174	658
174	994
174	996
175	186
175	193
175	198
175	487
175	490
175	627
175	628
175	649
175	685
175	769
175	932
176	178
176	190
176	192
176	285
176	348
176	435
176	607
176	662
176	714
176	743
176	796
177	180
177	183
177	185
177	193
177	194
177	199
177	323
177	399
177	925
178	180
178	184
178	279
178	336
178	670
178	719
178	792
178	834
178	898
179	181
179	460
179	657
179	732
179	822
179	932
180	187
180	194
180	317
180	354
180	609
180	630
180	772
180	822
180	864
180	943
180	945
180	973
181	190
181	193
181	198
181	258
181	489
181	529
181	757
181	803
182	185
182	358
182	362
182	983
183	183
183	263
183	268
183	332
183	333
183	402
183	437
183	445
183	491
183	509
184	187
184	196
184	199
184	281
184	346
184	431
184	579
184	748
184	817
184	837
184	853
184	856
184	892
184	959
185	238
185	521
185	550
185	586
185	728
185	820
185	821
185	902
186	192
186	198
186	284
186	578
186	622
186	667
186	693
186	968
187	190
187	270
187	371
187	392
187	514
187	585
187	595
187	620
187	634
187	690
187	824
187	895
187	996
188	192
188	306
188	413
188	879
188	906
189	191
189	194
189	398
189	408
189	510
189	598
189	716
189	730
190	192
190	197
190	198
190	291
190	334
190	509
190	540
190	680
190	793
190	900
190	967
191	193
191	194
191	237
191	303
191	352
191	483
191	509
191	621
191	972
192	198
192	294
192	658
192	754
192	780
192	796
192	835
193	227
193	255
193	262
193	632
193	669
193	777
194	335
194	504
194	536
194	640
194	672
194	908
195	235
195	385
195	480
195	663
195	716
195	878
196	198
196	362
196	589
196	643
196	819
196	939
196	969
197	253
197	279
197	503
197	567
197	640
197	888
198	266
198	464
198	562
198	572
198	612
198	728
198	805
199	220
199	345
199	390
199	479
199	590
199	761
199	863
200	201
200	208
200	218
200	224
200	233
200	239
200	245
200	252
200	258
200	283
200	288
200	290
200	393
200	396
200	415
200	641
200	660
200	690
200	736
200	751
200	873
200	908
201	229
201	234
201	235
201	240
201	242
201	253
201	262
201	266
201	275
201	282
201	284
201	771
201	839
201	977
202	207
202	211
202	213
202	223
202	225
202	228
202	235
202	237
202	242
202	244
202	277
202	279
202	281
202	287
202	295
202	307
202	352
202	367
202	437
202	453
202	764
202	829
202	931
203	206
203	207
203	212
203	218
203	222
203	237
203	238
203	243
203	256
203	261
203	265
203	268
203	295
203	296
203	297
203	361
203	437
203	554
203	560
203	691
203	707
203	825
203	834
203	966
204	216
204	224
204	249
204	253
204	284
204	288
204	292
204	293
204	294
204	326
204	333
204	456
204	835
204	926
205	213
205	221
205	222
205	227
205	230
205	232
205	240
205	251
205	253
205	261
205	270
205	274
205	279
205	282
205	440
205	459
205	525
205	531
205	595
205	610
205	773
205	810
206	209
206	211
206	214
206	237
206	242
206	246
206	247
206	256
206	279
206	283
206	284
206	287
206	288
206	693
206	826
207	214
207	217
207	220
207	227
207	228
207	231
207	233
207	247
207	261
207	266
207	297
207	351
207	475
207	572
207	849
207	961
208	210
208	213
208	225
208	227
208	245
208	259
208	271
208	272
208	279
208	281
208	297
208	368
208	413
208	493
208	859
208	862
209	211
209	236
209	252
209	254
209	271
209	469
209	555
209	557
209	576
209	664
209	711
209	785
209	850
210	215
210	232
210	233
210	236
210	242
210	257
210	263
210	265
210	277
210	293
210	450
210	552
210	802
210	811
210	814
210	853
210	920
210	933
211	220
211	222
211	229
211	241
211	277
211	278
211	292
211	336
211	526
211	649
211	699
211	825
211	890
211	994
212	213
212	215
212	225
212	228
212	255
212	275
212	279
212	295
212	297
212	298
212	328
212	391
212	421
212	594
212	604
212	822
212	827
213	215
213	216
213	217
213	227
213	245
213	246
213	252
213	255
213	263
213	283
213	286
213	290
213	295
213	297
213	496
213	515
214	215
214	218
214	225
214	238
214	252
214	254
214	261
214	265
214	279
214	282
214	291
214	292
214	488
214	572
214	698
215	225
215	226
215	228
215	229
215	230
215	245
215	252
215	259
215	270
215	292
215	513
215	627
215	770
215	853
215	934
216	221
216	224
216	233
216	253
216	262
216	268
216	274
216	287
216	295
216	296
216	483
216	493
216	582
216	752
217	227
217	261
217	264
217	280
217	281
217	290
217	296
217	299
218	223
218	225
218	229
218	230
218	260
218	265
218	267
218	271
218	274
218	285
218	289
218	299
218	305
218	491
218	561
218	731
218	766
218	770
218	814
219	222
219	223
219	225
219	226
219	233
219	240
219	251
219	258
219	259
219	260
219	273
219	274
219	279
219	633
219	634
219	978
220	223
220	231
220	235
220	249
220	259
220	260
220	263
220	270
220	372
220	481
220	622
221	231
221	233
221	235
221	240
221	241
221	254
221	261
221	269
221	271
221	275
221	284
221	285
221	328
221	482
221	522
221	750
222	223
222	228
222	245
222	255
222	266
222	268
222	290
222	371
222	404
222	537
222	637
222	672
222	904
223	236
223	246
223	253
223	259
223	261
223	265
223	268
223	277
223	283
223	290
223	495
223	593
223	608
223	880
223	899
224	234
224	237
224	249
224	251
224	266
224	275
224	278
224	279
224	282
224	283
224	291
224	294
224	527
224	714
224	777
224	858
224	931
225	227
225	229
225	241
225	248
225	261
225	273
225	286
225	294
225	319
225	354
225	651
225	821
225	839
225	891
226	227
226	239
226	240
226	249
226	274
226	292
226	294
226	298
226	484
226	495
226	751
226	915
227	232
227	240
227	253
227	259
227	274
227	281
227	283
227	284
227	287
227	298
227	457
227	860
227	868
227	882
228	230
228	236
228	243
228	247
228	260
228	264
228	278
228	297
228	336
228	421
228	441
228	517
228	587
228	698
228	850
228	993
229	238
229	256
229	257
229	262
229	265
229	281
229	290
229	291
229	308
229	510
229	740
229	758
230	234
230	242
230	243
230	244
230	246
230	247
230	255
230	264
230	274
230	284
230	293
230	294
230	534
230	749
230	752
230	786
230	914
231	242
231	252
231	256
231	274
231	275
231	624
231	965
232	264
232	270
232	272
232	279
232	284
232	288
232	539
232	549
232	551
232	598
232	630
232	635
232	646
232	740
232	795
232	889
233	235
233	246
233	273
233	277
233	282
233	317
233	593
233	913
234	235
234	236
234	238
234	240
234	257
234	259
234	274
234	488
234	500
234	646
235	250
235	254
235	262
235	273
235	282
235	294
235	509
235	538
235	766
235	938
235	995
236	236
236	245
236	251
236	255
236	268
236	284
236	285
236	350
236	418
236	460
236	906
236	962
237	242
237	252
237	254
237	267
237	271
237	272
237	275
237	289
237	304
237	574
237	754
237	791
237	903
238	240
238	246
238	255
238	257
238	262
238	265
238	297
238	335
238	443
238	606
238	631
238	838
238	948
239	247
239	260
239	289
239	291
239	292
239	460
239	919
239	977
240	240
240	250
240	252
240	372
240	393
240	465
240	560
240	676
241	247
241	253
241	259
241	264
241	267
241	273
241	274
241	287
241	289
241	291
241	295
241	400
241	484
241	719
241	877
242	248
242	250
242	253
242	258
242	269
242	284
242	293
242	440
242	461
242	605
242	625
242	672
242	744
242	752
242	780
242	975
243	252
243	281
243	286
243	295
243	296
243	299
243	321
243	394
243	414
243	636
243	672
243	749
244	269
244	270
244	277
244	281
244	292
244	294
244	299
244	310
244	510
244	600
244	774
244	857
245	269
245	282
245	291
245	292
245	297
245	344
245	630
246	258
246	259
246	260
246	281
246	343
246	356
246	408
246	449
246	527
246	572
246	590
246	629
246	734
246	858
246	910
247	253
247	254
247	267
247	278
247	282
247	679
247	738
247	819
248	251
248	254
248	255
248	277
248	364
248	429
248	477
248	496
248	587
249	250
249	267
249	285
249	293
249	298
249	335
249	431
249	498
249	642
249	758
249	865
249	998
250	253
250	263
250	264
250	279
250	299
250	385
250	464
250	739
250	912
250	951
251	258
251	262
251	266
251	270
251	276
251	279
251	286
251	287
251	289
251	295
251	356
251	439
251	480
251	655
251	859
251	983
252	253
252	286
252	460
252	505
252	739
252	822
253	264
253	272
253	273
253	279
253	280
253	286
253	293
253	298
253	447
253	462
253	556
253	626
253	643
253	703
253	842
254	271
254	276
254	280
254	288
254	291
254	295
254	390
254	404
254	602
254	622
254	885
254	955
255	259
255	261
255	274
255	278
255	285
255	291
255	294
255	297
255	353
255	474
255	822
255	852
255	902
255	996
256	261
256	263
256	270
256	271
256	290
256	296
256	440
256	459
256	473
256	546
256	646
257	277
257	280
257	284
257	286
257	418
257	596
257	863
257	915
258	262
258	265
258	276
258	283
258	366
258	427
258	569
258	745
258	824
258	918
258	952
259	266
259	272
259	274
259	276
259	278
259	282
259	289
259	297
259	298
259	299
259	438
259	929
260	271
260	272
260	370
260	378
260	501
260	586
260	600
260	699
260	786
260	817
260	848
261	261
261	263
261	266
261	267
261	280
261	406
261	433
261	641
261	647
261	656
261	673
261	765
261	794
261	978
262	265
262	266
262	275
262	276
262	287
262	289
262	296
262	751
262	804
263	264
263	278
263	285
263	289
263	293
263	297
263	565
263	664
263	693
263	755
263	759
263	869
263	917
264	268
264	275
264	281
264	285
264	286
264	292
264	294
264	599
264	696
264	810
265	266
265	275
265	287
265	288
265	294
265	296
265	299
265	311
265	423
265	517
265	903
265	923
265	991
266	270
266	273
266	276
266	298
266	359
266	538
267	276
267	292
267	549
267	632
267	686
267	763
267	772
267	856
267	897
267	920
267	950
268	275
268	278
268	280
268	291
268	293
268	620
268	867
269	269
269	275
269	286
269	297
269	373
269	683
269	702
269	789
269	986
270	276
270	279
270	289
270	292
270	295
270	353
270	393
270	545
270	806
270	880
270	953
270	963
271	272
271	286
271	291
271	311
271	410
271	495
271	632
271	696
271	703
271	886
272	284
272	287
272	290
272	297
272	334
272	360
272	426
272	740
273	280
273	292
273	298
273	513
273	772
273	817
273	906
274	278
274	287
274	289
274	298
274	299
274	365
274	678
274	683
274	826
275	286
275	291
275	292
275	294
275	299
275	491
275	503
275	659
275	771
275	896
275	923
276	280
276	285
276	310
276	478
276	558
276	769
276	844
276	864
276	900
277	277
277	292
277	423
277	436
277	507
277	583
277	625
278	293
278	355
278	521
278	691
278	838
279	282
279	349
279	532
279	538
279	605
279	701
279	764
279	809
279	975
279	980
279	983
280	405
280	429
280	495
280	594
280	609
280	777
280	878
280	941
281	286
281	443
281	536
281	754
281	881
281	937
282	282
282	285
282	286
282	539
282	579
282	657
282	661
282	761
282	876
282	881
282	972
283	292
283	327
283	446
283	670
283	719
283	815
284	289
284	291
284	373
284	604
284	620
284	724
285	297
285	298
285	342
285	557
285	571
285	830
286	286
286	287
286	294
286	299
286	310
286	527
286	543
286	637
286	640
286	783
286	901
287	298
287	327
287	825
287	828
287	932
287	998
288	432
288	440
288	664
288	729
288	768
288	812
288	920
288	999
289	418
289	578
289	639
289	774
290	343
290	441
290	625
290	727
290	895
291	296
291	299
291	302
291	378
291	409
291	556
291	634
291	659
291	668
291	949
291	957
292	315
292	493
292	541
292	614
292	723
292	801
292	905
292	960
293	297
293	465
293	570
293	775
293	827
294	305
294	405
294	618
294	701
294	759
295	344
295	719
295	814
295	856
295	863
295	911
296	303
296	471
296	545
296	635
296	706
297	299
297	414
297	420
297	824
298	423
298	460
298	672
298	688
298	767
299	394
299	832
299	853
299	904
300	301
300	316
300	318
300	337
300	338
300	340
300	344
300	349
300	383
300	389
300	555
301	311
301	327
301	329
301	334
301	338
301	365
301	371
301	377
301	381
301	387
301	389
301	516
301	538
301	572
301	600
301	685
301	792
301	889
301	924
301	997
302	302
302	306
302	307
302	311
302	322
302	327
302	343
302	353
302	361
302	363
302	368
302	376
302	384
302	398
302	654
302	845
302	979
303	303
303	307
303	316
303	329
303	335
303	354
303	361
303	375
303	383
303	390
303	392
303	542
303	667
303	791
303	988
304	343
304	344
304	374
304	375
304	377
304	386
304	389
304	398
304	399
304	478
304	484
304	485
304	505
304	627
304	719
304	727
304	766
304	965
305	307
305	364
305	372
305	374
305	376
305	378
305	381
305	387
305	399
305	413
305	476
305	578
305	659
305	690
305	997
306	308
306	319
306	321
306	323
306	328
306	333
306	338
306	339
306	341
306	347
306	352
306	356
306	381
306	384
306	398
306	674
306	764
306	793
306	826
306	861
306	947
306	964
307	324
307	327
307	335
307	351
307	358
307	377
307	379
307	383
307	388
307	542
307	555
307	559
307	615
307	667
307	701
307	891
307	989
308	313
308	326
308	340
308	343
308	356
308	369
308	371
308	373
308	398
308	647
308	666
308	760
308	787
308	867
308	979
309	330
309	343
309	354
309	367
309	372
309	383
309	390
309	629
310	341
310	355
310	356
310	358
310	360
310	364
310	366
310	373
310	374
310	375
310	383
310	392
310	393
310	394
310	621
311	316
311	318
311	319
311	323
311	329
311	336
311	347
311	363
311	368
311	383
311	387
311	398
311	492
311	727
311	780
311	795
312	319
312	335
312	347
312	348
312	349
312	356
312	358
312	365
312	375
312	389
312	391
312	467
312	774
312	780
312	914
313	315
313	320
313	322
313	333
313	341
313	352
313	362
313	389
313	396
313	558
313	795
313	903
314	316
314	328
314	332
314	346
314	349
314	353
314	374
314	388
314	391
314	396
314	398
314	406
314	628
315	318
315	322
315	331
315	349
315	353
315	361
315	362
315	364
315	367
315	378
315	379
315	381
315	389
315	394
315	488
315	515
315	862
315	918
316	330
316	331
316	333
316	349
316	354
316	364
316	366
316	375
316	378
316	382
316	390
316	395
316	440
316	470
316	587
316	611
316	858
316	995
317	328
317	333
317	336
317	340
317	350
317	351
317	363
317	366
317	376
317	384
317	391
317	396
317	568
317	781
317	927
317	958
318	326
318	329
318	331
318	343
318	354
318	367
318	375
318	380
318	385
318	388
318	399
318	548
318	634
318	717
318	849
318	901
319	322
319	328
319	349
319	355
319	389
319	396
319	740
319	781
319	967
320	322
320	327
320	331
320	346
320	349
320	352
320	355
320	359
320	390
320	403
320	476
320	581
320	735
320	878
320	939
320	992
321	326
321	331
321	345
321	353
321	355
321	370
321	378
321	379
321	384
321	391
321	395
321	673
321	811
321	989
322	324
322	336
322	345
322	350
322	366
322	368
322	369
322	374
322	380
322	384
322	393
322	437
322	808
322	890
323	328
323	343
323	345
323	359
323	369
323	373
323	446
323	810
323	891
324	328
324	329
324	332
324	344
324	351
324	367
324	374
324	394
324	404
324	668
324	688
324	719
324	822
324	931
325	332
325	342
325	344
325	355
325	356
325	362
325	365
325	385
325	394
325	397
325	768
326	341
326	347
326	370
326	379
326	380
326	385
326	469
326	487
326	758
326	803
326	845
326	849
327	327
327	352
327	353
327	369
327	390
327	568
327	574
327	651
327	666
327	705
327	731
327	788
328	330
328	334
328	345
328	347
328	349
328	366
328	378
328	417
328	429
328	757
328	808
328	876
329	349
329	357
329	366
329	367
329	370
329	374
329	377
329	384
329	480
329	542
329	889
330	330
330	337
330	355
330	359
330	367
330	370
330	372
330	398
330	515
330	658
330	771
330	889
330	898
330	900
330	971
331	350
331	356
331	357
331	375
331	379
331	506
331	577
331	618
331	680
331	966
332	336
332	341
332	345
332	349
332	358
332	381
332	386
332	408
332	416
332	522
332	698
332	900
333	335
333	349
333	358
333	362
333	374
333	381
333	384
333	604
333	642
333	740
333	860
334	339
334	341
334	350
334	351
334	356
334	375
334	379
334	399
334	468
334	483
334	594
334	928
335	337
335	345
335	353
335	373
335	378
335	383
335	460
335	509
335	549
335	580
335	588
335	632
335	640
335	975
336	337
336	341
336	343
336	352
336	380
336	398
336	536
336	754
336	857
336	965
337	363
337	372
337	384
337	392
337	536
337	833
338	339
338	344
338	349
338	357
338	367
338	385
338	585
338	958
339	345
339	366
339	375
339	381
339	384
339	393
339	474
339	490
339	699
339	733
339	800
339	987
340	346
340	353
340	355
340	358
340	376
340	386
340	394
340	396
340	405
340	418
340	718
340	945
341	352
341	353
341	359
341	364
341	367
341	376
341	384
341	385
341	464
341	767
341	847
341	956
341	993
342	346
342	354
342	378
342	383
342	388
342	395
342	398
342	496
342	662
342	706
342	718
342	802
343	347
343	353
343	362
343	389
343	395
343	508
343	584
343	675
343	755
343	889
343	890
344	360
344	366
344	369
344	384
344	385
344	387
344	434
344	456
344	484
344	681
344	697
345	370
345	371
345	393
345	397
345	584
345	786
345	857
345	887
346	366
346	390
346	396
346	398
346	801
346	821
346	830
347	354
347	357
347	359
347	376
347	383
347	392
347	674
347	840
347	858
348	356
348	369
348	372
348	374
348	389
348	679
348	719
348	813
348	882
349	357
349	386
349	391
349	393
349	471
349	530
349	544
349	551
349	682
349	863
350	354
350	368
350	375
350	377
350	381
350	385
350	389
350	399
350	716
350	758
350	777
350	959
350	975
351	356
351	363
351	364
351	367
351	379
351	381
351	386
351	393
351	401
351	451
351	482
351	486
351	532
351	884
352	352
352	369
352	371
352	376
352	385
352	389
352	397
352	602
353	373
353	378
353	388
353	427
353	463
353	821
353	928
353	958
353	993
354	362
354	367
354	375
354	381
354	392
354	622
354	702
354	771
354	828
354	959
354	960
354	961
355	357
355	358
355	361
355	392
355	394
355	430
355	688
355	784
355	836
356	359
356	368
356	369
356	372
356	377
356	386
356	396
356	399
356	462
356	513
356	539
356	564
356	721
356	751
356	960
357	379
357	381
357	390
357	395
357	452
357	655
357	867
357	901
358	359
358	368
358	380
358	385
358	389
358	436
358	516
359	376
359	399
359	532
359	658
360	361
360	362
360	366
360	375
360	376
360	377
360	378
360	389
360	390
360	400
360	957
360	961
361	366
361	371
361	382
361	392
361	474
361	599
361	771
361	822
361	858
362	364
362	373
362	381
362	397
362	398
362	657
362	825
362	835
362	984
363	368
363	379
363	389
363	395
363	397
363	554
363	578
363	583
363	692
363	980
364	372
364	379
364	390
364	394
364	919
365	368
365	656
365	661
365	783
365	926
366	367
366	371
366	373
366	375
366	376
366	390
366	508
366	545
366	716
366	821
366	851
366	906
366	977
367	375
367	383
367	391
367	394
367	432
367	453
367	544
367	623
367	771
368	377
368	384
368	387
368	398
368	436
368	537
368	705
368	708
368	826
368	914
369	376
369	378
369	379
369	381
369	383
369	385
369	392
369	393
369	394
369	436
369	490
369	637
369	681
370	371
370	373
370	389
370	390
370	393
370	624
370	653
370	705
370	774
370	886
371	383
371	542
371	544
371	553
371	586
371	724
371	838
371	903
371	965
372	657
372	681
372	786
373	376
373	388
373	496
373	526
373	774
373	892
373	980
374	376
374	378
374	393
374	416
374	469
374	580
374	633
374	733
374	819
374	908
375	379
375	383
375	386
375	390
375	394
375	585
375	766
375	773
375	878
375	920
376	393
376	749
376	825
376	872
377	383
377	394
377	509
377	625
377	685
377	896
378	388
378	398
378	611
378	612
378	664
378	685
378	963
378	979
379	386
379	650
379	880
379	974
380	381
380	392
380	395
380	414
380	432
380	455
380	616
380	741
380	781
380	844
380	950
380	974
381	394
381	403
381	544
381	698
381	707
381	792
381	819
381	846
382	383
382	396
382	741
382	821
382	828
382	911
383	383
383	385
383	387
383	394
383	417
383	443
383	463
383	471
383	568
383	643
383	649
383	715
383	798
383	890
384	393
384	397
384	482
384	546
384	670
385	386
385	391
385	430
385	563
385	635
385	803
385	819
385	843
385	963
386	614
386	707
386	777
386	782
386	953
387	391
387	414
387	423
387	431
387	470
387	651
387	833
387	882
388	388
388	389
388	398
388	415
388	443
388	484
388	601
388	641
388	840
388	924
388	959
389	394
390	585
390	946
390	949
391	808
391	960
392	417
392	655
392	773
392	786
392	826
392	884
393	442
393	664
393	667
393	671
393	788
394	397
394	413
394	495
394	557
394	573
394	756
394	794
394	898
395	557
395	601
395	604
395	752
395	759
396	396
396	412
396	437
396	614
396	863
396	886
397	399
397	426
397	477
397	681
397	822
398	399
398	421
398	616
398	694
398	810
398	861
399	454
399	595
399	713
399	835
399	883
399	888
399	982
400	408
400	414
400	424
400	429
400	433
400	434
400	438
400	441
400	446
400	466
400	478
400	488
400	911
401	419
401	434
401	435
401	461
401	463
401	464
401	465
401	472
401	477
401	487
401	492
401	777
401	811
402	403
402	408
402	411
402	413
402	417
402	427
402	442
402	448
402	450
402	451
402	453
402	457
402	458
402	465
402	467
402	473
402	479
402	481
402	492
402	493
402	596
402	742
402	803
402	813
402	839
402	895
402	966
403	404
403	405
403	412
403	418
403	422
403	432
403	434
403	483
403	498
403	669
403	697
403	769
403	847
403	912
404	404
404	413
404	417
404	419
404	422
404	436
404	453
404	461
404	462
404	467
404	489
404	494
404	545
404	602
404	643
404	734
404	985
405	407
405	415
405	421
405	471
405	474
405	484
405	498
405	499
405	617
405	674
405	740
406	410
406	440
406	443
406	446
406	447
406	449
406	474
406	488
406	903
407	407
407	416
407	421
407	424
407	429
407	430
407	436
407	441
407	455
407	457
407	463
407	472
407	478
407	653
408	417
408	433
408	443
408	444
408	449
408	459
408	473
408	478
408	485
408	508
408	810
409	429
409	432
409	436
409	446
409	448
409	464
409	468
409	469
409	481
409	485
409	525
409	922
410	427
410	439
410	446
410	450
410	455
410	456
410	460
410	469
410	478
410	479
410	485
410	488
410	490
410	495
410	498
410	527
410	746
410	756
410	892
410	965
410	998
411	419
411	441
411	446
411	457
411	771
411	825
411	994
412	412
412	413
412	414
412	424
412	425
412	442
412	448
412	450
412	470
412	474
412	479
412	482
412	487
412	499
412	593
412	614
413	422
413	424
413	440
413	442
413	448
413	464
413	481
413	488
413	559
413	634
413	692
413	705
413	941
413	947
414	422
414	427
414	434
414	441
414	449
414	452
414	455
414	469
414	577
414	600
414	656
414	891
414	900
415	417
415	421
415	423
415	426
415	432
415	440
415	485
415	491
415	573
415	582
415	918
415	932
416	423
416	431
416	435
416	440
416	446
416	453
416	476
416	477
416	484
416	492
416	497
416	503
416	658
416	760
416	811
416	814
416	816
417	455
417	461
417	464
417	465
417	467
417	475
417	480
417	482
417	501
417	519
417	526
417	646
417	649
417	662
417	689
417	723
417	727
417	730
418	419
418	429
418	430
418	440
418	441
418	459
418	460
418	475
418	477
418	484
418	491
418	494
418	571
418	792
419	430
419	440
419	447
419	450
419	453
419	457
419	460
419	480
419	495
419	672
420	420
420	422
420	443
420	455
420	458
420	460
420	468
420	489
420	492
420	641
420	879
420	915
420	947
421	425
421	432
421	434
421	436
421	444
421	447
421	453
421	461
421	471
421	472
421	490
421	495
421	499
421	588
421	717
421	949
422	427
422	430
422	442
422	443
422	444
422	446
422	449
422	454
422	456
422	458
422	461
422	462
422	467
422	485
422	486
422	492
422	496
422	802
423	444
423	445
423	452
423	467
423	476
423	508
423	954
424	432
424	434
424	445
424	446
424	455
424	460
424	465
424	473
424	476
424	478
424	482
424	487
424	497
424	625
424	723
424	827
424	849
424	866
425	436
425	468
425	478
425	480
425	499
425	619
425	666
425	921
425	989
426	443
426	447
426	454
426	470
426	474
426	483
426	496
426	555
426	928
427	442
427	447
427	461
427	466
427	468
427	476
427	488
427	493
427	540
427	846
428	431
428	440
428	441
428	442
428	464
428	479
428	480
428	481
428	482
428	491
428	493
428	530
428	558
428	780
428	822
428	908
428	991
429	439
429	469
429	480
429	490
429	492
429	493
429	495
429	555
430	432
430	436
430	455
430	460
430	481
430	482
430	483
430	489
430	496
430	519
430	714
430	905
431	434
431	443
431	462
431	468
431	469
432	440
432	457
432	465
432	468
432	484
432	492
432	951
433	433
433	450
433	470
433	487
433	489
433	492
433	499
433	647
434	438
434	444
434	446
434	449
434	451
434	471
434	481
434	483
434	491
434	493
434	494
434	498
434	499
434	507
434	903
435	438
435	446
435	461
435	467
435	470
435	493
435	495
435	534
435	857
435	948
435	968
436	438
436	448
436	453
436	463
436	466
436	477
436	480
436	719
436	979
437	443
437	446
437	459
437	480
437	483
437	485
437	494
437	527
437	623
437	639
437	818
437	819
437	843
438	438
438	447
438	451
438	453
438	468
438	482
438	483
438	486
438	650
438	673
438	729
438	833
439	445
439	448
439	450
439	462
439	471
439	472
439	483
439	496
439	497
439	498
439	518
439	719
439	771
440	446
440	447
440	451
440	468
440	475
440	481
440	484
440	701
440	793
440	887
441	445
441	446
441	452
441	455
441	456
441	475
441	480
441	482
441	493
441	633
441	687
441	914
441	933
442	448
442	463
442	544
442	586
442	601
442	687
442	727
443	451
443	466
443	469
443	473
443	485
443	487
443	723
443	740
443	974
444	445
444	457
444	459
444	471
444	472
444	477
444	701
444	734
444	784
444	824
444	846
444	930
444	978
444	995
445	447
445	452
445	461
445	462
445	470
445	477
445	478
445	481
445	489
445	495
445	719
446	448
446	451
446	452
446	454
446	459
446	467
446	475
446	481
446	492
446	495
446	513
446	527
446	705
446	868
446	886
447	463
447	467
447	471
447	478
447	484
447	496
447	521
447	653
447	681
447	682
447	769
448	456
448	465
448	477
448	485
448	487
448	697
448	708
448	794
448	810
448	811
448	879
449	449
449	451
449	456
449	474
449	484
449	496
449	497
449	548
449	923
450	474
450	479
450	481
450	487
450	576
450	868
450	919
451	489
451	490
451	616
451	693
451	950
452	462
452	467
452	471
452	474
452	486
452	492
452	497
452	632
453	458
453	461
453	462
453	466
453	468
453	471
453	472
453	475
453	481
453	482
453	496
453	552
453	769
453	857
453	859
453	924
453	982
454	459
454	466
454	472
454	479
454	490
454	497
454	501
454	625
454	981
455	457
455	465
455	481
455	492
455	593
455	611
455	622
455	849
455	988
456	477
456	488
457	476
457	481
457	496
457	569
457	644
457	829
458	461
458	472
458	482
458	483
458	572
458	669
458	722
458	746
458	860
458	998
459	480
459	494
459	611
459	614
459	719
459	891
459	972
460	466
460	467
460	473
460	477
460	487
460	643
460	729
460	919
461	473
461	474
461	477
461	498
461	781
461	889
462	464
462	466
462	479
462	486
462	598
462	610
462	633
462	653
462	786
462	884
463	471
463	478
463	481
463	488
463	499
463	636
463	694
463	821
463	835
463	994
464	466
464	467
464	475
464	484
464	502
464	639
465	470
465	475
465	478
465	482
465	486
465	487
465	505
465	577
465	747
465	857
465	910
465	920
466	470
466	478
466	589
466	717
466	721
466	742
467	476
467	482
467	483
467	489
467	493
467	721
467	745
467	900
468	475
468	476
468	481
468	488
468	904
468	946
468	948
468	979
469	470
469	473
469	474
469	477
469	482
469	485
469	854
469	946
470	470
470	489
470	499
470	612
470	623
470	814
470	872
470	874
471	472
471	474
471	487
471	492
471	499
471	516
471	522
471	550
471	568
471	675
471	721
471	831
471	903
472	483
472	735
472	736
472	747
472	856
472	880
473	479
473	487
473	526
473	598
473	920
474	484
474	495
474	498
474	533
474	556
474	611
474	796
475	481
475	482
475	484
475	485
475	494
475	693
476	488
476	530
476	692
476	754
476	986
477	478
477	481
477	488
477	497
477	498
477	499
477	741
477	892
477	960
478	484
478	485
478	486
478	499
478	570
478	616
478	802
478	842
478	908
478	967
478	982
479	491
479	492
479	494
479	495
479	590
479	861
480	483
480	488
480	493
480	497
480	498
480	620
481	665
481	931
482	489
482	492
482	580
482	592
482	704
482	967
482	983
483	487
483	489
483	495
483	636
483	682
483	977
484	484
484	494
484	497
484	988
485	485
485	489
485	682
486	491
486	533
486	623
486	779
487	498
487	623
487	760
487	819
487	879
488	496
488	497
488	499
488	632
489	600
489	630
489	941
489	945
490	493
490	928
491	571
491	716
491	993
492	681
492	782
493	557
493	566
493	683
493	765
493	784
493	786
493	816
493	938
494	495
494	496
494	642
494	739
495	522
495	540
495	659
495	698
495	898
496	542
496	600
496	669
496	846
496	997
497	701
497	998
498	516
498	521
498	847
498	852
499	590
499	597
499	641
499	708
499	850
499	945
500	501
500	518
500	523
500	528
500	531
500	536
500	544
500	578
500	583
500	586
500	591
500	943
500	965
500	993
501	501
501	523
501	528
501	532
501	537
501	556
501	558
501	580
501	583
501	587
501	588
501	589
501	594
501	601
501	710
501	984
502	502
502	503
502	508
502	510
502	519
502	526
502	527
502	528
502	533
502	540
502	542
502	561
502	565
502	568
502	582
502	586
502	589
502	592
502	596
503	509
503	529
503	536
503	568
503	581
503	598
503	682
503	718
503	863
504	517
504	518
504	519
504	529
504	535
504	536
504	549
504	563
504	564
504	567
504	568
504	579
504	580
504	584
504	585
504	589
505	508
505	535
505	541
505	554
505	568
505	573
505	575
505	578
505	580
505	583
505	584
505	594
505	766
505	785
505	902
505	980
506	507
506	520
506	521
506	534
506	535
506	542
506	545
506	546
506	560
506	562
506	565
506	576
506	578
506	585
506	593
506	595
506	599
506	660
506	664
506	798
506	820
506	834
507	523
507	526
507	528
507	530
507	537
507	538
507	546
507	547
507	548
507	562
507	615
507	733
507	772
507	837
507	914
507	933
508	513
508	514
508	515
508	527
508	535
508	544
508	555
508	558
508	559
508	567
508	569
508	582
508	597
508	663
508	751
508	946
509	515
509	516
509	520
509	536
509	537
509	543
509	546
509	570
509	582
509	583
509	608
509	666
509	721
510	512
510	513
510	517
510	549
510	553
510	570
510	573
510	579
510	590
510	668
510	950
510	969
510	985
511	517
511	522
511	528
511	533
511	548
511	562
511	567
511	576
511	577
511	579
511	596
511	773
511	899
511	957
512	513
512	518
512	529
512	538
512	551
512	554
512	558
512	584
512	693
513	515
513	517
513	522
513	527
513	539
513	550
513	557
513	558
513	559
513	569
513	575
513	585
513	586
513	689
513	946
514	514
514	516
514	519
514	522
514	528
514	546
514	547
514	551
514	558
514	559
514	578
514	579
514	583
514	621
514	627
514	685
514	743
514	852
514	932
515	519
515	520
515	524
515	527
515	535
515	538
515	561
515	562
515	569
515	571
515	575
515	588
515	592
515	722
515	730
515	764
515	953
516	523
516	527
516	528
516	534
516	537
516	550
516	555
516	561
516	580
516	581
516	594
516	596
516	674
517	520
517	548
517	550
517	554
517	555
517	568
517	572
517	579
517	594
517	844
517	846
518	521
518	527
518	550
518	551
518	562
518	572
518	576
518	583
518	586
518	588
518	777
518	807
518	851
518	861
519	553
519	570
519	572
519	575
519	592
519	734
520	523
520	525
520	529
520	531
520	533
520	535
520	550
520	558
520	574
520	580
520	584
520	585
520	589
520	713
520	780
520	855
521	527
521	529
521	535
521	538
521	548
521	553
521	558
521	559
521	562
521	580
521	991
522	529
522	540
522	547
522	563
522	564
522	596
522	617
522	701
522	812
522	816
523	528
523	533
523	537
523	542
523	549
523	571
523	574
523	577
523	580
523	588
523	618
523	669
523	818
523	905
524	528
524	534
524	540
524	551
524	557
524	559
524	569
524	577
524	578
524	581
524	588
524	604
524	864
524	923
525	526
525	545
525	551
525	552
525	567
525	571
525	574
525	585
525	597
525	674
525	721
525	736
525	942
526	528
526	547
526	550
526	557
526	564
526	587
526	599
526	630
526	672
526	737
526	871
527	535
527	583
527	778
527	830
527	909
528	529
528	542
528	547
528	557
528	560
528	567
528	568
528	569
528	570
528	576
528	579
528	587
528	593
528	594
528	677
528	751
528	896
528	901
529	530
529	552
529	561
529	568
529	591
529	592
529	823
529	876
530	530
530	536
530	540
530	563
530	564
530	575
530	580
530	581
530	590
530	593
530	882
530	994
531	534
531	542
531	564
531	572
531	577
531	585
531	602
531	818
531	823
531	952
532	553
532	555
532	556
532	563
532	567
532	614
532	795
532	920
532	997
533	542
533	548
533	551
533	552
533	565
533	578
533	916
534	541
534	543
534	551
534	552
534	563
534	569
534	599
534	739
534	755
534	811
535	538
535	545
535	553
535	559
535	564
535	566
535	569
535	595
535	650
535	848
536	554
536	566
536	572
536	581
536	584
536	588
536	590
536	591
536	626
536	629
536	706
536	708
536	785
537	540
537	547
537	551
537	553
537	565
537	571
537	575
537	578
537	581
537	625
537	688
537	723
537	891
538	544
538	550
538	551
538	556
538	558
538	564
538	577
538	586
538	597
538	772
538	828
538	956
538	997
539	550
539	551
539	552
539	570
539	595
539	598
539	752
540	540
540	549
540	551
540	561
540	578
541	553
541	576
541	583
541	595
541	748
541	817
541	848
541	985
542	548
542	551
542	568
542	580
542	586
542	669
542	683
542	716
542	858
543	554
543	561
543	571
543	578
543	586
543	594
543	596
543	638
544	545
544	551
544	554
544	555
544	557
544	559
544	570
544	583
544	598
544	936
544	955
545	546
545	556
545	558
545	583
545	591
545	604
545	767
545	779
545	803
545	905
545	965
545	967
546	554
546	567
546	575
546	576
546	581
546	595
546	598
546	797
546	968
546	970
547	552
547	555
547	558
547	559
547	573
547	583
547	590
547	591
547	656
548	550
548	561
548	741
548	748
548	810
548	950
548	970
549	552
549	560
549	561
549	570
549	579
549	582
549	585
549	598
549	631
549	656
549	731
549	882
550	570
550	576
550	585
550	589
550	590
550	599
550	725
550	766
551	593
551	596
551	598
551	599
552	554
552	556
552	561
552	571
552	579
552	587
552	801
552	994
553	573
553	574
553	812
553	913
554	567
554	576
554	580
554	581
554	583
554	590
554	844
554	849
554	996
555	556
555	563
555	570
555	574
555	582
555	587
555	597
555	704
555	754
555	803
556	565
556	572
556	588
556	592
556	652
556	709
556	836
556	914
557	559
557	565
557	588
557	591
557	592
557	594
557	648
557	735
557	908
557	961
558	568
558	571
558	580
558	586
558	592
558	599
558	684
558	814
559	560
559	563
559	584
559	596
559	598
559	733
559	880
560	562
560	566
560	581
560	584
560	594
560	616
560	745
560	817
561	561
561	581
561	584
561	588
561	589
561	592
561	595
561	596
561	722
561	732
561	738
562	566
562	574
562	575
562	578
562	587
562	595
562	745
562	924
562	965
563	574
563	604
563	648
563	675
563	744
563	880
563	896
564	581
564	658
564	672
565	567
565	572
565	579
565	652
565	790
565	818
565	941
566	573
566	577
566	579
566	580
566	584
566	589
566	691
566	914
566	977
567	569
567	581
567	591
567	598
567	626
567	831
567	866
568	597
568	615
568	644
568	744
569	607
569	611
569	732
570	581
570	588
570	590
570	679
570	707
570	939
571	582
571	594
571	596
571	598
571	765
571	953
571	994
572	583
572	587
572	598
572	599
572	617
572	620
572	629
572	707
572	882
572	956
573	573
573	580
573	586
573	594
573	648
573	743
573	860
573	924
573	977
574	578
574	580
574	589
574	601
574	630
574	863
574	993
575	580
575	581
575	584
575	587
575	599
575	620
575	638
575	684
575	780
575	817
576	577
576	594
576	597
576	644
576	894
577	589
577	598
577	745
578	588
578	599
578	689
578	754
578	761
578	850
578	988
579	588
579	766
579	805
579	975
580	581
580	582
580	594
580	773
580	789
580	820
580	930
581	590
581	592
581	595
581	596
581	609
581	620
581	666
581	832
581	960
582	584
582	594
582	599
582	735
582	859
582	963
583	590
583	592
583	595
583	597
583	733
583	818
583	854
583	891
583	911
584	620
584	662
584	733
584	769
584	813
585	594
585	604
585	782
585	805
585	829
586	596
586	597
586	821
586	924
587	931
587	974
587	988
588	589
588	595
588	670
588	704
588	756
588	812
588	938
588	975
589	664
589	674
590	598
590	851
590	865
591	593
591	597
591	599
592	596
592	630
592	730
592	879
592	898
592	911
593	838
593	900
594	616
594	875
594	946
595	693
595	700
595	758
595	812
595	884
595	997
596	599
596	856
597	753
597	774
598	677
598	872
599	631
599	635
599	700
599	827
600	602
600	609
600	616
600	622
600	629
600	637
600	639
600	662
600	666
600	671
600	676
600	678
600	726
600	773
600	831
601	616
601	620
601	635
601	641
601	644
601	648
601	665
601	671
601	680
601	684
601	692
601	708
601	736
602	605
602	621
602	623
602	628
602	631
602	660
602	663
602	664
602	668
602	677
602	680
602	681
602	825
603	603
603	604
603	605
603	610
603	620
603	630
603	631
603	652
603	653
603	654
603	666
603	672
603	680
603	683
603	793
603	864
603	918
603	945
604	610
604	632
604	641
604	663
604	664
604	673
604	685
604	785
605	605
605	612
605	614
605	620
605	624
605	627
605	631
605	636
605	641
605	661
605	680
605	726
605	945
606	615
606	621
606	635
606	652
606	656
606	665
606	669
606	672
606	678
606	694
606	696
606	699
606	986
607	615
607	617
607	632
607	642
607	643
607	663
607	672
607	676
607	679
607	680
607	683
608	625
608	637
608	642
608	645
608	667
608	695
608	702
608	938
608	947
608	987
609	633
609	643
609	646
609	649
609	681
609	692
609	693
609	699
609	771
609	792
609	908
610	610
610	616
610	620
610	622
610	652
610	657
610	668
610	687
610	688
610	691
610	696
610	699
610	764
611	614
611	622
611	632
611	633
611	651
611	652
611	653
611	661
611	664
611	694
611	699
611	931
612	612
612	613
612	617
612	645
612	657
612	661
612	663
612	678
612	873
612	983
613	625
613	626
613	635
613	640
613	642
613	658
613	662
613	674
613	684
613	688
613	692
613	695
613	698
613	699
613	752
613	833
613	965
613	994
614	630
614	632
614	633
614	640
614	645
614	666
614	667
614	671
614	672
614	763
614	880
614	927
614	947
615	625
615	628
615	631
615	636
615	643
615	644
615	656
615	658
615	662
615	668
615	672
615	674
615	698
615	733
615	921
616	625
616	626
616	627
616	628
616	629
616	631
616	644
616	652
616	675
616	678
616	681
616	737
616	784
616	787
616	887
617	622
617	623
617	629
617	649
617	654
617	660
617	671
617	741
617	789
617	804
617	807
617	850
617	885
617	966
618	625
618	633
618	634
618	635
618	639
618	643
618	653
618	654
618	656
618	659
618	661
618	662
618	663
618	666
618	667
618	671
618	672
618	678
618	682
618	688
619	627
619	644
619	649
619	655
619	661
619	663
619	668
619	684
619	687
619	688
619	692
619	696
619	954
620	620
620	626
620	642
620	648
620	661
620	664
620	674
620	675
620	691
620	750
620	870
620	897
620	914
621	623
621	625
621	628
621	643
621	652
621	653
621	663
621	664
621	683
621	692
621	696
621	698
621	709
621	739
621	955
622	630
622	637
622	654
622	657
622	668
622	670
622	671
622	674
622	688
622	693
622	841
622	937
623	633
623	634
623	654
623	657
623	663
623	664
623	667
623	679
623	681
623	686
623	692
623	694
624	674
624	682
624	697
624	951
624	985
625	643
625	647
625	655
625	657
625	665
625	673
625	681
625	682
625	685
625	688
625	697
625	699
625	807
625	848
626	632
626	645
626	652
626	656
626	664
626	670
626	687
626	692
626	695
626	942
627	638
627	644
627	648
627	649
627	650
627	653
627	656
627	672
627	673
627	675
627	684
627	876
628	635
628	636
628	661
628	665
628	678
628	682
628	683
628	687
628	724
628	739
629	657
629	658
629	691
629	692
629	699
629	861
629	915
630	644
630	654
630	681
630	689
630	697
630	764
630	795
630	937
631	633
631	637
631	653
631	657
631	669
631	674
631	696
631	800
631	811
631	814
631	901
631	952
631	988
632	661
632	663
632	664
632	683
632	684
632	879
633	640
633	642
633	648
633	660
633	662
633	672
633	676
633	677
633	691
633	696
633	697
633	748
633	797
633	953
634	648
634	651
634	655
634	658
634	662
634	670
634	688
634	697
634	711
634	915
634	930
635	636
635	644
635	660
635	661
635	668
635	677
635	685
635	691
635	731
635	796
635	871
635	977
636	644
636	654
636	659
636	680
636	698
636	776
636	844
637	645
637	656
637	660
637	674
637	692
637	694
637	714
637	867
637	904
637	972
638	639
638	668
638	681
638	684
638	784
638	852
638	857
639	645
639	654
639	668
639	674
639	695
639	699
639	719
639	741
639	766
640	659
640	665
640	667
640	677
640	683
640	690
640	803
640	982
640	983
641	646
641	651
641	671
641	683
641	689
641	697
641	698
642	642
642	643
642	662
642	672
642	675
642	676
642	698
642	716
642	727
642	837
642	999
643	646
643	649
643	651
643	657
643	667
643	669
643	686
643	698
644	648
644	653
644	658
644	659
644	677
644	679
644	683
644	693
644	698
644	857
644	912
645	649
645	662
645	675
645	677
645	681
645	683
645	690
645	691
645	692
645	713
645	748
645	810
645	826
646	663
646	680
646	684
646	688
646	693
646	694
646	697
646	846
646	892
646	920
646	923
647	647
647	648
647	650
647	652
647	654
647	656
647	660
647	680
647	693
648	650
648	653
648	664
648	666
648	694
648	833
649	651
649	663
649	670
649	687
649	912
649	962
650	669
650	686
650	687
650	692
650	697
650	717
650	768
650	837
650	972
651	662
651	678
651	680
651	686
651	823
651	919
652	652
652	655
652	658
652	659
652	668
652	669
652	680
652	692
652	693
652	730
652	838
652	896
652	991
653	663
653	667
653	672
653	676
653	677
653	687
653	755
653	756
653	817
653	870
654	659
654	662
654	667
654	669
654	670
654	677
654	686
654	773
654	962
655	660
655	675
655	679
655	681
655	691
655	693
655	931
656	657
656	662
656	668
656	674
656	675
656	677
656	679
656	699
656	757
656	805
656	983
657	666
657	669
657	676
657	686
657	693
657	696
657	724
657	730
657	905
658	665
658	673
658	678
658	679
658	686
658	688
658	697
658	699
659	670
659	684
659	706
659	923
659	982
660	668
660	684
660	687
660	688
660	690
660	745
660	807
660	845
661	662
661	666
661	684
661	690
661	692
661	713
661	749
662	669
662	673
662	683
662	687
662	690
662	693
662	695
662	850
663	663
663	674
663	680
663	681
663	694
663	891
663	945
664	676
664	682
664	683
664	689
664	713
664	778
664	902
664	933
665	669
665	670
665	672
665	681
665	687
665	689
665	696
665	698
665	897
665	938
666	677
666	683
666	693
667	687
667	688
667	999
668	677
668	681
668	685
668	691
668	697
668	901
669	671
669	678
669	680
669	684
669	696
669	824
669	850
669	973
670	673
670	674
670	676
670	686
670	687
671	675
671	697
671	980
672	673
672	677
672	694
672	935
673	680
673	682
673	691
673	699
674	676
674	677
674	681
674	691
674	760
675	683
675	684
675	692
675	725
675	846
675	972
676	684
676	689
676	862
676	964
677	677
677	693
677	696
677	699
677	736
677	786
677	847
677	861
677	963
677	974
678	689
678	699
679	682
679	686
679	691
679	693
679	826
679	942
680	686
680	690
680	694
680	697
680	858
680	954
681	754
681	805
682	683
682	685
682	693
682	699
682	948
683	696
683	870
683	906
683	932
684	694
684	697
684	746
684	769
684	789
684	860
684	952
684	999
685	690
685	692
685	695
685	725
686	686
686	687
686	695
686	696
686	697
686	701
686	918
687	690
687	800
687	930
688	689
688	690
688	697
688	906
688	922
689	692
689	769
689	779
689	925
689	952
690	737
690	739
690	867
690	868
691	691
691	695
691	802
692	783
693	697
693	762
694	698
694	722
694	813
694	835
694	914
695	740
695	758
695	822
695	843
696	701
696	830
696	856
696	957
697	825
697	886
697	932
698	956
699	807
699	922
699	970
700	704
700	706
700	708
700	715
700	736
700	740
700	744
700	760
700	762
700	765
700	770
700	774
700	786
700	790
700	794
700	850
700	903
701	703
701	726
701	733
701	746
701	774
701	776
701	781
701	797
701	819
701	858
701	942
702	721
702	732
702	743
702	752
702	757
702	765
702	770
702	774
702	789
702	790
702	791
702	959
703	709
703	716
703	719
703	726
703	736
703	749
703	756
703	761
703	765
703	774
703	778
703	779
703	783
703	795
703	797
703	854
703	885
703	941
704	733
704	739
704	746
704	759
704	763
704	766
704	794
704	797
705	744
705	757
705	759
705	767
705	781
705	792
705	797
705	907
705	933
705	934
705	969
706	707
706	711
706	715
706	717
706	730
706	734
706	736
706	739
706	744
706	745
706	749
706	758
706	773
706	796
706	890
706	896
706	907
707	730
707	733
707	740
707	775
707	788
707	967
708	718
708	723
708	736
708	744
708	765
708	772
708	787
708	894
709	713
709	722
709	723
709	726
709	732
709	735
709	744
709	759
709	787
709	788
709	797
709	984
710	736
710	757
710	763
710	767
710	777
710	798
710	930
711	722
711	732
711	734
711	750
711	755
711	756
711	760
711	768
711	772
711	775
711	789
711	792
712	757
712	772
712	775
712	790
712	791
712	797
713	722
713	727
713	739
713	742
713	753
713	756
713	761
713	763
713	765
713	767
713	773
713	781
713	783
713	788
714	719
714	725
714	728
714	733
714	742
714	743
714	753
714	755
714	757
714	758
714	760
714	777
714	791
714	797
714	856
714	863
714	947
715	717
715	733
715	740
715	744
715	745
715	757
715	768
715	781
715	787
715	790
715	798
715	802
715	984
716	724
716	725
716	734
716	736
716	737
716	753
716	771
716	773
716	789
716	793
716	797
716	812
716	986
717	742
717	745
717	760
717	768
717	776
717	879
717	973
717	999
718	730
718	731
718	735
718	740
718	742
718	748
718	755
718	765
718	784
718	793
719	732
719	744
719	746
719	760
719	772
719	776
719	781
719	786
719	792
719	801
719	896
719	903
720	721
720	756
720	767
720	770
720	781
720	786
720	793
720	803
720	957
721	726
721	736
721	744
721	752
721	762
721	768
721	773
721	778
721	786
721	790
721	793
721	972
721	994
722	723
722	734
722	743
722	744
722	766
722	767
722	768
722	770
722	772
722	792
722	793
722	963
723	724
723	727
723	746
723	753
723	755
723	777
723	795
723	955
724	755
724	773
724	787
724	788
724	791
724	797
724	798
724	866
725	737
725	739
725	748
725	750
725	762
725	763
725	771
725	772
725	773
725	775
725	792
725	857
725	910
726	731
726	733
726	738
726	746
726	749
726	751
726	756
726	768
726	773
726	774
726	777
726	793
726	796
726	956
726	987
727	728
727	731
727	738
727	741
727	743
727	745
727	751
727	764
727	777
727	780
727	792
727	793
727	797
727	799
728	734
728	742
728	745
728	748
728	758
728	764
728	765
728	778
728	780
728	789
728	790
728	798
728	799
728	821
729	734
729	739
729	746
729	751
729	765
729	771
729	778
729	790
729	996
730	740
730	748
730	764
730	770
730	772
730	785
730	786
730	792
730	948
731	750
731	751
731	754
731	786
731	790
731	791
731	792
731	799
731	816
731	875
732	736
732	745
732	757
732	763
732	767
732	791
732	814
733	741
733	767
733	771
733	773
733	779
733	782
733	789
733	792
733	793
733	795
733	984
734	752
734	753
734	760
734	767
734	774
734	777
734	840
734	976
735	735
735	741
735	749
735	750
735	766
735	767
735	776
735	778
735	786
735	794
735	848
735	942
736	737
736	743
736	759
737	741
737	757
737	758
737	768
737	772
737	781
737	789
737	873
738	748
738	751
738	768
738	769
738	776
738	790
738	794
738	799
739	740
739	743
739	745
739	752
739	766
739	782
739	787
739	793
739	796
739	799
739	941
740	744
740	749
740	760
740	764
740	769
740	831
741	743
741	757
741	773
741	774
741	779
741	927
742	748
742	755
742	759
742	778
742	921
742	986
743	751
743	761
743	762
743	766
743	783
743	798
743	861
744	752
744	765
744	769
744	770
744	778
744	791
744	796
744	811
744	855
745	747
745	761
745	775
745	789
745	795
745	796
745	926
746	755
746	761
746	766
746	767
746	768
746	771
746	774
746	785
746	789
746	791
746	798
746	978
747	759
747	761
747	771
747	777
747	792
747	927
747	974
748	753
748	754
748	757
748	761
748	762
748	763
748	780
748	879
749	760
749	795
749	873
750	771
750	784
750	785
751	751
751	772
751	788
751	816
751	895
751	994
752	770
752	782
752	797
752	798
753	758
753	759
753	765
753	773
753	828
753	838
754	755
754	773
754	786
754	789
754	798
754	799
755	780
755	790
755	799
755	822
756	757
756	758
756	771
756	780
756	788
756	951
757	760
757	763
757	764
757	767
757	772
757	786
757	791
757	793
757	958
758	758
758	759
758	764
758	773
758	780
758	795
758	947
759	760
759	769
759	786
759	793
759	797
759	824
759	873
759	938
760	764
760	766
760	767
760	771
760	784
760	988
761	762
761	771
761	773
761	776
761	781
761	789
762	770
762	775
762	793
762	799
762	869
762	947
762	967
762	975
763	770
763	785
763	798
763	818
764	767
764	768
764	771
764	795
764	797
764	798
765	773
765	778
765	781
765	786
765	791
765	792
765	796
765	797
765	798
765	885
765	914
765	926
765	961
766	789
767	794
767	827
767	989
767	993
768	774
768	776
768	779
768	864
768	968
769	776
769	778
769	779
769	780
769	781
769	791
769	848
769	862
769	869
769	892
769	924
769	962
770	795
770	863
770	996
771	779
771	797
771	798
771	933
772	780
772	794
772	795
772	796
772	844
772	889
772	945
773	777
773	779
773	789
773	796
773	805
773	924
773	937
774	793
774	803
774	834
775	781
775	793
776	789
776	796
776	859
776	949
776	995
777	790
777	815
777	937
777	939
778	782
778	799
778	801
778	858
778	887
779	789
779	796
779	862
779	974
780	789
780	808
780	820
780	834
780	835
781	785
782	783
782	786
782	791
783	793
783	841
783	886
783	906
783	967
784	837
785	793
785	898
786	789
786	829
786	931
787	875
787	904
787	946
787	948
788	879
789	793
789	794
789	797
789	799
789	957
789	973
790	793
790	799
791	791
791	797
791	843
791	880
791	920
791	999
792	796
792	919
792	928
793	797
793	799
793	936
794	849
794	936
794	963
794	987
795	834
795	883
795	905
795	910
795	986
795	991
796	797
796	799
796	801
796	814
796	916
796	935
799	853
799	911
799	973
800	803
800	811
800	812
800	828
800	833
800	838
800	844
800	854
800	861
800	865
800	869
800	880
800	887
800	898
800	969
801	813
801	836
801	839
801	849
801	874
801	878
801	895
801	903
802	803
802	805
802	813
802	823
802	836
802	859
802	885
802	911
802	942
803	806
803	826
803	832
803	835
803	845
803	873
803	884
803	885
803	887
803	891
803	908
803	981
804	813
804	828
804	831
804	842
804	843
804	847
804	857
804	864
804	866
804	867
804	875
804	881
804	882
804	993
805	805
805	816
805	817
805	830
805	831
805	836
805	852
805	854
805	856
805	872
805	874
805	882
805	886
805	891
805	892
805	894
805	895
805	897
806	819
806	835
806	852
806	856
806	870
806	872
806	877
806	888
806	897
806	977
807	809
807	816
807	825
807	827
807	829
807	831
807	833
807	844
807	849
807	881
807	899
807	956
807	970
807	974
808	810
808	814
808	815
808	829
808	832
808	834
808	838
808	847
808	859
808	864
808	865
808	870
808	879
808	895
809	810
809	830
809	844
809	849
809	856
809	886
809	889
809	896
809	898
809	907
809	916
810	818
810	828
810	836
810	846
810	878
810	879
810	890
810	892
810	895
810	898
810	973
810	986
811	825
811	831
811	833
811	836
811	839
811	848
811	876
811	879
811	888
811	892
811	896
811	899
811	901
812	838
812	850
812	871
812	875
812	983
812	989
813	816
813	828
813	833
813	837
813	838
813	839
813	843
813	849
813	853
813	854
813	858
813	883
813	892
814	824
814	825
814	828
814	833
814	860
814	875
814	897
814	899
815	820
815	835
815	839
815	845
815	849
815	886
816	818
816	826
816	852
816	863
816	868
816	870
816	892
816	894
816	978
817	825
817	829
817	844
817	850
817	856
817	861
817	868
817	871
817	874
817	876
817	883
817	894
817	898
817	969
818	821
818	822
818	860
818	878
818	882
818	891
819	846
819	869
819	872
819	883
819	884
819	887
819	899
819	924
820	826
820	844
820	848
820	858
820	864
820	865
820	873
820	885
820	894
821	826
821	832
821	842
821	843
821	845
821	848
821	853
821	854
821	864
821	870
821	875
821	877
821	879
821	892
821	896
821	928
822	827
822	837
822	844
822	856
822	863
822	865
822	873
822	878
822	943
823	847
823	851
823	853
823	855
823	871
823	881
823	886
823	888
823	890
824	834
824	843
824	853
824	871
824	879
824	888
825	833
825	840
825	844
825	849
825	861
825	862
825	873
825	884
825	888
825	893
825	895
825	902
826	828
826	836
826	849
826	857
826	868
826	869
827	833
827	842
827	843
827	846
827	847
827	854
827	855
827	873
827	884
827	941
827	995
828	836
828	840
828	843
828	857
828	891
828	897
828	964
829	836
829	844
829	847
829	858
829	862
829	877
829	886
829	891
829	894
830	831
830	835
830	846
830	857
830	870
830	874
830	881
830	886
830	895
830	897
830	923
831	842
831	846
831	859
831	861
831	873
831	882
831	886
831	891
831	896
831	982
832	840
832	847
832	853
832	869
832	873
832	874
832	876
832	879
832	915
833	834
833	839
833	852
833	853
833	856
833	864
833	869
833	874
833	889
833	948
833	964
834	842
834	861
834	865
834	875
834	882
835	837
835	864
835	867
835	873
835	875
835	889
835	894
835	896
835	899
836	837
836	845
836	848
836	853
836	863
836	875
836	882
836	891
836	894
836	895
836	896
837	849
837	854
837	872
837	874
837	895
837	912
838	838
838	850
838	858
838	861
838	882
839	844
839	846
839	847
839	851
839	860
839	870
839	887
839	893
839	896
839	925
840	845
840	846
840	849
840	871
840	881
840	889
840	899
840	908
841	843
841	852
841	856
841	863
841	879
841	881
841	886
841	887
842	851
842	857
842	859
842	873
842	884
842	889
842	995
843	858
843	867
843	873
843	883
843	885
843	887
843	896
843	958
844	845
844	851
844	855
844	856
844	858
844	875
844	885
845	847
845	852
845	858
845	865
845	872
845	877
845	891
845	892
846	849
846	856
846	886
846	889
846	897
846	952
846	955
847	853
847	859
847	860
847	863
847	868
847	899
848	855
848	860
848	882
849	856
849	870
849	875
849	877
849	891
849	895
850	859
850	868
850	975
851	854
851	870
851	879
851	880
851	890
851	898
852	852
852	855
852	856
852	866
852	868
852	893
853	861
853	865
853	871
853	877
854	857
854	860
854	862
854	863
854	869
854	872
854	883
854	920
854	935
855	865
855	875
855	877
855	895
856	863
856	894
856	905
857	857
857	867
857	868
857	886
858	861
858	863
858	877
858	886
858	892
859	872
859	878
859	880
860	866
860	869
860	896
860	932
861	863
861	871
861	873
861	874
861	876
861	885
861	889
862	874
862	879
862	889
863	866
863	867
863	896
863	928
864	867
864	879
864	895
865	867
865	873
865	877
865	891
865	895
865	899
865	906
866	867
866	876
866	883
866	888
866	891
866	980
867	876
867	877
867	884
867	885
867	893
867	895
867	967
868	874
868	876
868	879
868	896
868	899
868	928
869	869
869	870
869	872
869	883
869	889
869	926
869	978
870	875
870	893
870	973
871	878
871	882
871	886
871	896
871	898
871	899
872	877
872	886
872	887
872	888
872	890
872	898
872	920
873	873
873	894
873	976
873	978
874	878
874	879
874	881
874	898
875	877
875	884
875	888
875	892
875	921
875	951
876	880
876	888
876	893
876	896
876	901
877	878
877	886
877	890
877	896
879	881
879	885
879	890
879	891
879	920
880	885
880	895
880	966
881	885
881	896
882	894
883	886
883	890
883	894
883	899
883	943
884	890
884	896
884	971
885	897
885	898
885	916
886	888
886	896
886	907
886	927
886	978
888	982
889	898
891	942
891	981
891	988
893	895
893	935
893	944
893	958
895	958
896	973
897	936
897	955
898	933
899	948
900	925
900	929
900	930
900	946
900	948
900	968
900	969
900	973
900	976
900	994
900	998
901	920
901	932
901	933
901	943
901	956
901	960
901	965
901	975
901	981
901	983
901	985
902	905
902	916
902	918
902	919
902	921
902	922
902	924
902	946
902	949
902	953
902	977
902	979
902	980
902	992
903	909
903	911
903	920
903	930
903	986
903	989
903	992
904	920
904	924
904	931
904	932
904	936
904	940
904	941
904	949
904	965
904	973
904	975
905	917
905	926
905	941
905	948
905	956
905	962
905	969
905	970
905	975
905	979
905	980
905	992
905	996
906	914
906	922
906	923
906	957
906	960
906	961
906	992
907	908
907	910
907	912
907	915
907	918
907	924
907	926
907	933
907	934
907	937
907	955
907	960
907	963
907	968
907	973
907	990
907	992
907	998
908	912
908	915
908	916
908	921
908	937
908	938
908	944
908	945
908	970
908	972
908	979
908	982
908	983
908	998
909	917
909	923
909	949
909	955
909	956
909	963
909	965
909	969
909	974
909	976
910	910
910	915
910	926
910	928
910	929
910	937
910	939
910	950
910	954
910	957
910	959
910	960
910	961
910	983
910	990
911	916
911	922
911	925
911	927
911	958
911	961
911	974
911	976
911	983
911	987
911	994
912	922
912	942
912	943
912	974
912	980
912	988
912	990
913	917
913	918
913	931
913	932
913	940
913	945
913	950
913	955
913	959
913	964
913	965
913	971
913	978
913	986
913	994
914	919
914	930
914	950
914	953
914	969
914	977
914	991
914	992
914	998
915	916
915	932
915	935
915	975
915	992
916	950
916	954
916	955
916	970
916	989
916	991
916	997
917	918
917	927
917	928
917	931
917	934
917	939
917	940
917	954
917	960
917	969
917	987
918	932
918	938
918	944
918	945
918	947
918	960
918	965
918	974
918	976
918	980
919	921
919	937
919	943
919	950
919	955
919	956
919	958
919	959
919	962
919	983
919	988
919	991
919	995
920	922
920	938
920	948
920	954
920	979
920	983
920	987
920	994
920	995
921	925
921	933
921	936
921	941
921	943
921	944
921	946
921	950
921	958
921	961
921	962
921	975
921	990
922	926
922	927
922	936
922	938
922	955
922	960
922	968
922	981
922	984
922	988
923	956
923	960
923	964
923	967
923	979
924	925
924	933
924	945
924	946
924	969
924	974
924	985
924	995
925	926
925	931
925	941
925	953
925	978
925	983
925	985
926	929
926	940
926	941
926	942
926	962
926	967
926	968
926	971
926	983
926	987
926	998
927	929
927	958
927	964
927	975
927	977
927	978
927	982
927	984
927	988
927	990
927	992
927	993
927	997
928	939
928	951
928	961
928	963
928	969
928	972
928	977
928	996
929	938
929	951
929	965
929	972
929	982
929	984
929	995
930	940
930	941
930	943
930	944
930	946
930	976
930	981
931	934
931	946
931	948
931	975
931	986
931	999
932	933
932	934
932	939
932	940
932	942
932	948
932	950
932	963
932	965
932	969
933	937
933	950
933	958
933	968
933	975
933	986
933	991
934	954
934	955
934	957
934	972
934	973
934	982
934	989
934	994
934	995
935	969
935	982
935	985
935	997
935	998
936	942
936	951
936	954
936	958
936	960
936	972
936	989
937	942
937	956
937	963
937	968
937	971
937	979
937	991
937	994
937	998
938	940
938	944
938	952
938	955
938	963
938	966
938	978
938	994
939	955
939	964
939	969
939	973
939	985
939	991
939	996
940	943
940	976
940	985
940	991
940	992
941	951
941	954
941	959
941	970
941	972
941	975
941	976
941	977
941	991
942	943
942	951
942	956
942	963
942	964
942	969
942	980
942	984
942	987
942	994
942	998
943	945
943	952
943	957
943	960
943	961
943	965
943	971
943	987
943	990
943	993
943	996
943	997
944	945
944	979
944	988
944	995
944	997
945	973
945	998
946	956
946	962
946	967
946	969
946	978
946	982
946	985
946	990
947	955
947	957
947	971
947	972
947	976
947	985
947	989
947	995
948	948
948	970
948	979
948	985
949	961
949	963
949	971
949	992
949	997
950	955
950	958
950	967
950	974
950	986
950	991
951	968
951	983
951	989
952	963
952	969
952	973
952	979
952	980
952	982
953	967
953	969
954	967
954	981
954	984
954	989
954	990
954	996
955	971
955	980
955	996
955	997
956	957
956	966
956	973
956	976
956	981
956	984
956	994
957	975
957	990
958	967
958	971
958	973
958	995
958	999
959	968
959	971
959	973
959	976
959	986
960	971
960	972
960	979
960	980
960	981
960	982
960	983
960	997
961	968
961	998
962	963
962	966
962	970
962	979
962	982
962	985
962	991
963	967
963	975
963	989
963	992
963	993
963	998
964	988
965	965
965	966
965	997
965	998
966	990
966	998
967	967
967	975
967	977
967	987
967	997
968	971
968	975
968	989
969	990
969	992
970	974
970	983
970	985
970	999
971	983
971	988
971	989
971	994
972	987
972	992
972	994
973	975
973	986
973	988
974	976
974	983
975	995
975	998
976	982
976	986
976	990
976	993
976	994
977	985
977	989
978	983
978	990
978	991
979	985
979	993
981	992
981	993
981	999
982	986
982	995
982	998
985	999
987	987
988	993
988	994
989	995
990	994
992	994
993	994
994	997
995	996
