0	8
0	13
0	24
0	54
0	148
0	213
0	367
0	371
0	469
0	659
0	700
0	737
0	751
0	859
0	866
0	883
0	919
1	5
1	7
1	39
1	40
1	55
1	64
1	73
1	101
1	420
1	577
1	634
1	685
1	693
1	887
1	974
2	13
2	48
2	60
2	88
2	119
2	215
2	235
2	242
2	294
2	368
2	397
2	398
2	529
2	558
2	603
2	701
2	892
2	896
2	934
2	957
2	960
3	3
3	36
3	58
3	61
3	69
3	129
3	159
3	177
3	193
3	235
3	531
3	565
3	571
3	628
3	630
3	671
3	823
3	884
3	941
3	959
4	50
4	63
4	66
4	79
4	94
4	102
4	106
4	130
4	265
4	266
4	327
4	337
4	413
4	556
4	570
4	583
4	601
4	640
4	670
4	763
4	831
4	866
5	15
5	18
5	29
5	65
5	92
5	94
5	99
5	141
5	180
5	189
5	191
5	323
5	348
5	352
5	404
5	428
5	450
5	590
5	596
5	599
5	748
5	759
5	785
5	835
5	893
5	928
5	936
5	950
5	956
5	988
6	13
6	21
6	24
6	50
6	83
6	85
6	95
6	112
6	174
6	296
6	321
6	387
6	389
6	401
6	443
6	516
6	549
6	551
6	561
6	726
6	771
6	866
6	891
6	936
6	962
7	37
7	82
7	98
7	172
7	237
7	258
7	419
7	427
7	430
7	508
7	618
7	765
7	797
7	853
7	855
7	859
7	865
7	868
7	920
7	961
8	17
8	28
8	52
8	69
8	96
8	204
8	266
8	311
8	333
8	835
8	850
8	921
8	934
8	942
8	982
9	36
9	64
9	86
9	110
9	283
9	361
9	479
9	494
9	605
9	695
9	910
9	986
10	16
10	40
10	41
10	55
10	68
10	74
10	95
10	179
10	223
10	263
10	291
10	292
10	329
10	409
10	442
10	468
10	577
10	725
10	769
10	804
10	861
10	957
10	968
11	16
11	80
11	88
11	96
11	136
11	147
11	292
11	415
11	470
11	500
11	545
11	624
11	649
11	658
11	677
11	849
11	917
11	924
11	958
11	961
11	970
12	15
12	30
12	36
12	44
12	50
12	61
12	68
12	96
12	165
12	299
12	358
12	404
12	447
12	480
12	499
12	561
12	575
12	613
12	751
12	752
12	768
12	816
12	898
12	899
12	914
12	929
13	20
13	38
13	110
13	117
13	168
13	223
13	299
13	450
13	487
13	519
13	537
13	592
13	675
13	695
13	808
13	918
13	985
14	28
14	92
14	153
14	160
14	210
14	249
14	294
14	295
14	296
14	334
14	352
14	365
14	372
14	455
14	505
14	533
14	696
14	854
14	924
14	927
15	50
15	54
15	61
15	65
15	131
15	137
15	169
15	268
15	382
15	491
15	497
15	544
15	567
15	618
15	639
15	652
15	732
15	914
15	929
15	983
16	46
16	70
16	129
16	152
16	314
16	411
16	445
16	449
16	450
16	458
16	582
16	603
16	622
16	658
16	697
16	703
16	745
16	780
16	788
16	857
16	858
16	887
16	919
16	968
17	32
17	40
17	41
17	53
17	82
17	88
17	98
17	99
17	119
17	192
17	253
17	308
17	419
17	440
17	497
17	549
17	614
17	811
17	860
17	989
17	992
18	43
18	67
18	68
18	103
18	133
18	142
18	185
18	213
18	250
18	377
18	472
18	598
18	730
18	737
18	867
18	897
18	984
19	45
19	46
19	59
19	123
19	314
19	381
19	464
19	466
19	467
19	544
19	571
19	594
19	649
19	707
19	753
19	864
19	929
19	970
20	239
20	245
20	266
20	324
20	343
20	353
20	371
20	372
20	388
20	415
20	438
20	445
20	481
20	516
20	536
20	580
20	806
20	835
20	936
20	985
21	29
21	47
21	74
21	75
21	96
21	132
21	148
21	238
21	264
21	284
21	309
21	333
21	380
21	428
21	497
21	513
21	686
21	690
21	773
21	854
21	892
21	917
21	923
22	56
22	107
22	139
22	221
22	435
22	485
22	494
22	510
22	569
22	592
22	816
22	903
22	909
22	964
22	971
23	58
23	64
23	333
23	361
23	475
23	482
23	544
23	740
23	816
23	868
23	921
23	932
23	941
23	955
24	145
24	204
24	295
24	371
24	392
24	530
24	642
24	661
24	839
24	922
24	951
24	975
25	29
25	31
25	44
25	57
25	110
25	218
25	230
25	310
25	360
25	371
25	526
25	577
25	638
25	713
25	878
25	913
25	990
26	123
26	239
26	294
26	407
26	724
26	795
26	922
26	938
27	89
27	120
27	198
27	254
27	258
27	292
27	312
27	383
27	454
27	466
27	564
27	578
27	662
27	668
27	734
27	742
27	744
27	787
27	853
27	951
27	984
27	988
28	43
28	45
28	50
28	72
28	98
28	110
28	186
28	240
28	252
28	425
28	441
28	446
28	454
28	515
28	539
28	649
28	681
28	735
28	812
28	878
29	78
29	141
29	359
29	450
29	530
29	533
29	687
29	696
29	732
29	834
29	849
29	911
29	918
29	964
29	996
30	33
30	35
30	46
30	61
30	76
30	83
30	94
30	99
30	147
30	173
30	177
30	213
30	222
30	235
30	238
30	279
30	292
30	347
30	477
30	492
30	520
30	620
30	670
30	782
30	827
30	835
30	842
30	914
30	984
31	50
31	113
31	139
31	186
31	276
31	333
31	334
31	379
31	537
31	583
31	611
31	690
31	760
31	795
31	825
31	909
31	914
31	922
31	941
32	47
32	61
32	78
32	81
32	193
32	317
32	328
32	346
32	385
32	456
32	505
32	682
32	696
32	735
32	797
32	818
32	832
32	888
32	897
32	958
32	967
32	978
33	55
33	98
33	191
33	299
33	311
33	592
33	760
33	771
33	850
33	896
34	40
34	49
34	57
34	95
34	143
34	207
34	240
34	286
34	336
34	349
34	401
34	489
34	496
34	509
34	577
34	640
34	699
34	769
34	796
34	830
34	937
34	957
34	968
35	51
35	92
35	192
35	235
35	324
35	372
35	406
35	589
35	625
35	651
35	681
35	824
35	870
35	918
35	960
35	982
36	66
36	79
36	266
36	322
36	371
36	412
36	450
36	460
36	496
36	561
36	660
36	753
36	784
36	887
36	976
36	992
37	57
37	58
37	63
37	95
37	97
37	106
37	168
37	227
37	250
37	259
37	274
37	276
37	279
37	310
37	344
37	549
37	699
37	705
37	746
37	759
37	775
37	795
37	809
37	889
38	84
38	86
38	155
38	177
38	196
38	278
38	474
38	502
38	569
38	590
38	639
38	656
38	789
38	917
38	964
39	71
39	99
39	158
39	186
39	187
39	213
39	353
39	471
39	560
39	602
39	753
40	77
40	82
40	90
40	98
40	144
40	159
40	234
40	324
40	329
40	450
40	473
40	483
40	532
40	647
40	795
40	823
40	827
40	828
40	870
40	875
40	880
40	993
41	42
41	56
41	96
41	101
41	143
41	224
41	259
41	365
41	392
41	464
41	481
41	622
41	632
41	635
41	637
41	679
41	687
41	738
41	879
41	948
42	46
42	95
42	122
42	222
42	288
42	334
42	339
42	404
42	421
42	486
42	557
42	675
42	689
42	714
42	752
42	994
43	96
43	108
43	191
43	229
43	304
43	365
43	382
43	403
43	410
43	488
43	588
43	613
43	629
43	685
43	750
43	762
43	775
43	826
43	830
43	939
43	950
44	93
44	126
44	137
44	159
44	182
44	361
44	397
44	432
44	611
44	695
44	700
44	830
44	975
45	84
45	131
45	134
45	152
45	172
45	235
45	320
45	352
45	439
45	447
45	468
45	483
45	494
45	573
45	577
45	691
45	714
45	909
45	947
45	969
46	51
46	61
46	172
46	281
46	309
46	367
46	628
46	665
46	767
46	785
46	787
46	794
46	806
46	841
46	852
46	869
46	888
46	923
46	983
47	56
47	117
47	126
47	219
47	232
47	271
47	276
47	299
47	325
47	398
47	403
47	550
47	573
47	595
47	615
47	682
47	858
47	896
47	957
47	964
48	53
48	54
48	66
48	71
48	92
48	93
48	153
48	189
48	201
48	210
48	260
48	344
48	352
48	377
48	420
48	575
48	613
48	704
48	753
48	831
48	877
48	972
48	977
49	124
49	263
49	393
49	609
49	650
49	684
49	703
49	755
49	756
49	929
50	84
50	345
50	355
50	360
50	409
50	528
50	539
50	543
50	951
50	987
51	182
51	205
51	213
51	336
51	434
51	452
51	465
51	493
51	619
51	749
51	796
51	822
51	881
51	912
52	71
52	102
52	157
52	201
52	374
52	429
52	441
52	492
52	504
52	632
52	633
52	699
52	745
52	860
52	906
52	923
52	935
52	956
53	56
53	58
53	65
53	86
53	127
53	134
53	223
53	257
53	262
53	436
53	565
53	569
53	635
53	727
53	738
53	838
53	949
53	992
54	55
54	60
54	63
54	68
54	72
54	79
54	131
54	136
54	161
54	232
54	266
54	316
54	327
54	359
54	446
54	502
54	576
54	578
54	603
54	606
54	621
54	904
54	983
55	85
55	125
55	130
55	131
55	170
55	188
55	196
55	257
55	495
55	651
55	704
55	740
55	958
55	968
55	987
55	988
56	73
56	75
56	129
56	139
56	171
56	232
56	369
56	403
56	450
56	463
56	568
56	578
56	594
56	693
56	850
57	91
57	124
57	352
57	355
57	375
57	445
57	579
57	618
57	717
57	751
57	767
57	850
57	854
57	862
57	922
57	939
58	78
58	84
58	85
58	110
58	320
58	411
58	437
58	455
58	502
58	549
58	653
58	692
58	719
58	743
58	758
58	798
58	897
58	990
59	122
59	135
59	207
59	346
59	443
59	490
59	494
59	588
59	661
59	668
59	754
59	771
59	856
59	880
59	913
60	61
60	215
60	275
60	381
60	390
60	401
60	473
60	590
60	651
60	661
60	768
60	785
60	827
60	914
60	950
60	993
61	97
61	239
61	334
61	384
61	572
61	759
61	779
61	809
61	837
61	847
61	913
61	914
62	64
62	74
62	161
62	232
62	238
62	248
62	338
62	344
62	378
62	411
62	492
62	514
62	523
62	617
62	668
62	855
62	897
62	943
63	91
63	175
63	194
63	312
63	348
63	449
63	456
63	472
63	550
63	638
63	647
63	661
63	773
63	840
63	880
63	957
64	68
64	89
64	204
64	407
64	475
64	528
64	580
64	595
64	628
64	764
64	765
64	977
64	991
65	349
65	379
65	409
65	543
65	644
65	658
65	671
65	690
65	699
65	857
65	864
65	920
65	984
65	995
66	118
66	300
66	311
66	334
66	361
66	374
66	388
66	424
66	455
66	489
66	506
66	525
66	527
66	535
66	604
66	708
66	861
66	925
66	951
67	242
67	258
67	271
67	355
67	393
67	436
67	443
67	651
67	703
67	791
67	830
67	971
68	119
68	156
68	312
68	411
68	504
68	562
68	656
68	734
68	870
68	884
69	337
69	355
69	379
69	386
69	445
69	469
69	505
69	568
69	580
69	581
69	718
69	731
69	985
70	73
70	87
70	120
70	123
70	138
70	139
70	140
70	177
70	229
70	310
70	372
70	508
70	548
70	581
70	635
70	680
70	700
70	793
70	855
70	901
70	984
71	119
71	132
71	138
71	181
71	196
71	243
71	263
71	294
71	391
71	420
71	439
71	554
71	589
71	676
71	703
71	733
71	748
71	766
71	767
71	963
71	969
72	190
72	246
72	247
72	254
72	288
72	361
72	365
72	453
72	487
72	506
72	569
72	600
72	607
72	641
72	783
72	802
72	814
72	829
72	859
72	929
72	990
73	94
73	96
73	131
73	141
73	210
73	226
73	365
73	437
73	484
73	492
73	494
73	535
73	543
73	549
73	558
73	560
73	659
73	689
73	736
73	748
73	757
73	772
73	799
73	915
73	919
73	928
73	942
73	947
74	92
74	121
74	145
74	223
74	303
74	335
74	354
74	476
74	614
74	678
74	774
74	955
75	162
75	240
75	244
75	312
75	346
75	539
75	580
75	593
75	606
75	640
75	666
75	690
75	794
75	808
76	81
76	88
76	187
76	227
76	281
76	285
76	314
76	340
76	391
76	429
76	618
76	682
76	718
76	735
76	757
76	795
76	867
76	904
77	94
77	106
77	124
77	186
77	187
77	238
77	241
77	340
77	391
77	426
77	463
77	575
77	590
77	680
77	733
77	849
77	863
77	889
77	921
78	164
78	255
78	286
78	297
78	348
78	515
78	520
78	581
78	760
78	769
78	800
78	893
79	80
79	89
79	96
79	189
79	253
79	282
79	287
79	355
79	356
79	365
79	482
79	533
79	728
79	744
79	746
79	757
79	816
79	822
79	849
79	871
79	985
80	88
80	94
80	156
80	171
80	191
80	197
80	289
80	359
80	435
80	562
80	572
80	683
80	740
80	763
80	792
80	793
80	806
80	820
80	859
80	865
80	906
80	918
80	992
81	83
81	112
81	170
81	260
81	283
81	308
81	347
81	430
81	438
81	452
81	534
81	537
81	771
81	916
81	997
82	95
82	132
82	158
82	181
82	260
82	373
82	385
82	497
82	520
82	574
82	584
82	606
82	610
82	648
82	666
82	897
82	900
82	943
82	977
82	990
83	87
83	99
83	193
83	247
83	282
83	307
83	415
83	443
83	556
83	571
83	648
83	679
83	727
83	808
83	915
83	926
84	189
84	202
84	233
84	284
84	293
84	310
84	322
84	333
84	384
84	396
84	406
84	433
84	471
84	485
84	518
84	524
84	557
84	559
84	598
84	690
84	725
84	729
84	786
84	906
84	928
85	103
85	155
85	229
85	310
85	311
85	318
85	394
85	396
85	399
85	427
85	468
85	591
85	624
85	661
85	667
85	678
85	722
85	794
85	806
85	858
85	887
85	953
85	977
86	147
86	171
86	185
86	246
86	450
86	451
86	467
86	487
86	517
86	584
86	654
86	684
87	168
87	188
87	207
87	243
87	440
87	486
87	587
87	595
87	641
87	644
87	668
87	690
87	694
87	704
87	762
87	772
87	842
87	950
88	92
88	107
88	164
88	171
88	237
88	274
88	493
88	532
88	536
88	654
88	714
88	798
88	804
88	932
89	105
89	108
89	241
89	269
89	273
89	384
89	385
89	401
89	713
89	743
89	781
89	815
89	844
89	866
89	912
89	976
90	234
90	246
90	335
90	350
90	453
90	505
90	573
90	606
90	657
90	706
90	719
90	723
90	733
90	798
90	906
90	998
91	107
91	121
91	245
91	375
91	518
91	571
91	931
91	977
92	183
92	184
92	185
92	262
92	305
92	422
92	459
92	714
92	789
92	883
93	118
93	166
93	169
93	175
93	237
93	319
93	395
93	422
93	429
93	666
93	682
93	684
93	688
93	720
93	741
93	782
93	959
93	989
93	990
94	202
94	215
94	301
94	432
94	448
94	481
94	506
94	688
94	701
94	707
94	754
94	893
94	894
94	943
95	261
95	300
95	385
95	424
95	434
95	545
95	602
95	643
95	691
95	707
95	736
95	741
95	762
95	819
95	971
95	975
96	130
96	229
96	263
96	290
96	311
96	344
96	647
96	654
96	802
96	860
96	883
96	897
96	934
96	940
97	211
97	295
97	398
97	470
97	514
97	582
97	766
97	791
97	877
97	935
97	953
98	204
98	228
98	305
98	315
98	332
98	386
98	471
98	508
98	510
98	522
98	602
98	624
98	649
98	708
98	742
98	755
98	792
98	794
98	896
98	919
98	964
98	973
98	977
98	983
99	113
99	118
99	137
99	267
99	272
99	273
99	300
99	509
99	598
99	661
99	833
99	844
99	869
99	951
100	104
100	106
100	125
100	216
100	265
100	276
100	303
100	484
100	671
100	750
100	785
100	851
100	978
100	982
100	983
101	101
101	113
101	130
101	135
101	188
101	264
101	275
101	469
101	473
101	485
101	550
101	559
101	682
101	685
101	687
101	842
101	852
101	880
101	996
102	105
102	135
102	175
102	177
102	185
102	187
102	223
102	410
102	629
102	853
102	878
102	887
102	932
102	962
102	965
103	120
103	147
103	170
103	178
103	179
103	235
103	256
103	274
103	282
103	305
103	391
103	431
103	475
103	576
103	595
103	630
103	637
103	740
103	750
103	768
103	863
103	871
103	919
103	939
103	952
103	987
104	148
104	150
104	201
104	336
104	456
104	483
104	598
104	600
104	633
104	715
104	718
104	774
104	782
104	808
104	847
104	861
104	866
104	869
104	893
105	134
105	136
105	154
105	167
105	231
105	326
105	331
105	345
105	427
105	544
105	552
105	573
105	622
105	649
105	653
105	685
105	716
105	853
105	882
105	918
105	939
105	946
105	959
105	970
105	971
105	978
105	990
106	124
106	142
106	158
106	171
106	237
106	246
106	272
106	378
106	448
106	510
106	521
106	554
106	629
106	748
106	782
106	816
106	819
106	900
107	126
107	138
107	167
107	192
107	287
107	301
107	303
107	313
107	381
107	389
107	476
107	485
107	561
107	587
107	682
107	780
107	838
107	845
107	851
107	911
107	937
107	977
108	109
108	119
108	268
108	299
108	352
108	368
108	379
108	387
108	500
108	558
108	566
108	614
108	627
108	773
108	780
108	818
108	834
108	855
108	887
108	888
108	909
109	121
109	141
109	199
109	280
109	304
109	305
109	484
109	528
109	541
109	745
109	808
109	827
109	837
109	915
109	923
109	929
109	959
110	122
110	135
110	155
110	181
110	228
110	398
110	412
110	413
110	468
110	534
110	578
110	621
110	745
110	855
110	897
110	919
110	978
111	115
111	132
111	141
111	158
111	218
111	285
111	355
111	463
111	481
111	494
111	727
111	730
111	755
111	798
111	814
111	823
111	945
111	952
112	116
112	160
112	174
112	194
112	220
112	267
112	269
112	302
112	337
112	357
112	373
112	416
112	513
112	566
112	607
112	619
112	632
112	671
112	696
112	703
112	713
112	718
112	725
112	807
112	809
112	887
112	920
113	134
113	159
113	176
113	180
113	185
113	263
113	335
113	354
113	357
113	429
113	440
113	563
113	586
113	619
113	661
113	693
113	841
113	863
113	893
113	926
113	978
113	988
114	118
114	120
114	128
114	190
114	271
114	272
114	367
114	432
114	474
114	528
114	552
114	565
114	699
114	735
114	846
114	996
115	129
115	173
115	198
115	227
115	247
115	334
115	361
115	371
115	394
115	447
115	464
115	538
115	678
115	836
115	840
115	898
115	916
115	925
115	927
115	948
116	117
116	219
116	305
116	430
116	564
116	634
116	703
116	749
116	759
116	786
116	951
117	150
117	152
117	166
117	204
117	215
117	257
117	259
117	304
117	340
117	412
117	419
117	433
117	452
117	454
117	516
117	566
117	567
117	570
117	596
117	613
117	648
117	651
117	655
117	667
117	668
117	818
117	882
117	972
118	123
118	131
118	145
118	189
118	241
118	284
118	359
118	449
118	462
118	519
118	570
118	605
118	665
118	697
118	726
118	867
119	122
119	124
119	129
119	134
119	178
119	213
119	301
119	305
119	337
119	388
119	448
119	492
119	528
119	565
119	608
119	609
119	617
119	622
119	633
119	641
119	663
119	674
119	725
119	803
119	845
119	859
119	897
119	904
119	995
120	127
120	130
120	161
120	187
120	189
120	293
120	297
120	460
120	504
120	529
120	570
120	572
120	590
120	621
120	668
120	669
120	710
120	749
120	954
120	963
120	966
120	972
120	979
121	147
121	153
121	193
121	198
121	201
121	372
121	378
121	414
121	426
121	463
121	632
121	662
121	826
121	831
121	836
121	859
121	925
121	936
122	123
122	193
122	340
122	354
122	372
122	418
122	520
122	543
122	597
122	683
122	691
122	695
122	707
122	726
122	839
122	841
122	859
122	864
122	998
123	141
123	178
123	220
123	269
123	279
123	285
123	315
123	351
123	368
123	485
123	494
123	495
123	516
123	553
123	556
123	563
123	570
123	579
123	610
123	688
123	711
123	862
123	901
123	931
123	973
124	128
124	147
124	189
124	191
124	201
124	224
124	248
124	292
124	434
124	574
124	653
124	707
124	891
124	905
124	938
125	125
125	192
125	230
125	283
125	317
125	415
125	430
125	520
125	528
125	546
125	573
125	575
125	591
125	624
125	703
125	743
125	805
125	835
125	856
125	874
125	894
125	908
125	968
126	138
126	168
126	184
126	222
126	314
126	315
126	355
126	415
126	517
126	542
126	578
126	594
126	638
126	680
126	705
126	732
126	757
126	800
126	853
126	880
126	979
127	150
127	152
127	167
127	180
127	184
127	196
127	197
127	287
127	391
127	505
127	527
127	530
127	544
127	589
127	638
127	651
127	764
127	817
127	843
128	183
128	245
128	310
128	314
128	315
128	316
128	329
128	364
128	517
128	528
128	545
128	614
128	708
128	776
128	781
128	824
128	950
129	162
129	173
129	195
129	291
129	319
129	429
129	434
129	479
129	517
129	552
129	617
129	646
129	649
129	961
129	988
129	989
129	995
130	133
130	189
130	205
130	281
130	366
130	378
130	466
130	533
130	535
130	669
130	712
130	782
130	783
130	806
130	878
131	165
131	319
131	332
131	373
131	400
131	428
131	498
131	558
131	713
131	787
131	822
132	163
132	183
132	205
132	241
132	247
132	384
132	410
132	550
132	590
132	626
132	822
132	910
132	961
133	147
133	153
133	193
133	230
133	258
133	432
133	450
133	452
133	537
133	873
133	875
133	974
133	981
134	135
134	139
134	160
134	184
134	294
134	459
134	624
134	634
134	652
134	690
134	692
134	730
134	869
134	883
134	942
135	139
135	140
135	215
135	269
135	279
135	422
135	471
135	597
135	636
135	660
135	836
135	871
135	882
135	971
136	139
136	256
136	265
136	279
136	326
136	336
136	465
136	520
136	569
136	597
136	650
136	699
136	701
136	724
136	727
136	816
136	827
136	909
136	941
137	168
137	171
137	183
137	202
137	228
137	291
137	310
137	370
137	429
137	497
137	524
137	792
137	844
137	867
137	937
137	975
138	192
138	244
138	248
138	256
138	300
138	398
138	476
138	549
138	631
138	684
138	694
138	705
138	808
139	142
139	171
139	193
139	442
139	498
139	791
139	820
139	869
139	876
139	882
139	912
139	926
139	931
140	208
140	225
140	254
140	384
140	434
140	444
140	469
140	500
140	522
140	543
140	581
140	585
140	768
140	772
140	836
140	846
140	866
140	915
140	918
140	928
140	935
141	142
141	248
141	434
141	454
141	460
141	542
141	573
141	583
141	615
141	665
141	705
141	758
141	833
141	866
141	869
141	901
141	909
141	915
142	157
142	180
142	231
142	250
142	268
142	313
142	386
142	412
142	437
142	471
142	535
142	747
142	772
142	916
142	954
142	958
143	157
143	160
143	187
143	230
143	274
143	283
143	338
143	370
143	397
143	407
143	434
143	457
143	502
143	516
143	529
143	546
143	559
143	597
143	632
143	709
143	844
143	970
144	176
144	178
144	181
144	182
144	187
144	195
144	199
144	248
144	276
144	337
144	403
144	445
144	488
144	520
144	568
144	613
144	746
144	790
144	950
144	994
145	147
145	333
145	364
145	440
145	471
145	498
145	519
145	530
145	585
145	655
145	698
145	717
145	758
145	763
145	827
145	927
146	189
146	218
146	233
146	242
146	341
146	411
146	413
146	461
146	486
146	512
146	679
146	726
146	793
146	819
146	852
146	875
147	178
147	189
147	412
147	445
147	479
147	515
147	552
147	692
147	711
147	852
147	874
147	987
148	174
148	179
148	226
148	374
148	394
148	395
148	567
148	622
148	659
148	682
148	724
148	733
148	866
148	945
148	984
148	986
148	999
149	158
149	163
149	180
149	186
149	257
149	370
149	496
149	601
149	664
149	758
149	776
149	948
149	974
150	298
150	331
150	480
150	529
150	621
150	652
150	715
150	748
150	825
151	179
151	222
151	264
151	327
151	396
151	401
151	469
151	483
151	550
151	597
151	637
151	831
151	855
151	893
151	933
152	154
152	280
152	322
152	379
152	597
152	678
152	682
152	738
152	849
152	908
152	948
153	199
153	229
153	584
153	598
153	651
153	679
153	694
153	748
153	771
153	790
153	881
153	991
153	992
154	166
154	198
154	263
154	293
154	550
154	560
154	570
154	600
154	620
154	695
154	752
154	871
154	906
154	932
154	960
155	166
155	194
155	269
155	273
155	305
155	373
155	399
155	498
155	691
155	976
156	163
156	225
156	275
156	381
156	460
156	470
156	473
156	526
156	545
156	555
156	607
156	636
156	730
156	735
156	752
156	757
156	758
156	978
157	179
157	225
157	243
157	264
157	275
157	438
157	441
157	453
157	466
157	523
157	584
157	715
157	718
157	805
157	905
157	965
157	995
158	162
158	173
158	189
158	194
158	269
158	434
158	456
158	595
158	804
158	866
158	876
158	941
158	953
158	972
159	188
159	193
159	380
159	394
159	429
159	488
159	491
159	595
159	644
159	670
159	735
159	743
159	915
159	978
159	984
160	170
160	192
160	326
160	418
160	468
160	489
160	556
160	571
160	599
160	657
160	664
160	729
160	827
160	842
160	865
160	913
160	945
160	972
161	166
161	182
161	191
161	225
161	249
161	299
161	323
161	460
161	581
161	750
161	850
161	860
162	163
162	379
162	475
162	496
162	550
162	705
162	773
162	782
162	866
162	907
163	193
163	225
163	242
163	310
163	369
163	392
163	405
163	695
163	710
163	713
163	803
163	869
163	888
163	895
163	976
163	986
164	168
164	197
164	224
164	228
164	334
164	431
164	586
164	613
164	615
164	623
164	644
164	723
164	731
164	890
165	166
165	185
165	194
165	336
165	371
165	522
165	534
165	573
165	600
165	635
165	681
165	683
165	730
165	732
165	738
165	780
165	861
165	952
165	998
166	241
166	351
166	378
166	392
166	439
166	492
166	527
166	621
166	625
166	676
166	781
166	828
166	852
166	914
166	977
166	993
167	183
167	204
167	206
167	294
167	424
167	442
167	469
167	510
167	585
167	613
167	634
167	646
167	679
167	680
167	762
167	799
167	936
168	173
168	196
168	251
168	545
168	553
168	794
168	867
168	868
168	976
169	186
169	197
169	218
169	260
169	275
169	308
169	363
169	374
169	375
169	412
169	524
169	526
169	555
169	573
169	671
169	672
169	673
169	679
169	680
169	688
169	834
169	923
169	950
170	170
170	199
170	210
170	254
170	438
170	549
170	575
170	692
170	696
170	714
170	766
170	825
170	865
170	890
170	924
170	941
171	189
171	197
171	323
171	327
171	347
171	398
171	582
171	695
171	825
171	829
171	893
171	998
172	184
172	211
172	289
172	296
172	318
172	363
172	550
172	583
172	587
172	602
172	618
172	716
172	851
172	931
172	949
172	985
173	181
173	229
173	254
173	271
173	295
173	459
173	500
173	502
173	519
173	581
173	699
173	769
173	796
173	823
173	853
173	866
173	909
173	930
173	987
173	998
174	183
174	260
174	276
174	288
174	314
174	324
174	377
174	387
174	432
174	499
174	616
174	638
174	643
174	670
174	700
174	763
174	776
174	777
174	833
174	940
174	947
175	175
175	176
175	194
175	231
175	259
175	306
175	308
175	357
175	406
175	511
175	530
175	599
175	605
175	677
175	723
175	757
175	776
175	843
176	210
176	324
176	451
176	512
176	573
176	594
176	614
176	617
176	633
176	748
176	776
176	784
176	918
176	957
176	968
176	976
177	244
177	371
177	381
177	400
177	421
177	424
177	522
177	530
177	531
177	750
177	818
177	919
178	186
178	280
178	371
178	393
178	572
178	573
178	704
178	768
179	190
179	237
179	302
179	310
179	341
179	379
179	415
179	488
179	517
179	529
179	561
179	592
179	611
179	643
179	696
179	698
179	818
179	854
179	982
180	355
180	370
180	378
180	383
180	497
180	540
180	550
180	600
180	602
180	642
180	737
180	769
180	808
180	851
180	897
180	902
180	923
180	946
181	187
181	196
181	232
181	308
181	325
181	332
181	515
181	550
181	599
181	621
181	737
181	763
181	795
181	820
181	862
181	976
182	184
182	246
182	387
182	422
182	444
182	451
182	496
182	554
182	571
182	767
182	841
182	890
182	999
183	185
183	197
183	290
183	298
183	341
183	514
183	821
183	959
183	988
184	198
184	305
184	391
184	534
184	619
184	627
184	722
184	778
184	786
184	832
184	881
184	917
184	959
184	978
185	206
185	271
185	311
185	358
185	366
185	389
185	412
185	505
185	567
185	583
185	604
185	698
185	720
185	739
185	849
185	888
185	986
186	188
186	205
186	229
186	253
186	296
186	375
186	395
186	400
186	667
186	810
186	821
187	208
187	223
187	247
187	340
187	371
187	510
187	513
187	563
187	583
187	635
187	668
187	710
187	747
187	770
187	803
187	865
187	937
187	982
188	217
188	250
188	259
188	445
188	470
188	526
188	562
188	586
188	614
188	617
188	640
188	774
188	818
188	838
188	885
188	946
188	976
188	977
189	203
189	320
189	347
189	397
189	469
189	482
189	515
189	603
189	707
189	757
189	851
189	858
189	898
189	982
190	307
190	456
190	503
190	515
190	548
190	562
190	648
190	707
190	779
190	782
190	788
190	918
191	225
191	304
191	332
191	388
191	389
191	495
191	511
191	608
191	634
191	637
191	700
191	793
191	833
191	837
191	894
191	907
191	947
191	992
191	994
192	195
192	196
192	198
192	236
192	266
192	323
192	377
192	427
192	487
192	530
192	749
192	811
192	870
192	910
192	947
192	955
192	956
193	262
193	269
193	339
193	487
193	525
193	558
193	680
193	718
193	730
193	767
193	825
193	883
193	959
193	988
194	302
194	324
194	396
194	489
194	517
194	549
194	555
194	558
194	560
194	647
194	735
194	765
194	770
194	809
194	892
195	255
195	292
195	293
195	360
195	389
195	434
195	438
195	445
195	499
195	682
195	703
195	707
195	771
195	799
195	829
195	868
195	881
195	892
195	929
195	949
195	975
195	976
196	232
196	241
196	292
196	373
196	451
196	503
196	507
196	519
196	735
196	846
196	935
196	963
196	970
197	219
197	283
197	312
197	353
197	466
197	475
197	539
197	604
197	608
197	654
197	735
197	760
198	254
198	260
198	273
198	305
198	314
198	333
198	417
198	425
198	588
198	657
198	725
198	790
198	889
198	977
198	981
198	983
199	204
199	261
199	479
199	533
199	546
199	704
199	731
199	802
199	827
200	202
200	214
200	238
200	263
200	395
200	420
200	439
200	463
200	605
200	634
200	700
200	704
200	724
200	820
200	850
200	979
201	233
201	241
201	258
201	279
201	307
201	355
201	457
201	492
201	517
201	550
201	558
201	583
201	665
201	692
201	710
201	853
201	893
202	220
202	284
202	322
202	424
202	553
202	556
202	659
202	672
202	740
202	769
202	834
202	850
202	937
203	229
203	294
203	338
203	499
203	527
203	600
203	706
203	809
203	906
203	965
204	234
204	249
204	268
204	269
204	331
204	333
204	358
204	416
204	547
204	553
204	607
204	620
204	626
204	682
204	847
204	922
204	952
204	961
204	999
205	330
205	337
205	346
205	351
205	425
205	448
205	479
205	490
205	492
205	659
205	753
205	762
205	920
205	923
205	966
206	242
206	253
206	264
206	327
206	359
206	385
206	413
206	428
206	447
206	578
206	692
206	712
206	878
206	934
206	940
207	228
207	320
207	393
207	406
207	409
207	441
207	542
207	571
207	600
207	614
207	701
207	723
207	759
207	807
207	846
207	859
207	889
207	936
208	212
208	222
208	251
208	276
208	287
208	341
208	363
208	409
208	417
208	492
208	627
208	639
208	703
208	737
208	915
208	930
209	228
209	423
209	511
209	622
209	646
209	785
209	791
209	822
209	884
209	915
209	972
210	222
210	226
210	228
210	248
210	254
210	271
210	288
210	289
210	306
210	340
210	385
210	406
210	413
210	698
210	760
210	761
210	769
210	793
210	799
210	907
210	930
210	948
211	256
211	278
211	282
211	390
211	408
211	506
211	613
211	768
211	798
211	928
211	931
211	972
212	330
212	362
212	398
212	444
212	461
212	489
212	496
212	610
212	686
212	764
212	851
212	999
213	228
213	230
213	235
213	269
213	275
213	449
213	475
213	538
213	587
213	680
213	692
213	865
213	886
213	898
213	949
214	253
214	299
214	445
214	516
214	594
214	665
214	761
214	787
215	232
215	276
215	285
215	382
215	396
215	518
215	584
215	603
215	641
215	826
215	969
216	246
216	248
216	251
216	252
216	306
216	423
216	482
216	496
216	524
216	533
216	554
216	617
216	627
216	651
216	730
216	815
216	850
216	863
216	867
216	878
216	893
216	927
216	932
217	334
217	365
217	531
217	537
217	671
217	738
217	812
217	832
217	840
217	897
217	930
217	936
218	226
218	269
218	285
218	437
218	498
218	545
218	576
218	623
218	740
218	798
218	811
218	879
218	884
218	914
218	953
218	970
219	222
219	224
219	254
219	292
219	304
219	321
219	326
219	354
219	366
219	377
219	395
219	489
219	496
219	500
219	576
219	668
219	669
219	777
219	787
219	957
220	221
220	246
220	287
220	332
220	433
220	496
220	542
220	764
220	788
220	792
220	815
220	965
220	981
221	223
221	233
221	244
221	442
221	464
221	476
221	521
221	572
221	689
221	702
221	733
221	839
221	881
221	937
221	964
221	972
221	985
222	224
222	245
222	255
222	271
222	289
222	435
222	504
222	518
222	568
222	605
222	612
222	617
222	674
222	725
222	774
222	800
222	923
222	975
222	988
223	249
223	394
223	400
223	448
223	548
223	798
223	805
223	856
223	898
223	936
223	962
223	965
223	998
224	232
224	249
224	277
224	306
224	356
224	397
224	453
224	512
224	687
224	753
224	759
224	770
224	854
224	868
224	885
224	979
225	261
225	265
225	417
225	476
225	542
225	546
225	583
225	589
225	622
225	733
225	751
225	801
225	873
225	931
225	985
226	242
226	244
226	250
226	260
226	263
226	288
226	290
226	451
226	540
226	597
226	629
226	672
226	685
226	750
226	824
226	838
226	857
226	887
226	900
226	930
227	237
227	292
227	429
227	578
227	629
227	644
227	667
227	700
227	739
227	873
227	948
227	999
228	289
228	297
228	422
228	441
228	449
228	451
228	509
228	521
228	567
228	623
228	702
228	813
228	837
228	851
228	858
228	906
228	939
228	955
229	258
229	288
229	421
229	557
229	574
229	590
229	622
229	633
229	745
229	827
229	856
229	919
229	930
230	234
230	247
230	270
230	324
230	498
230	522
230	682
230	698
230	709
230	865
230	869
230	884
230	923
230	972
231	252
231	266
231	267
231	273
231	350
231	391
231	403
231	406
231	437
231	438
231	476
231	489
231	541
231	550
231	552
231	611
231	630
231	809
231	884
231	900
231	934
231	959
231	978
232	243
232	246
232	265
232	275
232	276
232	280
232	296
232	344
232	362
232	413
232	459
232	514
232	706
232	774
232	843
232	894
232	906
232	913
232	919
233	266
233	292
233	298
233	334
233	411
233	559
233	572
233	653
233	829
233	894
233	913
233	919
234	248
234	268
234	298
234	347
234	420
234	440
234	496
234	539
234	557
234	589
234	593
234	646
234	730
234	796
234	802
234	813
234	826
234	892
234	895
234	908
234	939
234	969
234	970
235	470
235	563
235	597
235	602
235	605
235	606
235	645
235	716
235	788
235	811
235	838
235	860
235	861
235	935
235	963
235	997
236	249
236	272
236	335
236	390
236	454
236	481
236	489
236	513
236	514
236	518
236	566
236	595
236	789
236	795
236	820
236	841
236	857
236	895
236	989
237	284
237	325
237	446
237	450
237	471
237	596
237	648
237	771
237	829
237	853
238	263
238	272
238	374
238	411
238	476
238	492
238	600
238	723
238	902
238	965
238	976
239	244
239	462
239	512
239	565
239	616
239	621
239	743
239	873
239	875
239	914
239	995
240	309
240	353
240	445
240	599
240	659
240	683
240	701
240	746
240	813
240	816
240	866
240	924
240	982
241	296
241	315
241	342
241	436
241	505
241	588
241	613
241	627
241	666
241	702
241	729
241	742
241	935
242	361
242	371
242	372
242	552
242	555
242	610
242	657
242	691
242	800
242	861
242	927
242	929
242	953
243	273
243	282
243	374
243	381
243	409
243	439
243	480
243	627
243	641
243	687
243	691
243	708
243	726
243	733
243	787
243	816
243	860
243	881
243	885
244	245
244	249
244	252
244	259
244	271
244	272
244	323
244	396
244	492
244	593
244	596
244	608
244	613
244	669
244	767
244	826
244	920
244	989
245	284
245	286
245	311
245	404
245	564
245	589
245	602
245	625
245	684
245	724
245	859
245	905
245	918
245	943
245	997
246	283
246	509
246	538
246	668
246	689
246	701
246	704
246	706
246	729
246	767
246	872
246	877
246	899
246	987
247	299
247	503
247	643
247	735
247	760
247	810
247	888
247	916
247	922
247	935
247	954
247	962
248	264
248	286
248	375
248	393
248	395
248	407
248	433
248	504
248	553
248	651
248	745
248	793
248	882
248	924
249	252
249	297
249	311
249	317
249	324
249	361
249	384
249	385
249	388
249	556
249	579
249	800
249	847
249	936
250	270
250	281
250	288
250	314
250	365
250	516
250	538
250	540
250	580
250	589
250	654
250	760
250	786
250	875
250	908
250	950
250	960
250	987
251	280
251	286
251	333
251	578
251	584
251	713
251	816
251	892
251	955
251	958
251	970
251	972
251	992
252	258
252	269
252	287
252	318
252	324
252	424
252	461
252	466
252	572
252	632
252	786
252	799
252	830
252	841
252	847
252	876
252	912
252	937
252	986
253	255
253	266
253	267
253	268
253	307
253	322
253	335
253	348
253	398
253	451
253	464
253	466
253	485
253	548
253	572
253	622
253	634
253	651
253	756
253	765
253	801
253	859
253	879
253	929
253	935
253	941
253	981
253	999
254	386
254	388
254	395
254	401
254	407
254	420
254	435
254	436
254	468
254	548
254	589
254	636
254	638
254	911
254	914
254	924
254	943
254	982
255	266
255	323
255	434
255	520
255	638
255	759
255	787
255	881
255	886
255	893
255	961
255	970
255	985
256	311
256	324
256	331
256	416
256	448
256	475
256	498
256	542
256	558
256	583
256	595
256	601
256	614
256	636
256	680
256	706
256	769
256	804
256	846
256	857
256	963
256	991
257	312
257	321
257	360
257	377
257	488
257	554
257	626
257	635
257	644
257	678
257	695
257	710
257	753
257	797
257	835
258	282
258	290
258	371
258	374
258	376
258	404
258	522
258	554
258	579
258	724
258	865
258	898
258	901
258	915
259	311
259	334
259	415
259	484
259	567
259	630
259	730
259	750
259	829
259	831
259	852
259	876
260	263
260	267
260	269
260	377
260	385
260	420
260	440
260	460
260	486
260	499
260	571
260	633
260	701
260	723
260	745
260	775
260	836
260	873
260	924
260	955
261	266
261	303
261	631
261	635
261	670
261	672
261	722
261	806
261	930
262	312
262	370
262	621
262	732
262	742
262	918
263	280
263	298
263	419
263	471
263	560
263	610
263	630
263	759
263	766
263	933
263	995
264	298
264	441
264	539
264	624
264	632
264	661
264	723
264	724
264	823
265	499
265	544
265	597
265	698
265	762
265	806
265	820
266	272
266	276
266	297
266	580
266	631
266	672
266	685
266	702
266	745
266	756
266	766
266	816
266	897
266	901
266	936
266	973
267	282
267	353
267	367
267	384
267	690
267	758
267	878
267	993
268	271
268	280
268	283
268	299
268	349
268	445
268	535
268	652
268	680
268	697
268	719
268	775
268	835
268	921
268	965
269	289
269	294
269	314
269	433
269	738
269	817
269	882
269	893
270	277
270	283
270	284
270	291
270	292
270	406
270	429
270	473
270	548
270	630
270	709
270	722
270	817
270	852
270	892
270	972
271	352
271	421
271	490
271	577
271	588
271	639
271	644
271	665
271	710
271	739
271	963
272	291
272	299
272	313
272	552
272	554
272	576
272	626
272	691
272	692
272	738
272	745
273	291
273	315
273	385
273	429
273	437
273	452
273	465
273	503
273	728
273	760
273	793
273	944
273	957
274	334
274	360
274	421
274	445
274	593
274	598
274	637
274	728
274	748
274	781
274	843
274	984
274	997
275	288
275	299
275	332
275	344
275	382
275	418
275	453
275	574
275	670
275	687
275	739
275	795
275	939
275	949
275	982
276	280
276	289
276	418
276	472
276	492
276	507
276	561
276	564
276	653
276	741
276	754
276	868
276	944
277	288
277	292
277	305
277	312
277	317
277	522
277	667
277	699
277	757
277	762
277	790
277	894
277	926
277	983
277	984
277	992
278	293
278	316
278	380
278	394
278	473
278	647
278	726
278	935
279	320
279	408
279	422
279	438
279	619
279	690
279	727
279	731
279	845
279	956
279	981
279	987
280	288
280	427
280	431
280	432
280	522
280	526
280	616
280	664
280	710
280	790
280	824
280	910
280	969
281	315
281	395
281	487
281	518
281	527
281	590
281	615
281	619
281	631
281	762
281	764
281	792
281	842
281	874
281	912
281	919
282	294
282	391
282	496
282	611
282	820
282	826
282	832
282	835
282	947
283	336
283	340
283	466
283	510
283	550
283	554
283	578
283	597
283	624
283	632
283	882
283	923
283	960
283	984
284	340
284	357
284	551
284	560
284	590
284	592
284	816
284	926
284	941
285	286
285	293
285	406
285	617
285	633
285	664
285	712
285	735
285	789
285	859
285	933
286	323
286	387
286	398
286	446
286	540
286	560
286	604
286	614
286	645
286	785
286	797
286	960
286	990
287	356
287	359
287	369
287	408
287	435
287	443
287	475
287	543
287	570
287	616
287	627
287	712
287	717
287	770
287	798
287	970
288	301
288	322
288	351
288	361
288	420
288	451
288	518
288	620
288	632
288	755
288	884
288	900
288	957
288	967
289	292
289	324
289	478
289	504
289	505
289	536
289	595
289	677
289	742
289	828
289	832
289	894
289	990
289	992
289	999
290	336
290	422
290	564
290	576
290	665
290	723
290	746
290	768
290	928
290	936
290	976
290	986
291	299
291	308
291	316
291	322
291	368
291	408
291	427
291	604
291	632
291	736
291	784
291	813
291	818
291	819
291	877
291	957
291	969
292	310
292	379
292	387
292	389
292	487
292	513
292	602
292	615
292	876
292	930
292	945
292	953
292	981
293	294
293	304
293	397
293	540
293	596
293	602
293	612
293	616
293	626
293	635
293	682
293	717
293	807
293	852
293	942
294	306
294	328
294	364
294	365
294	379
294	381
294	384
294	510
294	520
294	583
294	665
294	711
294	848
294	906
294	989
295	297
295	326
295	361
295	390
295	458
295	502
295	632
295	680
295	729
295	751
295	858
295	866
295	921
295	959
295	961
295	979
296	431
296	564
296	643
296	740
296	853
296	859
296	978
296	987
297	368
297	431
297	526
297	840
297	854
297	888
297	955
298	422
298	456
298	496
298	526
298	534
298	598
298	625
298	681
298	719
298	899
299	371
299	401
299	482
299	486
299	517
299	543
299	571
299	611
299	623
299	654
299	727
299	817
299	842
299	863
299	948
299	949
299	988
300	319
300	330
300	336
300	385
300	413
300	484
300	488
300	543
300	650
300	810
300	902
301	338
301	381
301	393
301	405
301	477
301	682
301	740
301	742
301	770
301	877
301	878
301	926
301	956
302	351
302	376
302	379
302	403
302	417
302	424
302	451
302	459
302	568
302	569
302	587
302	589
302	593
302	599
302	650
302	655
302	660
302	669
302	685
302	741
302	812
302	906
303	315
303	387
303	446
303	482
303	498
303	539
303	541
303	568
303	598
303	684
303	714
303	769
303	772
303	799
303	877
303	927
303	928
304	346
304	360
304	367
304	444
304	511
304	514
304	526
304	531
304	578
304	596
304	662
304	764
304	772
304	776
304	903
304	959
304	972
305	306
305	312
305	341
305	360
305	366
305	373
305	379
305	475
305	488
305	509
305	596
305	634
305	671
305	754
305	795
305	803
305	962
306	318
306	337
306	345
306	351
306	363
306	371
306	674
306	763
306	851
306	852
306	872
306	982
307	316
307	317
307	334
307	368
307	389
307	438
307	469
307	693
307	700
307	748
307	779
307	791
307	866
307	927
307	965
308	309
308	339
308	386
308	392
308	400
308	532
308	647
308	717
308	723
308	960
309	314
309	376
309	520
309	538
309	555
309	712
309	748
309	841
309	849
309	886
310	350
310	376
310	438
310	519
310	549
310	685
310	710
310	790
310	799
310	805
310	996
311	332
311	342
311	369
311	464
311	470
311	562
311	714
311	752
311	780
311	798
311	898
311	899
311	909
311	931
311	997
312	370
312	374
312	389
312	392
312	439
312	554
312	664
312	669
312	756
312	885
313	314
313	420
313	495
313	507
313	538
313	688
313	769
313	883
313	973
313	991
314	347
314	369
314	408
314	451
314	458
314	465
314	493
314	494
314	507
314	520
314	598
314	627
314	663
314	748
314	837
314	909
314	956
314	966
314	978
314	981
315	328
315	351
315	357
315	384
315	411
315	560
315	700
315	707
315	728
315	738
315	775
315	829
315	847
315	872
315	987
316	326
316	338
316	351
316	537
316	613
316	619
316	718
316	771
316	881
317	323
317	326
317	340
317	450
317	456
317	542
317	587
317	611
317	622
317	649
317	768
317	786
317	825
317	862
317	973
318	322
318	337
318	344
318	360
318	432
318	521
318	538
318	552
318	617
318	619
318	726
318	769
318	777
318	778
318	801
318	827
318	890
318	924
318	931
318	972
318	992
319	340
319	354
319	364
319	447
319	530
319	554
319	682
319	806
319	982
319	987
320	321
320	327
320	348
320	372
320	391
320	446
320	517
320	535
320	644
320	728
320	852
320	933
320	953
321	331
321	367
321	470
321	484
321	503
321	519
321	527
321	572
321	588
321	592
321	624
321	796
321	802
321	823
321	859
321	868
321	983
322	325
322	331
322	339
322	350
322	351
322	401
322	444
322	532
322	539
322	551
322	578
322	585
322	658
322	733
322	741
322	799
322	812
322	908
322	975
323	356
323	369
323	378
323	425
323	484
323	656
323	668
323	685
323	769
323	924
324	374
324	383
324	475
324	479
324	549
324	600
324	610
324	756
324	809
324	844
324	878
324	978
325	356
325	375
325	450
325	451
325	576
325	614
325	734
325	823
325	861
325	944
326	330
326	350
326	379
326	432
326	496
326	517
326	536
326	585
326	783
326	811
326	851
326	951
326	965
326	980
327	332
327	340
327	441
327	461
327	507
327	711
327	722
327	770
327	879
327	887
327	895
328	332
328	336
328	341
328	342
328	363
328	374
328	527
328	540
328	595
328	639
328	667
328	699
328	706
328	716
328	720
328	742
328	944
329	329
329	357
329	377
329	481
329	487
329	530
329	641
329	674
329	686
329	698
329	699
329	709
329	801
329	808
329	938
330	344
330	356
330	383
330	400
330	437
330	457
330	493
330	504
330	516
330	711
330	791
330	793
330	802
330	808
330	910
330	924
330	999
331	366
331	388
331	394
331	397
331	459
331	495
331	562
331	587
331	641
331	762
331	848
331	896
332	358
332	369
332	372
332	431
332	465
332	581
332	601
332	657
332	714
332	726
332	861
332	868
332	873
332	972
332	979
333	341
333	354
333	364
333	373
333	380
333	390
333	427
333	597
333	607
333	642
333	656
333	728
333	796
333	800
333	882
333	905
333	929
333	992
334	370
334	415
334	427
334	445
334	456
334	521
334	602
334	663
334	782
334	852
334	969
335	344
335	378
335	404
335	432
335	447
335	448
335	527
335	532
335	560
335	600
335	664
335	788
335	800
335	863
335	864
335	919
335	921
335	924
335	927
335	946
336	338
336	386
336	430
336	503
336	516
336	584
336	620
336	668
336	744
336	921
336	972
337	348
337	397
337	753
337	783
337	894
337	960
338	338
338	340
338	351
338	382
338	407
338	472
338	498
338	520
338	685
338	698
338	771
338	836
338	907
338	921
338	948
339	389
339	593
339	653
339	822
339	828
339	883
339	888
339	955
339	969
340	380
340	391
340	681
340	689
340	750
340	774
340	938
340	990
340	993
341	343
341	364
341	365
341	377
341	428
341	484
341	580
341	594
341	611
341	710
341	798
341	922
341	966
341	980
341	987
342	356
342	358
342	416
342	541
342	576
342	577
342	624
342	635
342	681
342	683
342	723
342	746
342	773
342	839
342	868
343	390
343	397
343	404
343	447
343	454
343	455
343	469
343	515
343	615
343	809
343	881
343	882
343	947
344	357
344	376
344	388
344	433
344	623
344	636
344	754
344	887
344	970
344	994
345	399
345	487
345	538
345	541
345	550
345	553
345	580
345	628
345	772
345	903
345	944
346	415
346	531
346	612
346	915
346	923
346	970
347	360
347	430
347	497
347	573
347	580
347	886
347	960
348	398
348	426
348	497
348	531
348	538
348	556
348	679
348	746
348	783
348	895
348	905
349	387
349	436
349	564
349	614
349	626
349	658
349	724
349	814
349	830
349	917
350	366
350	395
350	412
350	437
350	538
350	544
350	948
350	980
350	989
351	363
351	365
351	394
351	550
351	807
351	922
351	941
351	997
352	374
352	387
352	648
352	718
353	378
353	400
353	494
353	499
353	539
353	553
353	593
353	596
353	622
353	677
353	693
353	730
353	871
353	893
353	901
353	949
353	951
353	992
354	366
354	518
354	548
354	556
354	567
354	587
354	623
354	751
354	826
354	828
354	865
354	887
354	912
354	934
354	936
354	948
355	395
355	445
355	572
355	655
355	658
355	689
355	711
355	779
355	815
355	945
355	946
356	436
356	537
356	570
356	618
356	626
356	663
356	684
356	713
356	741
356	743
356	767
356	789
356	794
357	378
357	380
357	434
357	645
357	697
357	803
357	940
358	364
358	397
358	398
358	482
358	500
358	529
358	654
358	721
358	739
358	896
358	915
358	922
358	971
359	361
359	367
359	396
359	438
359	448
359	462
359	495
359	508
359	694
359	738
359	756
359	975
360	369
360	376
360	379
360	380
360	388
360	393
360	409
360	580
360	640
360	653
360	664
360	679
360	683
360	755
360	778
360	833
361	374
361	459
361	483
361	657
361	732
361	743
361	847
361	870
362	479
362	513
362	627
362	639
362	685
362	729
362	734
362	811
362	840
362	881
362	916
362	993
363	388
363	399
363	403
363	479
363	534
363	584
363	606
363	620
363	636
363	690
363	735
363	776
363	870
363	952
363	957
363	991
364	387
364	432
364	643
364	697
364	709
364	718
364	833
364	841
364	845
364	857
364	928
364	967
365	367
365	390
365	437
365	483
365	488
365	512
365	562
365	622
365	649
365	657
365	753
365	783
365	947
366	385
366	559
366	575
366	576
366	638
366	820
366	821
366	852
366	865
366	900
366	912
367	397
367	402
367	468
367	517
367	558
367	574
367	583
367	614
367	712
367	725
367	835
367	847
367	873
367	877
367	910
368	384
368	404
368	456
368	519
368	634
368	654
368	659
368	746
368	900
368	969
369	376
369	380
369	418
369	437
369	497
369	534
369	543
369	653
369	697
369	776
369	804
369	851
369	909
369	944
370	376
370	391
370	399
370	441
370	461
370	468
370	523
370	533
370	554
370	575
370	914
371	398
371	445
371	619
371	649
371	704
371	714
371	791
371	867
372	532
372	608
372	705
372	794
372	878
372	900
372	960
372	976
372	977
372	995
373	396
373	398
373	456
373	470
373	478
373	600
373	650
373	653
373	669
373	732
373	744
373	762
373	775
373	870
373	879
373	986
374	439
374	445
374	482
374	512
374	562
374	590
374	661
374	682
374	692
374	748
374	750
374	758
374	763
374	833
374	842
374	938
374	940
374	954
375	424
375	430
375	569
375	575
375	598
375	701
375	756
375	780
375	836
375	867
375	929
375	976
376	428
376	498
376	647
376	759
376	775
376	880
376	913
376	995
377	383
377	471
377	498
377	526
377	570
377	634
377	645
377	651
377	946
378	440
378	502
378	536
378	552
378	627
378	682
378	709
378	719
378	877
378	923
378	931
379	380
379	400
379	477
379	557
379	630
379	707
379	769
379	880
379	914
379	944
379	967
379	973
380	476
380	552
380	616
380	675
380	676
380	712
380	719
381	387
381	393
381	497
381	585
381	665
381	676
381	745
381	854
382	393
382	451
382	568
382	569
382	628
382	684
382	795
382	810
382	830
382	843
382	870
382	892
382	916
382	928
382	953
382	988
382	997
383	392
383	446
383	520
383	728
383	786
383	912
383	916
383	939
384	385
384	412
384	418
384	466
384	522
384	539
384	624
384	658
384	792
384	949
384	975
385	543
385	544
385	587
385	804
385	860
385	916
386	552
386	555
386	639
386	695
386	713
386	809
386	878
386	976
387	424
387	488
387	619
387	665
387	666
387	679
387	701
387	870
387	914
388	392
388	455
388	571
388	660
388	741
388	897
388	898
388	957
389	396
389	399
389	412
389	420
389	623
389	632
389	687
389	703
389	758
389	788
389	821
389	932
390	428
390	481
390	504
390	521
390	607
390	743
390	745
390	843
390	892
390	910
390	912
391	431
391	444
391	453
391	479
391	524
391	541
391	592
391	650
391	652
391	677
391	691
391	802
391	906
391	946
391	947
391	994
392	448
392	495
392	524
392	540
392	689
392	704
392	795
393	424
393	649
393	655
393	680
393	699
393	941
393	952
393	973
394	401
394	476
394	605
394	653
394	754
394	767
394	824
395	517
395	603
395	697
395	798
395	799
395	983
396	418
396	443
396	499
396	536
396	574
396	585
396	608
396	699
396	776
396	822
396	844
396	852
396	885
396	910
396	915
396	935
397	441
397	511
397	531
397	563
397	564
397	598
397	773
397	805
398	401
398	402
398	441
398	454
398	489
398	510
398	551
398	571
398	665
398	680
398	706
398	759
398	796
398	939
398	943
398	963
398	975
399	747
399	767
399	791
399	821
399	888
399	898
399	928
399	932
399	971
400	414
400	486
400	492
400	493
400	570
400	613
400	614
400	693
400	700
400	726
400	923
400	930
400	942
401	434
401	478
401	539
401	555
401	613
401	638
401	662
401	681
401	786
401	994
401	999
402	432
402	463
402	679
402	701
402	726
402	790
402	796
402	833
403	429
403	430
403	441
403	550
403	630
403	793
403	838
403	956
403	973
404	445
404	448
404	450
404	511
404	759
404	767
404	779
404	781
404	926
405	427
405	636
405	714
405	716
405	784
405	826
405	843
406	410
406	430
406	432
406	443
406	448
406	455
406	465
406	541
406	552
406	729
406	764
406	792
406	921
406	941
406	974
407	437
407	461
407	463
407	495
407	509
407	761
407	797
407	802
407	841
407	843
407	886
407	975
408	471
408	485
408	586
408	756
408	827
408	846
408	868
408	902
409	453
409	494
409	559
409	670
409	769
409	884
409	968
409	987
409	995
410	445
410	454
410	466
410	469
410	480
410	527
410	588
410	761
410	824
410	842
410	867
410	944
410	970
411	436
411	503
411	520
411	525
411	639
411	680
411	689
411	861
411	870
411	885
412	467
412	492
412	495
412	513
412	585
412	602
412	637
412	670
413	455
413	512
413	714
413	727
413	738
413	757
413	766
413	837
413	996
414	445
414	474
414	484
414	485
414	487
414	568
414	581
414	582
414	639
414	729
414	733
414	771
414	795
414	849
414	986
415	425
415	432
415	447
415	474
415	476
415	486
415	663
415	747
415	815
415	855
415	879
415	884
415	891
415	922
415	941
415	976
416	417
416	438
416	490
416	565
416	566
416	652
416	789
416	811
416	957
416	997
417	431
417	458
417	517
417	541
417	577
417	635
417	827
417	907
417	914
417	966
418	494
418	501
418	519
418	576
418	614
418	694
418	750
418	927
418	933
418	951
419	431
419	438
419	461
419	504
419	549
419	553
419	571
419	617
419	682
419	793
419	913
419	925
419	932
419	951
419	986
419	992
420	458
420	466
420	470
420	554
420	557
420	586
420	637
420	640
420	759
420	779
420	790
420	906
421	444
421	457
421	483
421	485
421	497
421	513
421	599
421	641
421	695
421	722
421	789
421	918
421	972
422	426
422	442
422	452
422	495
422	503
422	514
422	722
422	829
422	867
422	894
422	943
423	425
423	444
423	452
423	474
423	513
423	529
423	619
423	649
423	673
423	832
423	849
424	424
424	481
424	482
424	491
424	528
424	749
424	812
424	931
424	950
425	436
425	450
425	588
425	672
425	735
425	870
425	946
425	950
425	960
425	984
425	991
426	456
426	458
426	512
426	571
426	575
426	679
426	684
426	864
427	490
427	497
427	577
427	690
427	805
427	814
427	865
428	488
428	545
428	583
428	584
428	608
428	831
428	857
428	902
428	932
428	968
429	473
429	499
429	508
429	592
429	753
429	767
429	871
429	925
430	463
430	467
430	496
430	497
430	685
430	707
430	718
430	746
430	863
430	951
430	970
431	438
431	460
431	496
431	525
431	573
431	730
431	732
431	818
431	896
431	912
431	925
432	433
432	438
432	450
432	474
432	489
432	500
432	556
432	557
432	653
432	697
432	782
432	898
432	907
432	951
432	975
433	494
433	675
433	792
433	807
433	883
433	919
433	951
433	963
434	444
434	732
434	752
434	801
434	913
434	945
435	474
435	633
435	671
435	690
435	716
435	749
435	784
435	802
435	875
435	959
435	974
436	452
436	459
436	460
436	488
436	537
436	547
436	607
436	624
436	648
436	676
436	681
436	687
436	691
436	709
436	712
436	863
436	922
436	965
437	456
437	498
437	557
437	568
437	595
437	605
437	722
437	752
437	766
437	767
437	794
437	921
437	924
437	996
438	471
438	488
438	524
438	594
438	644
438	665
438	683
438	738
438	760
438	791
438	804
438	848
439	441
439	459
439	487
439	495
439	665
439	768
439	861
439	862
440	543
440	574
440	597
440	699
440	704
440	706
440	713
440	800
440	823
440	901
440	931
441	463
441	499
441	577
441	583
441	596
441	718
441	719
441	734
441	737
441	773
441	951
441	963
441	967
442	504
442	539
442	589
442	607
442	637
442	816
442	847
442	885
443	452
443	471
443	484
443	690
443	748
443	762
443	801
443	821
443	863
443	944
443	980
443	988
444	574
444	667
444	740
444	760
444	769
444	935
444	945
444	949
445	498
445	504
445	515
445	545
445	582
445	666
445	728
445	769
445	793
445	820
446	552
446	593
446	605
446	702
446	734
446	744
446	770
446	848
446	849
446	957
447	557
447	866
447	892
447	912
447	924
448	452
448	472
448	497
448	577
448	605
448	956
449	457
449	563
449	618
449	670
449	704
449	718
449	845
449	847
449	921
449	972
450	484
450	610
450	691
450	713
450	790
450	794
450	855
451	466
451	567
451	619
451	629
451	667
451	700
451	765
451	788
451	827
452	452
452	601
452	635
452	663
452	683
452	785
452	842
452	886
452	891
452	907
452	909
452	938
453	476
453	525
453	562
453	757
453	798
453	832
453	936
454	457
454	532
454	553
454	577
454	608
454	679
454	855
454	876
454	886
454	903
454	949
455	466
455	468
455	469
455	481
455	565
455	700
455	737
455	763
455	774
455	811
455	838
455	856
455	866
455	894
455	953
456	528
456	534
456	609
456	631
456	773
456	782
456	834
456	952
456	996
457	468
457	549
457	609
457	616
457	686
457	716
457	738
457	808
458	475
458	504
458	690
458	761
458	782
458	789
458	819
458	846
458	860
458	964
459	466
459	477
459	532
459	558
459	623
459	731
459	774
459	787
459	851
459	858
459	967
459	971
460	481
460	485
460	576
460	754
460	756
460	791
460	906
460	996
461	537
461	551
461	565
461	578
461	580
461	699
461	819
461	983
461	989
462	649
462	832
462	833
462	933
463	475
463	482
463	514
463	516
463	551
463	650
463	654
463	771
463	826
463	838
463	899
463	908
463	910
463	983
464	499
464	597
464	631
464	638
464	666
464	730
464	738
464	767
464	826
464	827
464	842
464	845
464	903
464	993
465	519
465	565
465	589
465	593
465	633
465	639
465	675
465	691
465	706
465	811
465	827
465	902
465	929
465	995
466	474
466	502
466	521
466	570
466	608
466	799
466	806
466	991
467	519
467	586
467	691
467	723
467	774
467	808
467	831
467	966
467	984
468	472
468	619
468	630
468	766
468	796
468	833
468	843
468	866
469	533
469	555
469	571
469	597
469	676
469	684
469	701
469	820
469	908
469	921
469	994
470	496
470	497
470	598
470	602
470	631
470	646
470	689
470	722
470	795
470	900
470	990
470	999
471	475
471	515
471	642
471	694
471	709
471	840
471	847
471	953
472	497
472	571
472	609
472	652
472	670
472	671
472	819
472	888
472	920
472	929
472	936
472	952
472	976
473	493
473	753
473	818
473	823
473	879
473	940
473	997
474	573
474	607
474	652
474	707
474	847
474	854
474	896
474	972
474	974
475	503
475	539
475	572
475	585
475	624
475	701
475	722
475	751
476	500
476	540
476	569
476	579
476	652
476	673
476	682
476	917
476	958
476	976
477	534
477	559
477	579
477	712
477	937
478	485
478	487
478	630
478	673
478	759
478	794
478	882
478	886
478	893
478	951
478	958
479	600
479	694
479	724
479	835
479	848
479	947
480	507
480	509
480	588
480	674
480	699
480	936
481	545
481	619
481	729
481	740
481	906
481	919
482	504
482	590
482	600
482	622
482	634
482	665
482	695
482	770
482	923
482	965
483	510
483	574
483	715
483	939
484	488
484	515
484	569
484	717
484	780
484	792
484	817
484	823
484	936
485	575
485	588
485	682
485	943
485	969
485	992
486	500
486	503
486	524
486	594
486	603
486	690
486	745
486	833
486	955
487	510
487	526
487	550
487	552
487	657
487	675
487	746
487	809
487	836
487	877
487	879
487	972
488	491
488	679
488	713
488	762
488	797
488	798
488	812
488	850
488	861
488	924
488	944
488	996
488	997
489	500
489	597
489	598
489	803
489	840
489	891
489	947
490	504
490	518
490	592
490	614
490	737
490	817
490	831
490	864
490	897
490	916
491	505
491	587
491	600
491	686
491	734
491	773
491	790
491	876
492	531
492	561
492	587
492	591
492	683
492	748
492	752
492	767
492	816
492	827
492	830
492	894
492	995
493	501
493	560
493	596
493	616
493	662
493	727
494	524
494	565
494	637
494	700
494	750
494	848
494	867
494	951
494	993
495	498
495	503
495	518
495	555
495	585
495	610
495	639
495	727
495	778
495	821
495	867
495	881
495	900
496	549
496	641
496	643
496	648
496	708
496	777
496	888
497	548
497	550
497	706
497	742
497	798
497	835
497	897
497	903
497	937
497	962
498	549
498	589
498	605
498	629
498	692
498	696
498	749
498	759
498	760
498	781
498	815
498	861
498	955
498	993
499	621
499	725
499	746
499	780
499	816
499	887
499	972
499	985
500	504
500	588
500	615
500	689
501	506
501	529
501	530
501	563
501	584
501	587
501	607
501	629
501	721
501	752
501	845
501	938
501	948
501	995
502	553
502	563
502	694
502	793
502	905
502	967
502	971
503	513
503	588
503	591
503	593
503	601
503	639
503	672
503	681
504	533
504	542
504	560
504	595
504	607
504	608
504	939
504	948
505	507
505	568
505	571
505	671
505	899
505	974
505	976
505	998
506	550
506	608
506	874
507	508
507	570
507	592
507	595
507	610
507	642
507	673
507	728
507	735
507	737
507	821
507	822
507	842
507	863
507	944
507	951
508	552
508	554
508	586
508	632
508	699
508	835
508	901
508	939
508	970
509	527
509	602
509	630
509	707
509	822
509	879
509	955
510	534
510	536
510	544
510	553
510	627
510	668
510	726
510	772
510	847
510	891
510	940
510	975
511	527
511	646
511	681
511	739
511	784
511	794
511	890
511	931
511	938
512	517
512	523
512	546
512	572
512	573
512	584
512	590
512	600
512	647
512	725
512	745
512	763
512	791
512	807
512	835
512	958
512	983
513	535
513	671
513	680
513	697
513	745
513	786
513	817
513	828
513	870
514	517
514	545
514	627
514	635
514	712
514	805
514	811
514	912
514	957
515	517
515	523
515	532
515	548
515	579
515	660
515	755
515	861
515	865
515	902
515	921
515	929
515	938
515	942
515	953
515	969
516	527
516	534
516	545
516	568
516	592
516	674
516	683
516	726
516	728
516	773
516	796
516	970
516	988
516	995
517	587
517	590
517	592
517	666
517	689
517	740
517	804
517	998
518	524
518	536
518	549
518	568
518	589
518	592
518	632
518	634
518	636
518	803
518	817
518	864
518	916
518	983
519	537
519	564
519	582
519	599
519	641
519	692
519	706
519	739
519	755
519	806
519	880
519	964
519	985
520	534
520	565
520	594
520	650
520	792
520	835
520	867
520	912
520	913
520	923
520	970
521	556
521	565
521	572
521	693
521	733
521	750
521	751
521	761
521	902
521	922
521	976
521	996
522	561
522	563
522	586
522	637
522	680
522	695
522	735
522	763
522	866
523	557
523	605
523	642
523	705
523	726
523	730
523	740
523	751
523	773
523	796
523	953
523	971
523	987
524	530
524	548
524	550
524	568
524	578
524	585
524	636
524	648
524	657
524	674
524	817
524	835
524	858
524	868
524	912
525	544
525	552
525	568
525	642
525	654
525	748
525	790
525	908
525	958
526	559
526	563
526	589
526	635
526	769
526	776
526	785
526	797
526	871
526	872
527	539
527	656
527	674
527	676
527	702
527	781
527	787
527	862
527	868
527	881
527	937
527	955
527	970
527	985
528	576
528	586
528	590
528	596
528	688
528	842
528	953
529	563
529	579
529	585
529	612
529	623
529	675
529	747
529	782
529	824
529	893
529	896
529	906
529	974
529	980
530	541
530	649
530	654
530	658
530	930
530	961
530	985
530	996
531	536
531	547
531	561
531	736
531	780
531	858
531	910
531	952
531	955
532	551
532	606
532	691
532	962
532	976
533	538
533	539
533	582
533	592
533	616
533	660
533	762
533	807
533	930
533	956
533	977
534	661
534	687
534	691
534	749
534	784
534	908
534	941
535	602
535	744
535	759
535	854
535	866
535	936
536	541
536	577
536	598
536	602
536	605
536	653
536	681
536	777
536	792
536	798
536	807
536	809
536	839
536	852
536	993
537	541
537	545
537	576
537	664
537	679
537	770
537	850
537	897
538	549
538	595
538	699
538	726
538	739
538	761
538	821
538	837
538	861
538	872
538	937
539	568
539	629
539	682
539	726
539	846
539	877
539	891
539	932
539	958
539	960
539	968
540	583
540	658
540	762
540	813
540	871
540	931
540	943
540	984
541	549
541	572
541	593
541	810
541	981
541	990
542	655
542	720
542	784
542	786
542	961
543	546
543	558
543	566
543	587
543	707
543	731
543	909
543	951
543	956
544	565
544	575
544	614
544	654
544	723
544	760
544	767
544	868
545	560
545	561
545	588
545	595
545	630
545	656
545	776
545	795
545	801
545	872
545	967
546	555
546	565
546	608
546	786
546	817
546	820
546	823
546	848
546	853
546	856
546	879
546	910
547	565
547	577
547	585
547	599
547	603
547	612
547	615
547	724
547	798
547	818
547	819
547	895
548	583
548	589
548	635
548	675
548	752
548	944
548	991
549	563
549	631
549	643
549	646
549	671
549	680
549	681
549	748
549	835
549	896
549	901
549	911
550	557
550	568
550	583
550	593
550	612
550	720
550	722
550	836
550	838
550	849
550	906
550	924
550	963
550	976
551	553
551	561
551	567
551	677
551	706
551	878
551	905
551	925
551	957
552	611
552	626
552	634
552	778
552	843
552	868
552	876
553	568
553	600
553	699
553	767
553	792
553	804
553	936
553	973
553	997
554	591
554	593
554	626
554	719
554	766
554	850
554	897
554	946
555	556
555	656
555	716
555	878
555	886
555	914
556	659
556	737
556	801
556	957
557	557
557	876
557	934
558	561
558	563
558	640
558	662
558	715
558	821
558	864
558	867
558	913
558	959
558	974
559	566
559	597
559	660
559	676
559	753
559	789
559	889
559	905
559	910
559	930
559	948
559	994
560	565
560	577
560	682
560	717
560	727
560	756
560	954
560	955
561	580
561	591
561	635
561	646
561	659
561	671
561	750
561	801
561	821
561	827
561	850
561	976
561	978
562	563
562	570
562	667
562	682
562	788
562	853
562	895
562	954
563	587
563	613
563	651
563	698
563	706
563	751
563	898
564	567
564	587
564	696
564	710
564	728
564	742
564	808
564	816
564	926
565	575
565	583
565	584
565	594
565	630
565	684
565	709
565	729
565	749
565	827
565	884
565	901
565	918
565	957
566	597
566	693
566	717
566	722
566	806
566	971
567	581
567	593
567	612
567	654
567	722
567	780
567	804
567	857
567	940
567	962
568	606
568	815
568	817
568	869
568	937
569	698
569	706
569	725
569	771
569	821
569	851
569	970
570	576
570	588
570	608
570	612
570	637
570	670
570	705
570	946
570	954
570	984
571	636
571	716
571	909
572	583
572	590
572	592
572	620
572	728
572	763
572	768
572	869
572	877
572	878
573	597
573	621
573	623
573	629
573	648
573	670
573	684
573	702
573	718
573	749
573	859
573	873
573	913
574	625
574	955
575	577
575	580
575	584
575	586
575	604
575	619
575	713
575	718
575	760
575	863
575	869
575	915
575	941
576	582
576	631
576	898
576	950
576	972
576	996
577	606
577	607
577	673
577	754
578	663
578	687
578	695
578	704
578	728
578	737
578	778
578	896
578	972
578	974
579	594
579	673
579	727
579	734
579	821
579	939
580	649
580	710
580	721
580	756
580	776
580	847
581	595
581	604
581	617
581	791
581	854
581	949
581	958
582	597
582	598
582	605
582	746
582	870
582	909
582	921
582	998
583	583
583	702
583	704
583	747
583	795
583	831
583	847
583	927
584	647
584	673
584	729
584	835
584	930
584	982
585	591
585	727
585	771
585	839
585	911
585	972
586	588
586	667
586	714
586	859
586	921
587	594
587	599
587	664
587	739
587	769
587	788
587	813
587	823
587	994
588	607
588	638
588	759
588	768
588	959
588	967
589	602
589	612
589	615
589	767
589	800
589	814
589	863
589	873
589	925
589	960
590	646
590	704
590	727
590	755
590	765
590	792
590	907
590	948
590	952
590	958
590	986
590	987
590	988
591	654
591	801
591	956
592	614
592	658
592	753
592	783
592	793
592	883
593	651
593	760
593	800
593	856
593	886
593	923
593	930
593	976
594	685
594	728
594	779
594	831
594	874
594	896
594	923
594	960
594	996
595	600
595	622
595	671
595	821
595	846
595	857
595	881
595	957
595	960
595	964
596	623
596	628
596	693
596	700
596	722
596	732
596	735
596	755
596	794
596	801
596	879
596	978
597	700
597	703
597	728
597	738
597	976
598	646
598	692
598	762
598	914
599	683
599	703
599	796
599	809
600	620
600	677
600	681
600	800
600	802
601	611
601	639
601	646
601	653
601	696
601	763
601	779
601	810
601	852
601	868
601	909
601	979
602	604
602	615
602	622
602	653
602	685
602	690
602	780
602	798
602	876
602	922
602	923
602	996
603	612
603	613
603	637
603	657
603	675
603	698
603	758
603	819
603	866
603	878
603	933
603	978
603	989
604	604
604	609
604	613
604	615
604	630
604	669
604	675
604	707
604	712
604	899
604	908
604	911
604	963
605	645
605	659
605	669
605	965
606	659
606	666
606	708
606	761
606	847
606	921
606	930
606	960
607	648
607	660
607	686
607	762
607	806
607	858
607	900
607	905
607	916
607	970
607	974
608	616
608	664
608	691
608	766
608	818
608	897
609	612
609	626
609	645
609	654
609	682
609	764
609	801
609	872
609	923
609	972
610	617
610	636
610	640
610	645
610	652
610	663
610	686
610	687
610	822
610	895
610	900
610	989
611	709
611	710
611	757
611	794
611	803
611	914
611	977
612	694
612	723
612	745
612	793
612	818
612	906
613	630
613	670
613	729
613	764
613	919
613	963
613	967
613	984
614	621
614	637
614	640
614	642
614	670
614	693
614	730
614	784
614	804
614	841
614	897
615	692
615	701
615	776
615	788
615	799
615	802
615	806
615	833
615	875
616	624
616	640
616	655
616	660
616	667
616	731
616	855
616	954
617	638
617	641
617	659
617	674
617	702
617	729
617	745
617	758
618	618
618	762
618	774
618	805
618	856
618	868
619	704
619	808
620	649
620	677
620	684
620	689
620	746
620	761
620	774
620	781
620	798
620	827
620	879
620	921
620	927
620	950
620	987
621	630
621	642
621	650
621	663
621	722
621	761
621	873
621	904
621	905
621	923
622	636
622	644
622	661
622	824
622	948
622	951
623	639
623	687
623	698
623	766
623	773
623	814
623	868
623	960
623	988
624	633
624	661
624	707
624	719
624	811
624	819
624	888
624	924
624	934
625	642
625	689
625	692
625	717
625	759
625	827
625	961
626	650
626	660
626	667
626	682
626	858
626	870
626	898
626	935
626	949
626	981
627	629
627	658
627	718
627	774
627	907
627	978
628	644
628	646
628	652
628	699
628	767
628	785
628	814
628	879
628	953
628	961
629	833
629	869
629	870
629	925
630	633
630	667
630	688
630	903
631	641
631	665
631	766
631	848
631	924
631	935
631	965
632	680
632	722
632	843
632	870
632	873
632	948
633	680
633	756
633	980
634	696
634	704
634	706
634	851
634	858
634	875
634	951
635	637
635	662
635	687
635	688
635	800
635	821
635	993
636	645
636	653
636	688
636	748
636	803
636	834
636	859
636	927
636	965
636	967
636	988
637	639
637	658
637	694
637	705
637	737
637	963
638	677
638	694
638	718
638	826
638	861
639	700
639	868
639	955
640	655
640	668
640	674
640	680
640	686
640	689
640	788
640	790
641	650
641	757
641	815
641	831
641	892
641	913
641	924
641	934
642	823
643	750
643	821
643	848
643	867
643	976
644	678
644	689
644	695
644	831
644	837
644	852
644	905
644	937
645	678
645	689
645	696
645	711
645	755
645	823
645	870
645	931
645	953
646	648
646	660
646	685
646	687
646	715
646	742
646	789
646	829
646	845
646	869
646	883
646	890
646	897
646	945
647	661
647	663
647	675
647	702
647	728
647	729
647	754
647	849
648	651
648	665
648	734
648	738
648	929
648	931
648	935
648	952
649	650
649	663
649	687
649	803
649	814
649	882
649	986
650	683
650	691
650	845
650	925
650	945
651	661
651	665
651	709
651	722
651	770
651	801
651	888
651	942
652	668
652	673
652	720
652	807
652	866
652	945
653	680
653	775
653	872
653	904
653	962
653	989
653	998
654	671
654	682
654	736
654	769
654	813
654	954
655	679
655	687
655	744
656	686
656	724
656	738
656	741
656	783
656	869
656	891
657	669
657	697
657	732
657	775
657	853
657	889
657	978
658	668
658	767
658	790
658	807
658	809
658	974
659	660
659	677
659	685
659	813
659	816
659	963
659	991
660	671
660	673
660	696
660	740
660	864
660	925
660	931
660	966
661	733
661	750
661	813
661	817
661	872
661	887
662	699
662	733
662	764
663	689
663	700
663	709
663	720
663	770
663	827
663	895
663	940
663	948
663	975
664	687
664	754
664	851
664	907
664	938
664	971
665	692
665	698
665	719
665	755
665	811
665	880
665	923
665	932
666	683
666	695
666	773
666	799
666	905
666	987
667	834
667	885
667	888
667	923
667	964
667	998
668	689
668	714
668	730
668	764
668	834
668	891
668	922
669	735
669	820
669	929
670	676
670	680
670	704
670	735
670	938
670	942
670	961
670	999
671	682
671	702
671	708
671	780
671	804
671	827
671	907
671	915
671	947
672	682
672	684
672	690
672	712
672	766
672	820
672	832
672	840
672	847
672	851
672	882
673	679
673	741
673	745
673	855
673	994
674	694
674	699
674	837
674	887
674	894
674	896
674	924
674	936
674	967
674	973
675	679
675	693
675	724
675	804
675	838
675	850
675	862
675	928
676	684
676	745
676	837
676	922
677	678
677	690
677	694
677	822
677	872
677	931
677	989
678	689
678	764
678	787
678	874
678	941
678	969
679	697
679	703
679	816
679	825
679	977
680	713
680	723
680	830
680	846
681	686
681	693
681	762
681	763
681	813
681	840
681	870
681	951
681	959
681	980
681	988
682	772
682	832
682	864
683	701
683	749
683	799
683	885
683	909
683	912
683	972
684	819
684	826
684	921
684	995
685	709
685	719
685	746
685	817
685	926
685	986
685	998
686	698
686	702
686	745
686	791
686	847
686	878
686	887
686	957
687	781
687	935
688	846
688	895
688	900
688	903
689	761
689	810
689	920
690	751
690	816
690	889
690	896
690	931
690	946
690	949
690	980
691	798
691	872
691	995
692	821
692	853
692	871
692	885
692	928
692	938
692	945
693	723
693	771
693	816
694	699
694	732
694	771
694	795
694	913
694	934
695	698
695	775
695	807
695	841
695	887
695	893
695	945
696	737
696	765
696	808
696	831
696	845
696	993
697	722
697	904
698	751
698	871
698	970
698	995
699	801
699	807
699	834
699	907
699	963
700	718
700	770
700	785
700	899
700	928
700	939
701	733
701	815
701	923
702	728
702	732
702	736
702	757
702	778
702	795
702	892
702	893
702	904
702	928
703	715
703	736
703	781
703	866
703	880
703	891
703	978
704	706
704	709
704	728
704	784
704	817
704	864
704	877
704	883
704	903
704	952
705	749
705	759
705	793
705	806
705	822
705	834
705	865
705	924
705	978
706	720
706	726
706	733
706	734
706	752
706	757
706	776
706	920
707	709
707	781
707	835
707	865
707	869
708	718
708	759
708	761
708	770
708	818
708	879
709	719
709	754
709	789
709	807
709	839
709	848
709	856
709	871
709	894
709	913
710	720
710	833
710	873
710	905
711	712
711	715
711	721
711	748
711	756
711	859
711	890
711	998
712	727
712	750
712	816
712	898
712	936
712	963
713	740
713	790
713	830
713	950
714	734
714	783
714	786
714	865
714	915
714	976
714	980
715	741
715	781
715	787
715	794
715	796
715	848
715	897
716	750
716	756
716	905
717	724
717	729
717	754
717	769
717	779
717	959
717	983
718	734
718	753
718	756
718	762
718	815
718	913
719	733
719	771
719	783
719	897
719	973
720	758
720	798
720	803
721	731
721	743
721	771
721	971
721	988
722	730
722	771
722	795
722	815
722	819
722	845
722	887
722	889
722	922
723	750
723	796
723	807
723	814
723	821
723	855
723	862
724	748
724	754
724	831
724	833
724	848
724	876
724	969
725	727
725	732
725	771
725	790
725	804
725	824
725	963
725	976
726	744
726	757
726	763
726	906
726	911
726	953
727	731
727	740
727	741
728	739
728	768
728	846
729	748
729	783
729	840
729	850
729	901
729	937
729	949
729	950
729	957
730	762
730	768
730	852
730	943
731	734
731	799
731	827
731	924
732	922
732	998
733	733
733	735
733	769
733	785
733	787
733	799
733	814
733	929
733	969
734	755
734	782
734	787
734	792
734	922
734	961
734	986
735	742
735	752
735	765
735	777
735	787
735	789
735	883
735	897
735	949
735	985
735	998
736	740
736	751
736	764
736	770
736	771
736	775
736	849
736	860
736	866
736	872
736	911
736	965
736	989
738	799
738	925
738	942
738	961
739	758
739	773
739	777
739	792
739	837
739	888
740	759
740	795
740	837
740	856
740	864
740	920
740	935
740	949
740	982
740	999
741	748
741	761
741	772
741	792
741	797
741	802
741	980
742	796
742	831
742	846
742	927
742	966
743	812
743	819
743	913
743	915
743	936
743	953
743	975
744	748
744	758
744	791
744	945
744	950
744	952
744	985
745	792
745	830
745	974
745	995
746	761
746	802
746	893
746	920
746	949
747	748
747	793
747	837
747	883
747	898
747	902
747	966
748	751
748	770
748	790
748	810
748	850
748	931
748	984
749	765
749	788
749	840
749	850
749	964
750	808
750	881
750	917
750	993
751	766
751	774
751	786
751	836
751	904
751	941
751	942
751	959
751	990
752	759
752	783
752	964
753	770
753	812
753	828
753	835
753	837
753	874
753	931
753	936
754	926
755	767
755	810
755	849
755	864
755	929
755	960
756	764
756	795
756	799
756	822
756	826
756	828
756	829
756	923
756	972
757	802
757	856
757	884
757	908
757	939
758	782
758	794
758	851
759	779
759	798
759	804
759	845
759	864
760	828
760	906
760	977
761	885
761	910
761	915
761	944
761	983
761	985
762	824
762	843
762	924
763	790
763	829
763	830
763	860
763	868
763	870
763	882
763	886
764	769
764	774
764	928
764	929
765	794
765	863
765	889
765	901
765	929
765	956
765	965
765	981
766	802
767	796
767	842
768	819
768	924
768	960
769	792
769	870
769	973
769	992
770	780
770	781
770	797
770	905
770	957
770	958
770	982
770	988
771	783
771	789
771	926
771	955
771	969
772	836
772	945
773	781
773	790
773	836
773	942
774	798
774	821
774	837
774	880
775	788
775	857
775	879
775	935
775	980
776	803
776	867
776	948
777	788
777	794
777	809
777	893
777	976
778	782
778	788
778	791
778	799
778	810
778	846
778	902
779	854
779	875
779	887
779	936
780	796
780	799
780	832
780	846
780	862
780	975
781	781
781	786
781	835
781	862
782	793
782	969
783	868
783	936
784	828
784	838
784	904
785	927
785	931
785	943
786	927
787	973
788	826
788	886
788	888
789	828
789	862
789	872
789	953
790	795
790	924
790	927
790	997
790	998
791	805
791	826
791	830
791	902
791	903
791	918
791	925
792	811
792	839
792	872
792	882
792	909
792	912
792	992
793	809
794	829
794	902
794	910
795	799
795	903
796	863
796	885
797	924
798	810
798	825
798	917
798	950
798	960
798	982
799	810
799	884
799	905
799	966
799	995
799	999
800	821
800	839
800	887
800	900
800	960
800	978
801	831
801	839
801	860
801	865
801	877
801	881
801	964
801	972
801	996
802	819
802	822
802	846
803	806
803	982
804	837
804	861
804	928
804	995
805	882
805	954
805	983
806	850
806	877
806	915
806	991
807	813
807	838
807	850
807	852
807	864
808	808
808	809
808	829
808	852
808	879
808	881
808	890
808	935
808	939
808	982
809	826
809	849
809	850
809	859
809	868
809	869
809	895
809	936
809	956
809	995
809	999
810	813
810	814
810	822
810	865
810	889
810	895
810	948
810	956
810	961
810	996
811	851
811	997
812	841
812	852
812	956
812	981
813	817
813	827
813	829
813	832
813	835
813	851
813	887
813	909
813	964
813	985
813	989
813	998
814	819
814	842
814	873
814	950
814	973
815	816
815	837
815	852
815	879
815	894
815	903
815	958
816	830
816	854
816	898
816	953
816	981
817	834
817	847
817	870
818	844
818	887
819	826
819	832
819	853
819	854
819	869
819	871
819	884
819	886
819	913
819	919
819	947
819	979
820	846
820	862
820	879
820	898
821	861
821	875
821	944
822	834
822	860
822	861
822	874
822	897
822	953
823	863
823	881
824	827
824	851
824	889
824	928
824	962
824	965
824	989
825	862
825	889
825	917
825	922
825	927
826	831
826	834
826	836
826	987
827	869
827	895
827	897
827	929
828	870
828	885
829	839
829	843
829	846
829	857
829	864
829	870
829	885
829	905
829	931
829	940
829	975
830	838
830	867
830	875
830	887
830	983
831	849
831	986
832	873
832	937
833	841
833	864
833	877
833	881
833	887
833	932
833	974
834	845
834	846
834	906
834	962
834	988
835	859
835	872
835	884
835	894
835	924
835	960
836	860
836	875
836	886
837	839
837	847
837	938
837	986
837	994
838	880
838	937
838	986
839	909
839	962
839	986
840	847
840	852
840	893
840	895
840	917
841	864
841	870
841	873
841	913
841	917
841	982
842	846
842	867
843	917
843	968
843	982
843	994
844	852
844	878
844	945
844	981
845	858
845	878
845	900
846	848
846	863
846	877
846	895
846	900
846	937
846	983
847	903
848	884
848	890
848	893
848	960
848	975
849	856
849	883
849	954
849	957
850	856
850	859
850	895
850	953
850	961
851	875
851	887
851	992
852	863
852	937
853	953
854	863
854	901
854	913
855	856
855	861
855	866
855	867
855	872
856	864
856	878
856	905
856	935
857	887
857	919
857	962
857	977
858	902
858	951
858	989
858	994
859	872
859	940
859	980
859	994
860	937
860	945
861	867
861	889
861	941
861	993
862	938
862	941
862	942
863	896
863	937
864	877
864	922
864	985
865	909
865	925
866	917
866	933
866	983
866	993
867	871
867	873
867	956
867	980
868	877
868	886
868	889
868	976
868	979
868	982
869	876
870	872
870	929
870	958
870	979
871	985
871	986
872	874
872	951
873	875
873	883
873	891
873	914
873	980
873	981
874	882
874	910
875	925
876	938
877	910
877	940
878	898
878	901
878	970
879	908
879	929
880	886
880	893
880	960
881	914
881	943
881	972
882	937
883	903
883	987
884	918
884	923
884	948
885	902
886	945
886	983
887	896
888	896
888	925
888	942
889	941
889	994
890	936
890	979
891	967
891	991
891	999
892	905
892	911
892	972
892	987
893	951
893	969
893	991
894	900
894	917
896	996
897	902
897	907
897	921
897	930
897	973
898	948
898	986
900	925
900	953
900	977
900	982
901	922
902	925
903	935
903	939
904	910
904	936
904	945
904	973
905	939
905	981
906	921
906	963
906	966
906	984
906	999
907	939
907	951
907	965
908	922
908	923
908	941
908	984
909	946
909	947
909	968
909	976
910	914
910	958
910	966
911	967
912	917
912	918
912	944
912	971
912	979
913	928
913	940
913	951
913	958
913	964
914	918
914	962
914	965
915	950
915	966
915	968
915	974
916	951
917	930
917	954
917	963
917	981
917	999
918	952
918	985
918	991
919	933
919	957
919	986
919	991
919	993
920	926
920	933
920	953
920	995
921	922
921	923
921	934
921	964
921	969
921	984
922	930
922	954
922	983
922	984
923	948
923	951
923	962
923	978
923	986
924	965
924	966
924	969
924	986
924	987
925	942
925	964
926	929
926	991
927	932
927	952
927	985
927	994
928	972
929	937
929	940
929	981
930	997
931	939
931	962
931	968
932	936
932	993
933	941
934	935
934	937
934	947
934	985
935	935
935	936
935	961
935	967
935	972
936	951
936	981
936	991
937	941
937	942
937	944
937	945
937	968
937	973
937	979
937	988
938	955
939	961
939	978
939	982
939	989
939	998
940	959
940	991
940	996
941	988
942	944
942	955
942	972
943	962
943	969
943	974
943	984
943	998
944	958
947	959
947	969
947	984
947	995
948	949
948	967
948	980
949	961
949	965
949	998
954	980
954	983
954	986
955	990
958	997
958	999
959	978
959	982
960	968
961	984
963	971
964	986
965	970
966	983
967	992
968	973
968	992
969	977
970	987
971	981
971	989
971	994
972	977
972	983
973	982
973	996
976	987
976	995
977	990
978	998
979	986
979	998
980	994
981	982
981	983
983	996
986	990
986	993
995	999
