0	12
0	13
0	18
0	19
0	33
0	38
0	40
0	51
0	55
0	59
0	82
0	83
0	88
0	98
0	318
0	602
0	607
1	6
1	28
1	30
1	34
1	43
1	45
1	89
1	96
1	412
1	481
1	743
2	12
2	14
2	15
2	18
2	22
2	28
2	44
2	48
2	51
2	53
2	61
2	75
2	81
2	87
2	96
2	734
2	955
3	12
3	52
3	58
3	77
3	84
3	89
3	90
3	91
3	306
3	625
3	809
4	14
4	25
4	33
4	36
4	63
4	70
4	80
4	83
4	85
4	95
4	96
4	99
4	576
4	935
5	6
5	7
5	8
5	23
5	28
5	41
5	58
5	60
5	62
5	64
5	67
5	68
5	92
5	95
5	98
5	303
5	738
5	782
5	839
6	13
6	18
6	31
6	46
6	48
6	50
6	58
6	67
6	68
6	75
6	79
6	84
6	86
6	88
6	93
6	234
6	961
7	10
7	11
7	28
7	29
7	31
7	41
7	53
7	57
7	65
7	66
7	82
7	97
7	99
7	361
7	482
7	512
7	544
7	721
7	780
8	10
8	15
8	18
8	26
8	28
8	29
8	35
8	60
8	62
8	70
8	73
8	74
8	77
8	124
8	347
8	436
8	474
8	479
8	510
8	679
8	874
8	933
9	17
9	27
9	34
9	41
9	49
9	55
9	56
9	68
9	69
9	72
9	92
9	104
9	137
9	434
9	545
9	801
9	969
10	10
10	24
10	28
10	30
10	33
10	43
10	44
10	47
10	55
10	56
10	59
10	71
10	79
10	194
10	385
10	463
10	778
10	888
10	898
10	917
10	970
11	18
11	26
11	32
11	41
11	49
11	65
11	72
11	76
11	98
11	144
11	245
11	345
11	894
11	916
11	976
12	31
12	59
12	61
12	64
12	76
12	77
12	78
12	80
12	87
12	92
12	93
12	96
12	349
12	638
12	668
12	686
12	693
12	700
12	748
13	32
13	44
13	54
13	58
13	65
13	66
13	71
13	75
13	88
13	318
13	567
14	26
14	35
14	38
14	43
14	49
14	65
14	71
14	77
14	81
14	82
14	90
14	92
14	194
14	400
14	625
14	705
14	839
14	913
14	941
14	949
15	16
15	21
15	23
15	27
15	33
15	37
15	50
15	56
15	75
15	78
15	79
15	81
15	82
15	87
15	90
15	92
15	158
15	215
15	251
15	357
15	481
15	568
15	634
15	686
15	725
15	732
15	742
16	53
16	84
16	99
16	218
16	258
16	288
16	313
16	916
17	21
17	42
17	45
17	52
17	66
17	69
17	73
17	76
17	92
17	94
17	95
18	33
18	36
18	42
18	44
18	60
18	68
18	75
18	79
18	81
18	84
18	92
18	141
18	369
18	457
18	486
18	511
18	626
19	42
19	76
19	81
19	82
19	144
20	37
20	52
20	87
20	91
20	92
20	428
20	461
20	712
20	897
20	915
21	28
21	68
21	72
21	74
21	80
21	88
21	111
21	570
21	664
21	908
22	32
22	38
22	48
22	54
22	56
22	59
22	78
22	83
22	91
22	92
22	320
22	459
22	511
22	575
22	889
23	30
23	38
23	40
23	58
23	59
23	65
23	67
23	71
23	92
23	94
23	98
23	108
23	253
23	280
23	283
23	452
23	623
24	44
24	49
24	54
24	78
24	83
24	87
24	96
24	267
24	423
24	432
24	610
24	756
24	835
25	36
25	59
25	67
25	68
25	69
25	71
25	73
25	74
25	75
25	81
25	86
25	93
25	203
25	483
26	27
26	28
26	29
26	49
26	50
26	55
26	70
26	77
26	81
26	82
26	84
26	94
26	95
26	109
26	115
26	362
26	387
26	537
27	31
27	34
27	37
27	41
27	48
27	52
27	58
27	60
27	66
27	68
27	70
27	73
27	84
27	88
27	94
27	95
27	531
27	609
27	814
28	36
28	38
28	43
28	58
28	62
28	68
28	70
28	77
28	83
28	86
28	87
28	96
28	100
28	311
28	319
28	326
28	377
28	454
28	868
28	887
28	920
28	950
29	31
29	39
29	44
29	59
29	66
29	68
29	89
29	94
29	214
29	847
30	37
30	40
30	48
30	50
30	51
30	58
30	61
30	66
30	73
30	79
30	83
30	88
30	439
30	497
30	509
30	550
30	606
31	36
31	44
31	46
31	47
31	56
31	62
31	63
31	66
31	67
31	71
31	79
31	88
31	95
31	143
31	147
31	345
31	465
31	944
32	38
32	41
32	46
32	57
32	62
32	63
32	68
32	70
32	83
32	84
32	92
32	97
32	109
32	292
32	674
32	783
32	979
32	983
33	50
33	58
33	61
33	74
33	76
33	78
33	95
33	181
33	316
33	455
33	512
33	589
33	674
33	868
33	946
34	38
34	62
34	68
34	71
34	78
34	96
34	116
34	421
34	498
34	608
34	700
34	732
34	807
34	810
35	41
35	56
35	61
35	66
35	233
35	392
35	398
35	419
35	436
36	41
36	44
36	50
36	57
36	74
36	88
36	165
36	210
36	404
36	462
36	500
36	503
36	646
36	692
37	46
37	58
37	61
37	64
37	81
37	83
37	85
37	87
37	98
37	223
37	274
37	606
37	747
37	932
38	45
38	64
38	81
38	90
38	189
38	247
38	344
38	604
39	44
39	50
39	61
39	67
39	73
39	79
39	82
39	83
39	96
39	97
39	519
39	679
39	701
40	45
40	46
40	51
40	58
40	97
40	503
40	621
40	765
40	928
40	991
41	43
41	51
41	62
41	74
41	80
41	82
41	85
41	260
41	417
41	438
41	532
41	584
41	750
41	802
41	927
41	994
42	42
42	46
42	58
42	67
42	70
42	87
42	94
42	98
42	217
42	319
42	496
42	681
42	707
42	766
42	801
42	893
42	894
42	910
43	47
43	58
43	71
43	78
43	83
43	85
43	92
43	94
43	209
43	345
43	417
43	480
43	793
43	832
43	864
43	971
43	999
44	45
44	46
44	51
44	54
44	55
44	60
44	63
44	70
44	71
44	86
44	91
44	424
44	584
44	729
44	935
45	59
45	60
45	66
45	68
45	70
45	73
45	74
45	79
45	92
45	352
45	509
45	534
45	565
46	55
46	56
46	63
46	64
46	66
46	68
46	80
46	89
46	98
46	175
46	396
46	759
46	803
46	807
47	50
47	56
47	59
47	68
47	79
47	89
47	90
47	92
47	302
47	309
47	315
47	359
47	401
47	408
48	53
48	59
48	73
48	83
48	88
48	89
48	91
48	99
48	278
48	322
48	331
48	544
48	688
48	742
48	831
49	52
49	60
49	68
49	69
49	70
49	74
49	75
49	82
49	253
49	268
49	315
49	422
49	889
49	908
49	928
50	51
50	62
50	82
50	88
50	93
50	97
50	140
50	216
50	359
50	405
51	59
51	65
51	68
51	73
51	80
51	85
51	164
51	195
51	268
51	434
51	526
51	718
51	766
51	893
52	66
52	70
52	72
52	75
52	86
52	90
52	93
52	252
52	478
52	591
52	737
53	64
53	68
53	79
53	86
53	129
53	403
53	435
53	555
53	692
53	759
54	65
54	80
54	87
54	90
54	243
54	335
54	853
54	871
54	941
54	984
55	57
55	77
55	83
55	85
55	86
55	89
55	93
55	196
55	416
55	670
55	724
55	759
55	800
55	804
55	873
56	67
56	72
56	73
56	79
56	87
56	89
56	92
56	97
56	187
56	480
56	673
56	812
57	61
57	78
57	81
57	96
57	111
57	144
57	193
57	279
57	297
57	310
57	557
57	659
57	674
57	830
58	64
58	66
58	73
58	75
58	79
58	84
58	90
58	113
58	400
58	458
58	571
58	621
58	638
58	771
59	71
59	73
59	81
59	88
59	89
59	90
59	92
59	93
59	99
59	440
59	445
59	643
59	650
59	755
60	69
60	70
60	82
60	84
60	86
60	88
60	89
60	90
60	99
60	132
60	284
60	513
60	586
60	603
60	838
60	842
60	882
61	75
61	91
61	95
61	461
61	839
62	63
62	67
62	77
62	80
62	84
62	315
62	316
62	814
63	66
63	72
63	84
63	88
63	90
63	188
63	282
63	304
63	344
63	544
63	583
63	611
63	643
63	830
63	845
64	71
64	72
64	75
64	90
64	93
64	94
64	173
64	457
64	815
65	70
65	75
65	82
65	95
65	97
65	179
65	431
65	670
65	683
65	784
65	808
65	811
65	922
65	993
66	71
66	195
66	285
66	420
66	443
66	593
66	927
66	956
67	69
67	70
67	75
67	285
67	412
67	423
67	682
67	699
67	737
67	750
67	879
67	915
67	951
68	85
68	88
68	97
68	99
68	220
68	352
68	534
68	678
68	744
68	831
68	976
69	204
69	254
69	326
69	336
69	384
69	402
69	413
69	483
69	655
69	802
69	862
70	71
70	76
70	81
70	84
70	87
70	91
70	687
70	862
70	928
71	76
71	77
71	98
71	522
71	904
71	911
71	963
72	84
72	92
72	279
72	538
72	660
72	718
72	781
72	882
73	84
73	85
73	94
73	99
73	125
73	132
73	391
73	473
73	475
73	497
73	511
73	868
73	880
73	951
74	80
74	88
74	94
74	95
74	98
74	239
74	244
74	547
74	943
75	90
75	91
76	88
76	94
76	334
76	468
76	498
76	954
77	83
77	84
77	91
77	92
77	98
77	294
77	440
77	720
77	765
77	810
77	909
78	78
78	89
78	90
78	93
78	99
78	208
78	258
78	272
78	585
78	685
78	789
78	852
79	194
79	500
79	609
79	804
79	879
79	882
80	86
80	98
80	99
80	290
80	426
80	611
80	777
80	799
81	188
81	342
81	683
82	82
82	94
82	480
82	547
82	566
82	706
82	773
82	801
83	88
83	134
83	439
83	468
83	483
83	692
83	990
84	106
84	274
84	357
84	486
84	504
84	537
84	664
84	808
84	876
85	177
85	200
85	212
85	259
85	330
85	337
85	679
85	703
85	894
86	92
86	192
86	382
86	626
87	97
87	98
87	118
87	189
87	220
87	294
87	454
87	727
87	906
87	943
88	88
88	90
88	97
88	106
88	317
88	391
88	572
88	622
88	825
88	984
89	99
89	259
89	790
89	819
90	91
90	95
90	272
90	537
90	857
90	878
90	967
91	91
91	96
91	123
91	187
91	214
92	93
92	97
92	334
92	536
92	879
92	932
92	933
92	948
93	158
93	317
93	499
93	534
93	562
93	724
94	159
94	477
94	947
94	956
96	97
96	116
96	194
96	376
96	496
96	500
96	716
96	745
96	899
96	931
97	98
97	99
97	722
97	846
97	971
97	993
98	98
98	99
98	807
98	837
99	254
99	304
99	582
99	597
99	707
99	722
99	729
99	756
99	780
99	831
99	910
100	107
100	113
100	119
100	126
100	135
100	144
100	152
100	156
100	159
100	168
100	173
100	176
100	195
100	551
100	646
100	678
100	814
101	101
101	105
101	130
101	156
101	157
101	158
101	171
101	172
101	180
101	181
101	183
101	188
101	190
101	212
101	552
101	561
101	747
101	980
102	113
102	138
102	141
102	147
102	157
102	175
102	184
102	198
102	199
102	411
103	106
103	117
103	123
103	130
103	132
103	139
103	146
103	152
103	159
103	165
103	182
103	193
103	332
103	573
103	708
103	741
104	108
104	110
104	116
104	121
104	135
104	136
104	144
104	147
104	153
104	159
104	162
104	165
104	188
104	192
104	202
104	355
104	463
104	584
104	608
104	676
104	946
105	108
105	113
105	119
105	133
105	136
105	156
105	164
105	168
105	281
105	491
105	573
105	656
105	731
105	757
106	111
106	130
106	143
106	150
106	158
106	163
106	167
106	181
106	182
106	183
106	188
106	191
106	283
106	607
106	839
107	111
107	131
107	139
107	140
107	147
107	149
107	154
107	182
107	183
107	187
107	275
107	540
107	700
108	116
108	133
108	136
108	144
108	146
108	154
108	164
108	165
108	175
108	177
108	182
108	189
108	193
108	197
108	199
108	230
108	341
108	418
108	512
108	525
108	789
109	112
109	126
109	127
109	129
109	136
109	140
109	142
109	151
109	154
109	161
109	173
109	175
109	180
109	185
109	191
109	192
109	194
109	198
109	501
110	111
110	117
110	118
110	121
110	132
110	139
110	142
110	143
110	155
110	158
110	170
110	172
110	183
110	186
110	195
110	199
110	279
110	322
110	434
110	510
110	594
110	753
111	112
111	122
111	124
111	133
111	158
111	164
111	171
111	172
111	185
111	367
111	447
111	688
111	896
111	954
111	978
112	114
112	119
112	124
112	130
112	131
112	132
112	135
112	141
112	144
112	147
112	149
112	164
112	177
112	197
112	381
112	822
112	877
113	115
113	117
113	118
113	130
113	153
113	162
113	164
113	166
113	168
113	181
113	183
113	184
113	185
113	190
113	191
113	192
113	195
113	196
113	197
113	334
113	430
113	700
113	743
113	785
113	835
114	122
114	129
114	136
114	143
114	145
114	151
114	152
114	156
114	157
114	165
114	166
114	184
114	186
114	190
114	196
114	204
114	394
114	696
114	725
115	121
115	132
115	133
115	142
115	150
115	164
115	172
115	177
115	184
115	195
115	261
115	399
115	409
115	712
115	766
116	123
116	132
116	155
116	169
116	175
116	181
116	185
116	195
116	196
116	267
116	357
117	125
117	135
117	143
117	147
117	165
117	174
117	177
117	183
117	184
117	189
117	195
117	196
117	745
118	119
118	120
118	168
118	189
118	196
118	199
118	324
118	342
118	585
119	125
119	129
119	140
119	141
119	147
119	152
119	153
119	162
119	166
119	177
119	178
119	186
119	187
119	189
119	199
119	616
119	788
120	126
120	152
120	154
120	157
120	161
120	163
120	172
120	180
120	186
120	187
120	194
120	269
120	292
120	353
120	416
120	776
121	123
121	128
121	138
121	143
121	153
121	198
121	246
121	458
121	632
121	641
122	124
122	128
122	133
122	136
122	148
122	179
122	180
122	183
122	284
122	526
122	556
122	602
122	703
122	947
123	126
123	132
123	133
123	138
123	142
123	145
123	146
123	155
123	164
123	167
123	169
123	190
123	192
123	199
123	274
123	895
123	936
124	132
124	136
124	153
124	155
124	171
124	173
124	180
124	188
124	189
124	190
124	197
124	209
124	244
124	479
124	538
124	637
124	666
124	903
125	127
125	141
125	148
125	164
125	178
125	201
125	288
125	557
125	629
125	738
125	984
126	133
126	140
126	163
126	164
126	168
126	174
126	179
126	185
126	188
126	196
126	197
126	312
126	568
126	732
126	987
127	127
127	134
127	140
127	141
127	145
127	156
127	161
127	164
127	172
127	175
127	177
127	199
127	345
127	385
127	661
127	875
128	129
128	146
128	152
128	153
128	160
128	178
128	185
128	394
128	679
128	971
129	129
129	133
129	138
129	150
129	159
129	164
129	173
129	178
129	198
129	204
129	297
129	379
129	517
129	595
129	783
129	827
130	133
130	138
130	139
130	144
130	145
130	160
130	177
130	182
130	188
130	191
130	193
130	256
130	351
130	459
130	476
130	565
131	138
131	147
131	173
131	176
131	184
131	185
131	194
131	425
131	505
131	587
131	742
131	813
131	938
132	140
132	141
132	143
132	145
132	157
132	172
132	173
132	174
132	175
132	177
132	186
132	191
132	194
132	199
132	270
132	375
132	531
132	617
132	654
132	893
132	999
133	134
133	143
133	155
133	156
133	157
133	159
133	190
133	198
133	228
133	245
133	627
133	653
133	723
134	139
134	148
134	150
134	171
134	172
134	175
134	179
134	188
134	193
134	196
134	198
134	308
134	494
134	651
134	985
135	139
135	144
135	146
135	147
135	157
135	159
135	161
135	164
135	170
135	177
135	188
135	191
135	193
135	199
135	209
135	247
135	537
135	690
135	774
135	920
136	141
136	143
136	150
136	155
136	157
136	161
136	167
136	179
136	196
136	246
136	286
136	378
136	730
136	787
136	875
136	965
137	142
137	146
137	147
137	151
137	152
137	154
137	164
137	170
137	175
137	176
137	178
137	190
137	265
138	139
138	140
138	144
138	151
138	157
138	162
138	167
138	170
138	173
138	174
138	178
138	179
138	180
138	198
138	546
138	594
138	886
139	142
139	144
139	146
139	148
139	161
139	164
139	166
139	171
139	172
139	174
139	175
139	183
139	228
139	345
139	757
140	147
140	167
140	199
140	383
140	528
140	609
140	685
140	735
140	757
141	151
141	157
141	159
141	165
141	167
141	174
141	177
141	179
141	183
141	190
141	193
141	241
141	325
141	496
141	590
141	682
141	977
142	143
142	148
142	150
142	151
142	168
142	175
142	179
142	184
142	190
142	227
142	364
142	782
142	847
142	896
142	980
143	144
143	148
143	154
143	158
143	159
143	162
143	168
143	187
143	190
143	194
143	278
143	346
143	366
143	623
143	870
144	151
144	166
144	170
144	198
144	199
144	342
144	390
144	750
144	856
144	868
144	935
145	152
145	159
145	160
145	167
145	170
145	180
145	182
145	198
145	390
145	436
145	463
145	500
145	546
145	550
145	684
145	766
146	151
146	154
146	170
146	183
146	186
146	190
146	198
146	394
146	539
146	841
146	862
146	869
146	888
146	947
147	148
147	150
147	154
147	167
147	191
147	404
147	481
148	157
148	165
148	168
148	171
148	175
148	182
148	183
148	191
148	238
148	316
148	341
148	383
148	628
149	162
149	165
149	168
149	181
149	199
149	239
149	298
149	530
149	672
149	754
149	798
150	155
150	157
150	161
150	168
150	172
150	175
150	180
150	181
150	182
150	186
150	194
150	198
150	232
150	403
150	438
150	666
150	743
150	897
151	163
151	173
151	184
151	194
151	195
151	341
151	350
151	637
151	748
151	757
152	155
152	157
152	160
152	179
152	203
152	221
152	353
152	445
152	801
153	157
153	160
153	163
153	166
153	173
153	181
153	191
153	199
153	853
153	912
153	916
154	161
154	172
154	179
154	185
154	188
154	190
154	228
154	745
154	867
154	873
154	924
155	167
155	169
155	175
155	189
155	191
155	195
155	372
155	386
155	775
155	803
155	876
155	878
155	880
155	943
156	172
156	174
156	184
156	189
156	197
156	254
156	282
156	338
156	388
156	544
156	652
157	159
157	162
157	170
157	171
157	183
157	283
157	386
157	542
157	590
157	677
158	167
158	181
158	188
158	208
158	248
158	334
158	617
158	933
158	943
158	997
159	160
159	170
159	194
159	333
159	647
159	750
159	754
159	834
160	175
160	176
160	179
160	190
160	193
160	199
160	273
160	425
160	726
160	754
160	946
161	166
161	191
161	414
161	552
161	752
161	822
161	993
162	163
162	173
162	183
162	192
162	194
162	216
162	335
162	606
162	670
162	972
163	164
163	166
163	181
163	188
163	309
163	421
163	796
163	939
164	449
164	537
164	639
164	789
164	835
165	173
165	174
165	179
165	182
165	190
165	192
165	195
165	198
165	274
165	299
165	324
165	433
165	568
165	865
165	990
166	168
166	173
166	174
166	177
166	186
166	189
166	190
166	192
166	194
166	198
166	270
166	310
166	383
166	457
166	746
166	782
166	988
167	185
167	187
167	194
167	195
167	196
167	198
167	252
167	302
167	702
167	788
167	898
167	957
167	973
168	172
168	182
168	190
168	195
168	196
168	771
168	857
168	987
169	173
169	178
169	190
169	195
169	207
169	289
169	433
169	501
169	646
169	681
169	712
169	713
169	857
169	938
170	170
170	178
170	188
170	190
170	193
170	197
170	210
170	366
170	409
170	495
170	630
170	834
170	910
170	982
170	997
171	174
171	180
171	188
171	306
171	726
171	967
172	187
172	195
172	215
172	636
172	934
173	176
173	181
173	183
173	186
173	187
173	188
173	199
173	238
173	439
173	510
173	575
173	612
173	625
174	180
174	185
174	189
174	195
174	196
174	362
174	567
174	635
175	178
175	192
175	936
176	176
176	178
176	180
176	182
176	184
176	191
176	387
177	183
177	197
177	279
177	417
177	510
177	743
177	790
177	940
177	969
178	179
178	184
178	188
178	191
178	193
178	564
178	614
178	627
178	800
179	418
179	454
179	614
179	646
179	677
179	763
179	994
180	183
180	184
180	196
180	197
180	362
180	436
180	560
180	746
180	755
181	185
181	196
181	199
181	301
181	334
181	833
182	184
182	189
182	191
182	324
182	462
182	479
182	578
182	598
182	890
182	919
183	189
183	390
183	448
183	522
184	186
184	190
184	193
184	194
184	198
184	412
184	733
184	819
184	847
184	953
185	193
185	194
185	269
185	872
186	191
186	352
186	405
186	683
186	712
186	733
187	191
187	192
187	194
187	195
187	196
187	198
187	211
187	258
187	417
187	470
187	662
187	766
187	971
188	190
188	198
188	403
188	745
188	807
188	858
189	198
189	255
189	680
189	706
190	191
190	278
190	280
190	891
190	907
190	997
191	197
191	329
191	397
191	441
191	909
192	203
192	220
192	437
192	513
192	645
192	832
193	218
193	663
193	707
193	932
193	958
194	739
194	946
194	959
195	197
195	199
195	578
195	812
195	940
196	354
196	418
196	560
196	882
197	384
197	505
197	795
198	292
198	311
198	446
198	457
198	593
198	626
198	947
199	409
199	422
199	533
199	608
199	971
200	208
200	209
200	247
200	265
200	271
200	278
200	280
200	291
200	295
200	436
200	495
200	589
200	601
200	643
200	719
200	770
200	812
200	847
200	872
200	901
201	210
201	217
201	219
201	221
201	229
201	233
201	246
201	251
201	255
201	257
201	268
201	276
201	277
201	459
201	546
202	219
202	221
202	227
202	234
202	235
202	260
202	261
202	264
202	277
202	279
202	286
202	298
202	363
202	417
202	689
203	210
203	219
203	224
203	225
203	234
203	241
203	254
203	267
203	270
203	276
203	291
203	292
203	297
203	483
203	529
203	684
204	209
204	212
204	215
204	216
204	220
204	222
204	250
204	260
204	278
204	284
204	286
204	293
204	296
204	547
205	208
205	218
205	223
205	233
205	236
205	239
205	248
205	251
205	269
205	277
205	281
205	283
205	295
205	618
205	661
205	908
205	977
206	215
206	224
206	225
206	226
206	230
206	232
206	252
206	254
206	257
206	265
206	272
206	283
206	339
206	415
206	478
206	576
206	603
206	639
206	780
207	211
207	216
207	220
207	230
207	231
207	239
207	245
207	248
207	252
207	259
207	282
207	285
207	293
207	296
207	298
207	776
208	209
208	211
208	245
208	265
208	271
208	297
208	552
208	818
208	827
209	228
209	231
209	239
209	240
209	256
209	257
209	258
209	262
209	270
209	299
209	978
210	221
210	237
210	238
210	239
210	245
210	246
210	255
210	263
210	288
210	298
210	598
210	701
210	764
210	799
210	823
210	955
210	993
211	218
211	219
211	221
211	229
211	237
211	238
211	286
211	288
211	399
211	680
211	741
212	224
212	227
212	229
212	241
212	243
212	250
212	254
212	256
212	266
212	268
212	274
212	278
212	293
212	294
212	296
212	299
212	611
212	814
212	823
213	227
213	228
213	233
213	234
213	239
213	241
213	244
213	249
213	251
213	271
213	279
213	281
214	219
214	223
214	228
214	250
214	259
214	261
214	263
214	283
214	288
214	298
214	470
214	688
214	693
214	695
215	223
215	231
215	235
215	239
215	240
215	242
215	247
215	263
215	268
215	270
215	280
215	283
215	289
215	291
215	292
215	299
215	303
215	403
215	586
215	885
215	916
216	219
216	228
216	231
216	236
216	256
216	261
216	269
216	281
216	284
216	299
216	552
216	662
216	727
217	222
217	225
217	227
217	230
217	232
217	236
217	241
217	269
217	276
217	285
217	290
217	342
217	515
217	650
217	664
217	758
217	902
217	985
218	225
218	227
218	230
218	232
218	238
218	253
218	256
218	258
218	276
218	281
218	289
218	290
218	299
218	301
218	315
218	520
218	696
218	819
219	231
219	243
219	253
219	254
219	259
219	266
219	278
219	290
219	319
219	581
219	591
219	622
219	681
219	714
219	930
220	225
220	229
220	230
220	244
220	245
220	256
220	264
220	268
220	284
220	289
220	299
220	917
221	227
221	231
221	233
221	245
221	255
221	259
221	275
221	289
221	290
221	291
221	293
221	295
221	428
221	673
221	744
221	837
221	939
222	225
222	226
222	255
222	257
222	271
222	272
222	281
222	289
222	475
222	543
222	612
222	649
223	224
223	226
223	227
223	240
223	242
223	256
223	259
223	281
223	282
223	294
223	628
223	659
223	883
223	934
223	963
224	226
224	232
224	237
224	240
224	250
224	269
224	276
224	293
224	295
224	296
224	494
224	527
224	653
224	791
224	832
224	863
224	969
225	239
225	243
225	244
225	261
225	267
225	270
225	281
225	282
225	283
225	286
225	469
225	496
225	549
225	560
225	639
225	888
225	904
226	227
226	231
226	233
226	237
226	239
226	245
226	247
226	250
226	251
226	254
226	255
226	259
226	265
226	269
226	270
226	295
226	296
226	632
226	670
226	822
227	234
227	236
227	243
227	246
227	264
227	272
227	276
227	277
227	286
227	287
227	295
227	339
227	470
227	501
227	689
227	725
227	922
228	258
228	259
228	272
228	275
228	280
228	283
228	285
228	286
228	288
228	453
228	697
228	750
228	783
229	240
229	241
229	251
229	269
229	271
229	274
229	290
229	293
229	324
229	331
229	460
229	623
230	234
230	249
230	251
230	255
230	264
230	266
230	268
230	274
230	276
230	284
230	289
230	588
230	803
231	232
231	235
231	244
231	245
231	247
231	251
231	269
231	270
231	276
231	290
231	295
231	299
231	365
231	394
231	483
231	598
231	846
231	973
231	981
232	235
232	237
232	239
232	248
232	251
232	260
232	261
232	263
232	269
232	273
232	281
232	285
232	290
232	415
232	626
232	744
233	241
233	245
233	249
233	255
233	256
233	261
233	266
233	279
233	282
233	287
233	288
233	294
233	295
233	485
233	771
233	834
233	865
233	884
234	251
234	256
234	260
234	265
234	271
234	272
234	277
234	281
234	291
234	293
234	350
234	528
234	650
234	673
234	694
234	699
234	900
234	978
235	237
235	239
235	252
235	276
235	277
235	281
235	286
235	287
235	288
235	291
235	435
235	457
235	602
235	649
235	948
236	236
236	243
236	254
236	265
236	266
236	296
236	594
236	751
236	985
237	247
237	263
237	268
237	272
237	275
237	289
237	291
237	293
237	340
237	641
237	906
238	246
238	254
238	260
238	274
238	299
238	317
238	443
238	468
238	982
239	239
239	240
239	244
239	248
239	261
239	266
239	276
239	281
239	293
239	359
239	459
239	771
239	913
239	915
240	248
240	263
240	271
240	277
240	292
240	293
240	305
240	370
240	401
240	453
240	566
240	756
241	243
241	245
241	249
241	255
241	259
241	260
241	267
241	274
241	280
241	401
241	633
241	762
241	770
241	943
242	252
242	260
242	268
242	278
242	288
242	290
242	473
242	584
242	618
242	923
243	256
243	258
243	259
243	264
243	274
243	276
243	280
243	289
243	297
243	298
243	413
243	518
243	632
243	667
243	719
243	966
244	255
244	263
244	287
244	288
244	289
244	290
244	295
244	298
244	362
244	398
244	402
244	640
244	823
244	880
245	249
245	266
245	268
245	269
245	288
245	290
245	321
245	458
245	833
246	251
246	256
246	265
246	268
246	271
246	272
246	280
246	284
246	295
246	296
246	559
246	624
246	667
246	801
246	810
246	978
246	982
246	993
247	263
247	264
247	269
247	278
247	288
247	297
247	388
247	670
248	255
248	260
248	273
248	275
248	276
248	280
248	282
248	283
248	284
248	288
248	296
248	347
248	416
248	419
248	566
248	767
249	258
249	261
249	277
249	282
249	283
249	287
249	288
249	293
249	548
249	628
249	825
249	982
250	252
250	257
250	261
250	278
250	281
250	284
250	287
250	288
250	479
250	701
250	766
250	945
250	950
251	263
251	272
251	274
251	285
251	296
251	353
251	503
251	616
251	635
252	252
252	257
252	272
252	276
252	282
252	284
252	291
252	293
252	418
252	576
252	821
252	988
253	263
253	267
253	269
253	287
253	293
253	299
253	392
253	626
253	631
253	808
254	274
254	292
254	486
254	513
254	742
254	761
254	912
255	258
255	262
255	269
255	292
255	295
255	644
256	262
256	266
256	274
256	277
256	278
256	289
256	292
256	294
256	299
256	450
256	557
257	261
257	268
257	273
257	284
257	286
257	288
257	338
257	517
257	767
257	919
257	965
258	262
258	293
258	300
258	404
258	458
258	696
258	798
258	803
258	942
258	989
259	270
259	289
259	448
259	706
259	961
260	269
260	270
260	273
260	275
260	401
260	756
260	803
260	891
260	957
261	275
261	278
261	283
261	289
261	297
261	299
261	367
261	488
261	516
261	860
262	271
262	273
262	281
262	289
262	293
262	411
262	614
262	678
262	693
262	710
262	879
262	890
262	953
263	281
263	285
263	286
263	291
263	292
263	294
263	296
263	388
263	410
263	447
263	987
264	267
264	272
264	273
264	285
264	451
264	792
265	270
265	280
265	291
265	292
265	294
265	295
266	267
266	277
266	287
266	297
266	367
266	546
266	606
266	748
266	864
267	273
267	279
267	295
267	298
267	312
267	613
267	622
267	821
268	268
268	273
268	281
268	282
268	288
268	290
268	293
268	375
268	386
268	422
268	865
269	281
269	288
269	294
269	443
269	523
269	764
269	936
270	282
270	809
270	991
271	275
271	279
271	284
271	296
271	298
271	417
271	739
271	943
272	277
272	282
272	284
272	285
272	293
272	294
272	298
272	504
272	522
272	637
272	937
272	976
273	293
273	297
273	636
273	715
273	788
273	831
273	846
273	918
274	279
274	282
274	297
274	298
274	380
274	464
274	612
275	278
275	283
275	288
275	293
275	372
275	402
275	493
275	904
275	978
276	285
276	288
276	290
276	298
276	397
276	457
276	507
276	627
276	837
276	870
277	284
277	292
277	499
277	508
277	659
277	735
277	752
278	295
278	297
278	301
278	626
278	871
278	880
278	912
278	955
278	985
279	283
279	286
279	360
279	429
279	821
279	944
280	281
280	282
280	284
280	291
280	297
280	794
280	938
281	287
281	288
281	289
281	297
281	299
281	328
281	467
281	482
281	641
281	688
281	782
281	787
281	795
282	334
282	489
282	571
282	698
282	742
282	907
283	290
283	307
283	362
283	383
283	515
283	738
283	789
283	892
284	293
284	661
284	814
285	299
285	463
285	567
285	663
285	795
285	819
285	954
286	288
286	316
286	384
286	471
286	682
286	998
287	291
287	483
287	556
287	737
287	759
287	824
287	924
288	310
288	335
288	434
288	483
288	586
288	736
288	753
288	764
288	882
289	291
289	677
289	721
289	835
289	998
290	294
290	295
290	606
290	630
290	641
290	782
290	843
290	953
291	329
291	561
291	590
291	763
292	296
292	297
292	383
292	506
292	589
292	609
292	665
292	709
293	297
293	407
293	413
293	654
293	706
293	865
293	886
293	970
294	298
294	307
294	402
294	587
294	715
294	728
295	310
295	342
295	446
295	566
295	719
295	812
295	829
296	340
296	525
296	577
296	650
296	723
296	733
296	801
296	850
296	931
297	305
297	432
297	475
297	804
297	813
298	355
298	399
298	407
298	500
298	752
298	947
300	300
300	308
300	319
300	325
300	347
300	350
300	354
300	356
300	365
300	370
300	376
300	386
300	739
300	822
300	924
301	309
301	318
301	320
301	326
301	330
301	336
301	339
301	345
301	347
301	349
301	350
301	354
301	357
301	361
301	364
301	370
301	374
301	378
301	382
301	384
301	386
301	388
301	391
301	399
301	424
301	554
301	923
301	945
302	305
302	308
302	313
302	340
302	343
302	356
302	362
302	376
302	381
302	384
302	385
302	386
302	390
302	425
302	461
302	608
302	979
303	311
303	319
303	330
303	336
303	337
303	338
303	347
303	355
303	359
303	365
303	375
303	379
303	381
303	386
303	387
303	393
303	638
303	783
304	311
304	312
304	335
304	337
304	351
304	355
304	356
304	361
304	377
304	378
304	463
304	518
305	319
305	334
305	342
305	351
305	356
305	373
305	393
305	394
305	399
305	498
305	621
305	981
306	309
306	329
306	330
306	337
306	342
306	349
306	354
306	362
306	364
306	383
306	393
306	406
306	486
306	596
306	673
306	952
307	312
307	316
307	329
307	333
307	340
307	342
307	348
307	395
307	431
307	630
307	663
307	803
308	311
308	314
308	323
308	327
308	333
308	335
308	345
308	348
308	362
308	365
308	368
308	388
308	391
308	631
308	738
309	335
309	369
309	377
309	379
309	380
309	384
309	396
309	802
309	817
309	842
310	317
310	323
310	325
310	332
310	348
310	351
310	355
310	363
310	378
310	380
310	396
310	397
311	322
311	330
311	334
311	341
311	344
311	348
311	351
311	355
311	366
311	370
311	382
311	384
311	397
311	424
311	697
311	769
311	789
311	840
311	903
312	325
312	342
312	370
312	377
312	393
312	395
312	638
312	999
313	316
313	320
313	333
313	334
313	339
313	349
313	377
313	434
313	744
313	918
314	316
314	327
314	333
314	337
314	350
314	355
314	363
314	368
314	370
314	371
314	375
314	381
314	383
314	388
314	394
314	441
314	452
314	521
314	636
314	912
315	327
315	330
315	333
315	347
315	362
315	365
315	366
315	368
315	369
315	376
315	407
315	685
315	733
315	846
316	325
316	343
316	346
316	347
316	352
316	354
316	365
316	378
316	385
316	399
316	547
316	578
316	630
317	323
317	326
317	329
317	341
317	344
317	347
317	364
317	367
317	376
317	381
317	385
317	387
317	398
317	546
318	321
318	330
318	364
318	368
318	369
318	373
318	387
318	392
318	433
318	455
318	573
318	586
318	720
318	878
318	888
318	905
318	999
319	324
319	337
319	344
319	354
319	361
319	368
319	371
319	376
319	384
319	586
319	725
319	966
319	985
320	337
320	340
320	348
320	350
320	356
320	359
320	361
320	374
320	376
320	378
320	384
320	392
320	398
320	600
321	324
321	327
321	331
321	332
321	336
321	343
321	354
321	358
321	371
321	399
321	552
322	323
322	326
322	333
322	335
322	352
322	365
322	368
322	372
322	383
322	387
322	484
323	325
323	330
323	339
323	344
323	356
323	379
323	391
323	395
323	439
323	451
323	699
324	326
324	329
324	337
324	339
324	352
324	356
324	363
324	367
324	369
324	371
324	373
324	399
324	457
324	491
324	611
324	664
324	970
325	326
325	331
325	344
325	348
325	352
325	357
325	359
325	360
325	363
325	385
325	560
325	581
325	756
326	327
326	339
326	342
326	355
326	357
326	364
326	365
326	371
326	386
326	388
326	875
326	984
327	327
327	328
327	346
327	347
327	351
327	362
327	399
327	440
327	614
327	732
328	333
328	356
328	369
328	370
328	371
328	387
328	392
328	663
328	750
328	753
328	828
328	954
329	334
329	366
329	368
329	369
329	614
329	999
330	334
330	341
330	346
330	347
330	348
330	355
330	356
330	357
330	401
330	587
330	617
330	666
331	344
331	345
331	363
331	367
331	371
331	373
331	377
331	380
331	710
332	338
332	344
332	348
332	354
332	364
332	366
332	374
332	381
332	386
332	388
332	390
332	394
332	436
332	545
332	811
332	900
333	334
333	340
333	341
333	363
333	365
333	366
333	378
333	383
333	390
333	395
333	783
333	788
334	338
334	346
334	347
334	350
334	367
334	388
334	393
334	399
334	450
334	977
335	336
335	342
335	374
335	377
335	390
335	392
335	498
335	503
335	538
335	594
335	675
335	877
336	337
336	341
336	348
336	369
336	375
336	379
336	384
336	387
336	391
336	392
336	437
337	338
337	351
337	367
337	390
337	391
337	396
337	601
337	608
337	737
337	897
338	340
338	352
338	357
338	379
338	380
338	384
338	391
338	398
338	537
338	578
338	597
338	701
338	860
339	359
339	371
339	379
339	387
339	394
339	396
339	398
339	541
339	667
339	682
339	740
339	771
340	340
340	342
340	349
340	361
340	367
340	375
340	383
340	385
340	393
340	436
341	341
341	343
341	351
341	353
341	359
341	361
341	364
341	375
341	376
341	379
341	383
341	413
341	682
341	724
341	851
341	998
342	346
342	347
342	352
342	365
342	371
342	373
342	379
342	383
342	388
342	396
342	438
342	444
342	630
343	344
343	347
343	355
343	356
343	365
343	369
343	417
343	612
343	921
344	348
344	349
344	355
344	356
344	372
344	375
344	377
344	386
344	395
344	470
344	667
344	719
344	829
344	917
344	929
345	356
345	383
345	391
345	395
345	415
345	639
345	855
346	349
346	359
346	361
346	371
346	378
346	380
346	382
346	383
346	387
346	389
346	395
346	573
346	929
347	362
347	371
347	373
347	376
347	381
347	382
347	386
347	954
348	352
348	354
348	370
348	375
348	376
348	377
348	392
348	393
348	394
348	492
348	496
348	500
348	522
348	841
348	844
349	358
349	366
349	371
349	377
349	391
349	393
349	444
349	492
349	621
349	658
349	667
349	720
350	351
350	355
350	358
350	364
350	366
350	376
350	577
350	599
350	618
350	651
350	794
350	840
351	381
351	382
351	383
351	394
351	424
351	516
351	993
352	371
352	375
352	382
352	383
352	391
352	394
352	410
352	688
353	354
353	360
353	375
353	378
353	396
353	590
353	613
353	796
353	899
353	911
354	361
354	369
354	373
354	382
354	384
354	391
354	757
354	881
355	355
355	367
355	381
355	386
355	395
355	533
355	583
355	655
355	683
356	361
356	371
356	372
356	391
356	398
356	425
356	508
356	574
356	592
356	662
356	833
356	850
357	368
357	371
357	376
357	378
357	391
357	468
357	753
358	360
358	365
358	370
358	374
358	376
358	377
358	385
358	394
358	514
358	621
358	775
358	856
358	923
358	961
359	369
359	379
359	384
359	393
359	394
359	396
359	398
359	913
359	952
359	993
360	360
360	372
360	380
360	396
360	414
360	465
360	753
361	397
361	655
361	775
361	985
362	365
362	372
362	375
362	376
362	378
362	379
362	382
362	384
362	396
362	431
362	436
362	622
362	632
362	823
363	364
363	369
363	371
363	378
363	384
363	398
363	595
363	638
363	863
364	368
364	373
364	384
364	548
364	636
364	746
364	990
365	370
365	373
365	378
365	379
365	389
365	390
365	391
365	393
365	397
365	504
365	780
366	368
366	373
366	382
366	397
366	525
366	906
366	922
367	371
367	376
367	378
367	384
367	388
367	397
367	545
367	875
367	990
368	371
368	375
368	391
368	398
368	627
368	640
368	650
368	715
368	747
368	793
368	945
369	382
369	384
369	396
369	408
369	949
370	376
370	386
370	387
370	392
370	394
370	494
370	575
370	742
370	886
370	994
371	380
371	382
371	384
371	394
371	801
371	844
371	897
372	373
372	377
372	378
372	389
372	396
372	476
372	797
372	981
373	377
373	388
373	679
373	693
373	758
373	904
374	380
374	381
374	382
374	388
374	391
374	394
374	706
375	392
375	393
375	396
375	397
375	507
375	513
375	600
375	646
375	753
375	814
375	827
376	383
376	384
376	395
376	405
376	456
376	526
377	382
377	397
377	398
377	556
377	666
377	676
377	719
377	994
378	383
378	395
378	676
378	885
379	380
379	385
379	386
379	394
379	399
379	571
379	594
379	792
380	382
380	517
380	554
380	623
381	393
381	532
381	767
382	394
382	472
382	508
382	670
382	902
382	907
382	961
383	384
383	388
383	391
383	393
383	396
383	414
383	554
383	675
383	804
383	890
383	896
384	385
384	386
384	395
384	498
384	499
384	509
384	511
384	527
384	677
385	394
385	614
385	627
385	923
385	959
386	388
386	422
386	544
386	673
386	914
387	392
387	395
387	398
387	766
387	985
388	395
388	396
388	622
389	396
389	576
389	598
389	603
389	657
389	674
389	986
390	397
390	399
390	470
390	501
390	548
390	592
391	394
391	397
391	399
391	498
391	548
391	747
391	769
391	957
392	620
392	652
392	719
393	406
393	498
393	600
393	657
393	720
394	639
394	653
394	679
394	872
395	422
395	588
395	768
395	884
395	941
396	398
396	446
396	656
396	736
397	432
397	550
398	516
398	517
398	541
398	655
399	486
399	532
399	699
399	954
399	980
400	401
400	404
400	410
400	414
400	421
400	422
400	429
400	430
400	444
400	451
400	457
400	464
400	465
400	467
400	470
400	471
400	486
400	499
400	659
400	665
400	807
400	826
401	403
401	405
401	418
401	420
401	422
401	432
401	466
401	475
401	486
401	493
401	496
401	669
401	952
402	403
402	409
402	412
402	415
402	423
402	427
402	461
402	465
402	467
402	468
402	480
402	580
402	581
402	784
402	820
402	845
402	991
403	410
403	414
403	417
403	425
403	432
403	443
403	455
403	471
403	479
403	482
403	492
403	495
403	498
403	609
403	858
403	870
403	886
403	994
404	428
404	429
404	433
404	438
404	444
404	450
404	455
404	462
404	468
404	490
404	491
404	494
404	636
404	646
404	907
405	406
405	408
405	409
405	414
405	416
405	421
405	430
405	433
405	445
405	455
405	460
405	473
405	483
405	492
405	519
405	612
405	780
405	834
406	410
406	415
406	417
406	419
406	440
406	459
406	461
406	466
406	473
406	560
406	586
406	701
406	762
406	863
406	922
406	986
407	418
407	419
407	426
407	433
407	438
407	443
407	451
407	473
407	477
407	485
407	487
407	488
407	489
407	494
407	495
407	573
407	581
407	732
407	832
407	962
408	411
408	420
408	429
408	431
408	435
408	436
408	437
408	440
408	451
408	461
408	482
408	486
408	490
408	571
408	669
408	778
408	941
409	425
409	429
409	430
409	434
409	443
409	459
409	463
409	464
409	472
409	485
409	487
409	496
410	414
410	421
410	424
410	429
410	436
410	437
410	443
410	453
410	457
410	463
410	465
410	466
410	472
410	483
410	486
410	573
410	764
410	931
411	416
411	420
411	425
411	427
411	463
411	469
411	471
411	478
411	483
411	486
411	491
411	599
411	698
412	432
412	434
412	448
412	460
412	465
412	473
412	479
412	481
412	483
412	598
412	631
412	711
412	775
412	912
413	415
413	419
413	424
413	428
413	431
413	436
413	437
413	439
413	440
413	463
413	471
413	487
413	490
413	491
413	493
413	545
413	822
414	416
414	417
414	419
414	432
414	433
414	434
414	437
414	461
414	469
414	470
414	473
414	480
414	497
415	416
415	421
415	422
415	427
415	441
415	449
415	465
415	467
415	475
415	487
415	492
415	517
416	425
416	433
416	442
416	452
416	473
416	474
416	486
416	487
416	491
416	575
416	711
417	418
417	423
417	424
417	426
417	435
417	438
417	444
417	448
417	450
417	464
417	468
417	470
417	471
417	485
417	488
417	490
417	491
417	496
417	499
417	605
417	780
417	796
417	826
417	966
417	971
418	437
418	448
418	449
418	452
418	459
418	474
418	478
418	479
418	481
418	490
418	491
418	496
418	518
418	538
418	540
418	545
418	743
418	987
419	419
419	422
419	425
419	427
419	434
419	438
419	440
419	458
419	460
419	462
419	466
419	484
419	489
419	490
419	492
419	499
419	715
420	436
420	440
420	458
420	463
420	468
420	469
420	479
420	482
420	493
420	497
420	498
420	701
420	886
421	424
421	435
421	438
421	450
421	452
421	456
421	464
421	476
421	487
421	552
421	572
421	641
421	726
421	849
422	432
422	437
422	440
422	450
422	476
422	477
422	497
422	529
422	788
422	835
423	430
423	440
423	441
423	442
423	443
423	444
423	445
423	447
423	453
423	457
423	461
423	474
423	476
423	496
423	499
424	438
424	450
424	484
424	491
424	498
424	872
424	914
425	426
425	437
425	445
425	449
425	450
425	467
425	471
425	475
425	496
425	499
425	665
425	745
425	763
426	436
426	442
426	448
426	452
426	465
426	470
426	476
426	482
426	492
426	499
426	531
427	435
427	438
427	445
427	447
427	464
427	468
427	469
427	486
427	498
427	773
427	780
427	871
428	435
428	463
428	465
428	471
428	479
428	497
428	498
428	499
428	637
428	646
428	683
429	430
429	446
429	451
429	454
429	460
429	465
429	471
429	476
429	484
429	486
429	491
429	493
429	494
429	593
429	946
430	446
430	453
430	464
430	465
430	470
430	477
430	483
430	491
430	492
430	835
430	972
431	432
431	439
431	441
431	457
431	482
431	490
431	491
431	827
432	442
432	454
432	462
432	473
432	477
432	529
432	539
432	655
432	779
433	443
433	455
433	468
433	470
433	472
433	489
433	697
433	726
433	809
433	872
433	910
434	438
434	450
434	457
434	474
434	477
434	480
434	485
434	489
434	490
434	495
434	797
434	886
434	905
434	930
435	436
435	439
435	449
435	452
435	455
435	457
435	465
435	468
435	478
435	482
435	508
435	561
435	655
435	779
435	892
436	440
436	442
436	445
436	447
436	458
436	490
436	491
436	580
436	581
436	623
436	935
437	440
437	449
437	462
437	466
437	479
437	483
437	686
437	918
437	988
438	440
438	461
438	472
438	478
438	479
438	493
438	646
438	671
438	829
439	441
439	451
439	452
439	459
439	473
439	480
439	481
439	485
439	497
439	624
439	798
439	971
440	450
440	482
440	493
440	494
440	869
441	446
441	455
441	473
441	477
441	485
441	496
441	498
442	447
442	451
442	457
442	463
442	472
442	474
442	481
442	496
442	814
443	446
443	452
443	470
443	473
443	475
443	489
443	493
443	977
444	454
444	455
444	465
444	470
444	476
444	478
444	489
444	794
444	832
445	453
445	458
445	468
445	475
445	486
445	488
445	491
445	492
445	840
445	848
445	870
446	448
446	457
446	461
446	472
447	448
447	455
447	467
447	468
447	472
447	477
447	487
447	489
447	496
447	549
447	793
448	450
448	456
448	457
448	463
448	464
448	468
448	470
448	476
448	487
448	488
448	490
448	491
448	816
448	996
449	462
449	491
449	496
449	498
449	810
449	842
449	881
449	906
450	463
450	466
450	468
450	499
450	506
450	712
450	835
450	866
451	456
451	457
451	463
451	490
451	494
451	597
451	722
451	743
451	819
451	850
451	907
452	454
452	463
452	464
452	469
452	476
452	493
452	494
452	611
452	693
452	694
453	458
453	470
453	497
453	498
454	465
454	469
454	473
454	475
454	529
454	635
454	892
454	981
455	470
455	471
455	474
455	478
455	483
455	499
455	833
455	905
456	457
456	458
456	459
456	464
456	478
456	491
456	493
456	494
456	496
456	511
456	673
456	707
457	457
457	460
457	471
457	474
457	488
457	528
457	590
457	733
457	773
457	957
458	482
458	485
458	487
458	499
458	558
458	742
458	808
458	818
459	461
459	462
459	469
459	472
459	474
459	475
459	477
459	484
459	485
459	488
459	496
459	549
459	900
460	470
460	478
460	482
460	485
460	499
460	707
460	839
460	872
460	936
461	468
461	469
461	480
461	484
461	487
461	489
461	491
461	496
461	559
461	655
461	768
462	464
462	468
462	472
462	490
462	497
462	787
462	810
462	975
463	464
463	469
463	480
463	487
463	497
463	549
463	928
463	972
464	470
464	493
464	496
464	757
464	840
464	909
465	480
465	487
465	498
466	471
466	476
466	483
466	494
466	946
466	965
467	485
467	489
467	497
467	563
467	743
468	473
468	474
468	479
468	480
468	482
468	487
468	489
468	493
468	495
468	498
468	652
469	471
469	474
469	476
469	481
469	496
469	508
469	713
469	752
469	822
469	902
470	471
470	482
470	486
470	499
470	709
470	819
471	474
471	483
471	488
471	489
471	497
471	685
471	943
472	474
472	478
472	481
472	489
472	499
472	597
472	622
472	627
472	756
473	496
473	708
474	474
474	482
474	486
474	492
474	493
474	560
475	477
475	479
475	485
475	486
475	494
475	498
475	499
475	749
475	825
475	893
475	987
476	480
476	494
476	640
476	835
476	964
477	479
477	483
477	492
477	493
477	495
477	686
477	733
477	881
478	480
478	493
478	497
478	967
478	999
479	480
479	484
479	488
479	775
479	844
480	482
480	487
480	488
480	490
480	491
481	483
481	487
481	492
481	493
481	494
481	559
481	565
481	589
482	498
482	500
482	672
483	485
483	488
483	494
483	499
483	618
483	918
483	986
484	485
484	493
484	494
484	499
484	735
484	861
484	910
485	498
485	499
485	614
485	921
486	491
486	494
486	802
486	867
487	577
487	772
487	911
488	492
488	496
488	573
488	601
488	609
488	613
488	784
488	832
488	905
488	935
488	947
488	958
489	489
489	493
489	494
489	496
489	954
490	548
490	687
490	715
490	745
490	826
490	937
491	601
491	641
491	798
491	812
491	844
491	867
491	928
491	984
492	495
492	606
492	695
492	753
492	762
492	793
492	992
493	499
493	545
493	606
493	794
493	826
493	957
494	497
494	499
494	627
494	842
494	988
494	996
495	496
495	500
495	648
495	787
495	962
496	605
497	694
497	971
498	498
498	511
498	526
498	579
498	953
498	983
499	502
499	505
499	644
499	716
499	815
499	852
499	969
500	502
500	505
500	508
500	510
500	512
500	517
500	519
500	527
500	528
500	529
500	554
500	558
500	559
500	563
500	574
500	581
500	583
500	587
500	591
501	509
501	517
501	519
501	523
501	527
501	528
501	530
501	532
501	537
501	555
501	571
501	639
501	727
501	898
502	503
502	513
502	517
502	522
502	525
502	532
502	541
502	561
502	574
502	586
502	622
502	855
502	885
503	524
503	529
503	556
503	560
503	569
503	585
503	586
503	587
503	692
503	829
504	506
504	513
504	516
504	517
504	521
504	523
504	524
504	525
504	531
504	537
504	542
504	546
504	553
504	554
504	568
504	576
504	592
504	965
505	513
505	524
505	525
505	531
505	537
505	541
505	545
505	548
505	553
505	556
505	562
505	563
505	572
505	582
505	586
505	590
505	594
506	509
506	535
506	540
506	541
506	556
506	571
506	573
506	577
506	579
506	583
506	590
506	598
506	599
507	508
507	509
507	521
507	534
507	540
507	547
507	548
507	557
507	567
507	571
507	587
507	590
507	592
507	594
507	596
507	749
507	891
507	967
507	983
508	516
508	522
508	525
508	530
508	531
508	543
508	545
508	592
508	595
508	788
508	994
509	511
509	512
509	522
509	529
509	541
509	543
509	565
509	575
509	577
509	583
509	590
509	596
509	641
509	659
509	684
510	519
510	520
510	521
510	530
510	539
510	540
510	548
510	552
510	553
510	564
510	577
510	580
510	587
510	589
510	708
511	518
511	521
511	524
511	525
511	527
511	536
511	549
511	552
511	553
511	555
511	561
511	575
511	581
511	584
511	588
511	598
511	692
511	850
511	904
512	514
512	529
512	536
512	543
512	560
512	566
512	570
512	578
512	584
512	608
512	935
513	514
513	518
513	523
513	526
513	534
513	549
513	552
513	555
513	563
513	571
513	576
513	581
513	804
513	839
514	514
514	559
514	560
514	561
514	562
514	563
514	564
514	581
514	588
514	593
514	596
514	711
514	985
515	515
515	518
515	525
515	537
515	539
515	543
515	548
515	584
515	590
515	596
515	599
515	602
516	533
516	541
516	557
516	561
516	569
516	578
516	582
516	587
516	588
516	598
516	717
516	841
516	981
516	996
517	519
517	520
517	529
517	534
517	538
517	541
517	546
517	547
517	550
517	551
517	561
517	564
517	567
517	571
517	587
517	592
517	594
517	595
517	596
517	893
518	519
518	521
518	525
518	534
518	542
518	551
518	559
518	577
518	585
518	587
518	592
518	594
518	638
518	733
519	540
519	548
519	551
519	564
519	572
519	581
519	587
519	594
519	597
519	598
519	677
519	902
520	526
520	541
520	559
520	561
520	566
520	572
520	579
520	587
520	597
520	598
520	741
521	524
521	528
521	530
521	538
521	542
521	575
521	576
521	584
521	588
521	591
521	592
521	868
522	542
522	553
522	564
522	570
522	582
522	584
522	585
522	586
522	588
522	590
523	545
523	547
523	550
523	574
523	575
523	584
523	587
523	655
523	755
524	530
524	535
524	536
524	547
524	556
524	561
524	562
524	571
524	573
524	576
524	592
524	597
524	695
525	534
525	539
525	541
525	547
525	560
525	562
525	563
525	566
525	568
525	572
525	573
525	576
525	583
525	591
525	606
525	717
525	926
525	980
525	993
526	547
526	549
526	552
526	564
526	566
526	570
526	572
526	575
526	578
526	588
526	593
526	598
526	737
526	864
526	900
526	970
527	534
527	537
527	542
527	548
527	553
527	562
527	584
527	709
528	540
528	541
528	555
528	558
528	565
528	580
528	581
528	591
528	594
528	598
528	605
528	640
528	716
528	792
528	814
528	969
529	531
529	538
529	544
529	553
529	554
529	559
529	579
529	580
529	584
529	587
529	589
529	591
529	599
529	689
529	744
530	535
530	549
530	556
530	561
530	578
530	594
530	634
531	537
531	544
531	545
531	552
531	553
531	556
531	563
531	565
531	567
531	570
531	573
531	578
531	582
531	599
531	604
532	534
532	543
532	553
532	563
532	568
532	577
532	593
532	595
532	597
532	598
532	660
532	661
532	692
532	785
532	954
532	985
533	537
533	547
533	553
533	583
533	588
533	668
533	677
533	755
534	535
534	539
534	541
534	543
534	550
534	551
534	563
534	565
534	573
534	580
534	588
534	687
534	892
535	549
535	563
535	569
535	574
535	576
535	581
535	589
535	596
535	781
536	544
536	548
536	549
536	567
536	574
536	587
536	589
536	592
536	986
537	540
537	548
537	559
537	563
537	564
537	567
537	575
537	587
537	594
537	861
537	888
537	952
538	541
538	553
538	564
538	573
538	574
538	575
538	580
538	591
538	891
539	546
539	550
539	556
539	559
539	561
539	584
539	588
539	589
539	687
539	715
540	546
540	552
540	555
540	580
540	583
540	584
540	588
540	590
540	591
540	592
540	594
540	605
541	558
541	569
541	591
541	595
542	549
542	556
542	557
542	566
542	570
542	598
542	669
542	768
542	792
543	547
543	551
543	552
543	556
543	568
543	579
543	590
543	592
543	593
543	595
543	645
543	661
543	713
543	736
544	567
544	575
544	634
544	696
545	551
545	572
545	573
545	575
545	579
545	582
545	597
545	633
545	653
545	828
545	931
545	954
546	547
546	548
546	560
546	572
546	581
546	582
546	619
546	953
547	553
547	562
547	573
547	579
547	585
547	590
547	671
548	553
548	589
548	593
548	613
549	566
549	567
549	571
549	572
549	573
549	576
549	581
549	587
549	590
549	863
549	913
549	930
550	551
550	554
550	563
550	565
550	570
550	582
550	585
550	591
550	598
550	706
550	774
550	907
551	553
551	559
551	563
551	567
551	583
551	589
551	647
551	811
552	557
552	561
552	568
552	571
552	581
552	589
552	830
553	561
553	566
553	570
553	580
553	593
553	624
553	698
554	555
554	565
554	575
554	584
554	596
554	684
554	759
554	774
555	562
555	579
555	584
555	589
555	599
555	938
556	558
556	583
556	586
556	844
556	901
556	948
557	567
557	569
557	576
557	578
557	583
557	588
557	591
557	595
557	597
557	644
557	802
557	830
557	878
557	908
558	562
558	583
558	589
558	594
559	560
559	564
559	577
559	581
559	585
559	595
559	599
559	705
559	774
559	787
560	561
560	570
560	571
560	578
560	581
560	587
560	589
560	592
560	807
560	865
560	954
561	564
561	570
561	575
561	579
561	581
561	586
561	588
561	593
561	645
562	577
562	584
562	594
562	647
562	648
562	887
562	892
563	589
563	592
563	678
564	571
564	572
564	576
564	580
564	584
564	785
564	891
565	565
565	566
565	570
565	579
565	596
565	622
565	875
565	937
566	580
567	572
567	577
567	582
567	588
567	589
567	593
567	594
567	595
567	597
567	885
568	576
568	583
568	585
568	595
568	655
568	942
569	594
569	630
569	647
569	815
569	882
570	577
570	584
570	841
570	992
571	573
571	574
571	581
571	583
571	859
571	919
572	641
572	943
573	575
573	580
573	584
573	585
573	592
573	593
573	594
573	595
573	597
573	599
573	835
573	963
573	975
574	582
574	583
574	585
574	587
574	592
574	754
574	920
575	589
575	599
575	719
575	963
576	577
576	581
576	588
576	603
576	604
576	813
576	875
576	945
577	582
577	583
577	593
578	587
578	588
578	714
578	843
578	928
578	954
579	585
579	686
579	766
579	785
580	637
580	757
580	779
580	833
580	885
581	597
581	825
581	953
582	587
582	624
582	693
582	812
583	593
583	594
583	599
583	785
584	651
585	593
585	595
585	598
585	645
585	703
585	782
586	592
586	594
586	660
586	667
586	687
586	730
586	962
587	588
587	592
587	594
587	747
587	954
588	846
588	958
589	593
589	688
589	765
589	776
590	598
590	612
590	613
590	653
590	695
590	709
590	758
590	835
591	875
592	788
593	595
593	638
593	738
594	594
594	828
594	869
595	753
595	921
595	997
596	597
596	649
596	823
596	850
597	600
597	655
597	729
597	763
597	954
597	976
598	946
599	610
599	624
599	687
599	741
599	806
599	820
600	605
600	610
600	612
600	626
600	631
600	632
600	633
600	635
600	636
600	640
600	651
600	654
600	663
600	667
600	679
600	683
600	684
600	691
600	698
600	705
600	792
600	996
600	998
601	604
601	619
601	621
601	623
601	650
601	659
601	675
601	685
601	686
601	687
601	695
601	697
602	604
602	609
602	613
602	617
602	619
602	627
602	631
602	635
602	644
602	647
602	649
602	653
602	658
602	659
602	660
602	665
602	668
602	672
602	676
602	678
602	683
602	688
602	693
602	782
602	825
603	608
603	618
603	634
603	635
603	639
603	641
603	653
603	654
603	655
603	661
603	679
603	695
603	738
603	860
603	986
604	616
604	619
604	621
604	626
604	632
604	648
604	664
604	688
604	898
604	989
604	998
605	609
605	628
605	631
605	632
605	633
605	643
605	648
605	660
605	675
605	677
605	678
605	684
605	699
606	608
606	611
606	625
606	634
606	635
606	637
606	643
606	647
606	649
606	662
606	691
606	832
606	860
607	608
607	612
607	616
607	624
607	627
607	631
607	636
607	640
607	662
607	664
607	666
607	678
607	679
607	686
607	687
607	838
608	614
608	621
608	622
608	636
608	640
608	643
608	644
608	656
608	658
608	665
608	691
608	696
608	748
608	813
609	610
609	612
609	618
609	620
609	626
609	635
609	647
609	651
609	652
609	654
609	666
609	671
609	689
609	742
610	612
610	622
610	631
610	640
610	641
610	658
610	662
610	672
610	680
610	687
610	693
610	705
610	756
610	789
611	613
611	614
611	622
611	635
611	636
611	645
611	652
611	653
611	655
611	658
611	671
611	676
611	678
611	687
611	691
611	695
611	796
611	844
611	913
612	618
612	621
612	622
612	623
612	629
612	630
612	637
612	652
612	656
612	678
612	680
612	684
612	689
612	691
612	692
612	726
612	828
612	997
613	619
613	621
613	625
613	631
613	635
613	643
613	645
613	649
613	651
613	676
613	802
614	620
614	628
614	632
614	645
614	648
614	654
614	660
614	663
614	666
614	669
614	671
614	678
614	688
614	690
614	691
614	692
615	643
615	649
615	655
615	664
615	675
615	676
615	687
615	688
615	696
615	697
615	744
615	800
615	984
616	618
616	619
616	629
616	632
616	634
616	640
616	644
616	649
616	650
616	660
616	675
616	690
616	691
616	692
616	697
616	769
617	619
617	621
617	624
617	634
617	637
617	643
617	646
617	679
617	690
617	692
617	693
618	623
618	626
618	629
618	635
618	639
618	648
618	653
618	657
618	661
618	664
618	689
618	690
618	924
619	622
619	625
619	630
619	633
619	645
619	647
619	661
619	667
619	669
619	672
619	676
619	677
619	679
619	689
619	692
620	644
620	648
620	649
620	650
620	654
620	662
620	670
620	671
620	673
620	678
620	680
620	684
620	689
620	694
620	759
620	810
621	623
621	631
621	637
621	650
621	667
621	686
621	691
621	697
621	731
621	905
621	933
622	626
622	633
622	636
622	641
622	662
622	670
622	676
622	678
622	687
622	691
622	697
622	757
622	804
623	629
623	638
623	645
623	646
623	650
623	662
623	671
623	674
623	680
623	685
623	697
623	867
624	631
624	643
624	649
624	651
624	653
624	661
624	662
624	679
624	681
624	693
624	694
624	759
624	818
625	627
625	628
625	630
625	647
625	655
625	671
625	676
625	684
625	692
625	697
626	628
626	630
626	637
626	645
626	657
626	661
626	695
626	699
626	843
627	627
627	637
627	676
627	677
627	685
627	688
627	691
627	693
627	945
628	630
628	631
628	637
628	638
628	641
628	649
628	653
628	662
628	663
628	664
628	665
628	667
628	673
628	678
628	684
628	809
628	964
629	634
629	636
629	637
629	643
629	652
629	669
629	670
629	681
629	690
629	691
629	696
629	922
630	639
630	642
630	650
630	651
630	652
630	655
630	661
630	668
630	687
630	690
630	694
630	697
630	964
631	631
631	637
631	644
631	655
631	665
631	673
631	688
631	977
632	642
632	647
632	649
632	654
632	660
632	662
632	664
632	667
632	668
632	671
632	672
632	679
632	691
632	849
633	633
633	655
633	660
633	671
633	676
633	684
633	688
633	697
633	698
634	636
634	643
634	650
634	652
634	654
634	660
634	663
634	690
634	942
634	987
635	638
635	639
635	654
635	669
635	675
635	676
635	682
635	691
636	650
636	664
636	666
636	671
636	696
636	698
636	710
636	758
636	917
636	958
636	995
637	639
637	667
637	676
637	689
637	696
637	697
637	699
637	707
637	835
637	933
638	639
638	673
638	677
638	685
638	699
638	737
639	640
639	644
639	645
639	657
639	665
639	691
639	692
639	695
639	819
640	645
640	648
640	651
640	656
640	659
640	660
640	668
640	669
640	674
640	680
640	699
641	644
641	646
641	647
641	648
641	667
641	675
641	681
641	688
641	689
641	695
641	698
641	855
641	986
642	657
642	676
642	677
642	678
642	681
642	692
642	996
642	997
643	647
643	661
643	668
643	676
643	687
643	837
643	860
644	667
644	676
644	682
644	683
644	686
644	688
644	694
644	699
644	959
645	654
645	655
645	662
645	680
645	681
646	646
646	659
646	660
646	663
646	679
646	681
646	693
646	776
646	948
646	990
647	682
647	684
647	689
647	694
648	653
648	660
648	664
648	667
648	670
648	675
648	681
649	650
649	651
649	652
649	656
649	660
649	671
649	680
649	691
649	695
649	696
649	698
649	764
649	806
650	659
650	683
650	687
650	688
650	697
650	746
651	665
651	673
651	680
651	685
651	696
651	739
651	751
652	654
652	662
652	671
652	690
652	691
652	692
652	695
652	697
652	698
652	702
652	778
652	857
652	983
652	998
653	670
653	671
653	674
653	677
653	679
654	655
654	670
654	671
654	674
654	676
654	679
654	680
654	684
654	686
654	690
654	696
654	759
654	889
655	662
655	664
655	679
655	680
655	693
655	697
655	720
655	752
655	768
655	907
656	664
656	675
656	687
656	690
656	691
656	692
656	696
656	751
656	828
656	974
656	991
657	660
657	664
657	666
657	668
657	690
657	694
657	903
657	960
658	667
658	676
658	677
658	686
658	691
658	696
658	894
658	929
659	666
659	670
659	688
659	689
659	692
659	698
659	782
660	660
660	662
660	663
660	671
660	681
660	682
660	684
660	689
660	737
660	926
661	662
661	663
661	671
661	676
661	681
661	849
662	664
662	677
662	678
662	685
662	691
662	694
662	861
662	974
663	667
663	670
663	675
663	683
663	699
663	815
664	665
664	684
664	692
664	695
664	700
665	668
665	672
665	687
665	690
665	761
666	667
666	672
666	685
666	687
666	689
666	690
666	712
666	965
667	674
667	675
667	681
667	682
667	686
667	690
667	693
668	683
668	687
668	697
668	698
668	711
668	744
668	813
668	854
669	680
669	683
669	691
669	725
669	804
670	677
670	683
670	686
670	703
670	780
670	841
670	949
670	960
671	678
671	695
671	874
672	676
672	679
672	680
672	681
672	682
672	684
672	686
672	690
672	691
673	680
673	687
673	697
673	699
673	840
674	675
674	677
674	678
674	690
674	691
674	694
674	695
674	698
675	677
675	681
675	686
675	690
675	697
675	712
675	851
676	677
676	680
676	681
676	687
676	691
676	697
677	678
677	685
677	688
678	688
678	696
678	743
679	680
679	684
679	689
679	693
679	696
679	739
680	685
680	687
680	693
680	695
680	696
680	697
680	976
681	684
681	691
681	692
681	696
681	739
681	825
682	687
682	696
682	698
682	758
683	685
683	690
683	698
683	734
683	879
683	880
683	890
683	933
684	684
684	696
684	964
685	933
686	686
686	698
686	798
686	885
687	689
687	690
687	691
687	888
688	724
688	831
688	922
688	925
689	692
689	693
689	771
689	953
690	734
690	887
691	693
691	695
691	697
691	724
691	968
692	698
692	859
694	835
694	954
694	977
695	696
695	919
696	773
696	836
696	926
696	990
697	867
697	924
698	978
699	771
699	790
700	708
700	715
700	717
700	720
700	729
700	736
700	745
700	756
700	761
700	768
700	775
700	784
701	708
701	717
701	721
701	731
701	733
701	745
701	746
701	747
701	760
701	766
701	769
701	782
701	788
701	794
702	703
702	710
702	714
702	716
702	725
702	735
702	737
702	753
702	763
702	765
702	778
702	781
702	786
702	792
702	793
702	795
702	838
702	934
702	974
703	714
703	756
703	765
703	773
703	781
703	784
703	788
703	790
703	988
704	706
704	713
704	729
704	735
704	740
704	745
704	752
704	761
704	762
704	772
704	780
704	785
704	787
704	799
705	707
705	722
705	724
705	726
705	729
705	743
705	757
705	762
705	768
705	773
705	776
705	783
705	791
705	799
705	804
705	867
705	898
705	975
706	714
706	718
706	734
706	735
706	740
706	743
706	752
706	757
706	758
706	775
706	859
706	981
707	712
707	720
707	721
707	732
707	733
707	739
707	757
707	782
707	792
707	795
707	797
707	821
707	861
707	884
707	896
708	725
708	728
708	732
708	735
708	740
708	742
708	766
708	783
708	784
708	788
708	869
708	959
709	711
709	712
709	715
709	722
709	726
709	730
709	741
709	745
709	751
709	752
709	754
709	755
709	757
709	767
709	770
709	776
709	788
709	795
710	714
710	721
710	728
710	730
710	731
710	742
710	746
710	749
710	756
710	773
710	783
710	786
710	796
710	883
710	891
710	989
711	715
711	716
711	736
711	746
711	750
711	751
711	752
711	785
711	798
712	712
712	720
712	724
712	729
712	734
712	739
712	746
712	749
712	771
712	790
712	791
713	715
713	725
713	731
713	733
713	735
713	757
713	761
713	764
713	769
713	773
713	775
713	783
713	786
713	793
714	715
714	717
714	719
714	725
714	731
714	746
714	752
714	755
714	764
714	783
714	797
714	799
714	825
714	852
715	716
715	718
715	726
715	750
715	754
715	758
715	761
715	767
715	770
715	776
715	794
716	735
716	739
716	741
716	750
716	756
716	762
716	769
716	778
716	786
716	798
716	854
717	719
717	726
717	731
717	733
717	738
717	748
717	752
717	754
717	760
717	764
717	766
717	781
717	783
717	789
717	795
717	910
718	722
718	732
718	735
718	738
718	750
718	754
718	756
718	758
718	778
719	722
719	724
719	732
719	736
719	737
719	739
719	742
719	747
719	752
719	759
719	761
719	762
719	765
719	772
719	773
719	783
719	789
719	794
719	940
720	721
720	730
720	735
720	739
720	747
720	749
720	751
720	758
720	767
720	770
720	779
720	784
720	788
720	789
720	792
720	794
720	795
720	797
720	908
721	726
721	727
721	732
721	742
721	746
721	749
721	751
721	758
721	773
721	780
721	784
721	791
721	883
721	914
722	730
722	733
722	739
722	752
722	757
722	758
722	783
722	792
722	830
723	723
723	728
723	763
723	769
723	779
723	784
723	786
723	793
723	798
723	947
724	725
724	726
724	728
724	764
724	771
724	772
724	776
724	778
724	788
724	796
724	808
725	731
725	739
725	752
725	757
725	762
725	763
725	765
725	771
725	787
725	789
725	793
725	816
725	830
726	727
726	731
726	732
726	735
726	745
726	763
726	768
726	776
726	786
726	795
727	734
727	741
727	744
727	765
727	767
727	785
727	793
727	884
728	758
728	762
728	767
728	772
728	775
728	776
728	779
728	780
728	784
728	788
728	796
728	929
729	730
729	743
729	744
729	754
729	771
729	777
729	792
729	921
729	946
729	979
730	737
730	750
730	757
730	770
730	788
730	795
730	800
730	815
730	834
730	978
731	736
731	739
731	749
731	750
731	757
731	763
731	765
731	792
731	796
731	799
731	886
731	938
732	750
732	755
732	764
732	773
732	776
732	778
732	788
732	792
732	793
732	796
733	735
733	741
733	743
733	750
733	753
733	754
733	758
733	765
733	771
733	780
733	782
733	792
733	795
733	797
733	799
733	813
733	877
733	963
734	748
734	749
734	753
734	761
734	770
734	781
734	783
734	785
734	973
735	736
735	740
735	742
735	758
735	765
735	775
735	778
735	792
736	742
736	744
736	750
736	755
736	757
736	766
736	770
736	781
736	785
736	791
736	795
736	799
737	738
737	746
737	752
737	756
737	757
737	760
737	761
737	763
737	765
737	777
737	785
737	789
737	792
737	793
737	869
737	933
738	743
738	746
738	751
738	757
738	770
738	772
738	774
738	776
738	780
738	787
738	788
738	798
739	741
739	742
739	756
739	764
739	771
739	777
739	781
739	786
739	789
739	825
739	831
739	923
739	976
739	978
740	745
740	749
740	757
740	774
740	775
740	776
740	780
740	785
740	793
740	794
740	846
740	980
741	742
741	756
741	758
741	765
741	766
741	768
741	777
741	782
741	783
741	793
741	794
741	796
742	748
742	762
742	778
742	798
742	799
743	746
743	772
743	773
743	797
743	826
743	913
744	745
744	747
744	752
744	766
744	784
744	799
744	853
745	757
745	772
745	775
745	776
745	895
746	748
746	753
746	756
746	782
746	787
746	791
746	795
746	801
747	751
747	752
747	760
747	767
747	769
747	774
747	775
747	780
747	786
747	794
747	795
747	799
748	758
748	759
748	779
748	793
748	798
748	942
749	750
749	752
749	761
749	771
749	773
749	774
749	776
750	758
750	766
750	767
750	773
750	777
750	778
750	779
750	793
750	836
751	758
751	763
751	765
751	768
751	775
751	781
751	784
751	786
751	787
751	792
751	796
751	797
752	760
752	776
752	790
752	795
752	921
753	759
753	760
753	764
753	770
753	788
753	790
753	798
754	755
754	771
754	776
754	783
754	789
754	798
755	760
755	768
755	771
755	781
755	783
755	788
755	861
756	769
756	785
756	786
756	796
756	994
757	757
757	764
757	779
757	780
757	795
758	769
758	779
758	781
758	783
758	799
758	980
759	760
759	762
759	768
759	770
759	772
759	791
759	793
759	794
759	799
760	761
760	772
760	775
760	783
760	787
760	789
760	791
760	792
760	798
760	805
761	773
761	781
761	785
761	787
761	799
761	952
762	775
762	778
762	785
762	791
762	796
763	764
763	779
763	783
763	785
763	794
763	900
764	768
764	786
765	775
765	791
765	797
765	799
765	862
765	910
765	978
766	772
766	779
766	781
766	786
766	790
766	842
767	779
767	786
767	801
767	881
767	936
768	793
768	984
768	990
769	783
769	791
769	792
770	778
770	782
770	786
770	787
770	790
770	791
770	876
770	981
771	772
771	773
771	777
771	789
771	791
772	777
772	778
772	782
772	797
772	810
772	905
772	945
772	997
773	785
773	790
773	794
773	799
773	924
773	950
773	978
774	785
774	790
774	856
774	909
774	985
775	792
775	928
776	776
776	777
776	783
776	792
776	797
776	840
777	783
777	788
777	798
777	814
777	905
777	927
778	965
779	780
779	783
779	788
779	795
779	796
779	798
779	826
780	781
780	785
780	786
780	790
780	793
780	794
780	795
780	799
780	900
781	783
781	787
781	798
782	784
782	787
782	794
782	797
783	785
783	788
783	790
783	793
783	798
785	795
785	796
786	791
786	797
787	794
787	953
787	987
788	794
788	795
789	819
790	790
790	795
790	931
791	798
791	970
792	797
793	797
794	797
794	885
795	796
795	851
796	797
799	847
800	802
800	803
800	806
800	808
800	816
800	844
800	850
800	851
800	876
800	885
800	888
800	894
801	809
801	810
801	823
801	825
801	827
801	833
801	842
801	850
801	863
801	865
801	869
801	881
801	886
801	894
802	807
802	809
802	810
802	813
802	820
802	827
802	840
802	851
802	858
802	865
802	868
802	872
802	875
802	887
802	892
803	811
803	812
803	834
803	837
803	855
803	867
803	893
803	955
804	822
804	826
804	835
804	840
804	851
804	863
804	869
804	873
804	875
804	882
804	892
804	896
805	836
805	837
805	843
805	879
805	888
805	891
806	815
806	840
806	847
806	849
806	864
806	872
806	876
806	881
806	882
806	884
806	887
806	888
806	898
807	808
807	809
807	819
807	820
807	825
807	827
807	829
807	830
807	835
807	848
807	864
807	874
807	882
807	894
807	898
808	818
808	819
808	826
808	831
808	839
808	840
808	846
808	858
808	864
808	888
809	814
809	818
809	832
809	838
809	842
809	846
809	847
809	858
809	860
809	870
809	878
809	891
810	817
810	819
810	822
810	824
810	826
810	829
810	832
810	833
810	834
810	837
810	842
810	861
810	862
810	866
810	872
810	886
810	895
810	898
811	811
811	816
811	817
811	818
811	819
811	820
811	826
811	837
811	839
811	845
811	849
811	853
811	856
811	872
811	874
811	876
811	908
811	922
811	975
812	822
812	835
812	837
812	840
812	855
812	873
812	878
812	890
812	899
813	826
813	837
813	839
813	868
813	877
813	878
813	895
813	950
814	816
814	819
814	828
814	829
814	831
814	841
814	844
814	856
814	868
814	873
814	875
814	894
814	899
815	820
815	825
815	832
815	833
815	834
815	835
815	843
815	845
815	847
815	849
815	855
815	869
815	888
815	889
815	894
815	918
816	832
816	833
816	839
816	851
816	853
816	857
816	870
816	871
816	874
816	879
816	885
816	899
816	970
817	817
817	819
817	834
817	843
817	852
817	858
817	862
817	864
817	867
817	872
817	915
818	820
818	823
818	824
818	836
818	841
818	845
818	850
818	859
818	867
818	877
818	881
818	892
818	926
819	822
819	825
819	829
819	830
819	835
819	840
819	841
819	846
819	854
819	855
819	863
819	874
819	880
819	886
819	893
819	899
820	823
820	827
820	833
820	856
821	827
821	830
821	831
821	845
821	852
821	855
821	895
821	899
821	986
822	824
822	828
822	829
822	833
822	858
822	860
822	861
822	889
822	894
822	895
822	898
822	970
822	990
823	829
823	831
823	846
823	853
823	857
823	877
823	878
823	893
823	897
823	898
823	983
824	825
824	841
824	871
824	875
824	880
824	883
824	887
824	888
824	899
825	830
825	835
825	837
825	839
825	843
825	872
825	880
825	883
825	899
826	826
826	841
826	856
826	862
826	872
826	874
826	877
826	878
826	885
826	893
826	894
826	898
826	899
827	829
827	834
827	835
827	837
827	841
827	844
827	866
827	874
827	880
827	881
827	884
827	886
827	891
827	895
827	965
828	832
828	833
828	834
828	853
828	859
828	875
828	876
828	882
828	890
829	831
829	837
829	847
829	848
829	849
829	857
829	861
829	875
829	999
830	836
830	841
830	851
830	855
830	856
830	859
830	863
830	875
830	885
831	837
831	850
831	862
831	881
832	833
832	850
832	852
832	859
832	865
832	867
832	874
832	878
832	889
832	893
832	904
833	836
833	844
833	876
833	886
833	887
833	888
833	890
833	894
834	853
834	854
834	863
834	872
834	880
835	835
835	843
835	845
835	855
835	861
835	889
835	893
836	837
836	839
836	850
836	860
836	874
836	886
836	894
836	953
837	848
837	853
837	856
837	863
837	875
837	945
837	951
838	840
838	844
838	846
838	849
838	859
838	860
838	868
838	874
838	889
838	890
838	899
839	842
839	865
839	873
839	877
839	880
839	888
839	892
839	894
839	895
839	912
839	927
840	845
840	851
840	853
840	855
840	859
840	860
840	864
840	866
840	881
840	888
840	892
840	899
841	859
841	863
841	867
841	884
841	893
841	897
841	899
841	986
842	855
842	861
842	862
842	866
842	870
842	872
842	874
842	894
842	910
843	847
843	892
843	893
844	844
844	848
844	850
844	853
844	876
844	880
844	894
844	897
844	899
844	920
844	972
845	856
845	886
845	894
846	847
846	853
846	859
846	872
846	873
846	880
846	884
846	889
846	892
846	893
847	853
847	857
847	861
847	873
847	885
847	891
847	894
847	899
847	923
847	967
848	852
848	855
848	859
848	868
848	869
848	874
848	888
848	893
848	897
849	851
849	853
849	879
849	890
849	894
850	853
850	857
850	861
850	879
850	884
850	896
850	899
851	869
851	872
851	873
851	874
851	883
851	892
851	966
852	869
852	872
853	855
853	857
853	861
853	879
853	885
854	857
854	862
854	869
854	870
854	879
854	882
854	886
854	990
855	859
855	864
855	865
855	873
855	887
855	889
855	892
855	895
855	952
856	860
856	865
856	866
856	879
856	886
856	893
857	861
857	864
857	867
857	869
857	870
857	881
857	882
857	888
857	892
857	893
857	896
858	865
858	869
858	870
858	883
858	885
858	888
858	899
859	873
859	891
859	916
860	860
860	868
860	886
860	888
860	978
861	877
861	884
861	895
861	897
861	914
862	865
862	867
862	869
862	875
862	880
862	882
862	893
863	869
863	873
863	877
863	883
863	886
863	889
864	876
864	884
864	891
864	983
865	868
865	871
865	875
865	880
865	881
865	976
866	867
866	876
866	883
866	884
866	898
867	878
867	880
867	892
867	895
867	990
868	884
868	887
868	893
868	894
869	872
869	874
869	890
870	871
870	891
870	893
870	897
871	882
871	885
871	886
872	887
873	877
873	890
873	995
874	879
874	904
875	882
875	883
875	897
875	899
875	905
876	883
876	886
876	913
877	879
877	881
877	888
877	976
878	880
878	885
878	894
878	897
879	883
879	885
879	888
879	892
879	894
879	895
880	881
881	883
881	885
881	890
881	891
882	893
882	896
882	978
883	889
883	891
883	930
884	887
884	890
884	895
885	886
885	891
885	894
886	889
886	982
887	890
887	897
887	899
889	893
889	895
890	954
891	899
891	913
891	947
891	972
893	894
894	895
894	920
894	937
897	965
899	914
900	912
900	928
900	935
900	940
900	942
900	955
900	956
900	960
900	961
900	962
900	971
900	975
900	982
900	985
900	991
901	901
901	903
901	906
901	918
901	925
901	931
901	934
901	952
901	953
901	959
901	965
901	980
901	982
901	987
902	918
902	922
902	923
902	925
902	927
902	929
902	932
902	934
902	936
902	937
902	938
902	941
902	949
902	968
902	990
902	995
902	996
903	927
903	931
903	935
903	937
903	938
903	946
903	948
903	977
903	988
903	989
903	992
903	994
903	999
904	911
904	915
904	939
904	943
904	961
904	962
904	965
904	973
904	984
904	986
904	998
905	907
905	928
905	933
905	934
905	950
905	968
905	970
905	974
905	975
905	986
905	990
905	992
906	913
906	921
906	931
906	933
906	945
906	947
906	954
906	960
906	961
906	963
906	972
906	984
906	993
906	994
906	995
906	996
907	908
907	916
907	917
907	930
907	941
907	945
907	946
907	964
907	967
907	968
907	999
908	919
908	931
908	937
908	951
908	966
908	968
908	983
908	993
908	996
909	915
909	932
909	941
909	954
909	955
909	961
909	965
909	986
909	988
909	990
909	991
909	998
910	911
910	913
910	914
910	920
910	928
910	930
910	932
910	936
910	970
910	974
910	981
910	986
910	989
911	916
911	936
911	941
911	947
911	951
911	952
911	960
911	965
911	967
911	969
911	972
911	978
911	982
911	991
912	912
912	913
912	916
912	935
912	948
912	960
912	961
912	968
912	969
912	975
912	977
912	979
912	996
912	999
913	928
913	946
913	958
913	967
913	976
913	978
913	994
913	995
914	931
914	948
914	954
914	960
914	973
914	981
914	986
914	987
914	989
914	995
914	996
914	998
915	919
915	930
915	958
915	960
915	995
916	920
916	922
916	927
916	928
916	931
916	937
916	940
916	942
916	946
916	947
916	977
916	979
916	999
917	919
917	921
917	928
917	931
917	938
917	946
917	950
917	951
917	963
917	968
917	985
917	996
918	918
918	923
918	933
918	936
918	943
918	963
918	974
918	985
918	998
919	925
919	932
919	938
919	952
919	955
919	956
919	957
919	960
919	961
919	974
919	988
919	991
920	921
920	928
920	934
920	935
920	937
920	939
920	942
920	949
920	953
920	954
920	973
920	975
920	983
920	989
921	925
921	932
921	934
921	938
921	961
921	985
922	929
922	939
922	953
922	956
922	962
922	963
922	974
922	981
922	988
922	991
923	926
923	943
923	944
923	952
923	956
923	960
923	961
923	970
923	973
923	974
923	987
923	994
923	997
923	998
924	926
924	929
924	933
924	938
924	949
924	951
924	954
924	963
924	974
924	979
924	988
924	993
924	999
925	937
925	938
925	943
925	945
925	947
925	948
925	964
925	977
925	979
925	989
925	995
926	928
926	951
926	959
926	963
926	967
926	971
926	976
926	995
927	929
927	931
927	932
927	936
927	959
927	971
927	974
927	977
927	982
928	932
928	936
928	938
928	942
928	946
928	948
928	958
928	986
928	994
928	997
929	949
929	950
929	957
929	970
929	971
929	973
929	984
930	932
930	938
930	940
930	945
930	947
930	952
930	961
930	962
930	964
930	970
930	974
930	978
930	983
930	985
930	998
931	934
931	938
931	941
931	951
931	954
931	960
931	964
931	972
931	973
931	981
931	983
931	991
931	993
931	994
931	998
932	934
932	948
932	954
932	965
932	974
932	990
932	995
932	996
933	942
933	943
933	949
933	951
933	955
933	961
933	969
933	979
933	988
933	995
934	934
934	935
934	943
934	951
934	971
934	973
934	978
934	987
934	997
935	941
935	942
935	943
935	954
935	966
935	967
935	970
935	988
935	990
936	940
936	977
936	983
936	986
936	988
936	990
936	995
937	937
937	944
937	963
937	965
937	981
937	985
937	986
937	993
938	938
938	941
938	945
938	953
938	962
938	978
938	989
938	992
939	940
939	941
939	947
939	955
939	963
939	968
939	977
940	942
940	957
940	967
940	974
940	977
940	999
941	941
941	948
941	955
941	956
941	959
941	978
941	980
941	982
941	984
941	988
941	989
942	942
942	949
942	962
942	964
942	968
942	971
942	973
942	975
942	981
942	983
942	994
942	995
942	997
943	944
943	950
943	953
943	957
943	975
943	976
943	983
943	992
944	946
944	947
944	951
944	952
944	956
944	958
944	959
944	966
944	989
944	990
945	962
945	967
945	974
945	988
945	994
946	947
946	952
946	956
946	967
946	982
946	991
946	992
947	947
947	951
947	953
947	960
947	979
947	982
947	993
947	996
948	951
948	973
948	981
948	983
948	984
948	989
949	951
949	955
949	971
950	953
950	958
950	965
950	983
951	963
951	968
951	971
951	977
951	979
951	983
951	990
951	998
952	954
952	961
952	969
952	971
952	977
952	981
952	987
952	989
952	996
953	955
953	959
953	966
953	968
953	972
953	979
953	983
953	997
954	972
954	977
954	979
954	983
954	990
954	992
954	998
955	959
955	960
955	969
956	956
956	959
956	968
956	981
956	982
956	992
956	993
956	995
956	999
957	957
957	958
957	965
957	974
957	978
957	980
957	982
957	997
958	961
958	963
959	962
959	969
959	972
959	988
959	992
960	961
960	969
960	976
961	971
961	977
961	988
961	994
961	995
961	996
962	970
962	971
962	976
962	982
962	985
962	989
963	964
963	965
963	973
963	977
963	978
963	991
963	992
965	971
965	976
965	986
966	987
966	991
966	993
967	967
967	975
967	976
967	979
967	993
968	973
968	975
968	987
968	995
969	971
969	979
969	980
969	981
969	986
969	987
969	990
969	996
969	997
969	998
969	999
970	975
970	983
970	986
970	999
971	981
971	982
971	990
971	994
971	998
972	976
972	977
972	994
973	977
973	978
973	996
974	982
974	987
974	994
975	979
975	986
975	996
976	985
976	986
976	989
976	990
976	994
976	997
976	998
977	990
977	994
977	998
978	995
978	997
978	998
979	979
979	989
979	995
979	998
980	984
980	990
980	998
981	981
981	983
981	984
981	985
981	988
981	989
982	984
984	989
985	986
985	989
987	989
987	994
987	995
987	999
988	992
988	994
988	999
989	989
989	991
989	999
990	998
991	992
991	997
992	996
992	997
993	995
993	997
998	999
