0	1
0	3
0	4
0	25
0	33
0	35
0	45
0	66
0	68
0	70
0	93
0	95
0	442
0	706
1	9
1	12
1	13
1	23
1	30
1	35
1	36
1	58
1	59
1	61
1	67
1	78
1	398
1	400
1	414
1	615
2	5
2	12
2	24
2	32
2	33
2	37
2	40
2	44
2	48
2	49
2	50
2	52
2	65
2	67
2	76
2	83
2	92
2	93
2	94
2	98
2	208
2	220
2	503
2	581
2	925
2	983
3	9
3	18
3	24
3	34
3	47
3	52
3	68
3	94
3	95
3	97
3	98
3	146
3	384
3	627
3	656
3	695
3	716
3	809
3	827
3	835
3	948
4	8
4	16
4	22
4	26
4	39
4	48
4	51
4	76
4	81
4	82
4	87
4	88
4	97
4	98
4	240
4	695
4	894
5	18
5	19
5	32
5	34
5	35
5	59
5	67
5	79
5	93
5	98
5	137
5	292
5	547
5	834
6	22
6	28
6	29
6	46
6	47
6	57
6	61
6	84
6	87
6	92
6	316
6	439
6	470
6	645
7	14
7	22
7	27
7	36
7	37
7	54
7	61
7	63
7	66
7	78
7	90
7	97
7	134
7	298
7	460
7	991
8	43
8	45
8	50
8	53
8	58
8	59
8	61
8	73
8	81
8	171
8	194
8	533
8	986
9	17
9	54
9	73
9	74
9	76
9	82
9	84
9	86
9	91
9	349
9	543
9	798
9	800
9	880
9	950
10	20
10	27
10	35
10	37
10	48
10	53
10	57
10	59
10	61
10	66
10	74
10	81
10	133
10	529
10	534
10	643
10	706
11	11
11	25
11	29
11	34
11	59
11	61
11	65
11	66
11	70
11	74
11	87
11	89
11	188
11	269
11	324
11	420
11	628
11	900
12	16
12	20
12	25
12	26
12	35
12	39
12	47
12	49
12	50
12	57
12	59
12	66
12	67
12	71
12	79
12	92
12	93
12	96
12	99
12	263
12	821
12	864
13	13
13	14
13	18
13	23
13	25
13	41
13	42
13	43
13	55
13	63
13	73
13	75
13	76
13	80
13	84
13	254
13	255
13	286
13	516
13	855
13	893
14	18
14	27
14	29
14	38
14	39
14	42
14	45
14	55
14	61
14	64
14	66
14	71
14	78
14	82
14	89
14	98
14	148
14	359
14	571
14	593
14	616
14	734
14	746
15	19
15	33
15	35
15	36
15	39
15	40
15	41
15	45
15	51
15	64
15	66
15	91
15	92
15	99
15	375
15	409
15	596
15	753
16	17
16	20
16	22
16	23
16	27
16	33
16	44
16	51
16	80
16	85
16	99
16	380
16	406
16	466
16	472
16	548
16	771
16	773
16	913
17	23
17	25
17	49
17	50
17	56
17	60
17	83
17	87
17	164
17	306
17	515
17	555
17	696
17	725
17	726
17	868
17	887
18	22
18	25
18	34
18	48
18	49
18	58
18	79
18	84
18	87
18	91
18	93
18	97
18	142
18	221
18	249
18	461
18	514
18	774
18	846
18	881
19	23
19	24
19	27
19	38
19	57
19	65
19	91
19	95
19	386
19	389
19	421
19	586
20	24
20	26
20	36
20	37
20	43
20	44
20	46
20	49
20	57
20	71
20	78
20	86
20	209
20	534
20	591
20	707
20	711
21	30
21	37
21	38
21	45
21	50
21	60
21	73
21	80
21	91
21	92
21	94
21	98
21	166
21	267
21	284
21	546
21	574
21	775
21	899
22	34
22	36
22	38
22	42
22	51
22	59
22	60
22	66
22	69
22	71
22	72
22	78
22	83
22	97
22	510
22	539
22	607
22	645
22	669
22	800
23	30
23	33
23	34
23	41
23	54
23	66
23	75
23	80
23	83
23	94
23	97
23	302
23	366
23	597
23	768
23	887
23	910
23	988
24	39
24	45
24	54
24	55
24	58
24	68
24	69
24	75
24	80
24	88
24	90
24	97
24	99
24	379
24	471
24	546
24	566
24	641
24	648
24	671
24	714
24	894
24	949
25	29
25	42
25	43
25	47
25	49
25	64
25	68
25	70
25	74
25	75
25	87
25	96
25	644
25	729
26	37
26	46
26	51
26	58
26	64
26	68
26	75
26	77
26	78
26	81
26	98
26	352
26	371
26	636
26	753
27	35
27	41
27	52
27	76
27	83
27	90
27	91
27	112
27	202
27	215
27	228
27	253
27	473
27	520
27	824
27	980
28	37
28	38
28	43
28	44
28	47
28	48
28	49
28	50
28	60
28	75
28	80
28	83
28	94
28	99
28	322
28	329
28	426
28	536
28	891
28	984
29	38
29	44
29	49
29	54
29	57
29	73
29	75
29	90
29	99
29	433
29	677
30	38
30	52
30	53
30	58
30	85
30	87
30	96
30	98
30	111
30	210
30	245
30	251
30	319
30	789
31	44
31	52
31	55
31	57
31	63
31	81
31	92
31	98
31	254
31	360
31	854
31	901
32	37
32	39
32	45
32	46
32	48
32	63
32	71
32	80
32	83
32	85
32	88
32	90
32	91
32	92
32	95
32	98
32	212
33	35
33	37
33	64
33	72
33	79
33	88
33	94
33	96
33	196
33	606
33	668
33	799
33	967
34	47
34	63
34	72
34	73
34	78
34	82
34	524
34	813
34	899
34	991
35	46
35	47
35	58
35	64
35	83
35	86
35	345
35	892
36	53
36	63
36	65
36	68
36	80
36	397
36	770
37	54
37	65
37	66
37	68
37	77
37	87
37	90
37	92
37	94
37	139
37	159
37	318
37	430
37	646
37	752
37	906
37	967
38	40
38	42
38	43
38	49
38	50
38	55
38	68
38	84
38	86
38	89
38	95
38	96
38	222
38	657
39	40
39	41
39	42
39	49
39	56
39	61
39	71
39	80
39	84
39	93
39	99
39	255
39	547
39	726
39	748
39	845
39	925
40	49
40	50
40	63
40	66
40	73
40	76
40	84
40	85
40	86
40	89
40	91
40	96
40	205
40	498
40	684
41	60
41	63
41	68
41	69
41	78
41	80
41	92
41	93
41	95
41	96
41	163
41	295
41	337
41	545
42	47
42	71
42	88
42	92
42	408
42	613
42	824
43	68
43	77
43	84
43	85
43	87
43	94
43	325
43	358
43	376
43	398
43	438
43	719
43	809
44	45
44	47
44	51
44	53
44	56
44	58
44	64
44	73
44	78
44	88
44	361
44	927
45	48
45	56
45	63
45	72
45	73
45	76
45	79
45	323
45	651
45	855
46	57
46	64
46	75
46	88
46	92
46	97
46	98
46	417
46	521
46	883
47	48
47	49
47	60
47	61
47	63
47	64
47	70
47	74
47	77
47	79
47	86
47	91
47	97
47	181
47	586
48	53
48	66
48	77
48	81
48	82
48	93
48	95
48	319
48	344
48	474
48	477
48	826
49	49
49	56
49	57
49	63
49	67
49	68
49	77
49	96
49	99
49	169
49	185
49	379
49	423
49	444
49	670
49	718
50	53
50	65
50	69
50	88
50	90
50	93
50	98
50	259
50	309
50	438
50	709
50	769
51	53
51	55
51	67
51	68
51	72
51	74
51	80
51	84
51	88
51	94
51	95
51	97
51	98
51	145
51	210
51	224
51	378
51	420
51	665
51	714
51	786
51	814
51	976
52	56
52	59
52	63
52	75
52	78
52	84
52	85
52	91
52	97
52	290
52	430
52	522
52	536
52	581
52	872
53	65
53	70
53	151
53	336
53	490
54	57
54	65
54	76
54	77
54	84
54	90
54	93
54	95
54	196
54	228
54	664
54	905
55	55
55	62
55	67
55	68
55	73
55	78
55	81
55	83
55	87
55	96
55	169
55	176
55	282
55	294
55	329
55	354
55	357
55	459
55	779
55	962
56	71
56	82
56	87
56	97
56	307
56	445
56	538
56	651
56	790
57	71
57	77
57	80
57	81
57	84
57	90
57	92
57	99
57	138
57	253
57	316
57	431
57	642
57	774
58	60
58	61
58	69
58	79
58	84
58	89
58	202
58	582
58	620
58	900
59	65
59	71
59	73
59	74
59	89
59	90
59	272
59	327
59	546
59	864
60	77
60	82
60	84
60	92
60	282
60	373
60	557
60	602
60	603
60	610
60	768
60	812
60	927
60	954
61	73
61	74
61	76
61	83
61	357
61	569
61	575
61	641
61	692
61	775
62	73
62	231
62	332
62	410
62	547
62	581
62	761
63	68
63	70
63	80
63	90
63	130
63	178
63	297
63	494
63	642
63	702
63	714
63	796
63	864
64	65
64	67
64	72
64	87
64	90
64	92
64	131
64	158
64	236
64	394
64	568
64	834
65	66
65	70
65	84
65	85
65	95
65	128
65	378
65	405
65	440
65	550
65	787
66	67
66	69
66	81
66	86
66	95
66	96
66	99
66	226
66	348
66	439
66	462
66	475
66	590
66	645
66	910
66	963
67	73
67	76
67	90
67	300
67	396
67	738
67	798
68	85
68	99
68	416
68	625
68	894
69	71
69	72
69	76
69	80
69	82
69	330
69	426
69	613
69	761
69	948
70	78
70	83
70	84
70	85
70	90
70	91
70	93
70	195
71	73
71	81
71	91
71	93
71	94
71	98
71	262
71	367
71	712
71	804
71	999
72	75
72	83
72	86
72	88
72	91
72	222
72	828
72	831
72	893
72	945
73	78
73	83
73	89
73	171
73	259
73	556
73	679
74	75
74	77
74	79
74	80
74	82
74	84
74	92
74	143
74	419
74	432
74	449
74	520
74	615
74	721
74	772
74	913
74	931
75	76
75	79
75	95
75	384
75	469
75	489
75	494
75	564
75	811
75	865
76	77
76	94
76	95
76	207
76	345
76	432
76	592
76	618
76	941
77	81
77	301
77	360
77	904
78	84
78	206
78	351
78	379
78	572
78	596
78	653
78	922
78	999
79	80
79	90
79	97
79	224
79	459
79	485
79	639
79	824
79	927
80	88
80	90
80	94
80	227
80	658
80	809
81	82
81	96
81	98
81	199
81	304
81	409
81	428
81	477
81	478
82	85
82	86
82	91
82	99
82	249
82	352
82	555
82	580
82	923
83	83
83	98
83	188
83	212
83	282
83	553
83	753
83	931
83	944
84	85
84	88
84	94
84	107
84	196
84	538
84	653
84	795
84	895
84	927
85	98
85	297
85	316
85	430
85	529
85	910
86	97
86	194
86	319
86	466
86	727
86	781
86	826
86	853
86	990
87	92
87	94
87	269
87	400
87	419
87	449
87	582
87	591
87	617
87	642
87	764
87	937
88	540
88	682
88	759
88	849
89	96
89	97
89	530
89	619
90	98
90	137
90	223
90	257
90	357
90	424
90	827
91	93
91	392
91	411
91	658
91	699
91	731
91	757
92	99
92	265
92	317
92	420
92	693
92	745
92	848
92	928
92	968
93	95
93	592
93	665
93	676
93	719
93	730
93	951
93	971
93	989
93	991
94	145
94	318
94	524
94	538
94	616
94	889
94	943
95	99
95	193
95	334
95	870
95	905
95	930
96	97
96	99
96	442
96	830
97	151
97	313
97	546
97	627
97	727
98	127
98	225
98	270
98	302
98	590
98	767
98	799
98	838
98	873
99	288
99	516
99	528
99	728
100	101
100	106
100	110
100	116
100	131
100	134
100	145
100	155
100	158
100	159
100	164
100	182
100	187
100	198
100	615
100	728
100	761
100	944
101	120
101	122
101	126
101	134
101	143
101	159
101	171
101	186
101	188
101	195
101	399
101	639
101	958
101	969
102	107
102	113
102	126
102	138
102	167
102	179
102	191
102	192
102	197
102	214
102	226
102	310
102	424
102	495
102	577
102	625
102	827
102	933
103	106
103	109
103	112
103	119
103	131
103	133
103	135
103	145
103	148
103	156
103	159
103	169
103	175
103	189
103	190
103	496
104	105
104	106
104	115
104	121
104	130
104	140
104	142
104	147
104	152
104	153
104	164
104	184
104	189
104	190
104	197
104	222
104	274
104	466
104	702
104	743
104	885
104	956
104	959
105	122
105	142
105	154
105	156
105	164
105	166
105	177
105	186
105	193
105	419
105	470
105	568
106	111
106	129
106	140
106	148
106	159
106	160
106	169
106	170
106	189
106	192
106	194
106	197
106	198
106	277
106	593
107	114
107	120
107	127
107	129
107	151
107	163
107	169
107	181
107	182
107	186
107	199
107	237
107	242
107	352
107	585
107	792
108	115
108	127
108	142
108	147
108	148
108	156
108	157
108	171
108	181
108	188
108	330
108	391
108	637
108	703
109	114
109	118
109	126
109	132
109	133
109	136
109	139
109	160
109	161
109	168
109	180
109	190
109	192
109	195
109	198
109	280
109	597
109	765
109	841
109	998
110	120
110	123
110	126
110	139
110	141
110	150
110	161
110	162
110	173
110	179
110	183
110	185
110	265
110	874
111	131
111	136
111	142
111	144
111	148
111	158
111	159
111	162
111	163
111	166
111	169
111	170
111	178
111	187
111	193
111	197
111	199
111	324
111	372
111	528
111	690
111	885
112	117
112	126
112	128
112	137
112	147
112	149
112	157
112	162
112	166
112	171
112	173
112	174
112	175
112	189
112	408
112	974
113	144
113	152
113	181
113	184
113	192
113	199
113	365
113	425
113	528
113	742
113	800
113	827
114	118
114	121
114	132
114	136
114	138
114	156
114	161
114	195
114	198
114	507
114	508
114	694
114	944
115	127
115	136
115	146
115	170
115	172
115	173
115	188
115	210
115	351
115	423
115	454
115	633
115	710
115	901
116	124
116	127
116	133
116	136
116	139
116	141
116	154
116	158
116	172
116	181
116	184
116	190
116	195
116	293
116	321
116	421
116	543
116	599
116	675
116	833
117	133
117	140
117	144
117	150
117	160
117	169
117	179
117	183
117	259
117	480
117	518
117	540
117	800
118	119
118	149
118	175
118	176
118	196
118	291
118	306
118	331
118	351
118	498
118	697
118	740
118	821
118	843
118	987
119	124
119	126
119	129
119	154
119	157
119	175
119	189
119	195
119	342
119	619
119	655
120	122
120	123
120	125
120	126
120	127
120	149
120	181
120	184
120	197
120	216
120	444
120	585
120	812
120	878
120	879
120	965
121	131
121	137
121	151
121	156
121	161
121	176
121	177
122	134
122	135
122	141
122	142
122	145
122	147
122	160
122	201
122	369
122	532
122	664
122	738
123	140
123	142
123	146
123	149
123	158
123	160
123	170
123	185
123	188
123	189
123	197
123	371
123	460
123	585
123	728
123	746
123	797
124	129
124	130
124	144
124	146
124	154
124	166
124	184
124	192
124	194
124	195
124	335
124	405
124	573
124	640
124	885
124	968
125	128
125	132
125	135
125	136
125	141
125	148
125	151
125	154
125	156
125	165
125	180
125	185
125	188
125	189
125	194
125	195
125	375
125	502
125	523
125	784
125	961
126	130
126	136
126	155
126	167
126	168
126	169
126	171
126	173
126	177
126	186
126	321
126	362
126	373
126	520
126	700
126	884
127	128
127	136
127	139
127	140
127	146
127	147
127	155
127	165
127	172
127	173
127	184
127	186
127	194
127	197
127	248
127	343
127	448
127	642
127	971
127	975
128	139
128	148
128	150
128	155
128	159
128	164
128	167
128	179
128	185
128	186
128	188
128	194
128	616
128	662
128	708
128	780
128	795
128	931
129	135
129	145
129	146
129	153
129	165
129	176
129	179
129	180
129	196
129	199
129	277
129	376
129	403
129	419
129	456
129	622
129	637
129	834
130	134
130	140
130	141
130	146
130	154
130	155
130	162
130	164
130	165
130	169
130	174
130	176
130	182
130	183
130	185
130	532
130	594
130	624
130	782
130	833
130	904
131	140
131	150
131	151
131	152
131	156
131	162
131	164
131	171
131	183
131	186
131	195
131	197
131	262
131	390
131	540
131	728
131	766
131	962
132	139
132	140
132	147
132	148
132	151
132	156
132	163
132	181
132	190
132	195
132	450
132	657
132	770
132	782
133	141
133	144
133	148
133	151
133	157
133	163
133	165
133	181
133	182
133	185
133	190
133	199
133	318
133	536
133	856
133	863
134	137
134	152
134	154
134	163
134	167
134	180
134	184
134	185
134	194
134	198
134	357
134	544
134	721
134	809
134	866
134	943
134	982
135	138
135	140
135	148
135	157
135	160
135	164
135	175
135	177
135	179
135	185
135	193
135	194
135	195
135	197
135	280
135	281
135	989
136	142
136	148
136	158
136	159
136	166
136	178
136	184
136	503
136	557
136	643
137	145
137	155
137	183
137	189
137	303
137	476
137	730
137	955
138	148
138	149
138	154
138	157
138	159
138	167
138	180
138	181
138	293
138	459
138	676
138	714
138	760
138	782
138	868
138	974
139	148
139	152
139	155
139	167
139	173
139	175
139	352
139	756
139	837
139	864
140	145
140	160
140	164
140	169
140	183
140	187
140	193
140	390
140	675
140	766
140	791
141	142
141	148
141	149
141	155
141	158
141	169
141	179
141	270
141	640
141	969
142	142
142	144
142	148
142	165
142	167
142	171
142	178
142	185
142	191
142	197
142	372
142	404
142	429
142	487
142	881
143	149
143	157
143	162
143	163
143	165
143	173
143	174
143	177
143	182
143	186
143	435
143	451
143	499
143	543
143	564
143	608
143	731
143	908
144	172
144	182
144	192
144	247
144	451
144	459
144	588
144	809
145	150
145	163
145	170
145	180
145	184
145	192
145	267
145	426
145	587
145	771
145	865
146	152
146	162
146	164
146	177
146	195
146	198
146	199
146	335
146	746
147	157
147	170
147	171
147	174
147	191
147	351
147	563
147	708
147	768
148	157
148	164
148	165
148	177
148	183
148	186
148	224
148	408
148	599
148	640
149	158
149	165
149	174
149	178
149	376
149	559
149	687
149	781
149	822
149	857
150	151
150	154
150	163
150	173
150	178
150	194
150	355
150	424
150	460
150	489
150	746
150	945
151	162
151	170
151	181
151	182
151	193
151	242
151	427
151	700
151	721
152	153
152	154
152	161
152	170
152	178
152	187
152	190
152	221
152	267
152	328
152	335
152	473
152	604
152	617
152	618
152	699
152	823
152	922
153	153
153	166
153	183
153	184
153	189
154	156
154	161
154	173
154	178
154	187
154	523
154	817
154	883
155	169
155	172
155	185
155	207
155	361
155	569
155	758
155	916
155	977
156	158
156	162
156	173
156	179
156	183
156	185
156	190
156	191
156	195
156	196
156	226
156	267
156	504
156	657
156	722
156	738
156	796
157	159
157	160
157	161
157	167
157	181
157	192
157	199
157	472
157	581
157	583
157	676
157	735
158	161
158	167
158	170
158	171
158	172
158	179
158	184
158	197
158	198
158	382
158	441
158	593
158	700
158	723
158	876
158	893
159	161
159	166
159	169
159	171
159	179
159	190
159	199
159	253
159	370
159	422
159	561
159	743
159	843
159	888
159	997
160	161
160	171
160	174
160	181
160	265
160	481
160	513
161	171
161	173
161	181
161	182
161	183
161	186
161	385
161	932
162	169
162	171
162	174
162	183
162	187
162	193
162	195
162	450
162	479
162	779
163	174
163	186
163	192
163	196
163	198
163	199
163	260
163	912
164	166
164	195
164	580
164	734
164	764
164	783
164	952
165	167
165	181
165	182
165	192
165	193
165	197
165	493
165	642
165	672
165	762
165	787
165	791
165	923
165	991
166	166
166	188
166	366
166	368
166	378
166	613
166	819
167	177
167	181
167	184
167	669
167	829
167	834
168	170
168	179
168	193
168	198
168	276
168	353
169	181
169	196
169	199
169	288
169	756
169	854
169	856
170	170
170	177
170	194
170	623
170	635
170	647
170	823
170	824
171	181
171	191
171	198
171	552
171	942
172	177
172	179
172	287
172	319
172	347
172	457
172	630
172	748
173	179
173	197
173	237
173	828
173	868
174	176
174	189
174	199
174	543
174	654
174	674
174	683
174	834
175	193
175	196
175	272
175	328
175	333
175	456
175	637
175	649
175	837
175	870
175	943
175	959
176	181
176	190
176	193
176	310
176	322
176	343
176	437
176	518
176	576
176	625
176	755
176	860
176	930
177	178
177	183
177	186
177	195
177	227
177	353
177	434
177	435
177	613
177	717
177	785
178	189
178	300
178	387
178	415
178	502
178	628
178	679
178	690
178	904
179	193
179	199
179	345
179	412
179	524
179	586
179	687
179	798
179	990
179	994
180	183
180	398
180	603
180	705
180	834
181	198
181	519
181	615
181	734
181	806
181	832
182	190
182	198
182	350
182	388
182	428
182	548
182	717
182	776
182	871
183	186
183	187
183	193
183	194
183	195
183	233
183	350
183	523
183	555
183	818
183	820
184	259
184	721
184	793
184	871
184	972
185	191
185	199
185	709
185	898
185	906
186	192
186	196
186	423
186	924
186	938
187	199
187	262
187	369
187	734
187	751
187	758
187	870
188	196
188	675
188	678
188	860
189	191
189	193
190	207
190	257
190	615
190	795
191	193
191	248
191	520
191	802
192	392
192	432
192	716
192	749
192	866
193	985
194	195
194	198
194	911
195	199
195	472
195	941
196	199
196	426
196	507
196	553
196	924
197	353
197	486
197	517
197	645
197	735
197	939
198	232
198	367
198	584
198	665
198	936
198	977
199	227
199	374
199	444
199	472
199	779
199	791
200	204
200	206
200	216
200	221
200	229
200	231
200	240
200	249
200	259
200	262
200	267
200	269
200	272
200	421
200	467
200	471
200	552
200	825
201	203
201	204
201	207
201	209
201	214
201	223
201	236
201	246
201	251
201	255
201	268
201	273
201	281
201	282
201	285
201	287
201	288
201	295
201	486
201	755
201	834
201	844
201	885
202	207
202	214
202	215
202	220
202	226
202	229
202	235
202	243
202	256
202	262
202	263
202	266
202	268
202	271
202	277
202	280
202	284
202	286
202	649
202	789
202	877
202	929
203	211
203	224
203	241
203	248
203	250
203	258
203	261
203	271
203	278
203	280
203	285
203	290
203	298
203	392
203	993
204	207
204	219
204	246
204	258
204	264
204	273
204	280
204	432
204	622
205	208
205	212
205	221
205	225
205	228
205	249
205	255
205	257
205	275
205	284
205	295
205	298
205	729
205	964
206	227
206	233
206	237
206	247
206	252
206	260
206	263
206	264
206	270
206	275
206	285
206	294
206	296
206	523
206	734
206	773
207	209
207	211
207	218
207	223
207	227
207	231
207	233
207	237
207	250
207	258
207	263
207	276
207	286
207	513
207	525
207	683
207	795
208	209
208	214
208	215
208	222
208	225
208	231
208	236
208	238
208	244
208	253
208	255
208	264
208	265
208	277
208	284
208	289
208	293
208	298
208	303
208	344
208	464
208	567
209	209
209	213
209	242
209	245
209	262
209	271
209	272
209	274
209	276
209	277
209	345
209	793
209	921
209	959
210	212
210	215
210	239
210	240
210	241
210	252
210	256
210	257
210	265
210	270
210	279
210	294
210	296
210	331
210	542
210	859
210	944
211	219
211	223
211	226
211	232
211	269
211	284
211	296
211	492
211	876
211	979
212	213
212	216
212	229
212	235
212	245
212	246
212	255
212	258
212	259
212	261
212	269
212	271
212	276
212	282
212	283
212	291
212	294
212	297
212	312
212	658
212	663
212	675
213	225
213	228
213	231
213	243
213	277
213	283
213	288
213	292
213	295
213	359
213	362
213	432
213	630
213	977
214	217
214	219
214	224
214	227
214	230
214	246
214	259
214	262
214	267
214	268
214	273
214	275
214	277
214	283
214	285
214	293
214	418
214	432
214	488
214	574
214	757
215	221
215	233
215	238
215	248
215	269
215	271
215	276
215	287
215	292
215	293
215	593
215	730
215	973
216	236
216	243
216	244
216	261
216	262
216	266
216	284
216	287
216	437
216	521
216	737
216	772
216	808
217	226
217	229
217	243
217	252
217	253
217	255
217	266
217	267
217	282
217	286
217	291
217	417
217	496
217	680
217	924
217	930
218	220
218	229
218	236
218	244
218	246
218	253
218	261
218	270
218	281
218	285
218	290
218	597
218	937
219	237
219	238
219	251
219	297
219	305
219	350
219	721
219	972
220	241
220	242
220	246
220	270
220	271
220	272
220	275
220	278
220	279
220	280
220	499
220	558
220	609
220	776
220	781
220	812
220	837
221	241
221	242
221	255
221	258
221	261
221	273
221	295
221	298
221	446
221	455
221	689
222	234
222	238
222	239
222	245
222	253
222	261
222	262
222	270
222	278
222	281
222	284
222	289
222	498
222	737
222	802
223	224
223	227
223	268
223	282
223	285
223	289
223	293
223	424
223	535
223	609
223	746
223	995
224	225
224	239
224	241
224	245
224	246
224	250
224	258
224	291
224	304
224	404
224	470
224	618
224	745
225	225
225	229
225	251
225	262
225	270
225	271
225	272
225	275
225	279
225	280
225	295
225	361
225	547
225	721
225	753
225	932
225	959
225	982
225	988
226	234
226	238
226	249
226	252
226	257
226	285
226	292
226	299
226	498
226	589
226	747
227	238
227	251
227	256
227	258
227	268
227	270
227	276
227	309
227	494
227	611
227	800
228	231
228	239
228	240
228	243
228	253
228	263
228	272
228	282
228	285
228	291
228	316
228	643
228	832
228	850
228	922
228	974
228	997
229	235
229	264
229	271
229	280
229	293
229	297
229	354
229	594
230	235
230	246
230	247
230	250
230	254
230	661
230	835
230	926
231	237
231	240
231	243
231	256
231	264
231	272
231	278
231	296
231	297
231	298
231	944
232	234
232	235
232	244
232	271
232	276
232	280
232	282
232	288
232	466
232	537
232	685
232	920
233	235
233	245
233	252
233	256
233	259
233	265
233	275
233	278
233	282
233	318
233	378
233	403
233	406
233	660
233	997
234	245
234	253
234	264
234	269
234	274
234	284
234	288
234	339
234	343
234	437
234	464
234	487
234	591
234	736
234	953
234	986
235	238
235	273
235	290
235	291
235	296
235	299
235	349
235	810
236	236
236	239
236	245
236	259
236	260
236	268
236	272
236	285
236	289
236	339
236	483
236	558
236	650
236	748
237	253
237	256
237	260
237	288
237	289
237	315
237	593
237	722
238	241
238	243
238	252
238	259
238	283
238	290
238	297
238	576
238	634
238	722
238	883
239	242
239	243
239	251
239	254
239	260
239	287
239	360
239	408
239	553
239	807
239	910
239	998
240	242
240	254
240	258
240	267
240	269
240	271
240	275
240	285
240	287
240	298
240	305
240	475
240	504
240	726
240	780
240	993
241	246
241	264
241	291
241	297
241	438
241	454
241	487
241	495
241	565
241	570
241	728
241	801
242	267
242	286
242	292
242	293
242	294
242	297
242	514
242	728
242	770
243	261
243	271
243	275
243	280
243	283
243	293
243	317
243	336
243	341
243	668
243	766
243	997
244	246
244	250
244	251
244	252
244	255
244	258
244	261
244	266
244	271
244	274
244	287
244	292
244	592
244	632
244	771
245	246
245	258
245	263
245	266
245	275
245	286
245	287
245	461
245	480
245	541
245	648
245	909
246	252
246	259
246	286
246	289
246	292
246	293
246	432
246	503
246	607
246	781
246	993
247	250
247	251
247	254
247	263
247	265
247	268
247	269
247	285
247	289
247	291
247	415
247	506
247	515
247	994
248	263
248	272
248	275
248	778
249	266
249	272
249	273
249	288
249	623
249	826
249	926
250	253
250	260
250	269
250	276
250	287
250	291
250	296
250	298
250	348
250	664
250	835
250	900
251	254
251	272
251	286
251	287
251	288
251	293
251	451
251	476
251	546
251	579
251	755
251	856
252	268
252	272
252	278
252	290
252	578
252	688
252	768
252	901
252	979
252	980
252	999
253	256
253	261
253	275
253	280
253	283
253	750
254	258
254	273
254	281
254	319
254	369
254	407
254	733
254	805
255	272
255	275
255	282
255	350
255	471
255	640
255	873
255	946
256	259
256	266
256	268
256	272
256	287
256	288
256	294
256	329
256	472
256	587
257	257
257	265
257	267
257	269
257	272
257	278
257	283
257	285
257	286
257	288
257	298
257	299
257	592
257	602
257	604
257	649
257	765
257	786
257	830
257	844
258	269
258	283
258	289
258	293
258	660
258	671
258	743
258	929
259	283
259	288
259	295
259	296
259	536
259	590
260	266
260	267
260	272
260	284
260	290
260	291
260	292
260	329
260	765
261	275
261	289
261	290
261	298
261	888
262	266
262	270
262	273
262	286
262	380
263	279
263	291
263	331
263	336
263	355
263	804
264	267
264	273
264	278
264	285
264	490
264	546
264	898
265	277
265	278
265	284
265	285
265	289
265	290
265	293
265	295
265	479
265	527
265	603
265	605
265	662
265	944
265	953
265	959
266	267
266	275
266	297
266	299
266	633
266	660
266	732
266	948
267	276
267	277
267	287
267	288
267	294
267	430
267	474
267	681
268	271
268	276
268	281
268	283
268	289
268	296
268	637
268	660
268	675
269	271
269	288
269	291
269	942
269	948
270	279
270	280
270	282
270	671
270	882
271	281
271	284
271	293
271	727
271	737
271	835
271	918
271	948
272	281
272	283
272	285
272	291
272	851
272	878
272	970
273	289
273	294
273	295
273	369
273	385
273	531
273	822
273	855
274	285
274	290
274	293
274	295
274	297
274	850
274	934
275	281
275	285
275	291
275	294
275	296
275	645
275	835
275	928
276	277
276	287
276	306
276	396
276	723
277	297
277	326
277	584
277	810
277	888
278	278
278	282
278	343
278	396
278	410
278	417
278	556
278	579
278	837
278	868
278	909
278	927
279	280
279	287
279	297
279	458
279	606
279	819
280	282
280	289
280	292
280	296
280	385
280	740
281	281
281	288
281	292
281	368
281	704
281	743
281	931
282	295
282	350
282	466
282	952
282	984
283	285
283	296
283	297
283	358
283	380
283	477
283	551
283	623
283	682
283	947
283	989
284	296
284	298
284	692
284	716
284	858
285	363
285	433
285	552
285	590
285	654
285	764
285	838
285	921
286	290
286	295
286	299
286	413
286	481
286	571
286	734
287	287
287	289
287	632
287	637
287	718
287	964
287	965
288	288
288	290
288	660
288	836
289	297
289	389
289	411
289	544
289	623
289	826
290	292
290	293
290	587
290	793
290	836
290	942
290	944
290	970
291	743
291	767
291	887
292	569
292	830
292	873
292	877
292	910
293	293
293	296
293	366
293	420
293	421
293	455
293	505
293	582
293	632
293	737
293	946
294	404
294	472
294	513
294	575
294	765
294	942
294	987
295	298
295	498
295	626
295	655
295	734
295	786
296	298
296	361
297	297
297	446
297	643
297	815
298	495
298	613
298	946
299	350
299	382
299	425
299	568
299	699
299	793
299	940
300	303
300	305
300	306
300	312
300	313
300	317
300	319
300	333
300	364
300	368
300	369
300	374
300	393
300	478
300	564
300	714
300	759
300	762
301	304
301	310
301	315
301	323
301	324
301	353
301	354
301	361
301	364
301	374
301	378
301	382
301	395
301	577
301	674
301	685
302	310
302	312
302	332
302	341
302	342
302	346
302	361
302	364
302	371
302	374
302	378
302	382
302	383
302	389
302	397
302	441
302	744
303	304
303	313
303	341
303	345
303	352
303	354
303	357
303	358
303	375
303	382
303	384
303	385
303	554
303	715
303	835
303	870
303	930
304	307
304	315
304	320
304	329
304	338
304	341
304	345
304	348
304	356
304	367
304	370
304	376
304	380
304	439
304	586
304	652
304	710
304	959
305	306
305	308
305	310
305	311
305	317
305	318
305	321
305	332
305	336
305	338
305	342
305	348
305	356
305	362
305	365
305	372
305	378
305	388
305	397
305	537
305	552
305	592
305	651
306	306
306	316
306	378
306	379
306	388
306	413
306	483
306	917
307	308
307	310
307	314
307	318
307	322
307	323
307	326
307	329
307	334
307	337
307	355
307	374
307	378
307	384
307	386
307	699
307	922
307	954
308	309
308	310
308	317
308	319
308	323
308	328
308	333
308	345
308	356
308	376
308	380
308	382
308	392
308	394
308	558
309	314
309	332
309	349
309	357
309	366
309	377
309	381
309	383
309	392
309	398
309	836
309	889
310	316
310	318
310	319
310	345
310	352
310	374
310	381
310	390
310	396
311	314
311	322
311	324
311	345
311	348
311	354
311	368
311	381
311	387
311	391
311	392
311	479
311	591
311	837
312	312
312	313
312	314
312	330
312	336
312	342
312	356
312	373
312	374
312	378
312	384
312	393
312	396
312	582
312	704
313	327
313	337
313	340
313	341
313	345
313	350
313	355
313	365
313	368
313	381
313	384
313	387
313	389
313	392
313	394
313	399
313	452
313	672
314	327
314	353
314	366
314	368
314	393
314	508
314	837
314	842
314	957
315	316
315	317
315	321
315	323
315	325
315	327
315	330
315	337
315	338
315	342
315	346
315	357
315	363
315	397
315	399
315	401
315	684
315	835
315	918
316	320
316	362
316	368
316	375
316	378
316	384
316	400
316	506
316	526
316	547
316	854
317	345
317	363
317	369
317	373
317	376
317	378
317	380
317	397
317	398
317	580
318	321
318	323
318	326
318	334
318	364
318	372
318	378
318	379
318	380
318	383
318	385
318	386
318	718
318	933
319	325
319	382
319	386
319	387
319	388
319	396
319	398
319	482
319	531
319	745
319	970
320	328
320	337
320	340
320	345
320	351
320	359
320	378
320	386
320	389
320	390
320	449
320	647
320	741
321	321
321	339
321	340
321	341
321	342
321	346
321	359
321	367
321	378
321	383
321	396
321	910
321	992
322	327
322	338
322	348
322	349
322	366
322	370
322	375
322	381
322	385
322	396
322	398
322	732
322	756
322	844
323	328
323	333
323	334
323	335
323	358
323	380
323	382
323	384
323	388
323	396
323	707
323	712
323	769
323	827
323	847
323	952
324	327
324	328
324	330
324	335
324	338
324	350
324	356
324	375
324	396
324	403
324	522
324	546
324	686
324	733
324	884
324	937
325	334
325	335
325	342
325	347
325	356
325	373
325	377
325	393
325	746
325	810
325	869
326	328
326	355
326	365
326	368
326	374
326	377
326	379
326	381
326	387
326	400
326	728
326	824
326	940
327	338
327	343
327	344
327	358
327	370
327	372
327	376
327	384
327	386
327	398
327	431
327	467
327	519
327	731
328	346
328	351
328	358
328	372
328	390
328	573
328	772
328	808
328	956
329	336
329	340
329	344
329	351
329	358
329	370
329	385
329	386
329	392
329	395
329	415
329	449
330	342
330	347
330	350
330	353
330	354
330	357
330	363
330	366
330	374
330	381
330	384
330	715
330	961
331	333
331	342
331	343
331	354
331	370
331	374
331	379
331	548
331	574
331	608
331	626
331	676
331	774
331	927
332	340
332	348
332	374
332	375
332	381
332	382
332	384
332	386
332	387
332	388
332	393
332	495
332	605
332	626
332	627
332	991
333	347
333	359
333	387
333	457
333	486
333	512
333	584
334	335
334	336
334	341
334	354
334	355
334	362
334	373
334	374
334	376
334	380
334	381
334	392
334	841
334	973
335	336
335	353
335	357
335	388
335	390
335	393
335	396
335	399
335	598
335	635
335	724
335	926
336	338
336	348
336	358
336	360
336	368
336	371
336	377
336	451
336	494
336	507
336	588
337	342
337	351
337	363
337	384
337	385
337	389
337	391
337	392
337	398
338	350
338	362
338	366
338	381
338	387
338	395
338	535
338	608
338	609
338	617
338	764
338	902
338	968
339	344
339	346
339	347
339	348
339	352
339	357
339	366
339	372
339	379
339	387
339	393
339	396
339	507
339	625
339	705
339	739
339	806
339	965
340	345
340	351
340	352
340	356
340	383
340	392
340	399
341	346
341	349
341	361
341	374
341	379
341	384
341	396
341	574
341	626
342	344
342	346
342	351
342	362
342	370
342	381
342	388
342	397
342	445
342	817
342	973
343	343
343	352
343	356
343	357
343	358
343	363
343	370
343	376
343	389
343	392
343	394
343	395
343	399
343	527
343	695
343	797
343	854
344	345
344	350
344	373
344	376
344	378
344	386
344	397
344	399
344	485
344	547
344	735
344	978
345	367
345	378
345	380
345	384
345	387
345	391
345	393
345	396
345	414
345	492
345	601
345	790
345	851
345	957
346	353
346	360
346	378
346	384
346	388
346	392
346	394
346	639
346	644
346	791
346	907
346	950
347	365
347	378
347	381
347	382
347	387
347	398
347	510
348	355
348	361
348	365
348	370
348	384
348	385
348	389
348	464
348	626
348	658
349	354
349	356
349	372
349	375
349	382
349	394
349	398
349	421
349	521
349	575
349	859
349	904
349	976
350	368
350	385
350	386
350	393
350	398
350	399
350	408
350	673
350	827
350	873
350	931
350	945
351	351
351	358
351	364
351	369
351	372
351	388
351	393
351	394
351	568
351	806
351	968
352	353
352	359
352	388
352	389
352	390
352	396
352	424
352	464
352	704
352	743
352	794
353	355
353	357
353	360
353	372
353	375
353	379
353	391
353	396
353	397
353	399
353	555
353	793
353	945
353	968
354	358
354	371
354	378
354	379
354	386
354	393
354	399
354	519
354	560
354	659
354	732
354	739
354	924
354	934
355	376
355	453
355	454
355	506
355	882
355	906
356	357
356	359
356	360
356	367
356	369
356	370
356	377
356	378
356	391
356	396
356	399
356	454
356	866
357	359
357	361
357	369
357	371
357	372
357	373
357	374
357	377
357	380
357	385
357	504
357	933
358	385
358	396
358	810
358	978
359	367
359	369
359	371
359	392
359	398
359	902
360	374
360	387
360	440
360	711
360	820
361	367
361	385
361	390
361	405
361	491
361	717
361	955
362	365
362	374
362	395
362	396
362	889
362	975
363	365
363	392
363	537
363	746
364	366
364	393
364	598
365	375
365	378
365	386
365	486
365	504
365	526
365	600
366	374
366	379
366	383
366	385
366	677
366	842
366	888
366	917
367	373
367	379
367	382
367	384
367	394
367	395
367	404
367	504
367	537
367	731
367	767
367	817
367	931
368	369
368	376
368	378
368	379
368	385
368	399
368	413
368	500
368	529
368	538
368	838
369	377
369	381
369	386
369	405
369	624
369	732
369	787
370	375
370	396
370	397
370	399
370	606
370	758
371	392
371	652
371	962
371	980
372	384
372	391
372	393
372	499
372	581
372	646
372	654
372	661
372	781
372	800
373	374
373	375
373	393
373	397
373	642
374	378
374	395
374	562
374	695
374	702
375	381
375	383
375	386
375	394
375	398
375	543
375	759
375	828
375	854
376	385
376	386
376	391
376	404
376	447
376	593
376	634
376	768
377	684
377	942
378	384
378	386
378	388
378	389
378	394
378	489
378	661
378	846
379	381
379	384
379	385
379	391
379	398
379	599
379	823
380	398
380	445
380	525
380	986
381	383
381	388
381	390
381	396
381	447
381	467
381	515
381	611
381	730
381	756
382	383
382	398
382	607
382	893
382	925
382	984
383	391
383	392
383	393
383	397
383	523
383	720
383	847
383	936
384	388
384	393
384	826
385	388
385	500
385	710
386	482
386	780
387	410
387	610
387	909
387	924
388	388
389	468
389	946
389	965
390	391
391	475
391	571
391	643
391	669
391	908
391	954
391	976
392	416
392	442
392	712
392	750
392	791
392	838
392	944
392	951
393	850
393	950
394	501
395	397
395	537
395	538
395	622
395	938
395	949
396	809
396	842
397	554
397	677
397	882
397	965
398	520
398	523
398	587
398	869
399	757
399	836
399	930
400	403
400	404
400	423
400	431
400	433
400	446
400	448
400	456
400	459
400	472
400	473
400	482
400	542
401	402
401	409
401	412
401	420
401	449
401	454
401	459
401	461
401	484
401	488
401	490
401	492
401	496
401	498
401	680
402	407
402	408
402	413
402	439
402	441
402	477
402	479
402	488
402	490
402	497
402	549
402	569
402	992
403	407
403	410
403	417
403	420
403	431
403	440
403	451
403	452
403	456
403	458
403	464
403	466
403	469
403	473
403	483
403	485
403	491
403	494
403	553
403	572
403	600
403	724
403	946
404	404
404	409
404	411
404	430
404	433
404	435
404	439
404	464
404	467
404	483
404	539
404	624
404	818
404	825
405	409
405	411
405	416
405	419
405	420
405	422
405	426
405	427
405	434
405	441
405	443
405	449
405	455
405	467
405	493
405	636
405	642
405	643
405	705
405	986
406	433
406	436
406	449
406	454
406	460
406	467
406	476
406	479
406	481
406	491
406	499
406	550
406	600
406	737
406	948
406	970
407	420
407	421
407	423
407	426
407	439
407	454
407	456
407	469
407	470
407	475
407	476
407	477
407	485
407	489
407	668
407	811
407	849
407	906
408	409
408	416
408	420
408	424
408	427
408	471
408	474
408	483
408	491
408	493
408	517
408	785
409	410
409	412
409	416
409	418
409	425
409	471
409	478
409	480
409	499
409	600
409	627
409	723
409	922
409	926
410	428
410	438
410	450
410	451
410	459
410	478
410	489
410	491
410	493
410	497
410	498
410	526
410	560
410	652
410	655
411	417
411	418
411	425
411	426
411	451
411	452
411	457
411	464
411	483
411	489
411	492
411	494
411	518
411	834
411	905
412	417
412	420
412	438
412	460
412	462
412	464
412	468
412	472
412	474
412	477
412	495
412	499
412	964
413	423
413	431
413	432
413	435
413	437
413	448
413	449
413	450
413	454
413	467
413	469
413	475
413	484
413	491
413	498
413	681
413	784
413	987
414	415
414	422
414	434
414	444
414	448
414	453
414	463
414	469
414	473
414	474
414	478
414	488
414	886
415	417
415	420
415	423
415	424
415	438
415	442
415	443
415	444
415	453
415	456
415	469
415	472
415	474
415	476
415	480
415	481
415	484
415	650
416	424
416	428
416	440
416	442
416	445
416	446
416	477
416	478
416	495
416	497
416	601
416	724
416	915
417	437
417	447
417	448
417	453
417	472
417	483
417	491
417	611
417	685
417	733
417	800
418	419
418	438
418	442
418	449
418	459
418	461
418	468
418	479
418	483
418	486
418	491
418	496
418	498
418	499
418	518
418	919
419	426
419	428
419	435
419	442
419	450
419	462
419	463
419	464
419	466
419	468
419	470
419	490
419	494
419	497
419	643
419	716
419	721
420	421
420	453
420	458
420	460
420	461
420	467
420	482
420	499
420	666
420	667
420	990
421	430
421	454
421	456
421	466
421	472
421	481
421	482
421	487
421	516
421	644
421	830
421	958
422	428
422	439
422	441
422	446
422	467
422	472
422	475
422	478
422	490
422	762
422	987
423	423
423	429
423	432
423	438
423	457
423	464
423	469
423	483
423	490
423	496
423	500
423	671
423	787
423	881
424	433
424	437
424	450
424	451
424	472
424	479
424	484
424	494
424	498
424	525
424	848
424	982
425	436
425	440
425	443
425	461
425	472
425	476
425	482
425	487
425	493
425	561
425	799
425	826
426	431
426	440
426	455
426	456
426	467
426	469
426	476
426	479
426	485
426	488
426	490
426	550
426	569
426	696
427	428
427	431
427	435
427	447
427	449
427	452
427	456
427	459
427	482
427	498
428	435
428	442
428	455
428	470
428	474
428	476
428	483
428	493
428	494
428	496
428	797
428	879
429	434
429	441
429	451
429	459
429	469
429	481
429	484
429	496
429	559
429	614
429	624
429	833
430	431
430	443
430	447
430	449
430	451
430	454
430	457
430	458
430	465
430	469
430	471
430	474
430	475
430	485
430	486
430	493
431	456
431	459
431	466
431	473
431	479
431	482
431	488
431	491
431	499
431	751
431	778
431	798
431	890
432	432
432	439
432	447
432	450
432	477
432	482
432	488
432	495
432	687
432	818
432	841
432	932
432	935
433	436
433	440
433	455
433	461
433	462
433	470
433	474
433	477
433	483
433	884
433	917
434	445
434	454
434	455
434	458
434	473
434	489
434	505
434	622
434	888
434	942
434	958
435	437
435	438
435	444
435	446
435	447
435	456
435	458
435	465
435	468
435	472
435	482
435	485
435	496
435	641
435	797
435	949
435	950
435	979
436	441
436	469
436	471
436	479
436	482
436	493
436	497
436	540
436	755
436	898
436	907
437	466
437	474
437	476
437	491
437	492
437	493
437	544
437	562
437	609
437	867
438	439
438	442
438	447
438	468
438	492
438	663
438	681
438	841
438	845
438	901
438	981
439	442
439	471
439	479
439	480
439	484
439	493
439	495
439	496
439	497
439	501
439	598
439	673
439	776
439	879
439	896
440	452
440	463
440	464
440	469
440	473
440	479
440	485
440	490
440	494
440	794
440	841
441	444
441	459
441	460
441	467
441	469
441	477
441	478
441	485
441	486
441	491
441	493
441	647
441	786
442	450
442	458
442	459
442	469
442	471
442	494
442	515
442	577
443	445
443	459
443	468
443	469
443	475
443	490
443	494
443	529
443	567
443	652
443	846
443	921
444	451
444	462
444	464
444	480
444	484
444	487
444	499
444	651
444	991
445	448
445	450
445	464
445	481
445	486
445	490
445	491
445	494
445	500
445	782
446	452
446	456
446	460
446	461
446	466
446	467
446	470
446	471
446	484
446	705
446	870
447	448
447	451
447	454
447	473
447	474
447	487
447	489
447	496
447	497
447	584
447	809
447	838
447	855
447	867
447	951
448	454
448	464
448	467
448	472
448	475
448	486
448	489
448	496
448	498
448	608
448	806
448	870
448	905
448	967
449	449
449	450
449	454
449	458
449	459
449	463
449	465
449	494
449	591
449	647
449	648
449	651
449	975
450	452
450	453
450	454
450	470
450	499
450	516
450	525
450	586
451	460
451	473
451	491
451	496
451	542
451	588
451	829
451	915
452	453
452	454
452	461
452	464
452	496
452	498
452	533
452	639
452	669
452	695
452	797
452	980
453	455
453	456
453	457
453	460
453	465
453	466
453	469
453	473
453	479
453	497
453	715
453	834
453	970
454	457
454	458
454	466
454	468
454	469
454	474
454	482
454	499
454	505
454	514
454	753
454	990
455	464
455	474
455	481
455	483
455	492
455	493
455	494
455	629
455	668
455	817
455	894
456	466
456	477
456	482
456	487
456	492
456	494
456	499
456	506
456	804
456	974
456	977
457	458
457	467
457	473
457	479
457	495
457	496
457	516
457	617
457	720
457	791
458	470
458	477
458	479
458	489
458	496
458	659
458	683
458	703
458	750
458	922
459	472
459	490
459	495
459	530
459	560
459	590
459	660
459	847
459	866
460	462
460	484
460	485
460	834
461	463
461	474
461	480
461	483
461	491
461	494
461	495
461	496
461	532
462	477
462	479
462	485
462	490
462	491
462	499
462	593
462	951
463	468
463	472
463	475
463	476
463	556
463	644
463	685
463	919
463	978
464	467
464	471
464	483
464	484
464	496
464	681
465	466
465	470
465	475
465	485
465	492
465	494
465	495
465	497
465	642
465	735
465	952
466	469
466	481
466	486
466	514
466	878
467	487
467	494
467	498
467	499
467	591
467	993
468	478
468	487
468	497
468	499
468	644
469	471
469	475
469	489
469	491
469	509
469	557
469	558
469	565
469	596
469	720
470	725
470	776
470	984
471	472
471	483
471	562
471	572
471	602
471	624
471	646
471	908
472	473
472	476
472	478
472	479
472	480
472	481
472	486
472	524
472	675
472	703
473	475
473	478
473	486
473	490
473	492
473	493
473	497
473	672
473	911
473	923
473	940
473	992
474	484
474	486
474	489
474	499
474	543
474	909
475	478
475	479
475	482
475	484
475	581
475	593
475	634
475	716
475	922
476	479
476	486
476	489
476	492
476	822
477	480
477	494
477	495
477	496
477	549
477	643
477	874
478	494
478	499
478	519
478	770
478	883
479	482
479	485
479	491
479	600
479	692
479	829
480	490
480	621
480	923
481	488
481	491
481	624
481	864
481	928
482	485
482	581
482	634
482	976
483	492
483	874
484	488
484	489
484	492
484	493
484	689
484	692
484	838
484	868
485	489
485	491
485	602
485	726
485	755
485	764
485	893
485	941
486	494
486	528
486	702
486	762
486	986
487	490
487	491
487	702
488	489
488	490
488	493
488	681
488	765
488	826
489	491
489	492
489	625
489	980
490	634
490	663
490	814
490	993
491	611
492	493
492	496
492	648
492	893
493	776
494	739
494	895
494	901
494	931
494	948
495	497
495	500
495	664
495	739
495	809
495	860
495	891
496	601
496	637
496	650
496	731
496	908
496	965
497	926
498	652
498	936
499	505
499	543
500	503
500	509
500	527
500	538
500	542
500	555
500	560
500	563
500	592
500	597
500	732
500	799
500	896
501	502
501	503
501	513
501	521
501	522
501	529
501	533
501	534
501	541
501	555
501	567
501	573
501	589
501	593
501	594
501	599
501	634
501	906
502	503
502	505
502	511
502	516
502	539
502	541
502	546
502	556
502	562
502	565
502	587
502	592
502	597
502	598
502	762
502	841
503	538
503	548
503	551
503	552
503	560
503	569
503	578
503	579
503	580
503	589
503	599
503	793
503	976
504	504
504	519
504	524
504	525
504	526
504	534
504	535
504	550
504	561
504	563
504	571
504	574
504	588
504	594
504	599
504	684
504	729
505	511
505	514
505	520
505	538
505	571
505	573
505	596
505	598
505	783
505	931
505	947
505	958
506	507
506	512
506	523
506	528
506	532
506	533
506	537
506	546
506	547
506	548
506	569
506	573
506	578
506	584
506	595
506	636
506	723
506	943
507	508
507	514
507	515
507	516
507	523
507	529
507	573
507	584
507	590
507	704
507	847
507	985
508	523
508	530
508	542
508	546
508	551
508	559
508	560
508	576
508	591
508	598
508	628
508	914
508	934
509	521
509	532
509	548
509	550
509	557
509	561
509	563
509	565
509	566
509	569
509	577
509	578
509	587
509	588
509	590
509	701
509	871
509	917
509	949
510	534
510	538
510	546
510	569
510	576
510	592
510	597
510	636
510	897
511	520
511	524
511	542
511	549
511	559
511	570
511	575
511	576
512	519
512	523
512	533
512	539
512	545
512	547
512	548
512	553
512	554
512	558
512	565
512	569
512	588
512	589
512	598
512	721
512	855
513	520
513	527
513	529
513	536
513	575
513	578
513	579
513	583
513	586
513	589
513	594
513	672
513	816
514	516
514	521
514	522
514	523
514	531
514	537
514	542
514	548
514	550
514	571
514	579
514	595
514	675
514	697
514	882
515	526
515	532
515	558
515	563
515	584
515	597
515	943
516	528
516	530
516	532
516	538
516	544
516	555
516	560
516	574
516	576
516	582
516	586
516	588
516	597
516	680
516	862
517	520
517	539
517	540
517	542
517	548
517	552
517	555
517	563
517	572
517	574
517	578
517	584
517	591
517	593
517	674
517	749
518	536
518	546
518	552
518	556
518	578
518	587
518	595
518	791
519	523
519	525
519	528
519	534
519	536
519	575
519	583
519	585
519	589
519	595
519	598
519	611
519	612
519	620
519	862
520	522
520	524
520	528
520	538
520	542
520	543
520	548
520	552
520	555
520	562
520	567
520	592
520	597
520	598
520	701
521	523
521	537
521	538
521	546
521	560
521	578
521	580
521	619
521	868
521	869
522	531
522	534
522	536
522	540
522	545
522	548
522	558
522	567
522	571
522	573
522	575
522	579
522	582
522	584
522	594
522	596
522	684
523	532
523	548
523	550
523	558
523	562
523	565
523	568
523	596
523	638
523	750
524	524
524	542
524	548
524	552
524	572
524	597
524	598
524	677
525	527
525	550
525	554
525	559
525	564
525	565
525	578
525	587
525	600
525	672
526	541
526	548
526	550
526	562
526	569
526	573
526	577
526	583
526	585
526	593
526	596
526	724
526	773
526	937
526	955
527	533
527	539
527	556
527	564
527	571
527	579
527	588
527	594
527	595
527	597
527	936
528	542
528	544
528	560
528	586
528	587
528	589
528	621
529	535
529	548
529	551
529	556
529	570
529	576
529	579
529	583
529	592
529	595
530	531
530	546
530	564
530	565
530	570
530	576
530	582
530	583
530	590
530	623
530	662
530	925
530	954
531	543
531	544
531	565
531	581
531	596
531	991
532	538
532	540
532	549
532	557
532	572
532	577
532	580
532	593
532	609
532	695
533	534
533	535
533	540
533	546
533	556
533	558
533	561
533	562
533	566
533	569
533	570
533	573
533	575
533	579
533	586
533	592
533	593
533	688
533	733
533	931
534	540
534	545
534	554
534	558
534	561
534	567
534	581
534	585
534	587
534	781
534	892
534	963
535	540
535	541
535	549
535	561
535	563
535	566
535	568
535	569
535	583
535	589
535	594
535	599
535	623
536	543
536	551
536	553
536	554
536	562
536	579
536	597
536	777
537	540
537	541
537	546
537	549
537	563
537	570
537	571
537	592
537	597
537	598
537	710
537	954
538	540
538	543
538	544
538	545
538	546
538	547
538	554
538	565
538	567
538	573
538	582
538	590
538	596
538	673
538	703
538	715
538	737
539	545
539	553
539	557
539	562
539	563
539	564
539	567
539	572
539	573
539	577
539	579
539	581
539	586
539	591
539	850
540	563
540	569
540	571
540	572
540	574
540	581
540	586
540	592
540	598
540	616
541	543
541	544
541	552
541	576
541	579
541	589
541	639
541	958
542	543
542	548
542	550
542	559
542	560
542	573
542	575
542	576
542	578
542	595
542	597
542	689
543	545
543	546
543	549
543	560
543	574
543	581
543	584
543	589
543	596
543	998
544	544
544	556
544	569
544	591
544	689
544	984
545	564
545	572
545	573
545	592
545	670
545	758
546	553
546	557
546	561
546	575
546	583
546	584
546	586
546	592
546	598
546	695
546	974
547	555
547	560
547	574
547	594
547	596
547	837
547	982
548	549
548	555
548	562
548	563
548	569
548	572
548	587
548	588
548	593
548	598
548	869
548	970
548	984
549	564
549	566
549	572
549	575
549	579
549	584
549	670
549	685
549	906
549	987
549	990
550	563
550	586
550	591
550	592
550	991
551	558
551	562
551	569
551	577
551	580
551	584
551	751
551	780
551	814
552	553
552	557
552	565
552	566
552	570
552	571
552	584
552	588
552	597
552	664
553	553
553	558
553	559
553	561
553	569
553	570
553	585
553	591
553	594
553	652
553	914
553	964
554	563
554	568
554	571
554	582
554	585
554	588
554	589
554	699
554	802
554	807
554	841
555	570
555	577
555	579
555	582
555	839
556	561
556	574
556	579
556	587
556	591
556	593
556	595
556	596
556	724
556	792
557	560
557	564
557	565
557	570
557	579
557	581
557	584
557	586
557	594
557	597
557	626
558	560
558	564
558	572
558	577
558	578
558	597
558	920
559	572
559	573
559	588
559	590
559	605
560	562
560	564
560	570
560	571
560	578
560	584
560	586
560	587
560	591
560	787
561	564
561	579
561	581
561	585
561	589
561	828
561	892
561	964
562	564
562	567
562	579
562	596
562	597
562	636
562	653
563	569
563	588
563	592
563	595
564	568
564	712
564	786
565	568
565	570
565	577
565	587
565	598
565	944
565	998
566	573
566	599
566	760
567	579
567	582
567	592
567	596
567	949
568	570
568	582
568	592
568	597
568	640
568	776
568	808
569	578
569	579
569	582
569	586
569	593
569	970
570	576
570	589
570	590
570	591
570	595
570	656
570	841
570	851
570	977
571	574
571	576
571	577
571	582
571	588
571	591
571	594
571	595
571	598
571	797
572	582
572	585
572	595
572	679
572	867
573	577
573	581
573	583
573	584
573	586
573	826
573	843
574	576
574	591
574	594
574	797
574	841
574	894
575	575
575	583
575	584
575	594
575	812
575	878
576	581
576	586
576	595
576	639
576	986
577	580
577	583
577	586
577	587
577	597
577	742
577	822
578	599
578	902
578	916
579	580
579	585
579	587
579	592
579	593
579	596
579	607
579	859
580	587
580	591
580	613
580	633
580	720
580	732
581	583
581	594
581	599
581	601
581	848
581	977
582	594
582	701
582	871
582	967
583	689
583	801
584	586
584	621
585	596
585	647
585	792
585	837
585	922
585	987
586	590
586	593
586	597
586	776
586	787
586	845
586	959
587	593
587	595
587	950
588	589
588	590
588	596
588	686
588	697
589	854
589	951
590	778
590	986
591	597
591	806
591	925
592	593
592	597
592	599
593	593
593	599
594	597
594	677
594	795
594	929
595	773
595	815
596	943
597	686
597	737
597	759
597	784
597	986
598	599
598	731
598	976
599	740
599	758
600	606
600	610
600	627
600	633
600	636
600	638
600	644
600	646
600	650
600	670
600	690
600	691
600	695
600	740
600	870
600	919
600	930
600	992
601	611
601	619
601	621
601	629
601	640
601	642
601	648
601	653
601	657
601	660
601	670
601	674
601	682
601	684
601	691
601	693
601	696
601	735
602	604
602	609
602	612
602	624
602	638
602	640
602	643
602	658
602	659
602	661
602	671
602	673
602	687
602	694
602	759
602	924
603	604
603	607
603	608
603	611
603	615
603	636
603	678
603	681
603	682
603	692
603	693
603	694
603	888
603	899
604	612
604	613
604	618
604	620
604	630
604	639
604	650
604	669
604	680
604	685
604	689
604	717
605	606
605	614
605	625
605	628
605	646
605	652
605	658
605	659
605	665
605	673
605	676
605	682
605	697
605	843
605	888
606	607
606	608
606	609
606	611
606	654
606	655
606	657
606	667
606	672
606	687
606	694
606	970
607	608
607	617
607	619
607	650
607	653
607	655
607	664
607	666
607	676
607	679
608	608
608	621
608	625
608	633
608	641
608	643
608	645
608	647
608	649
608	651
608	652
608	656
608	658
608	670
608	677
608	684
608	688
608	699
608	846
608	925
609	613
609	623
609	627
609	633
609	638
609	648
609	654
609	656
609	663
609	680
609	688
609	698
609	719
609	833
609	960
610	617
610	618
610	620
610	623
610	627
610	629
610	635
610	637
610	653
610	656
610	660
610	668
610	675
610	686
610	689
610	695
610	697
610	698
611	642
611	645
611	651
611	652
611	656
611	659
611	673
611	693
611	788
611	911
612	615
612	620
612	623
612	628
612	629
612	637
612	652
612	653
612	654
612	656
612	661
612	665
612	667
612	670
612	687
612	688
612	714
612	989
613	635
613	641
613	666
613	669
613	677
613	681
613	695
613	748
614	617
614	619
614	630
614	633
614	640
614	642
614	644
614	645
614	648
614	650
614	652
614	653
614	654
614	656
614	658
614	668
614	694
614	704
615	616
615	621
615	627
615	630
615	631
615	634
615	643
615	650
615	661
615	662
615	671
615	681
615	683
615	853
615	941
615	951
615	984
616	631
616	641
616	642
616	646
616	649
616	651
616	657
616	673
616	683
616	690
616	732
616	861
616	897
617	624
617	631
617	637
617	641
617	644
617	645
617	649
617	658
617	662
617	668
617	669
617	682
617	691
617	692
617	733
617	782
617	853
618	622
618	625
618	627
618	647
618	656
618	666
618	668
618	679
618	683
618	696
618	697
619	619
619	622
619	629
619	642
619	652
619	653
619	654
619	663
619	666
619	671
619	751
619	879
619	905
619	980
620	629
620	674
620	677
620	683
620	685
620	698
620	699
620	821
621	628
621	630
621	631
621	633
621	634
621	643
621	644
621	650
621	660
621	678
621	683
621	687
621	688
621	694
621	744
621	819
622	624
622	625
622	656
622	661
622	664
622	680
622	683
622	693
622	698
622	780
622	929
623	654
623	657
623	658
623	663
623	670
623	671
623	674
623	678
623	680
623	687
623	691
623	692
623	695
623	697
623	698
623	828
624	627
624	651
624	652
624	655
624	659
624	660
624	668
624	675
624	690
624	719
624	756
624	943
625	639
625	647
625	648
625	653
625	654
625	672
625	673
625	677
625	683
625	688
625	692
625	729
625	749
626	627
626	646
626	650
626	657
626	660
626	667
626	676
626	689
626	691
626	693
626	695
626	696
627	632
627	635
627	636
627	640
627	659
627	676
627	682
627	688
627	699
627	811
628	632
628	633
628	641
628	645
628	649
628	650
628	656
628	659
628	676
628	687
628	691
628	697
628	733
628	937
629	630
629	645
629	656
629	674
629	675
629	682
629	684
629	699
629	856
630	635
630	636
630	637
630	639
630	651
630	656
630	658
630	659
630	670
630	697
630	698
630	700
630	784
630	803
630	805
630	813
630	943
631	641
631	642
631	648
631	650
631	662
631	666
631	670
631	685
631	689
631	694
631	698
632	639
632	641
632	642
632	671
632	674
632	678
632	683
632	684
632	688
632	861
632	936
633	635
633	655
633	663
633	672
633	674
633	693
633	696
633	699
633	904
634	635
634	643
634	652
634	654
634	675
634	680
634	690
634	694
635	636
635	641
635	643
635	649
635	650
635	655
635	672
635	757
636	646
636	649
636	655
636	673
636	685
636	697
636	698
636	721
637	646
637	649
637	659
637	667
637	669
637	674
637	683
638	641
638	643
638	648
638	661
638	668
638	677
638	695
638	703
639	642
639	653
639	654
639	657
639	663
639	668
639	670
639	680
639	763
639	843
639	989
640	643
640	645
640	650
640	655
640	668
640	677
640	682
640	686
640	687
640	689
640	754
640	889
641	655
641	656
641	662
641	666
641	674
641	808
641	883
642	643
642	651
642	652
642	657
642	674
642	675
642	676
642	678
642	690
642	695
642	696
642	746
642	889
642	961
643	644
643	647
643	657
643	662
643	667
643	745
643	758
643	960
643	994
644	649
644	655
644	657
644	673
644	683
644	691
644	694
644	879
645	645
645	658
645	663
645	666
645	670
645	671
645	674
645	675
645	681
645	690
645	833
645	855
645	957
646	661
646	669
646	674
646	676
646	997
647	654
647	687
647	691
647	693
648	649
648	653
648	690
648	692
648	694
648	696
648	932
649	653
649	655
649	656
649	669
649	670
649	671
649	674
649	677
649	678
649	682
649	683
649	684
649	685
649	686
649	690
649	701
649	727
649	733
649	809
649	870
649	933
649	944
650	652
650	661
650	670
650	678
650	682
650	689
650	697
651	666
651	670
651	672
651	675
651	680
651	683
651	688
651	699
651	745
651	862
652	656
652	662
652	667
652	673
652	674
652	699
652	781
652	898
653	656
653	664
653	671
653	673
653	880
654	666
654	670
654	702
654	965
655	660
655	672
655	678
655	679
655	682
655	686
655	692
655	791
655	840
656	658
656	668
656	674
656	676
656	680
656	681
656	683
656	732
656	822
657	659
657	667
657	674
657	695
657	739
657	970
657	971
658	661
658	672
658	680
658	681
658	686
658	689
658	694
659	684
659	688
659	699
659	738
659	786
660	664
660	669
660	672
660	685
660	693
660	758
660	900
661	669
661	672
661	678
661	687
661	710
661	738
662	673
662	675
662	679
662	697
662	801
662	889
663	671
663	685
663	692
663	694
663	697
663	737
663	871
664	671
664	673
664	677
664	678
664	683
664	902
664	947
665	668
665	672
665	676
665	694
665	697
665	967
666	671
666	683
666	686
666	689
666	694
666	695
666	842
666	884
667	673
667	686
667	693
667	698
668	670
668	768
669	679
669	683
669	895
669	969
669	982
669	994
670	686
670	692
670	697
670	698
670	901
670	932
671	675
671	680
671	682
671	686
671	688
671	696
671	697
671	709
671	836
672	676
672	681
672	699
672	778
672	986
673	673
673	691
673	774
673	865
673	892
674	680
674	853
675	676
675	677
675	679
675	683
675	686
675	713
675	913
675	950
676	701
677	686
677	910
678	681
678	685
678	689
678	690
678	694
678	699
678	795
678	812
678	916
678	948
679	682
679	683
679	684
679	843
680	690
680	693
680	907
681	682
681	683
681	684
681	689
681	695
681	696
681	757
681	988
682	688
682	696
682	701
682	760
682	777
682	829
682	883
682	926
683	697
684	689
684	690
684	695
684	696
684	940
685	730
686	690
686	694
686	696
686	698
686	699
686	716
686	840
686	941
687	689
687	697
687	706
687	813
688	833
688	991
689	847
690	708
691	692
691	734
691	885
692	693
692	704
692	801
692	884
693	693
693	695
693	955
693	971
694	750
694	923
695	698
695	699
695	741
695	796
695	874
695	974
696	696
696	738
696	831
696	851
697	705
697	927
699	798
700	700
700	718
700	724
700	735
700	736
700	743
700	745
700	749
700	752
700	754
700	756
700	769
700	780
700	786
700	789
700	793
700	798
700	919
701	705
701	706
701	708
701	727
701	737
701	746
701	772
701	775
701	790
701	792
701	860
702	703
702	707
702	717
702	719
702	722
702	731
702	763
702	764
702	773
702	774
702	776
702	782
702	786
702	795
703	710
703	715
703	724
703	726
703	737
703	742
703	744
703	746
703	759
703	764
703	768
703	772
703	785
703	792
703	803
703	844
703	907
703	950
704	711
704	722
704	723
704	724
704	730
704	738
704	742
704	746
704	771
704	772
704	775
704	776
704	786
704	787
704	788
704	789
704	798
704	799
704	837
705	723
705	731
705	735
705	741
705	750
705	754
705	759
705	761
705	762
705	764
705	766
705	773
705	775
705	777
705	785
705	789
705	793
705	797
705	798
705	838
706	714
706	721
706	744
706	756
706	759
706	778
706	780
706	782
706	785
706	792
706	793
707	721
707	733
707	738
707	750
707	759
707	773
707	793
707	796
707	948
708	714
708	719
708	732
708	738
708	750
708	756
708	760
708	769
708	772
708	778
708	785
708	795
708	921
708	999
709	718
709	720
709	729
709	731
709	734
709	745
709	753
709	755
709	769
709	773
709	788
709	797
709	813
709	929
709	965
710	718
710	721
710	731
710	736
710	738
710	740
710	754
710	760
710	764
710	765
710	770
710	773
710	777
710	787
710	977
711	728
711	732
711	741
711	749
711	756
711	760
711	763
711	784
711	787
711	792
711	844
711	990
712	721
712	741
712	744
712	745
712	747
712	750
712	758
712	762
712	766
712	768
712	772
712	775
712	783
712	784
712	797
712	798
712	837
713	720
713	721
713	725
713	728
713	731
713	740
713	764
713	766
713	771
713	776
713	781
713	783
713	784
713	795
713	853
714	719
714	727
714	735
714	740
714	749
714	756
714	767
714	772
714	773
714	774
714	782
714	788
715	717
715	718
715	719
715	722
715	726
715	729
715	746
715	755
715	759
715	762
715	763
715	764
715	775
715	777
715	783
715	798
715	970
716	725
716	728
716	734
716	737
716	739
716	747
716	750
716	751
716	766
716	785
716	787
716	791
716	804
716	823
716	980
717	718
717	733
717	734
717	738
717	743
717	759
717	769
717	771
717	772
717	778
717	791
717	897
717	936
718	719
718	730
718	771
718	776
718	781
718	783
718	936
719	731
719	743
719	755
719	758
719	762
719	768
719	784
719	788
720	725
720	732
720	736
720	738
720	764
720	767
720	790
720	795
720	799
720	960
721	726
721	733
721	741
721	742
721	746
721	759
721	764
721	766
721	771
721	798
721	851
721	909
721	982
721	997
722	730
722	737
722	746
722	749
722	751
722	760
722	773
722	774
722	786
722	791
722	792
722	796
722	884
722	968
723	725
723	730
723	745
723	749
723	751
723	753
723	758
723	772
723	773
723	784
723	785
723	798
723	919
723	969
724	730
724	738
724	742
724	747
724	754
724	756
724	758
724	767
724	768
724	784
724	785
724	791
724	792
725	731
725	747
725	756
725	763
725	771
725	777
725	779
725	781
725	790
725	795
725	796
725	797
725	798
726	730
726	755
726	767
726	768
726	769
726	775
726	777
726	882
727	730
727	734
727	737
727	743
727	748
727	750
727	752
727	758
727	762
727	765
727	785
727	787
727	793
727	889
727	955
728	731
728	733
728	745
728	755
728	761
728	762
728	764
728	772
728	779
728	787
728	788
728	898
729	743
729	748
729	783
729	791
729	922
730	730
730	734
730	736
730	739
730	745
730	757
730	758
730	761
730	771
730	772
730	781
730	791
730	793
730	868
730	893
731	731
731	748
731	755
731	759
731	769
731	775
731	777
731	779
731	788
731	790
731	896
731	927
731	946
731	961
732	747
732	748
732	765
732	766
732	770
732	783
732	796
732	799
732	933
732	991
733	737
733	739
733	745
733	766
733	768
733	779
733	782
733	790
733	791
733	796
733	816
734	743
734	750
734	759
734	779
734	780
734	784
734	787
734	799
734	919
735	740
735	752
735	755
735	762
735	779
735	780
735	790
736	741
736	743
736	744
736	749
736	771
736	775
736	785
736	786
736	788
736	798
737	737
737	742
737	748
737	751
737	759
737	760
737	766
737	788
737	790
737	797
737	991
738	738
738	741
738	749
738	751
738	753
738	759
738	763
738	772
738	791
738	794
738	796
738	797
738	921
738	984
738	998
739	745
739	767
739	772
739	782
739	783
739	790
740	743
740	755
740	764
740	769
740	780
740	787
740	791
740	792
740	794
740	871
740	992
741	751
741	761
741	767
741	769
741	778
741	784
741	796
741	886
741	941
741	960
742	751
742	752
742	754
742	756
742	759
742	791
742	794
742	885
742	914
742	964
743	753
743	754
743	755
743	759
743	762
743	763
743	789
743	793
743	809
743	843
743	938
744	745
744	747
744	761
744	766
744	767
744	768
744	775
744	776
744	783
744	790
744	793
744	798
744	946
745	746
745	759
745	762
745	768
745	776
745	780
745	783
745	797
746	747
746	759
746	771
746	775
746	780
746	783
746	796
746	799
746	881
746	941
747	749
747	750
747	751
747	759
747	774
747	775
747	778
747	785
747	795
748	751
748	753
748	754
748	767
748	786
748	789
748	797
749	754
749	782
749	785
749	797
749	957
750	754
750	755
750	761
750	762
750	765
750	770
750	775
750	778
750	792
750	806
750	884
750	903
750	916
751	755
751	758
751	778
751	782
751	790
751	791
751	878
752	772
752	780
752	793
752	794
752	795
752	921
753	755
753	761
753	766
753	768
753	779
753	784
753	787
753	791
753	861
753	945
754	756
754	759
754	760
754	765
754	766
754	775
754	787
754	791
754	929
754	980
755	759
755	770
755	771
755	772
755	773
755	778
755	790
755	838
756	764
756	765
756	769
756	774
756	775
756	782
756	784
756	785
756	786
756	802
756	967
757	785
757	978
758	759
758	766
758	767
758	775
758	776
758	779
758	839
758	855
758	883
759	761
759	789
759	792
759	797
759	849
759	990
760	762
760	767
760	775
760	780
760	790
760	798
760	799
761	766
761	771
761	772
761	773
761	776
761	777
761	780
761	788
761	792
761	929
761	969
762	765
762	767
762	771
762	778
762	781
762	796
762	874
762	943
763	766
763	772
763	780
763	791
763	793
763	797
763	949
764	774
764	777
764	790
764	792
764	798
764	885
765	770
765	771
765	778
765	779
765	782
765	795
766	770
766	778
767	767
767	768
767	775
767	798
767	936
768	775
768	776
768	784
768	792
768	796
768	798
769	775
769	779
769	782
769	786
769	787
769	788
769	907
770	772
770	780
770	788
770	796
770	797
770	896
771	773
771	798
771	989
772	782
772	786
773	790
773	791
773	794
774	790
774	793
774	795
775	775
775	778
775	782
775	784
775	785
775	932
776	777
776	791
777	779
777	780
777	932
778	795
778	881
778	981
779	781
779	787
779	789
779	797
779	977
780	783
780	791
780	798
780	799
780	838
780	840
780	998
781	782
781	784
781	786
781	787
781	799
781	972
782	783
782	916
783	793
783	798
783	805
784	795
784	796
784	811
784	986
784	989
785	789
785	792
786	790
786	791
786	854
787	790
787	921
788	789
788	795
788	933
788	942
788	969
789	791
789	796
790	792
790	798
791	966
791	970
792	884
793	799
794	795
795	803
795	930
795	997
796	963
798	838
799	864
799	867
799	882
799	922
800	808
800	809
800	816
800	823
800	843
800	846
800	854
800	864
800	867
800	868
800	880
800	885
800	888
800	889
800	894
800	958
801	811
801	812
801	829
801	831
801	838
801	843
801	845
801	851
801	874
801	876
801	895
801	896
801	951
802	812
802	831
802	837
802	838
802	855
802	865
802	867
802	868
802	874
802	883
802	896
802	899
802	910
803	805
803	814
803	820
803	831
803	835
803	849
804	813
804	814
804	817
804	852
804	855
804	857
804	864
804	890
804	892
804	894
804	898
805	808
805	809
805	841
805	845
805	852
805	855
805	865
805	867
805	884
805	889
805	898
806	809
806	817
806	836
806	849
806	851
806	857
806	860
806	864
807	819
807	823
807	826
807	836
807	844
807	851
807	854
807	857
807	864
807	867
807	870
807	875
807	878
807	880
807	886
808	810
808	823
808	829
808	831
808	833
808	846
808	850
808	864
808	865
808	867
808	871
808	872
808	876
808	877
808	880
808	885
808	891
809	813
809	814
809	816
809	830
809	838
809	846
809	857
809	860
809	865
809	869
809	871
809	893
809	972
809	977
810	810
810	816
810	818
810	832
810	837
810	845
810	850
810	860
810	862
810	863
810	864
810	866
810	869
810	878
810	879
810	888
810	892
810	897
810	970
811	814
811	822
811	825
811	831
811	840
811	842
811	845
811	854
811	855
811	881
811	885
811	889
811	893
811	897
811	931
812	813
812	815
812	816
812	822
812	825
812	844
812	850
812	860
812	864
812	867
812	869
812	875
812	879
812	893
813	819
813	833
813	842
813	849
813	851
813	853
813	864
813	869
813	887
813	896
813	951
813	965
814	815
814	828
814	851
814	862
814	863
814	868
814	871
814	882
814	885
814	888
814	890
814	896
815	827
815	828
815	831
815	847
815	864
815	877
815	884
815	886
815	891
816	817
816	826
816	836
816	849
816	864
816	865
816	871
816	873
816	877
816	880
816	881
816	889
816	891
816	892
816	899
816	979
816	991
817	823
817	831
817	835
817	836
817	839
817	842
817	847
817	853
817	869
817	874
817	881
817	891
817	898
818	821
818	829
818	859
818	860
818	864
818	866
818	869
818	870
818	873
818	875
818	880
818	886
818	887
819	824
819	847
819	852
819	856
819	892
819	896
820	827
820	830
820	838
820	841
820	842
820	843
820	850
820	858
820	862
820	866
820	867
820	874
820	878
820	879
820	880
820	881
820	888
820	979
821	827
821	839
821	843
821	844
821	989
822	827
822	847
822	872
822	875
822	876
822	879
823	825
823	832
823	840
823	848
823	860
823	863
823	869
823	880
823	881
823	882
823	896
824	834
824	837
824	849
824	852
824	855
824	856
824	857
824	859
824	865
824	869
824	890
824	898
825	847
825	854
825	855
825	857
825	872
825	875
826	828
826	834
826	837
826	839
826	842
826	844
826	851
826	856
826	862
826	873
826	876
826	877
826	879
826	897
827	828
827	829
827	838
827	840
827	856
827	857
827	864
827	868
827	873
827	890
827	893
827	894
828	830
828	833
828	835
828	841
828	848
828	850
828	857
828	859
828	869
828	883
828	887
828	899
829	831
829	843
829	848
829	855
829	883
829	888
829	894
830	838
830	840
830	846
830	847
830	849
830	852
830	863
830	867
830	880
830	882
830	895
831	840
831	842
831	843
831	844
831	850
831	851
831	856
831	857
831	860
831	864
831	871
831	878
831	883
831	887
831	892
831	893
831	899
832	854
832	857
832	862
832	864
832	884
832	885
832	888
833	834
833	835
833	842
833	851
833	855
833	857
833	866
833	888
833	890
833	892
833	908
834	840
834	868
834	875
834	877
834	882
834	887
834	888
834	889
835	836
835	838
835	847
835	861
835	866
835	867
835	868
835	869
835	876
835	881
835	882
835	889
835	894
835	896
835	944
836	844
836	847
836	851
836	852
836	860
836	861
836	881
836	884
836	885
836	897
836	926
837	840
837	851
837	856
837	857
837	860
837	865
837	867
837	873
837	876
837	878
837	887
837	973
838	839
838	874
838	878
838	880
838	888
838	891
838	896
839	862
839	866
839	908
840	867
840	873
840	888
840	891
840	892
840	894
840	981
841	843
841	848
841	850
841	866
841	870
841	874
841	879
841	884
841	889
841	896
841	899
842	876
842	877
842	879
842	880
842	884
842	885
842	888
842	896
842	897
842	898
842	968
843	847
843	853
843	875
843	879
843	882
843	891
843	895
844	845
844	855
844	871
844	888
844	896
844	898
844	909
844	950
845	854
845	863
845	881
845	883
845	887
845	888
845	890
845	982
846	847
846	858
846	883
846	886
846	898
846	991
847	854
847	855
847	857
847	885
847	898
848	850
848	856
848	859
848	868
848	870
848	875
848	877
848	881
848	883
848	892
848	898
848	904
849	851
849	853
849	854
849	865
849	885
849	893
849	894
849	896
850	859
850	873
850	874
850	877
850	880
850	883
850	885
850	888
850	892
850	899
851	852
851	853
851	856
851	860
851	879
851	884
851	894
852	859
852	862
852	864
852	872
852	884
852	889
852	896
853	863
853	866
853	869
853	874
853	879
853	898
854	855
854	864
854	867
854	882
854	912
855	864
855	865
855	867
855	874
855	877
855	881
856	859
856	868
856	869
856	883
856	894
856	895
856	897
856	898
856	929
857	866
857	873
857	878
857	899
858	858
858	859
858	862
858	886
858	891
858	894
859	860
859	861
859	863
859	865
859	866
859	867
859	869
859	879
859	880
859	881
860	867
860	872
860	873
860	894
861	862
861	870
861	871
861	874
861	881
861	884
861	887
861	888
861	904
861	973
862	865
862	886
862	890
862	898
862	965
863	876
863	877
863	885
863	898
863	969
864	877
864	889
864	890
864	897
865	892
866	868
866	874
866	889
866	891
866	951
866	978
867	883
867	886
867	894
868	883
868	887
868	892
868	893
868	896
869	880
869	895
869	966
869	976
870	874
870	884
870	900
870	947
871	871
871	888
872	876
872	879
872	880
872	894
872	960
873	878
873	889
873	893
873	895
873	971
874	876
874	892
874	893
874	896
874	899
874	997
875	885
875	922
876	878
876	893
876	899
876	949
876	954
876	967
877	879
877	886
877	887
877	892
877	894
877	896
877	899
878	887
878	890
878	981
879	897
879	898
880	882
880	883
880	886
880	890
880	891
881	886
881	954
882	885
882	898
882	939
884	885
884	894
884	898
885	894
885	899
886	887
886	888
886	895
886	939
886	965
887	949
888	924
889	897
889	972
890	922
891	894
892	896
892	897
892	997
893	896
893	915
895	898
895	950
896	898
897	897
898	937
899	971
900	904
900	905
900	921
900	925
900	945
900	951
900	964
900	974
900	985
901	904
901	910
901	921
901	924
901	925
901	939
901	954
901	964
901	973
901	983
901	993
902	905
902	933
902	945
902	954
902	960
902	963
902	971
902	975
902	976
902	977
902	984
902	986
902	994
903	903
903	905
903	917
903	920
903	931
903	939
903	943
903	944
903	945
903	957
903	962
903	963
903	968
903	992
903	993
904	927
904	930
904	954
904	967
904	968
904	997
905	908
905	909
905	921
905	929
905	938
905	940
905	944
905	958
905	967
905	968
905	979
905	983
905	993
905	999
906	926
906	933
906	937
906	939
906	946
906	949
906	957
906	975
906	976
906	979
906	981
906	990
906	991
906	993
907	911
907	928
907	932
907	939
907	942
907	954
907	955
907	957
907	961
907	962
907	964
907	970
907	976
907	979
907	980
907	983
907	985
907	989
907	992
907	995
907	999
908	917
908	920
908	940
908	956
908	964
908	976
908	977
908	982
908	990
908	992
909	916
909	926
909	928
909	939
909	949
909	953
909	959
909	978
909	986
909	987
909	993
910	916
910	930
910	933
910	938
910	946
910	947
910	957
910	959
910	975
910	983
910	984
910	990
910	994
911	915
911	925
911	928
911	929
911	933
911	945
911	951
911	958
911	964
911	969
911	979
911	983
911	984
911	989
911	994
912	914
912	920
912	932
912	938
912	945
912	966
912	967
912	971
912	972
912	973
912	977
912	982
912	983
912	996
913	918
913	936
913	937
913	941
913	949
913	956
913	961
913	969
913	970
913	981
913	987
913	993
913	994
914	922
914	934
914	936
914	952
914	955
914	980
914	985
914	991
914	994
914	999
915	918
915	923
915	931
915	932
915	934
915	943
915	960
915	962
915	969
915	981
915	988
915	994
915	998
915	999
916	917
916	929
916	937
916	939
916	945
916	953
916	956
916	976
916	982
916	986
916	994
916	995
917	931
917	932
917	937
917	938
917	954
917	956
917	957
917	974
917	975
917	977
917	983
917	987
917	991
917	992
917	998
918	921
918	924
918	925
918	968
918	969
918	970
918	971
918	972
918	973
918	976
918	992
919	934
919	944
919	947
919	964
919	967
919	974
919	980
919	982
919	985
919	999
920	928
920	931
920	955
920	961
920	964
920	968
920	974
920	979
920	987
920	993
921	924
921	926
921	931
921	932
921	947
921	961
921	965
921	966
921	986
921	989
921	994
921	995
922	944
922	945
922	949
922	964
922	965
922	966
922	977
922	981
922	984
922	991
923	925
923	936
923	941
923	957
923	958
923	977
923	978
923	987
923	991
923	994
924	934
924	935
924	937
924	962
924	986
924	988
925	927
925	938
925	950
925	954
925	955
925	956
925	964
925	965
925	969
925	973
925	976
925	978
925	985
925	986
925	993
925	995
926	934
926	940
926	944
926	945
926	948
926	951
926	959
926	963
926	988
926	991
926	992
926	993
926	994
926	997
926	998
927	929
927	937
927	938
927	941
927	980
927	984
927	989
927	994
928	929
928	931
928	938
928	942
928	943
928	944
928	953
928	961
928	962
928	965
928	985
928	997
929	931
929	932
929	935
929	936
929	940
929	943
929	947
929	953
929	958
929	959
929	960
929	961
929	966
929	979
929	987
929	989
929	994
929	998
930	937
930	939
930	942
930	975
930	989
931	937
931	940
931	949
931	957
931	958
931	961
931	965
931	974
931	996
931	998
932	937
932	940
932	943
932	948
932	949
932	970
932	974
932	981
932	983
932	986
932	994
933	943
933	946
933	948
933	957
933	964
933	972
933	976
933	983
933	986
933	993
934	942
934	947
934	958
934	978
934	993
935	935
935	941
935	942
935	959
935	976
935	982
935	985
935	990
935	994
936	940
936	943
936	944
936	955
936	957
936	958
936	966
936	981
936	982
936	983
936	990
936	991
936	994
937	939
937	944
937	951
937	960
937	971
937	980
937	983
937	984
937	988
938	943
938	951
938	955
938	960
938	963
938	977
938	988
938	992
938	993
938	996
939	945
939	953
939	956
939	966
939	977
939	996
939	998
940	942
940	960
940	966
940	989
940	998
941	948
941	950
941	952
941	953
941	959
941	982
941	988
941	992
942	944
942	947
942	955
942	963
942	976
942	989
943	947
943	952
943	953
943	962
943	967
943	970
943	972
943	973
943	976
943	977
943	986
943	992
943	994
944	949
944	950
944	951
944	957
944	961
944	966
944	969
944	974
944	975
944	994
944	999
945	948
945	952
945	953
945	961
945	962
945	965
945	969
945	982
945	985
945	987
945	997
946	958
946	959
946	961
946	963
946	968
946	974
946	993
946	994
947	947
947	959
947	963
947	977
947	980
947	987
948	949
948	955
948	965
948	967
948	970
948	976
948	989
948	999
949	952
949	953
949	955
949	980
949	999
950	962
950	968
950	981
950	991
950	992
950	996
951	965
951	967
951	974
951	978
951	981
951	982
951	983
951	987
951	994
952	966
952	978
952	988
952	991
952	992
952	996
953	979
953	984
953	992
954	960
954	964
954	965
954	966
954	975
954	977
955	963
955	968
955	969
955	974
955	986
956	965
956	967
956	987
957	965
957	966
957	968
957	973
957	974
957	980
957	981
957	983
957	985
957	991
958	968
958	979
958	987
958	997
959	959
959	965
959	966
959	980
959	981
960	961
960	966
960	967
960	978
960	979
960	984
960	988
961	967
961	968
961	976
961	980
961	982
961	991
961	992
961	997
962	968
962	977
962	987
962	994
962	996
963	964
963	966
963	970
963	971
963	983
963	985
963	996
964	969
964	972
964	980
964	983
964	985
964	990
965	978
966	967
966	969
966	979
966	981
966	983
966	984
966	992
966	993
967	986
967	988
967	989
967	995
968	984
968	986
968	988
968	995
968	996
969	973
969	986
970	988
970	990
971	974
971	980
971	988
972	980
972	997
973	975
973	979
973	993
974	984
974	986
974	988
975	978
975	990
976	981
976	997
977	981
977	982
977	983
977	984
977	987
977	993
977	994
978	986
978	997
979	980
979	981
979	991
979	993
979	994
980	981
980	989
980	997
981	988
981	989
981	990
981	993
981	995
981	999
982	992
982	996
982	998
983	984
983	987
984	986
984	987
984	988
985	986
985	999
986	988
986	989
988	998
988	999
989	990
989	991
989	994
989	995
991	995
991	999
992	999
993	996
994	998
994	999
997	998
