0	3
0	4
0	8
0	9
0	48
0	52
0	78
0	92
0	96
0	122
0	155
0	208
0	224
0	226
0	228
0	317
0	333
0	441
0	445
0	464
0	477
0	488
0	549
0	667
0	792
0	829
0	835
0	922
0	948
1	8
1	11
1	12
1	17
1	23
1	52
1	112
1	137
1	396
1	537
1	642
1	735
1	746
1	784
1	815
1	870
1	915
1	919
1	945
2	7
2	11
2	32
2	48
2	52
2	54
2	68
2	83
2	85
2	92
2	184
2	256
2	303
2	351
2	388
2	416
2	516
2	572
2	665
2	747
2	821
2	825
2	922
2	924
2	933
2	965
3	20
3	36
3	43
3	64
3	90
3	123
3	124
3	477
3	882
3	928
4	17
4	28
4	35
4	39
4	42
4	106
4	139
4	205
4	236
4	297
4	544
4	567
4	596
4	646
4	796
4	849
4	915
5	46
5	50
5	74
5	82
5	128
5	131
5	141
5	151
5	156
5	321
5	513
5	573
5	612
5	618
5	673
5	776
5	872
5	916
5	928
6	63
6	65
6	71
6	78
6	91
6	98
6	127
6	129
6	203
6	358
6	361
6	382
6	394
6	396
6	461
6	476
6	690
6	692
6	747
6	755
6	822
6	998
7	22
7	24
7	90
7	250
7	294
7	537
7	626
7	700
7	807
7	859
8	31
8	54
8	65
8	188
8	270
8	316
8	697
8	709
8	902
8	977
8	986
9	61
9	62
9	67
9	86
9	156
9	183
9	273
9	316
9	362
9	379
9	633
9	634
9	653
9	717
9	721
9	762
9	807
9	838
9	900
9	904
9	941
10	32
10	53
10	87
10	89
10	92
10	127
10	192
10	194
10	221
10	345
10	450
10	632
10	728
10	739
10	767
10	920
10	953
10	996
11	21
11	40
11	57
11	66
11	74
11	85
11	96
11	97
11	208
11	230
11	243
11	280
11	350
11	382
11	514
11	562
11	597
11	627
11	629
11	704
11	875
11	883
12	207
12	254
12	296
12	439
12	455
12	549
12	567
12	600
12	729
12	733
12	796
12	800
12	820
12	904
12	927
12	939
12	980
12	993
13	16
13	21
13	24
13	27
13	45
13	61
13	70
13	82
13	119
13	168
13	274
13	303
13	340
13	359
13	416
13	433
13	443
13	529
13	530
13	702
13	953
13	998
14	36
14	49
14	67
14	77
14	80
14	168
14	216
14	230
14	231
14	379
14	517
14	554
14	558
14	634
14	641
14	656
14	910
14	955
14	957
14	960
15	48
15	77
15	95
15	271
15	699
15	853
15	866
15	882
15	953
16	19
16	32
16	38
16	45
16	78
16	105
16	287
16	300
16	355
16	413
16	443
16	465
16	491
16	501
16	505
16	524
16	526
16	563
16	584
16	592
16	621
16	643
16	704
16	743
16	761
16	935
16	985
17	27
17	53
17	62
17	64
17	65
17	82
17	91
17	97
17	211
17	244
17	251
17	281
17	595
17	671
17	674
17	784
17	872
17	909
17	959
18	37
18	39
18	44
18	79
18	81
18	97
18	210
18	233
18	335
18	359
18	416
18	421
18	491
18	638
18	645
18	815
18	828
19	43
19	53
19	97
19	105
19	164
19	205
19	409
19	458
19	481
19	517
19	612
19	616
19	649
19	714
19	733
19	878
19	898
20	48
20	73
20	84
20	93
20	95
20	121
20	127
20	138
20	361
20	509
20	578
20	592
20	762
20	833
20	977
21	32
21	35
21	41
21	49
21	55
21	94
21	353
21	484
21	510
21	523
21	600
21	649
21	903
21	937
21	953
22	37
22	49
22	61
22	89
22	176
22	231
22	317
22	360
22	363
22	408
22	444
22	485
22	511
22	547
22	562
22	607
22	646
22	690
22	874
22	884
22	889
22	893
22	952
23	25
23	51
23	68
23	114
23	184
23	201
23	215
23	220
23	297
23	360
23	422
23	473
23	522
23	815
23	858
23	906
23	959
24	49
24	66
24	69
24	77
24	89
24	202
24	334
24	354
24	373
24	377
24	456
24	502
24	519
24	535
24	572
24	575
24	593
24	660
24	875
24	960
24	965
25	26
25	33
25	43
25	66
25	139
25	204
25	264
25	271
25	403
25	407
25	439
25	441
25	454
25	470
25	536
25	640
25	664
25	703
25	733
25	781
25	808
26	50
26	54
26	61
26	92
26	116
26	213
26	246
26	261
26	323
26	332
26	375
26	451
26	469
26	598
26	675
26	692
26	717
26	771
26	859
26	865
26	986
27	35
27	36
27	49
27	133
27	163
27	187
27	285
27	384
27	414
27	554
27	654
27	662
27	676
27	697
27	750
27	756
27	798
27	799
27	809
27	830
27	980
28	40
28	44
28	75
28	87
28	139
28	167
28	242
28	252
28	267
28	325
28	331
28	345
28	393
28	446
28	456
28	552
28	553
28	570
28	594
28	648
28	794
28	842
28	849
29	31
29	44
29	51
29	70
29	96
29	109
29	118
29	129
29	217
29	240
29	362
29	495
29	688
29	695
29	728
29	732
29	786
30	58
30	175
30	325
30	431
30	432
30	539
30	551
30	648
30	716
30	773
30	821
30	859
30	873
30	929
31	40
31	62
31	65
31	85
31	88
31	93
31	164
31	173
31	265
31	354
31	400
31	431
31	436
31	438
31	445
31	746
31	837
32	97
32	132
32	191
32	273
32	277
32	286
32	315
32	382
32	551
32	633
32	702
32	715
32	725
32	764
32	888
32	925
32	975
32	995
33	35
33	36
33	66
33	75
33	82
33	258
33	294
33	347
33	359
33	401
33	507
33	567
33	580
33	683
33	690
33	710
33	760
33	766
33	775
33	776
33	809
33	817
33	937
34	48
34	67
34	82
34	89
34	114
34	259
34	392
34	443
34	469
34	479
34	526
34	681
34	693
34	702
34	769
34	891
34	958
35	81
35	469
35	492
35	506
35	632
35	647
35	730
35	910
36	46
36	62
36	67
36	81
36	100
36	111
36	164
36	176
36	187
36	223
36	318
36	465
36	494
36	503
36	735
36	757
36	808
36	884
36	924
36	957
37	47
37	112
37	122
37	129
37	199
37	333
37	426
37	499
37	561
37	623
37	687
37	692
37	757
38	46
38	59
38	63
38	70
38	179
38	200
38	231
38	339
38	400
38	460
38	532
38	534
38	634
38	676
38	701
38	710
38	731
38	747
38	791
38	947
39	40
39	65
39	255
39	257
39	258
39	285
39	363
39	713
39	718
39	991
40	123
40	170
40	195
40	297
40	318
40	329
40	457
40	464
40	680
40	722
40	738
40	825
40	858
40	914
41	44
41	64
41	92
41	131
41	184
41	187
41	294
41	413
41	425
41	509
41	541
41	751
41	773
41	776
41	908
42	74
42	76
42	84
42	97
42	283
42	290
42	452
42	635
42	662
42	781
42	859
42	917
43	289
43	389
43	405
43	538
43	769
43	813
43	818
43	831
43	873
43	915
43	941
44	67
44	73
44	87
44	93
44	99
44	135
44	160
44	211
44	216
44	300
44	368
44	421
44	490
44	507
44	577
44	649
44	717
44	723
44	766
44	794
44	931
44	986
45	48
45	53
45	82
45	98
45	226
45	240
45	325
45	352
45	368
45	542
45	543
46	67
46	75
46	109
46	184
46	350
46	402
46	431
46	476
46	518
46	533
46	598
46	654
46	752
46	798
46	834
47	49
47	53
47	56
47	76
47	94
47	110
47	229
47	234
47	304
47	405
47	411
47	447
47	455
47	605
47	609
47	669
47	704
47	741
47	832
47	881
47	967
47	977
48	82
48	99
48	151
48	216
48	356
48	394
48	463
48	702
48	760
48	819
48	935
48	983
48	985
48	996
49	52
49	76
49	79
49	86
49	212
49	283
49	352
49	503
49	593
49	740
49	871
49	914
49	933
49	993
49	998
50	74
50	83
50	84
50	88
50	155
50	173
50	204
50	384
50	524
50	546
50	560
50	607
50	676
50	867
50	874
50	963
51	62
51	73
51	84
51	89
51	120
51	302
51	395
51	433
51	501
51	621
51	684
51	691
51	794
51	799
51	858
51	868
52	52
52	56
52	60
52	140
52	270
52	328
52	413
52	488
52	587
52	607
52	634
52	691
52	800
52	807
52	945
53	58
53	103
53	106
53	138
53	261
53	266
53	417
53	443
53	612
53	627
53	653
53	690
53	723
53	745
53	748
53	827
53	974
53	991
53	999
54	96
54	199
54	630
54	633
54	772
54	834
54	907
54	946
55	68
55	69
55	76
55	89
55	283
55	296
55	418
55	486
55	490
55	542
55	730
55	737
55	809
55	819
56	57
56	77
56	81
56	95
56	112
56	209
56	451
56	611
56	622
56	726
56	737
56	950
57	66
57	262
57	428
57	588
57	653
57	695
57	787
57	862
57	871
57	964
58	73
58	84
58	85
58	190
58	199
58	270
58	403
58	474
58	584
58	669
58	708
58	722
58	818
58	819
58	852
58	966
58	989
59	68
59	266
59	338
59	341
59	350
59	475
59	950
59	955
60	87
60	95
60	183
60	222
60	231
60	343
60	402
60	428
60	446
60	452
60	488
60	519
60	638
60	817
60	842
60	850
60	875
60	900
60	910
60	986
60	999
61	166
61	177
61	326
61	354
61	396
61	400
61	433
61	438
61	508
61	531
61	557
61	671
61	676
61	715
61	716
61	828
61	830
61	855
61	856
61	865
61	887
61	896
61	944
62	76
62	90
62	138
62	263
62	278
62	371
62	381
62	466
62	502
62	508
62	537
62	666
62	715
62	751
62	985
63	82
63	202
63	319
63	329
63	408
63	604
63	606
63	643
63	845
63	933
64	77
64	99
64	147
64	169
64	250
64	310
64	365
64	398
64	516
64	572
64	597
64	654
64	664
64	836
64	855
65	82
65	152
65	161
65	210
65	304
65	366
65	464
65	481
65	598
65	641
65	680
65	906
65	915
65	917
65	957
66	79
66	97
66	170
66	190
66	255
66	269
66	418
66	445
66	487
66	684
66	772
66	773
66	853
66	857
67	84
67	87
67	155
67	201
67	215
67	290
67	313
67	314
67	397
67	427
67	557
67	613
67	642
67	644
67	677
67	704
67	814
67	855
67	879
67	883
67	894
67	931
68	75
68	136
68	233
68	295
68	324
68	329
68	470
68	487
68	505
68	507
68	754
68	816
68	841
68	887
68	910
68	982
69	73
69	77
69	81
69	97
69	98
69	116
69	250
69	340
69	375
69	402
69	415
69	421
69	429
69	528
69	594
69	611
69	615
69	713
69	737
69	770
69	828
69	877
69	898
69	904
69	915
69	970
70	72
70	88
70	92
70	99
70	154
70	169
70	285
70	286
70	314
70	437
70	953
70	979
71	79
71	219
71	440
71	470
71	487
71	558
71	566
71	609
71	653
71	802
71	831
71	950
71	957
72	99
72	135
72	216
72	329
72	475
72	496
72	506
72	573
72	622
72	697
72	700
72	703
72	712
72	750
72	751
72	861
72	992
73	84
73	91
73	142
73	206
73	234
73	235
73	255
73	325
73	463
73	484
73	521
73	548
73	637
73	649
73	733
73	747
73	907
73	913
73	932
73	945
74	79
74	158
74	162
74	183
74	207
74	326
74	394
74	513
74	705
74	785
74	915
74	947
74	974
75	112
75	114
75	121
75	128
75	224
75	270
75	298
75	397
75	494
75	554
75	605
75	619
75	623
75	649
75	670
75	694
75	700
75	714
75	794
75	851
75	923
75	932
75	987
76	91
76	97
76	126
76	233
76	631
76	765
76	788
76	862
76	882
76	893
76	940
76	979
76	982
77	78
77	90
77	96
77	137
77	162
77	180
77	261
77	276
77	331
77	397
77	401
77	409
77	571
77	577
77	580
77	606
77	622
77	650
77	772
77	783
77	810
77	817
77	993
78	130
78	183
78	200
78	304
78	371
78	465
78	484
78	487
78	496
78	656
78	853
78	914
78	924
78	936
79	255
79	326
79	385
79	398
79	405
79	495
79	597
79	704
79	815
79	904
79	936
79	949
79	976
80	164
80	188
80	264
80	323
80	346
80	349
80	377
80	403
80	468
80	523
80	709
80	835
80	846
80	856
80	891
81	94
81	101
81	108
81	117
81	167
81	272
81	332
81	482
81	508
81	554
81	608
81	626
81	645
81	691
81	918
81	935
81	941
81	954
81	968
82	95
82	103
82	127
82	149
82	150
82	328
82	379
82	491
82	525
82	695
82	696
82	838
82	941
83	215
83	282
83	304
83	377
83	399
83	420
83	452
83	493
83	501
83	577
83	669
83	792
83	878
83	883
84	94
84	99
84	109
84	144
84	200
84	237
84	312
84	386
84	416
84	470
84	640
84	715
84	740
84	747
84	788
84	795
84	904
84	919
85	114
85	160
85	192
85	239
85	355
85	368
85	376
85	419
85	435
85	508
85	552
85	563
85	575
85	582
85	592
85	630
85	645
85	665
85	716
85	763
86	174
86	197
86	302
86	347
86	354
86	372
86	420
86	531
86	611
86	658
86	726
86	853
86	894
86	913
86	964
87	218
87	321
87	378
87	421
87	462
87	509
87	512
87	577
87	679
87	697
87	776
87	892
87	941
87	961
88	90
88	97
88	110
88	187
88	195
88	204
88	255
88	289
88	333
88	359
88	695
89	94
89	97
89	117
89	149
89	196
89	347
89	501
89	534
89	557
89	574
89	627
89	668
89	793
89	840
89	890
89	910
89	982
89	998
90	99
90	235
90	257
90	265
90	283
90	415
90	677
90	694
90	752
90	867
90	886
90	934
90	972
90	999
91	178
91	227
91	350
91	488
91	544
91	702
91	758
91	788
91	894
91	914
91	921
91	924
91	951
91	995
92	137
92	230
92	280
92	288
92	320
92	344
92	382
92	442
92	612
92	671
92	684
92	705
92	733
92	747
92	753
92	801
92	824
92	903
93	99
93	104
93	179
93	210
93	338
93	352
93	439
93	536
93	664
93	858
93	885
93	910
93	933
93	959
94	208
94	245
94	349
94	396
94	397
94	406
94	513
94	607
94	622
94	811
95	145
95	190
95	244
95	332
95	343
95	407
95	426
95	471
95	573
95	660
95	748
95	773
95	803
95	812
95	823
95	878
95	947
96	317
96	396
96	449
96	472
96	505
96	525
96	543
96	562
96	621
96	782
96	828
96	990
97	200
97	214
97	284
97	307
97	333
97	375
97	431
97	466
97	552
97	560
97	570
97	575
97	631
97	639
97	666
97	837
97	980
98	243
98	262
98	282
98	336
98	438
98	443
98	498
98	533
98	626
98	669
98	689
98	820
98	856
98	883
98	995
99	148
99	149
99	187
99	255
99	272
99	292
99	295
99	312
99	314
99	445
99	470
99	558
99	751
99	917
99	937
99	991
100	118
100	127
100	134
100	151
100	166
100	168
100	187
100	207
100	333
100	366
100	469
100	486
100	488
100	509
100	533
100	635
100	669
100	744
100	774
100	959
100	984
101	119
101	137
101	144
101	170
101	195
101	409
101	422
101	456
101	499
101	508
101	509
101	611
101	612
101	729
101	803
101	807
101	916
101	985
101	993
102	114
102	130
102	141
102	165
102	204
102	326
102	367
102	410
102	474
102	512
102	521
102	524
102	661
102	750
102	788
102	864
102	875
102	885
102	911
102	988
103	138
103	142
103	154
103	173
103	193
103	337
103	393
103	559
103	573
103	689
103	694
103	717
103	803
104	106
104	147
104	163
104	205
104	391
104	418
104	492
104	612
104	647
104	666
104	694
104	741
104	770
104	895
104	899
104	914
104	915
104	960
105	123
105	188
105	230
105	280
105	473
105	519
105	631
105	742
105	806
105	893
105	899
105	959
105	972
105	980
105	990
106	135
106	139
106	195
106	203
106	383
106	500
106	560
106	575
106	632
106	710
106	755
106	823
106	836
106	871
106	927
106	945
106	992
107	118
107	155
107	163
107	174
107	194
107	247
107	313
107	322
107	338
107	340
107	341
107	405
107	488
107	530
107	545
107	546
107	563
107	704
107	719
107	821
107	962
108	179
108	196
108	243
108	311
108	418
108	512
108	537
108	644
108	733
108	821
108	936
109	129
109	156
109	179
109	198
109	207
109	292
109	300
109	350
109	424
109	571
109	577
109	578
109	625
109	640
109	682
109	742
109	774
109	845
109	976
110	117
110	131
110	150
110	153
110	169
110	334
110	474
110	490
110	570
110	575
110	642
110	729
110	766
110	833
110	874
110	883
110	923
110	981
111	112
111	121
111	122
111	130
111	151
111	164
111	165
111	183
111	201
111	314
111	341
111	345
111	435
111	492
111	525
111	527
111	547
111	565
111	659
111	694
111	824
111	852
111	876
112	168
112	183
112	188
112	282
112	346
112	349
112	460
112	466
112	492
112	505
112	531
112	566
112	664
112	678
112	737
112	748
112	933
112	939
112	962
113	132
113	144
113	159
113	160
113	184
113	305
113	306
113	321
113	330
113	405
113	563
113	629
113	641
113	791
113	900
113	986
113	989
114	126
114	130
114	136
114	145
114	182
114	183
114	254
114	266
114	315
114	323
114	345
114	431
114	483
114	586
114	638
114	657
114	887
114	898
115	120
115	139
115	144
115	152
115	189
115	190
115	195
115	235
115	270
115	335
115	457
115	545
115	556
115	584
115	655
115	659
115	770
115	789
115	830
115	936
115	953
115	961
116	140
116	189
116	232
116	288
116	315
116	322
116	327
116	349
116	375
116	451
116	481
116	580
116	613
116	681
116	882
116	907
116	960
117	134
117	172
117	175
117	181
117	275
117	475
117	593
117	637
117	758
117	783
117	829
117	872
117	889
117	904
117	972
117	978
118	137
118	164
118	179
118	180
118	185
118	198
118	275
118	372
118	388
118	438
118	481
118	523
118	593
118	644
118	697
118	704
119	131
119	169
119	323
119	413
119	432
119	469
119	577
119	585
119	697
119	741
119	868
119	875
119	886
119	919
119	997
120	132
120	173
120	184
120	195
120	241
120	391
120	421
120	533
120	607
120	619
120	833
120	956
121	168
121	173
121	188
121	189
121	191
121	258
121	365
121	565
121	589
121	749
121	759
121	761
121	778
121	833
121	871
121	884
121	964
122	174
122	267
122	284
122	350
122	356
122	395
122	505
122	513
122	539
122	589
122	595
122	647
122	655
122	717
122	820
122	848
122	913
123	140
123	164
123	169
123	173
123	196
123	216
123	249
123	259
123	262
123	356
123	358
123	449
123	486
123	543
123	571
123	631
123	800
123	832
123	906
123	959
123	971
123	985
123	998
124	173
124	177
124	190
124	194
124	328
124	528
124	569
124	697
124	732
124	829
124	900
124	941
124	999
125	143
125	156
125	189
125	210
125	324
125	501
125	541
125	650
125	718
125	864
125	868
125	933
126	134
126	141
126	174
126	178
126	224
126	231
126	233
126	253
126	268
126	276
126	344
126	464
126	548
126	576
126	586
126	637
126	645
126	677
126	694
126	724
126	746
126	751
126	787
126	852
126	997
127	147
127	148
127	154
127	199
127	245
127	348
127	381
127	435
127	468
127	483
127	518
127	520
127	536
127	570
127	642
127	713
127	850
127	898
127	994
128	141
128	165
128	198
128	288
128	314
128	355
128	447
128	449
128	452
128	522
128	539
128	607
128	646
128	664
128	683
128	759
128	812
128	905
128	948
128	976
129	139
129	175
129	265
129	268
129	277
129	341
129	382
129	429
129	430
129	627
129	690
129	759
129	795
129	871
129	943
129	983
130	133
130	140
130	164
130	193
130	288
130	300
130	301
130	325
130	335
130	386
130	486
130	532
130	564
130	623
130	649
130	654
130	723
130	780
130	843
130	884
130	935
130	962
130	986
131	139
131	148
131	157
131	175
131	186
131	187
131	278
131	413
131	438
131	480
131	652
131	706
131	725
131	754
131	760
131	783
131	919
131	950
131	999
132	149
132	150
132	158
132	170
132	183
132	184
132	197
132	397
132	427
132	429
132	475
132	480
132	562
132	798
132	802
132	830
132	855
132	906
133	174
133	215
133	222
133	242
133	275
133	397
133	519
133	594
133	675
133	769
133	835
133	927
133	936
134	140
134	151
134	157
134	173
134	192
134	194
134	209
134	580
134	667
134	821
134	894
134	985
134	998
135	140
135	195
135	336
135	500
135	534
135	558
135	771
135	850
135	899
135	985
136	145
136	148
136	165
136	170
136	224
136	336
136	366
136	395
136	407
136	555
136	752
136	777
136	828
136	934
137	158
137	173
137	174
137	222
137	331
137	348
137	376
137	472
137	570
137	596
137	700
137	716
137	761
137	767
137	835
137	946
138	140
138	181
138	273
138	327
138	344
138	371
138	466
138	535
138	571
138	623
138	837
138	920
138	921
138	942
138	991
139	148
139	167
139	174
139	185
139	187
139	192
139	230
139	260
139	385
139	393
139	474
139	603
139	616
139	693
139	703
139	712
139	790
139	818
139	842
140	142
140	202
140	208
140	244
140	388
140	550
140	561
140	587
140	677
140	709
140	833
140	881
140	906
141	156
141	159
141	163
141	177
141	187
141	195
141	357
141	444
141	507
141	541
141	652
141	884
141	911
141	914
141	996
142	146
142	188
142	205
142	246
142	276
142	337
142	406
142	422
142	429
142	512
142	525
142	586
142	668
142	704
142	759
142	764
142	857
142	869
142	889
142	892
142	906
142	913
143	152
143	189
143	242
143	357
143	366
143	531
143	760
143	901
143	951
144	178
144	688
144	704
144	707
144	817
144	954
145	166
145	176
145	188
145	194
145	237
145	250
145	276
145	293
145	302
145	324
145	377
145	462
145	463
145	472
145	477
145	502
145	514
145	537
145	543
145	549
145	558
145	581
145	623
145	637
145	795
145	871
145	878
146	161
146	164
146	169
146	171
146	189
146	248
146	286
146	353
146	401
146	514
146	553
146	581
146	602
146	632
146	636
146	688
146	739
146	781
146	880
146	881
146	887
146	893
147	171
147	180
147	296
147	299
147	309
147	381
147	417
147	554
147	640
147	689
147	707
147	738
147	741
147	892
148	151
148	171
148	194
148	202
148	203
148	206
148	280
148	432
148	464
148	520
148	559
148	638
148	657
148	664
148	841
148	862
148	898
148	913
148	939
148	966
149	161
149	194
149	198
149	350
149	428
149	449
149	593
149	642
149	646
149	672
149	735
149	747
149	785
149	833
149	846
149	869
149	950
150	152
150	153
150	159
150	165
150	166
150	341
150	348
150	490
150	528
150	553
150	646
150	659
150	662
150	671
150	694
150	778
150	791
150	869
150	981
151	167
151	333
151	392
151	535
151	562
151	599
151	605
151	627
151	664
151	707
151	708
151	738
151	748
151	784
151	884
151	914
151	993
151	999
152	178
152	201
152	267
152	273
152	282
152	439
152	475
152	538
152	578
152	745
152	760
152	841
152	846
152	852
152	905
153	188
153	189
153	237
153	309
153	326
153	398
153	417
153	428
153	480
153	500
153	555
153	563
153	564
153	590
153	614
153	642
153	831
153	956
154	180
154	191
154	246
154	348
154	359
154	453
154	545
154	576
154	620
154	648
154	656
154	758
154	846
154	877
154	983
155	155
155	163
155	182
155	183
155	246
155	259
155	269
155	321
155	409
155	456
155	558
155	640
155	688
155	735
155	736
155	752
155	779
155	948
156	199
156	250
156	461
156	495
156	508
156	622
156	755
156	763
156	850
157	159
157	171
157	180
157	219
157	237
157	255
157	323
157	371
157	623
157	681
157	698
157	730
157	836
157	861
157	958
157	960
157	971
158	161
158	173
158	195
158	199
158	205
158	221
158	286
158	405
158	448
158	551
158	625
158	903
158	935
158	962
158	981
158	986
159	343
159	556
159	560
159	600
159	719
159	751
159	875
159	915
159	923
159	930
160	185
160	187
160	260
160	304
160	343
160	357
160	551
160	659
160	712
160	725
160	834
160	950
161	167
161	171
161	212
161	686
161	701
161	713
161	731
161	776
161	780
162	185
162	245
162	344
162	526
162	545
162	632
162	676
162	683
162	725
162	791
162	830
162	847
162	933
163	174
163	176
163	190
163	191
163	281
163	304
163	308
163	366
163	428
163	472
163	487
163	496
163	563
163	628
163	674
163	703
163	721
163	767
163	774
163	825
163	827
163	903
164	182
164	198
164	209
164	313
164	347
164	357
164	389
164	463
164	500
164	692
164	733
164	839
164	927
165	179
165	185
165	199
165	267
165	347
165	428
165	540
165	553
165	600
165	621
165	633
165	652
165	687
165	695
165	862
165	968
166	168
166	169
166	179
166	230
166	273
166	278
166	291
166	397
166	409
166	587
166	673
166	678
166	756
166	820
166	938
167	177
167	184
167	193
167	195
167	228
167	276
167	375
167	389
167	576
167	656
167	768
167	800
167	907
167	978
167	998
168	297
168	445
168	475
168	533
168	602
168	624
168	894
168	973
169	238
169	277
169	301
169	396
169	397
169	441
169	454
169	508
169	541
169	597
169	654
169	770
169	933
169	938
169	996
170	188
170	190
170	193
170	229
170	330
170	331
170	389
170	516
170	550
170	579
170	619
170	721
170	824
170	877
170	969
171	203
171	406
171	409
171	635
171	715
171	782
171	860
171	933
171	976
171	982
172	173
172	180
172	224
172	328
172	331
172	423
172	442
172	495
172	506
172	578
172	581
172	602
172	831
172	894
172	901
172	973
172	989
172	996
173	212
173	214
173	220
173	223
173	232
173	323
173	352
173	490
173	498
173	504
173	570
173	595
173	677
173	694
173	695
173	733
173	886
173	977
173	983
174	192
174	396
174	436
174	452
174	524
174	581
174	725
174	822
174	888
174	930
175	194
175	430
175	455
175	554
175	964
176	224
176	227
176	234
176	249
176	417
176	427
176	528
176	534
176	570
176	671
176	720
176	812
176	836
176	849
176	898
176	905
177	194
177	204
177	341
177	374
177	395
177	405
177	441
177	446
177	579
177	623
177	682
177	745
177	782
177	826
177	841
177	846
178	304
178	475
178	653
178	766
178	815
178	861
178	889
178	902
178	906
178	907
178	928
178	984
178	996
179	192
179	197
179	258
179	300
179	307
179	344
179	346
179	401
179	416
179	487
179	496
179	555
179	644
179	673
179	700
179	760
179	761
179	804
179	851
179	907
179	947
180	181
180	189
180	221
180	436
180	555
180	603
180	606
180	637
180	758
180	818
180	855
180	857
180	908
181	220
181	377
181	545
181	575
181	683
181	788
181	893
181	972
182	195
182	201
182	215
182	265
182	323
182	325
182	422
182	471
182	479
182	574
182	653
182	675
182	791
182	915
183	292
183	295
183	341
183	342
183	380
183	633
183	664
183	807
183	885
183	900
183	916
183	975
184	185
184	217
184	255
184	335
184	378
184	478
184	611
184	781
184	825
184	902
184	965
185	193
185	232
185	296
185	401
185	423
185	546
185	617
185	712
185	770
185	779
185	826
185	839
185	945
186	196
186	222
186	232
186	255
186	258
186	273
186	381
186	399
186	572
186	703
186	788
186	940
187	194
187	240
187	296
187	312
187	386
187	403
187	498
187	515
187	551
187	584
187	761
187	767
187	776
187	802
187	834
187	846
187	889
187	931
187	953
187	983
187	999
188	193
188	198
188	366
188	373
188	394
188	411
188	585
188	652
188	714
188	833
188	886
188	890
188	958
188	993
189	219
189	230
189	249
189	301
189	350
189	406
189	471
189	493
189	527
189	528
189	692
189	862
189	928
189	976
190	204
190	234
190	351
190	580
190	620
190	712
190	756
190	862
190	981
191	266
191	267
191	381
191	394
191	445
191	448
191	495
191	725
191	756
191	761
191	805
191	848
191	894
191	944
191	951
191	994
192	198
192	326
192	460
192	483
192	556
192	563
192	575
192	634
192	747
192	761
192	818
192	864
192	885
192	902
192	967
193	217
193	343
193	425
193	524
193	552
193	556
193	566
193	589
193	675
193	699
193	728
193	744
193	961
193	990
194	201
194	396
194	437
194	455
194	523
194	548
194	584
194	706
194	755
194	847
194	865
194	957
195	203
195	241
195	359
195	495
195	542
195	587
195	592
195	669
195	676
195	746
195	834
195	845
195	854
195	884
195	890
195	902
195	953
195	960
195	969
195	994
196	234
196	322
196	348
196	425
196	564
196	570
196	613
196	685
196	754
196	762
196	921
196	993
197	233
197	246
197	315
197	532
197	627
197	852
198	353
198	367
198	511
198	543
198	657
198	678
198	742
198	828
198	859
198	941
198	993
199	243
199	667
199	889
199	977
200	211
200	219
200	227
200	248
200	279
200	496
200	511
200	523
200	683
200	748
200	819
200	965
201	235
201	253
201	254
201	255
201	278
201	303
201	404
201	471
201	554
201	563
201	567
201	578
201	623
201	739
201	875
201	964
202	227
202	279
202	295
202	516
202	614
202	652
202	725
202	763
202	834
202	894
202	910
203	219
203	252
203	260
203	292
203	294
203	410
203	558
203	565
203	691
203	779
203	957
204	222
204	281
204	395
204	534
204	625
204	661
204	732
204	769
204	958
204	972
205	212
205	213
205	256
205	290
205	446
205	468
205	641
205	649
205	730
205	761
205	767
205	949
205	981
205	986
206	218
206	228
206	232
206	237
206	240
206	241
206	250
206	261
206	285
206	298
206	310
206	363
206	366
206	413
206	718
206	748
206	769
206	784
206	809
206	858
206	883
206	884
206	932
206	948
207	224
207	232
207	249
207	261
207	276
207	287
207	332
207	482
207	549
207	589
207	617
207	768
207	779
207	913
207	990
208	217
208	240
208	245
208	247
208	256
208	257
208	289
208	424
208	425
208	442
208	582
208	620
208	735
209	237
209	244
209	261
209	318
209	428
209	512
209	566
209	694
209	869
210	215
210	221
210	234
210	299
210	344
210	396
210	399
210	425
210	511
210	590
210	594
210	602
210	618
210	627
210	657
210	703
210	706
210	860
210	966
211	219
211	236
211	242
211	253
211	290
211	293
211	365
211	404
211	460
211	470
211	502
211	541
211	559
211	607
211	665
211	740
211	757
211	822
211	835
211	903
211	933
212	216
212	222
212	491
212	537
212	661
212	746
212	754
212	809
212	842
212	942
212	955
212	975
213	214
213	223
213	234
213	249
213	256
213	270
213	271
213	276
213	287
213	385
213	396
213	535
213	577
213	671
213	744
213	838
213	915
213	972
213	988
214	295
214	378
214	514
214	528
214	558
214	563
214	590
214	706
214	765
215	238
215	340
215	384
215	444
215	447
215	469
215	505
215	531
215	669
215	708
215	719
215	753
215	835
215	843
215	850
215	852
215	859
216	219
216	226
216	253
216	262
216	267
216	269
216	293
216	311
216	323
216	348
216	457
216	461
216	539
216	755
216	768
216	918
216	987
217	230
217	250
217	305
217	384
217	715
217	726
217	765
217	786
217	908
218	264
218	268
218	283
218	296
218	297
218	336
218	344
218	445
218	522
218	526
218	542
218	562
218	567
218	781
218	792
218	817
218	834
218	847
218	880
218	881
218	958
218	995
219	225
219	226
219	228
219	230
219	255
219	269
219	276
219	294
219	363
219	543
219	746
219	884
220	275
220	287
220	293
220	468
220	482
220	514
220	533
220	567
220	748
220	796
220	838
220	929
221	223
221	226
221	232
221	285
221	290
221	409
221	431
221	501
221	555
221	576
221	627
221	799
221	804
221	860
221	963
222	255
222	264
222	327
222	419
222	426
222	510
222	530
222	564
222	677
222	699
222	715
222	758
222	853
222	900
222	941
222	967
223	279
223	294
223	296
223	298
223	308
223	357
223	495
223	639
223	740
223	902
223	939
223	960
223	976
224	237
224	245
224	274
224	339
224	415
224	627
224	769
224	829
224	831
224	868
225	241
225	252
225	280
225	286
225	291
225	294
225	327
225	591
225	637
225	652
225	660
225	696
225	712
225	715
225	750
225	771
225	988
226	242
226	247
226	259
226	262
226	291
226	384
226	412
226	417
226	606
226	652
226	742
226	749
226	790
226	809
226	829
226	879
226	899
226	986
227	255
227	275
227	287
227	293
227	301
227	362
227	391
227	457
227	461
227	516
227	673
227	735
227	784
227	827
227	849
227	854
227	892
227	971
227	995
228	234
228	291
228	297
228	466
228	508
228	525
228	559
228	656
228	674
228	676
228	686
228	841
228	846
228	861
228	893
228	940
228	995
229	235
229	238
229	258
229	286
229	325
229	396
229	415
229	549
229	645
229	712
229	741
229	758
229	781
229	891
230	274
230	289
230	345
230	354
230	450
230	457
230	508
230	530
230	648
230	649
230	807
230	812
230	977
231	237
231	256
231	284
231	290
231	294
231	350
231	444
231	463
231	534
231	627
231	721
231	741
231	846
231	924
231	945
232	239
232	262
232	267
232	281
232	286
232	288
232	318
232	405
232	417
232	509
232	519
232	551
232	564
232	637
232	746
232	778
232	790
232	887
232	912
232	926
232	945
233	416
233	438
233	440
233	467
233	496
233	508
233	583
233	610
233	634
233	640
233	674
233	841
233	851
233	956
233	977
234	239
234	274
234	280
234	298
234	403
234	420
234	530
234	556
234	683
234	707
234	731
234	784
234	827
234	843
234	908
234	994
235	260
235	273
235	350
235	519
235	521
235	639
235	686
235	722
235	840
235	968
236	258
236	423
236	514
236	837
236	902
236	938
236	993
237	256
237	276
237	476
237	522
237	546
237	562
237	619
237	635
237	692
237	697
237	708
237	803
237	878
238	249
238	251
238	254
238	271
238	322
238	419
238	471
238	579
238	619
238	646
238	656
238	687
238	756
238	798
238	830
238	863
238	922
239	284
239	295
239	296
239	332
239	336
239	338
239	361
239	364
239	367
239	386
239	405
239	481
239	595
239	727
239	788
239	866
239	870
239	889
239	967
240	245
240	250
240	265
240	273
240	347
240	489
240	511
240	673
240	804
240	806
240	823
240	904
240	925
240	960
240	967
241	260
241	267
241	294
241	398
241	401
241	428
241	444
241	687
241	699
241	766
241	853
241	905
241	908
241	957
241	981
242	274
242	276
242	293
242	365
242	401
242	449
242	453
242	497
242	676
242	716
242	812
242	867
242	927
243	262
243	282
243	368
243	416
243	484
243	515
243	532
243	553
243	631
243	639
243	651
243	678
243	733
243	855
244	249
244	262
244	270
244	282
244	303
244	312
244	367
244	408
244	414
244	450
244	520
244	541
244	554
244	563
244	587
244	653
244	777
244	798
244	810
244	912
244	986
245	294
245	343
245	457
245	471
245	493
245	536
245	550
245	703
245	739
245	839
245	840
245	861
245	995
246	258
246	273
246	278
246	281
246	285
246	286
246	320
246	422
246	536
246	607
246	628
246	651
246	691
246	791
246	798
246	968
247	464
247	526
247	652
247	701
247	803
248	250
248	280
248	288
248	318
248	394
248	530
248	610
248	628
248	672
248	726
248	765
248	850
248	916
248	926
249	266
249	295
249	390
249	407
249	414
249	422
249	471
249	514
249	535
249	603
249	632
249	664
249	682
249	753
249	915
250	256
250	260
250	277
250	326
250	394
250	404
250	520
250	529
250	600
250	661
250	877
250	908
250	977
250	997
251	380
251	445
251	458
251	630
251	805
251	949
251	960
251	977
252	262
252	457
252	481
252	491
252	499
252	554
252	556
252	557
252	648
252	663
252	709
252	718
252	790
252	794
252	818
252	849
252	889
252	893
252	934
252	998
253	271
253	409
253	440
253	488
253	491
253	577
253	706
253	745
253	825
253	913
253	919
253	924
253	929
254	260
254	269
254	361
254	408
254	417
254	439
254	506
254	718
254	738
254	797
254	953
254	965
255	265
255	275
255	281
255	283
255	301
255	376
255	452
255	516
255	526
255	556
255	609
255	776
255	804
255	812
255	842
255	930
255	934
256	266
256	267
256	343
256	347
256	360
256	563
256	659
256	888
256	914
256	921
256	967
257	270
257	276
257	283
257	291
257	294
257	315
257	435
257	471
257	490
257	502
257	612
257	654
257	699
257	731
257	851
257	916
258	455
258	490
258	518
258	585
258	708
258	712
258	727
258	767
258	894
258	986
259	278
259	346
259	501
259	582
259	622
259	669
259	728
259	819
259	905
260	278
260	298
260	362
260	400
260	519
260	544
260	565
260	811
260	945
260	998
261	275
261	293
261	308
261	332
261	370
261	567
261	576
261	717
261	777
261	804
261	825
262	272
262	273
262	280
262	295
262	384
262	397
262	432
262	652
262	707
262	731
262	768
262	835
262	936
263	283
263	397
263	438
263	448
263	503
263	564
263	618
263	649
263	823
263	832
263	846
263	909
263	962
263	984
264	360
264	520
264	585
264	767
264	786
264	814
264	880
264	894
264	919
264	963
265	270
265	329
265	382
265	417
265	457
265	519
265	564
265	756
265	780
265	847
265	931
265	991
266	275
266	436
266	464
266	512
266	527
266	578
266	581
266	761
266	791
266	834
266	850
266	937
266	999
267	377
267	507
267	513
267	590
267	592
267	689
267	701
267	704
267	715
267	718
267	755
267	780
267	837
267	990
267	997
268	278
268	293
268	330
268	373
268	402
268	450
268	502
268	526
268	577
268	692
268	698
268	708
268	846
268	867
268	912
268	943
268	990
269	276
269	286
269	320
269	501
269	543
269	562
269	615
269	658
269	663
269	818
269	858
269	867
269	916
269	942
269	955
269	973
269	978
270	285
270	291
270	358
270	395
270	542
270	629
270	822
270	984
270	989
271	279
271	326
271	413
271	503
271	572
271	574
271	591
271	635
271	714
271	738
271	776
271	840
271	841
271	993
272	272
272	286
272	294
272	352
272	367
272	412
272	418
272	588
272	655
272	694
272	729
272	775
272	784
273	286
273	330
273	583
273	742
273	754
273	767
273	999
274	276
274	294
274	364
274	429
274	490
274	536
274	686
274	708
274	770
274	785
274	862
274	910
274	948
274	970
275	294
275	353
275	398
275	427
275	453
275	514
275	520
275	533
275	670
276	294
276	304
276	410
276	422
276	511
276	586
276	607
276	625
276	642
276	651
276	701
276	766
276	808
276	820
276	876
276	906
277	282
277	290
277	376
277	389
277	395
277	457
277	467
277	505
277	542
277	564
277	565
277	575
277	656
277	783
277	884
277	912
277	956
277	986
278	282
278	296
278	352
278	370
278	452
278	552
278	754
278	796
278	798
278	810
278	838
278	890
279	292
279	405
279	451
279	527
279	667
279	704
279	758
279	789
279	877
279	938
280	332
280	421
280	434
280	454
280	545
280	602
280	629
280	731
280	732
280	788
280	823
280	829
280	958
281	285
281	349
281	455
281	521
281	549
281	628
281	760
281	781
281	921
281	960
282	311
282	346
282	411
282	439
282	445
282	524
282	798
282	868
282	872
282	905
282	915
282	917
282	980
282	981
283	291
283	295
283	327
283	354
283	399
283	484
283	534
283	580
283	748
283	773
283	778
283	782
284	285
284	300
284	423
284	460
284	501
284	535
284	613
284	619
284	668
284	758
284	967
284	977
285	323
285	378
285	453
285	485
285	500
285	661
285	692
285	707
285	853
286	295
286	386
286	414
286	449
286	519
286	543
286	591
286	728
286	731
286	779
286	953
286	979
287	297
287	491
287	565
287	704
287	845
288	318
288	356
288	402
288	413
288	463
288	513
288	521
288	663
288	686
288	690
288	743
288	822
288	837
288	839
288	844
288	849
288	877
288	896
288	905
288	977
288	994
289	297
289	307
289	353
289	454
289	521
289	706
289	887
289	967
289	982
289	987
290	291
290	293
290	297
290	385
290	479
290	595
290	627
290	636
290	663
290	708
290	726
290	733
290	751
290	874
290	942
290	947
290	978
290	986
291	355
291	363
291	366
291	377
291	417
291	421
291	516
291	521
291	600
291	613
291	624
291	679
291	732
291	864
291	866
291	887
292	404
292	405
292	429
292	436
292	453
292	576
292	657
292	672
292	704
292	741
292	830
292	846
292	903
292	967
293	487
293	555
293	568
293	576
293	625
293	844
293	890
294	330
294	334
294	404
294	466
294	502
294	639
294	677
294	723
294	761
294	870
294	929
294	937
295	296
295	306
295	376
295	406
295	413
295	482
295	508
295	628
295	761
295	792
295	839
295	860
295	863
295	894
295	944
295	947
295	954
296	298
296	308
296	316
296	380
296	451
296	547
296	583
296	676
296	745
296	773
296	833
296	917
296	923
296	930
296	948
296	984
297	301
297	479
297	550
297	568
297	611
297	702
297	715
297	816
297	933
297	976
298	323
298	380
298	500
298	505
298	536
298	552
298	592
298	655
298	721
299	389
299	392
299	467
299	863
299	951
299	969
299	970
299	992
300	325
300	353
300	379
300	381
300	383
300	392
300	424
300	489
300	495
300	496
300	615
300	627
300	653
300	663
300	674
300	691
300	767
300	820
300	835
301	313
301	346
301	370
301	416
301	431
301	438
301	502
301	531
301	707
301	760
301	944
301	992
302	305
302	317
302	328
302	334
302	338
302	341
302	501
302	545
302	582
302	605
302	659
302	679
302	848
302	871
302	882
302	943
303	345
303	349
303	352
303	371
303	383
303	386
303	391
303	394
303	412
303	426
303	469
303	503
303	519
303	657
303	664
303	742
303	772
303	865
303	992
304	373
304	383
304	390
304	527
304	561
304	602
304	778
304	798
304	878
304	921
304	934
305	323
305	343
305	369
305	420
305	513
305	529
305	557
305	698
305	719
305	828
305	935
305	960
306	319
306	339
306	559
306	727
306	768
306	794
306	824
306	845
307	333
307	369
307	447
307	531
307	574
307	731
307	739
307	933
307	953
308	321
308	345
308	349
308	351
308	380
308	386
308	387
308	441
308	547
308	761
308	817
309	312
309	349
309	354
309	398
309	412
309	428
309	437
309	454
309	464
309	501
309	535
309	570
309	591
309	608
309	631
309	644
309	965
310	341
310	347
310	362
310	371
310	377
310	393
310	506
310	627
310	647
310	659
310	703
310	829
310	839
310	857
310	858
310	873
310	884
310	891
310	893
310	894
310	914
310	928
310	974
311	341
311	365
311	366
311	380
311	383
311	426
311	427
311	443
311	661
311	679
311	708
311	712
311	725
311	872
312	404
312	417
312	477
312	497
312	509
312	565
312	582
312	621
312	639
312	653
312	789
312	838
312	908
312	952
313	319
313	345
313	346
313	366
313	389
313	441
313	483
313	530
313	541
313	619
313	641
313	737
313	823
313	889
313	908
313	940
314	355
314	362
314	363
314	364
314	382
314	387
314	388
314	416
314	438
314	469
314	498
314	508
314	513
314	562
314	588
314	658
314	716
314	807
315	316
315	329
315	350
315	389
315	393
315	406
315	417
315	488
315	494
315	619
315	662
315	666
315	746
315	797
315	827
315	844
315	961
316	357
316	369
316	372
316	399
316	408
316	426
316	511
316	569
316	669
316	737
316	807
316	835
316	869
316	891
316	920
316	973
316	981
317	324
317	328
317	332
317	338
317	414
317	464
317	523
317	628
317	745
317	875
317	925
318	322
318	367
318	375
318	391
318	576
318	614
318	737
318	810
318	895
318	947
319	349
319	352
319	355
319	359
319	398
319	399
319	406
319	441
319	534
319	547
319	582
319	618
319	813
319	868
319	965
320	353
320	363
320	368
320	393
320	402
320	432
320	439
320	559
320	565
320	603
320	614
320	637
320	648
320	685
320	822
320	883
320	925
321	346
321	360
321	365
321	378
321	558
321	608
321	623
321	762
321	847
321	885
321	888
322	348
322	360
322	389
322	683
322	703
322	784
322	817
322	826
322	878
323	340
323	356
323	376
323	390
323	396
323	421
323	480
323	553
323	798
323	931
324	356
324	375
324	377
324	398
324	492
324	513
324	563
324	602
324	657
324	684
324	695
324	701
324	780
324	789
324	802
324	887
324	931
325	328
325	334
325	335
325	396
325	415
325	434
325	443
325	477
325	528
325	580
325	645
325	703
325	723
325	813
325	841
325	908
326	344
326	380
326	403
326	456
326	460
326	553
326	728
326	735
326	956
327	333
327	342
327	352
327	357
327	367
327	379
327	383
327	399
327	441
327	468
327	604
327	648
327	814
327	822
327	826
327	974
327	980
328	333
328	346
328	373
328	386
328	435
328	462
328	490
328	527
328	860
328	880
328	931
328	953
329	438
329	473
329	610
329	613
329	633
329	643
329	682
329	683
329	886
329	924
329	964
329	972
330	358
330	369
330	394
330	476
330	672
330	702
330	736
330	738
330	782
330	894
330	931
330	987
331	349
331	383
331	391
331	490
331	546
331	590
331	617
331	953
331	969
332	380
332	388
332	410
332	517
332	581
332	833
332	846
332	920
332	944
333	335
333	340
333	349
333	366
333	385
333	442
333	553
333	569
333	688
333	725
333	840
333	906
333	923
333	941
333	947
333	981
333	985
334	339
334	341
334	353
334	367
334	378
334	394
334	401
334	605
334	670
334	672
334	673
334	779
334	829
334	837
334	974
335	373
335	413
335	438
335	473
335	478
335	516
335	553
335	633
335	768
335	791
335	819
335	822
335	871
335	905
336	338
336	369
336	379
336	391
336	439
336	498
336	592
336	635
336	657
336	726
336	953
336	960
337	388
337	453
337	495
337	556
337	580
337	592
337	620
337	850
337	855
337	909
337	966
338	361
338	393
338	399
338	453
338	534
338	576
338	580
338	581
338	676
338	680
338	685
338	698
338	710
338	727
338	736
338	881
338	904
338	912
338	923
338	963
339	339
339	343
339	354
339	397
339	583
339	587
339	663
339	681
339	705
339	722
339	804
339	874
339	915
339	957
340	345
340	359
340	489
340	523
340	539
340	573
340	582
340	757
340	807
340	927
340	995
341	371
341	387
341	394
341	439
341	491
341	507
341	523
341	524
341	549
341	553
341	577
341	636
341	846
341	851
341	948
342	343
342	354
342	356
342	389
342	396
342	405
342	511
342	603
342	644
342	691
342	740
342	930
342	999
343	369
343	399
343	430
343	604
343	680
343	683
343	711
343	746
343	847
344	370
344	392
344	485
344	542
344	590
344	673
344	761
344	768
344	793
344	826
344	853
345	348
345	353
345	367
345	385
345	488
345	548
345	549
345	842
345	850
345	885
345	893
345	916
345	942
345	948
346	352
346	375
346	445
346	597
346	619
346	768
346	796
346	820
346	855
347	371
347	384
347	456
347	457
347	515
347	530
347	537
347	569
347	673
347	686
347	747
347	797
347	970
347	989
348	370
348	390
348	439
348	470
348	699
348	747
348	755
348	759
348	794
348	912
348	947
348	983
349	393
349	483
349	796
349	911
349	926
349	932
349	985
349	998
350	362
350	366
350	372
350	379
350	396
350	399
350	405
350	575
350	693
350	710
350	729
350	772
350	790
350	896
350	905
350	940
350	960
351	364
351	553
351	587
351	716
351	815
351	825
351	941
352	359
352	370
352	430
352	493
352	570
352	585
352	600
352	606
352	612
352	782
353	375
353	392
353	401
353	446
353	475
353	534
353	539
353	581
353	690
353	732
353	739
353	758
353	815
353	859
353	897
353	968
353	979
354	382
354	401
354	427
354	502
354	506
354	581
354	610
354	655
354	672
354	767
354	774
354	885
354	901
354	914
354	998
355	359
355	397
355	430
355	530
355	543
355	594
355	596
355	620
355	630
355	696
355	790
355	804
355	861
355	863
355	990
356	358
356	395
356	397
356	517
356	567
356	680
356	689
356	782
356	814
356	828
357	410
357	437
357	442
357	544
357	555
357	657
357	711
357	716
358	364
358	390
358	634
358	644
358	711
358	735
358	895
359	409
359	428
359	434
359	558
359	574
359	633
359	743
359	783
359	825
359	873
359	884
359	910
360	441
360	450
360	465
360	489
360	495
360	501
360	505
360	524
360	527
360	660
360	735
360	793
360	864
360	908
360	925
361	387
361	395
361	415
361	420
361	428
361	440
361	497
361	523
361	668
361	712
361	767
361	898
361	926
361	946
361	973
362	387
362	391
362	398
362	451
362	611
362	671
362	743
362	761
362	877
363	372
363	386
363	513
363	528
363	563
363	620
363	721
363	722
363	738
363	963
364	379
364	459
364	605
364	703
364	716
364	743
364	748
364	794
364	888
364	900
364	952
364	965
364	976
364	978
365	371
365	386
365	486
365	601
365	649
365	758
365	823
365	883
365	951
365	959
366	373
366	376
366	389
366	408
366	468
366	551
366	584
366	635
366	754
366	769
366	804
366	947
367	374
367	379
367	386
367	483
367	515
367	597
367	600
367	634
367	639
367	666
367	733
367	740
367	757
367	897
367	966
367	977
367	995
368	392
368	401
368	411
368	449
368	461
368	466
368	486
368	617
368	656
368	665
368	919
369	405
369	428
369	505
369	559
369	591
369	595
369	651
369	802
369	857
369	919
369	926
370	382
370	403
370	466
370	508
370	562
370	564
370	618
370	658
370	664
370	752
370	774
370	795
370	842
370	900
370	976
371	398
371	413
371	513
371	564
371	595
371	688
371	691
371	705
371	746
371	751
371	926
371	939
372	372
372	386
372	393
372	404
372	568
372	592
372	613
372	615
372	636
372	666
372	680
372	699
372	786
372	805
372	838
372	896
372	946
373	398
373	575
373	577
373	668
373	784
373	789
373	790
373	796
373	841
373	854
373	898
373	965
373	982
374	390
374	400
374	428
374	564
374	597
374	607
374	648
374	649
374	677
374	701
374	796
374	841
374	865
374	873
374	947
375	383
375	386
375	387
375	552
375	569
375	589
375	665
375	718
375	720
375	733
375	791
375	804
375	924
375	972
375	980
376	390
376	437
376	476
376	559
376	745
376	759
376	827
376	905
377	401
377	457
377	475
377	476
377	493
377	510
377	671
377	861
377	863
377	873
377	945
378	384
378	437
378	521
378	621
378	822
378	868
378	942
378	966
379	425
379	436
379	465
379	477
379	683
380	461
380	482
380	491
380	532
380	638
380	672
381	435
381	458
381	609
381	628
381	676
381	680
381	750
381	759
381	797
381	879
381	880
382	382
382	408
382	490
382	538
382	596
382	620
382	868
382	958
383	388
383	399
383	422
383	463
383	470
383	699
383	728
383	864
383	875
383	880
383	908
383	965
383	972
383	977
383	988
384	385
384	387
384	410
384	438
384	493
384	513
384	514
384	555
384	725
384	790
384	933
385	629
385	644
385	653
385	686
385	726
385	789
385	840
385	876
385	890
385	998
386	392
386	426
386	435
386	499
386	577
386	580
386	707
386	715
386	884
386	910
386	921
386	922
386	942
386	953
387	394
387	448
387	506
387	544
387	560
387	586
387	623
387	776
387	884
388	561
388	593
388	794
388	944
389	398
389	441
389	561
389	574
389	686
389	855
389	859
389	989
390	446
390	473
390	483
390	530
390	542
390	683
390	701
390	788
390	801
390	868
391	391
391	543
391	716
391	765
391	771
391	772
391	873
391	905
391	943
392	410
392	460
392	529
392	579
392	592
392	753
392	762
392	835
392	883
392	999
393	421
393	598
393	753
393	884
393	887
393	979
394	397
394	415
394	425
394	468
394	473
394	531
394	638
394	646
394	653
394	908
395	410
395	411
395	462
395	577
395	620
395	741
395	756
395	789
395	817
395	830
395	843
395	995
396	509
396	548
396	616
396	682
396	720
396	758
396	942
396	989
396	999
397	430
397	484
397	527
397	536
397	581
397	631
397	704
397	749
397	763
397	805
397	815
397	822
397	888
397	895
397	933
397	982
398	433
398	602
398	663
398	745
398	788
398	833
398	903
398	938
398	955
399	405
399	524
399	629
399	637
399	702
399	713
399	789
399	803
399	833
399	931
399	942
400	413
400	467
400	474
400	498
400	697
400	702
400	716
400	779
400	786
400	826
400	919
401	415
401	434
401	452
401	466
401	471
401	494
401	504
401	592
401	664
401	690
401	898
401	949
401	981
402	403
402	404
402	420
402	436
402	454
402	461
402	462
402	470
402	476
402	477
402	506
402	530
402	559
402	587
402	683
402	729
402	732
402	744
402	773
402	780
402	885
402	994
402	997
403	420
403	431
403	433
403	471
403	499
403	553
403	564
403	625
403	701
403	766
403	792
403	806
403	849
403	861
403	881
403	888
403	903
403	938
404	408
404	459
404	469
404	594
404	828
405	406
405	414
405	417
405	420
405	429
405	440
405	455
405	461
405	479
405	486
405	500
405	587
405	670
405	736
405	869
405	893
405	974
406	415
406	417
406	430
406	481
406	497
406	558
406	581
406	616
406	660
406	692
406	732
406	791
406	792
406	827
406	911
406	916
406	923
407	438
407	440
407	447
407	448
407	464
407	499
407	501
407	582
407	597
407	604
407	685
407	775
407	915
408	414
408	482
408	553
408	571
408	658
408	703
408	841
408	985
409	415
409	449
409	461
409	472
409	474
409	554
409	561
409	720
409	833
410	411
410	413
410	418
410	427
410	463
410	464
410	467
410	469
410	486
410	553
410	563
410	675
410	761
410	780
410	868
410	876
410	912
410	924
410	993
411	421
411	423
411	430
411	468
411	526
411	527
411	596
411	661
411	723
411	821
411	891
411	900
411	938
411	943
411	994
412	422
412	439
412	479
412	491
412	499
412	540
412	590
412	628
412	677
412	682
412	724
412	741
412	836
412	878
412	886
412	920
412	980
413	417
413	459
413	460
413	462
413	488
413	491
413	493
413	494
413	600
413	672
413	682
413	687
413	755
413	823
414	420
414	436
414	454
414	460
414	477
414	518
414	523
414	562
414	639
414	674
414	719
414	859
414	958
414	980
414	999
415	420
415	438
415	449
415	460
415	462
415	550
415	588
415	619
415	650
415	773
415	886
416	417
416	435
416	442
416	449
416	490
416	502
416	542
416	595
416	716
416	865
416	899
416	996
417	441
417	443
417	449
417	460
417	464
417	469
417	477
417	488
417	525
417	567
417	769
417	775
417	866
417	906
417	951
418	470
418	474
418	479
418	481
418	514
418	791
418	944
418	946
419	426
419	438
419	452
419	497
419	700
419	748
419	831
419	856
419	948
420	420
420	474
420	489
420	544
420	578
420	591
420	601
420	625
420	630
420	817
420	853
420	879
420	891
420	892
420	901
420	908
420	914
420	955
420	978
421	433
421	454
421	457
421	468
421	496
421	631
421	663
421	692
421	705
421	858
421	957
421	978
422	440
422	454
422	458
422	461
422	471
422	491
422	584
422	642
422	760
422	812
422	843
422	998
423	428
423	457
423	490
423	742
423	749
423	832
423	918
423	927
423	967
423	975
424	428
424	439
424	444
424	473
424	477
424	484
424	536
424	548
424	552
424	559
424	564
424	683
424	768
424	793
424	860
424	895
424	963
424	967
424	993
425	453
425	470
425	487
425	543
425	573
425	592
425	630
425	775
425	784
425	806
425	864
425	912
425	929
426	463
426	464
426	465
426	470
426	478
426	479
426	495
426	515
426	538
426	562
426	639
426	643
426	818
426	871
426	889
426	900
426	912
426	968
427	428
427	437
427	441
427	460
427	472
427	483
427	484
427	489
427	492
427	619
427	665
427	794
427	804
427	833
427	846
427	868
427	966
428	448
428	452
428	453
428	666
428	761
428	887
428	897
428	985
428	993
429	446
429	459
429	469
429	489
429	555
429	589
429	609
429	665
429	681
429	774
429	779
429	808
429	973
429	993
430	474
430	561
430	596
430	661
430	671
430	702
430	762
430	957
431	434
431	436
431	441
431	468
431	473
431	508
431	525
431	592
431	638
431	643
431	657
431	731
431	764
431	808
431	885
432	440
432	451
432	456
432	460
432	462
432	490
432	515
432	522
432	605
432	611
432	624
432	686
432	724
432	945
433	462
433	465
433	528
433	531
433	556
433	595
433	655
433	736
433	821
433	822
433	837
433	947
433	959
433	971
434	446
434	461
434	462
434	508
434	513
434	608
434	636
434	659
434	702
434	783
434	873
434	920
435	448
435	468
435	477
435	495
435	499
435	507
435	521
435	646
435	798
435	844
435	895
435	980
436	437
436	449
436	485
436	594
436	624
436	638
436	672
436	713
437	438
437	449
437	455
437	460
437	551
437	641
437	876
437	922
437	941
437	965
437	986
438	440
438	442
438	454
438	465
438	518
438	523
438	542
438	579
438	678
438	697
438	703
438	888
438	961
438	962
439	446
439	468
439	472
439	476
439	499
439	502
439	503
439	620
439	639
439	657
439	671
439	740
439	790
439	887
439	921
439	996
440	479
440	577
440	663
440	737
441	448
441	456
441	471
441	483
441	500
441	540
441	571
441	579
441	669
441	705
441	754
441	765
441	787
441	794
442	498
442	678
442	708
442	783
443	469
443	558
443	623
443	672
443	696
443	746
443	756
443	785
443	849
443	875
443	880
443	947
443	958
443	983
443	993
444	447
444	490
444	590
444	622
444	812
444	814
444	873
444	918
445	448
445	770
445	787
445	816
445	838
445	880
445	949
445	959
446	481
446	483
446	494
446	497
446	500
446	538
446	585
446	832
446	879
447	482
447	504
447	518
447	549
447	596
447	674
447	686
447	691
447	762
447	818
447	880
447	948
448	477
448	566
448	795
448	872
448	884
448	918
448	922
449	524
449	584
449	660
449	683
449	698
449	745
449	760
449	773
449	800
449	867
449	888
449	969
450	461
450	484
450	501
450	512
450	553
450	565
450	842
450	858
450	915
450	941
450	987
451	465
451	498
451	717
451	818
451	871
451	928
451	950
451	952
452	462
452	474
452	478
452	499
452	636
452	650
452	806
452	836
453	540
453	545
453	547
453	572
453	629
453	950
454	479
454	559
454	568
454	611
454	685
454	766
454	797
454	862
454	895
454	950
454	964
455	491
455	852
455	859
455	901
455	934
455	971
456	461
456	473
456	480
456	568
456	646
456	702
456	707
456	798
456	893
457	467
457	496
457	511
457	583
457	613
457	705
457	834
457	916
457	923
457	956
458	460
458	463
458	472
458	534
458	541
458	598
458	622
458	626
458	748
458	805
458	826
458	894
458	907
458	919
458	925
458	935
458	969
459	462
459	492
459	510
459	527
459	715
459	768
459	825
459	921
460	465
460	485
460	498
460	854
460	918
460	938
460	969
461	463
461	464
461	468
461	472
461	473
461	492
461	569
461	587
461	670
461	928
461	978
462	464
462	474
462	491
462	584
462	639
462	687
462	728
462	767
462	805
462	836
462	919
462	938
462	979
463	492
463	495
463	563
463	578
463	623
463	644
463	647
463	666
463	690
463	701
463	704
463	807
463	851
463	925
463	951
463	955
463	994
464	504
464	539
464	541
464	559
464	586
464	653
464	662
464	849
464	881
464	903
464	930
464	993
465	472
465	483
465	543
465	558
465	636
465	664
465	684
465	725
465	892
465	973
466	500
466	511
466	565
466	570
466	659
466	757
466	805
466	810
466	859
466	993
467	519
467	887
467	894
467	974
468	497
468	499
468	512
468	611
468	781
468	908
468	917
469	475
469	482
469	500
469	542
469	621
469	628
469	816
469	933
469	977
469	993
470	476
470	478
470	490
470	496
470	513
470	577
470	581
470	601
470	932
471	492
471	548
471	566
471	630
471	706
471	715
471	741
471	811
471	820
471	928
472	493
472	494
472	495
473	497
473	655
473	656
473	687
473	698
473	714
473	813
473	825
473	963
474	480
474	525
474	539
474	563
474	616
474	643
474	667
474	740
474	778
475	493
475	498
475	499
475	658
475	674
475	841
475	860
475	918
475	987
476	477
476	483
476	493
476	495
476	496
476	531
476	557
476	652
476	773
476	874
476	944
476	978
476	994
477	488
477	515
477	590
477	607
477	670
477	760
477	807
477	898
478	482
478	743
478	751
479	479
479	508
479	642
479	696
479	704
479	854
479	968
479	971
480	489
480	496
480	585
480	729
480	747
480	757
480	781
480	867
480	891
480	903
480	907
481	489
481	496
481	497
481	501
481	600
481	686
481	700
481	820
481	907
481	932
481	940
481	967
481	985
481	996
482	517
482	558
482	563
482	742
482	829
482	835
482	995
483	539
483	554
483	594
483	676
483	777
483	910
483	925
483	949
484	499
484	610
484	874
484	902
485	492
485	539
485	584
485	687
485	688
485	729
485	857
485	893
485	906
485	966
485	970
486	487
486	491
486	499
486	532
486	550
486	607
486	638
486	663
486	703
486	725
486	775
486	819
486	887
486	947
486	973
486	981
486	998
487	491
487	532
487	578
487	748
487	755
487	809
488	491
488	501
488	566
488	571
488	608
488	674
488	688
488	690
488	808
488	821
488	837
488	879
488	906
488	944
488	993
489	491
489	513
489	532
489	623
489	681
489	693
489	783
489	793
489	880
489	896
489	986
490	613
490	635
490	697
490	705
490	805
490	917
490	968
491	542
491	543
491	596
491	681
491	717
491	935
491	966
491	987
491	992
492	602
492	641
492	750
492	789
492	795
492	823
492	907
492	923
492	927
492	957
492	999
493	539
493	621
493	733
493	755
493	757
493	816
493	957
493	982
494	495
494	526
494	621
494	654
494	694
494	713
494	715
494	752
494	795
494	929
495	504
495	536
495	547
495	645
495	658
495	669
495	735
495	788
495	800
495	846
495	866
495	925
496	508
496	563
496	648
496	771
496	784
496	930
496	972
496	974
497	502
497	511
497	585
497	592
497	609
497	751
497	804
497	835
497	872
497	878
497	914
497	918
498	507
498	597
498	634
498	675
498	693
498	837
498	870
498	916
498	922
498	984
498	985
498	996
499	545
499	570
499	700
499	715
499	735
499	803
499	871
499	900
499	982
500	514
500	523
500	527
500	538
500	582
500	767
500	834
500	838
500	932
500	941
500	952
501	510
501	520
501	525
501	602
501	684
501	748
501	764
501	772
501	847
501	979
502	502
502	512
502	538
502	553
502	555
502	560
502	644
502	702
502	725
502	826
502	908
502	940
502	964
503	543
503	562
503	563
503	578
503	580
503	583
503	584
503	586
503	702
503	849
503	862
503	935
503	979
503	986
503	998
503	999
504	508
504	512
504	538
504	585
504	599
504	662
504	699
504	726
504	728
504	758
504	862
504	965
504	997
505	512
505	538
505	550
505	557
505	558
505	560
505	563
505	594
505	692
505	695
505	701
505	727
505	834
505	846
505	857
505	861
505	881
506	512
506	545
506	555
506	585
506	603
506	613
506	635
506	695
506	799
506	871
506	983
507	542
507	548
507	551
507	587
507	592
507	595
507	622
507	630
507	700
507	764
508	523
508	541
508	546
508	552
508	555
508	559
508	619
508	666
508	695
508	712
508	769
508	821
509	524
509	527
509	583
509	591
509	714
509	817
509	828
509	843
509	915
509	977
510	544
510	560
510	564
510	604
510	614
510	634
510	740
510	850
510	882
510	989
510	992
511	512
511	516
511	517
511	520
511	527
511	557
511	569
511	577
511	588
511	607
511	841
511	969
512	522
512	537
512	543
512	559
512	693
512	715
512	740
512	758
512	833
512	866
512	920
512	953
512	972
512	991
513	517
513	531
513	555
513	657
513	670
513	759
513	761
513	847
513	930
513	940
513	948
513	971
514	515
514	529
514	564
514	639
514	664
514	790
514	825
514	863
514	865
514	911
514	997
515	540
515	548
515	565
515	567
515	570
515	585
515	624
515	662
515	723
515	829
515	894
515	936
516	548
516	568
516	576
516	592
516	607
516	691
516	761
516	816
516	851
516	874
516	881
516	907
516	943
516	984
517	563
517	582
517	591
517	721
517	746
517	818
517	891
518	520
518	521
518	539
518	568
518	599
518	608
518	821
518	892
519	573
519	591
519	605
519	726
519	744
519	750
519	760
519	830
519	871
519	917
520	535
520	537
520	540
520	561
520	685
520	715
520	747
520	791
520	799
520	802
520	913
520	952
521	521
521	530
521	552
521	555
521	557
521	562
521	585
521	599
521	659
521	692
521	721
521	724
521	731
521	812
521	966
522	553
522	583
522	587
522	589
522	810
522	887
522	978
523	554
523	572
523	592
523	598
523	752
523	819
523	832
524	530
524	544
524	546
524	574
524	605
524	724
524	731
524	830
524	843
524	848
524	881
524	981
524	984
525	534
525	547
525	560
525	561
525	565
525	633
525	642
525	674
525	675
525	885
526	547
526	571
526	584
526	631
526	668
526	773
526	780
526	926
527	541
527	546
527	552
527	648
527	787
527	858
527	908
527	955
528	533
528	541
528	558
528	591
528	597
528	636
528	767
528	787
528	843
528	851
528	949
528	995
529	545
529	552
529	585
529	728
529	795
529	859
529	867
529	923
530	532
530	543
530	562
530	580
530	630
530	661
530	772
530	787
530	892
530	976
531	576
531	594
531	596
531	597
531	644
531	688
531	751
531	832
531	946
532	552
532	556
532	559
532	561
532	571
532	619
532	761
532	804
532	908
532	941
532	965
533	570
533	576
533	579
533	581
533	622
533	628
533	705
533	763
533	787
533	804
533	894
533	903
533	912
533	944
534	535
534	559
534	564
534	581
534	583
534	673
534	881
534	922
535	538
535	548
535	562
535	568
535	583
535	685
535	688
535	704
535	712
535	713
535	722
535	875
536	555
536	579
536	701
536	702
536	996
537	598
537	613
537	679
537	722
537	966
538	563
538	587
538	589
538	707
538	819
538	850
538	885
538	902
538	918
538	994
539	543
539	564
539	572
539	650
539	664
539	796
539	841
539	860
539	944
539	960
540	549
540	560
540	576
540	585
540	725
540	842
540	917
540	922
540	927
541	542
541	551
541	581
541	644
541	678
541	684
541	700
541	795
541	829
541	987
542	551
542	727
542	756
543	556
543	578
543	585
543	598
543	685
543	805
543	826
543	869
543	873
543	934
543	989
544	547
544	552
544	573
544	590
544	596
544	607
544	638
544	684
544	720
544	768
544	811
544	871
544	889
544	913
545	546
545	570
545	586
545	587
545	668
545	680
545	722
545	813
545	833
545	891
545	936
546	552
546	595
546	649
546	658
546	731
546	749
546	836
546	843
546	847
546	853
546	889
546	911
547	574
547	628
547	632
547	658
547	761
547	771
547	796
547	818
547	856
547	857
547	902
547	940
547	950
547	995
548	569
548	570
548	599
548	609
548	710
548	711
548	965
548	973
549	618
549	624
549	638
549	699
549	778
549	852
549	960
550	565
550	743
550	777
550	786
550	837
550	887
551	558
551	581
551	623
551	624
551	629
551	660
551	730
551	751
551	948
551	956
552	589
552	616
552	635
552	640
552	747
552	769
552	888
552	944
553	570
553	580
553	593
553	674
553	715
553	741
553	803
553	856
553	859
553	860
553	914
554	559
554	572
554	637
554	666
554	703
554	752
554	853
554	911
555	556
555	560
555	577
555	598
555	668
555	743
555	856
555	940
555	977
555	978
556	557
556	585
556	684
556	760
556	790
556	828
556	969
556	980
557	562
557	668
557	747
557	762
557	810
557	955
557	994
558	569
558	581
558	665
558	669
558	716
558	833
558	840
558	846
558	906
558	925
559	593
559	668
559	682
559	775
559	821
559	906
560	571
560	588
560	670
560	690
560	698
560	808
560	906
560	938
561	565
561	593
561	639
561	673
561	715
561	768
561	864
561	895
561	964
562	572
562	592
562	708
562	790
563	582
563	676
563	769
563	784
563	813
563	856
564	623
564	640
564	753
564	776
564	785
564	845
564	854
564	876
564	889
564	954
565	580
565	604
565	716
565	732
565	811
565	844
565	893
565	913
565	949
566	574
566	595
566	619
566	720
566	725
566	776
566	789
566	799
566	969
566	979
567	583
567	656
567	692
567	781
567	818
567	872
567	944
568	580
568	581
568	619
568	630
568	642
568	655
568	664
568	689
568	704
568	711
568	779
568	801
568	880
568	918
568	940
569	592
569	623
569	675
569	698
569	713
569	762
569	783
569	838
569	917
569	956
570	587
570	599
570	640
570	687
570	693
570	712
570	831
570	854
570	896
570	915
570	920
570	937
570	984
571	584
571	660
571	663
571	684
571	686
571	988
572	583
572	618
572	675
572	854
572	877
572	935
572	965
572	977
573	576
573	634
573	636
573	673
573	727
573	779
573	944
574	579
574	585
574	589
574	591
574	607
574	755
574	802
574	893
575	661
575	764
575	813
575	904
575	924
575	929
576	576
576	592
576	618
576	650
576	915
576	925
577	584
577	836
577	881
578	592
578	602
578	624
578	775
578	857
579	596
579	638
579	873
579	892
580	599
580	604
580	629
580	835
580	882
580	947
580	949
580	954
581	598
581	599
581	603
581	664
581	816
581	965
582	850
583	586
583	593
583	602
583	728
583	766
583	814
584	602
584	630
584	694
584	702
584	707
584	722
584	857
585	664
585	845
585	995
586	655
586	678
586	705
586	717
586	719
586	792
586	796
586	839
586	886
586	932
587	631
587	733
587	821
587	840
587	855
587	901
587	990
588	645
588	768
588	799
588	875
589	592
589	674
589	726
589	849
589	883
589	889
589	909
589	941
589	950
590	742
590	797
590	808
591	622
591	623
591	808
591	810
592	608
592	682
592	707
592	711
592	923
592	975
593	621
593	647
593	741
593	767
593	769
593	793
593	804
593	959
594	669
594	842
594	931
594	947
595	730
595	780
595	801
595	821
595	865
595	931
596	799
596	862
596	939
597	643
597	688
597	691
597	800
597	975
598	643
598	653
598	664
598	679
598	733
598	735
598	789
598	955
598	974
598	993
599	705
599	823
599	850
599	872
599	916
600	604
600	609
600	633
600	643
600	678
600	683
600	767
600	794
600	838
600	847
600	902
601	618
601	620
601	624
601	628
601	650
601	662
601	680
601	812
601	818
601	952
602	615
602	629
602	664
602	669
602	677
602	689
602	701
602	837
602	878
602	960
603	606
603	715
603	737
603	786
603	845
603	901
604	615
604	624
604	650
604	658
604	672
604	689
604	759
604	782
604	842
604	844
604	859
604	917
605	610
605	613
605	625
605	647
605	656
605	677
605	684
605	698
605	906
605	961
605	969
606	608
606	614
606	618
606	629
606	638
606	645
606	674
606	681
606	694
606	695
606	704
606	710
606	762
606	859
606	861
607	613
607	619
607	635
607	649
607	650
607	661
607	669
607	693
607	696
607	812
607	869
607	896
607	924
607	947
607	968
608	616
608	620
608	635
608	644
608	659
608	671
608	674
608	685
608	699
608	753
608	857
608	891
608	959
608	978
608	996
609	613
609	639
609	641
609	670
609	681
609	687
609	690
609	855
609	869
609	892
609	981
610	627
610	628
610	659
610	685
610	751
610	753
610	860
610	887
610	956
611	622
611	634
611	690
611	691
611	699
611	707
611	717
611	817
611	977
612	642
612	660
612	675
612	681
612	688
612	694
612	706
612	708
612	773
612	924
612	941
612	952
613	679
613	692
613	795
613	801
613	864
613	976
613	999
614	614
614	619
614	672
614	673
614	967
615	633
615	655
615	673
615	675
615	684
615	693
615	695
615	746
615	824
615	828
615	859
615	930
615	931
615	999
616	628
616	666
616	670
616	714
616	780
616	865
616	873
616	897
616	936
617	623
617	648
617	654
617	676
617	898
617	935
618	628
618	668
618	671
618	677
618	692
618	694
618	790
618	811
618	821
618	852
618	868
618	912
619	636
619	662
619	663
619	717
619	866
619	937
620	648
620	734
620	739
620	760
620	861
620	872
620	927
620	960
620	980
621	628
621	715
621	744
621	750
621	865
621	934
622	643
622	676
622	685
622	689
622	694
622	715
622	786
622	808
622	813
622	865
622	868
623	626
623	631
623	632
623	634
623	641
623	654
623	658
623	689
623	690
623	757
623	887
624	638
624	669
624	693
624	695
624	710
624	742
624	948
625	656
625	662
625	663
625	670
625	676
625	682
625	689
625	694
625	699
625	711
625	728
625	748
625	793
625	884
625	907
625	965
625	972
626	642
626	659
626	688
626	693
626	696
626	771
626	842
626	843
626	853
626	871
626	978
627	637
627	668
627	673
627	732
627	782
627	947
627	962
627	981
628	646
628	658
628	660
628	679
628	773
628	842
628	953
629	658
629	666
629	667
629	675
629	702
629	716
629	967
629	987
629	991
630	637
630	646
630	695
630	734
630	935
631	668
631	764
631	772
631	792
631	796
631	879
632	671
632	695
632	705
632	711
632	745
632	956
633	635
633	710
633	848
633	936
633	937
634	649
634	804
634	832
634	959
634	992
635	638
635	647
635	656
635	662
635	676
635	684
635	796
635	823
635	845
635	934
635	963
636	661
636	668
636	671
636	883
636	909
636	943
637	638
637	639
637	666
637	755
637	767
637	830
637	859
637	912
637	988
637	993
638	638
638	659
638	676
638	680
638	777
638	897
638	955
639	647
639	690
639	725
639	781
639	946
640	675
640	797
640	818
640	868
640	947
640	949
641	645
641	692
641	797
641	822
641	823
641	874
641	886
641	934
641	959
641	976
641	980
641	994
642	643
642	649
642	659
642	671
642	687
642	707
642	723
642	760
642	778
642	823
642	847
642	858
642	889
642	907
642	987
643	659
643	667
643	692
643	735
643	766
643	818
643	858
643	865
643	871
643	963
644	646
644	649
644	683
644	797
644	850
644	876
644	923
644	944
644	972
645	646
645	664
645	665
645	807
645	831
645	937
645	978
646	787
646	866
646	920
647	683
647	712
647	843
647	980
648	661
648	681
648	682
648	691
648	763
648	795
648	802
648	847
648	912
649	671
649	673
649	683
649	689
649	697
649	771
649	817
649	884
649	893
650	655
650	864
650	968
650	974
650	984
651	654
651	655
651	668
651	680
651	685
651	831
651	927
651	929
651	954
652	667
652	685
652	687
652	693
652	715
652	769
652	934
653	657
653	675
653	682
653	691
653	740
653	793
653	801
653	802
653	851
653	870
653	988
654	661
654	674
654	676
654	806
654	849
654	901
654	911
654	919
654	956
654	966
654	980
654	983
654	988
655	665
655	677
655	685
655	686
655	979
656	756
656	795
656	808
657	667
657	671
657	686
657	696
657	746
657	782
657	876
657	887
657	896
657	972
658	687
658	688
658	696
658	697
658	698
658	699
658	829
658	884
659	695
659	730
659	814
659	840
659	955
659	975
660	830
660	876
660	954
661	668
661	688
661	693
661	706
661	779
661	783
661	994
662	674
662	678
662	701
662	789
662	810
662	833
662	866
662	921
663	677
663	738
663	787
663	867
663	896
664	676
664	705
664	858
664	926
665	669
665	678
665	686
665	691
665	695
665	773
665	792
665	878
666	672
666	677
666	695
666	827
666	836
666	888
666	979
666	983
667	772
667	773
667	775
667	952
668	692
668	695
668	698
668	710
669	693
669	696
669	739
669	820
669	827
669	876
669	969
669	984
669	995
670	677
670	693
670	834
670	938
671	686
671	694
671	698
671	722
671	760
671	952
671	971
672	673
672	690
672	808
673	748
674	675
674	693
674	727
674	773
674	958
674	999
675	678
675	853
675	887
675	929
675	949
675	972
676	686
676	689
676	707
676	784
676	899
677	677
677	691
677	751
677	758
677	791
677	893
677	917
677	929
677	956
677	984
678	679
678	680
678	693
678	721
678	722
678	762
678	769
679	682
679	748
679	763
679	835
679	861
679	880
679	924
679	929
679	936
679	983
679	999
680	680
680	789
680	830
680	913
680	924
680	945
680	957
681	712
681	826
682	691
682	722
682	751
682	769
682	785
682	923
683	685
683	690
683	708
683	785
683	832
683	957
684	842
684	858
684	873
684	969
685	698
685	706
685	804
685	874
686	783
686	909
686	952
686	958
686	960
687	695
687	719
687	965
688	701
688	723
688	750
688	764
688	799
688	804
688	830
688	873
688	877
688	878
688	968
689	747
689	856
689	859
689	919
690	691
690	775
690	777
690	819
690	823
690	833
691	894
691	931
691	984
691	987
692	754
692	803
692	818
692	836
692	891
692	932
693	755
693	790
693	827
693	991
693	993
694	722
694	741
694	871
694	978
695	697
695	698
695	699
695	836
695	857
695	954
696	706
696	724
696	779
696	801
696	812
696	820
696	830
696	852
696	865
696	987
697	729
697	878
697	880
697	976
698	718
698	738
698	762
698	831
698	843
698	955
699	861
699	898
699	990
700	703
700	770
700	799
700	808
700	867
700	959
701	702
701	707
701	726
701	728
701	731
701	738
701	739
701	740
701	752
701	762
701	777
701	786
701	794
701	861
702	709
702	738
702	758
702	761
702	788
702	851
702	852
702	872
702	962
703	721
703	751
703	822
703	850
703	990
703	994
704	726
704	739
704	776
704	798
704	821
704	840
704	866
704	903
704	971
705	710
705	722
705	740
705	776
706	719
706	741
706	742
706	769
706	783
706	866
706	919
706	946
707	710
707	711
707	714
707	720
707	723
707	742
707	779
707	791
707	833
708	712
708	722
708	725
708	728
708	730
708	777
708	798
708	897
708	906
708	929
709	720
709	747
709	748
709	778
709	786
709	860
709	881
709	950
709	982
709	986
710	751
710	756
710	771
710	782
711	712
711	730
711	790
711	930
711	943
712	764
712	766
712	776
712	804
712	843
712	946
712	982
713	743
713	769
713	779
713	795
713	820
713	885
713	896
713	908
714	732
714	739
714	761
714	765
714	768
714	896
714	969
715	718
715	720
715	756
715	760
715	772
715	778
715	898
715	910
715	971
716	729
716	740
716	761
716	806
716	816
716	850
716	855
716	866
716	904
716	908
716	912
716	956
716	993
717	735
717	799
717	802
717	874
717	969
718	728
718	771
718	912
718	962
719	748
719	788
719	865
719	981
719	986
719	993
720	737
720	768
720	782
720	790
720	985
720	992
721	721
721	751
721	763
721	776
721	782
721	836
721	902
721	924
721	935
722	734
722	756
722	762
722	765
722	768
722	776
722	781
722	795
722	817
722	864
722	916
722	963
722	995
723	747
723	797
723	853
723	863
723	890
723	904
723	905
723	909
723	962
723	971
724	725
724	741
724	798
724	834
724	899
724	949
725	738
725	745
726	764
726	792
726	907
726	920
726	935
727	732
727	737
727	745
727	762
727	771
727	775
727	779
727	784
727	791
727	796
727	956
727	988
728	740
728	741
728	772
728	810
728	829
728	850
728	895
728	922
728	980
729	738
729	797
729	816
729	944
730	738
730	772
730	780
730	805
730	888
730	894
730	914
730	979
731	756
731	760
731	794
731	796
731	799
731	830
731	915
732	739
732	741
732	754
732	755
732	767
732	942
732	948
732	996
733	770
733	791
733	793
733	797
733	862
733	871
733	912
733	977
734	754
734	757
734	791
734	816
734	820
734	847
734	848
734	901
734	968
734	971
734	988
735	751
735	752
735	825
735	883
735	896
735	955
735	988
736	741
736	772
736	796
737	739
737	778
737	790
737	791
737	795
737	874
737	888
737	900
737	952
737	963
738	763
738	772
738	782
738	839
738	967
738	989
739	743
739	760
739	771
739	776
739	785
739	789
739	901
739	919
739	944
739	957
740	741
740	754
740	768
740	790
740	795
740	886
740	924
740	972
741	747
741	749
741	782
741	932
741	998
742	755
742	868
742	924
742	961
743	760
743	764
743	873
743	881
744	883
744	923
745	748
745	764
745	795
745	796
745	798
745	814
745	926
745	927
746	747
746	788
746	800
746	860
746	864
746	931
747	748
747	766
747	782
747	892
747	993
748	759
748	765
748	814
748	847
748	924
748	930
749	750
749	754
749	764
750	752
750	769
751	796
751	813
751	849
751	886
751	958
752	755
752	785
752	868
752	901
752	974
753	759
753	794
753	852
753	882
753	916
753	923
754	771
754	787
754	792
754	849
754	898
754	944
754	947
755	764
755	765
755	851
755	853
755	988
756	775
756	781
756	794
756	856
756	985
757	761
757	778
757	839
757	873
757	922
758	762
758	773
758	778
758	798
758	866
758	875
758	902
758	964
759	767
759	773
759	796
759	834
759	956
759	995
760	769
760	795
760	830
760	856
760	929
761	782
761	824
761	847
761	853
761	885
762	765
762	798
762	829
762	861
762	886
762	893
763	777
763	805
763	867
763	939
763	983
763	999
764	767
764	771
764	789
764	819
764	852
764	945
764	964
764	968
765	774
765	775
765	787
765	794
765	798
765	813
765	829
765	840
765	949
765	977
766	776
766	778
766	792
766	793
766	859
766	930
766	958
767	786
767	854
767	860
767	869
767	896
767	935
768	777
768	790
768	798
768	868
769	795
769	801
769	910
769	928
769	936
769	957
769	985
770	776
770	779
770	788
770	794
770	797
770	801
770	840
770	858
770	940
771	821
771	902
771	925
771	926
771	964
771	973
772	787
772	790
772	902
772	903
772	922
772	995
773	793
773	803
773	848
773	902
773	932
774	782
774	789
774	804
774	921
775	776
775	778
775	790
775	799
775	958
776	781
776	791
776	913
776	919
777	777
777	816
777	819
777	848
778	781
778	783
778	784
778	790
778	795
778	797
778	869
778	872
778	883
778	888
778	958
779	849
779	891
779	987
780	785
780	799
780	828
780	943
781	785
781	786
781	911
781	959
781	978
782	784
782	799
783	795
783	821
783	921
784	824
784	865
784	874
784	918
784	940
785	796
785	851
785	909
785	927
786	905
786	910
787	823
787	830
787	875
787	903
788	796
788	861
788	989
789	881
789	930
790	799
790	830
790	863
790	887
790	978
791	839
791	864
791	874
791	941
792	849
793	875
793	895
793	909
794	819
794	894
795	829
795	887
795	889
795	937
796	841
796	848
796	865
796	889
796	896
796	905
796	907
797	797
797	813
797	908
797	957
798	830
798	861
798	931
798	991
799	816
799	953
799	968
800	821
800	842
800	860
800	885
800	911
800	916
800	922
800	973
801	860
801	866
801	870
801	883
801	899
801	969
802	806
802	808
802	810
802	811
802	834
802	859
802	878
802	887
802	889
802	973
803	835
803	850
803	858
803	873
803	902
803	920
804	814
804	816
804	821
804	827
804	846
804	850
804	851
804	869
804	890
804	891
804	896
805	826
805	829
805	833
805	851
805	863
805	866
805	870
805	880
805	890
805	979
806	814
806	850
806	885
806	990
807	815
807	879
807	892
808	826
808	850
808	920
808	956
809	851
809	903
809	931
809	932
809	973
810	811
810	816
810	841
810	849
810	851
810	866
810	893
810	897
810	950
811	812
811	867
811	922
811	977
812	829
812	832
812	854
812	872
812	880
812	887
812	899
812	991
813	823
813	835
813	844
813	860
813	877
813	889
813	910
813	946
813	950
814	841
814	848
814	861
814	873
814	877
814	896
814	932
815	826
815	839
815	842
815	843
815	876
815	923
815	935
816	828
816	834
816	864
816	878
816	886
816	899
816	920
816	962
817	820
817	828
817	855
817	868
817	873
817	889
817	894
817	960
818	840
818	842
818	846
818	853
818	878
818	898
819	820
819	835
819	837
819	841
819	867
819	895
819	911
819	979
820	847
820	854
820	879
820	919
820	993
821	872
821	879
821	935
822	825
822	841
822	864
822	872
822	881
822	897
823	833
823	842
823	877
823	887
824	837
824	850
825	853
825	864
825	866
825	973
825	975
826	836
826	892
826	906
826	911
826	944
826	997
827	840
827	844
827	847
827	861
827	864
827	920
827	930
827	987
828	840
828	882
828	883
828	899
828	960
828	977
829	862
829	890
829	957
829	979
830	874
831	843
831	847
831	857
831	878
831	898
831	925
831	975
832	852
832	902
833	905
834	858
834	874
834	876
834	878
834	879
834	890
834	949
835	888
835	893
836	858
836	860
836	869
836	879
836	882
837	854
837	882
837	991
837	994
838	844
838	851
838	892
838	914
838	924
838	960
838	984
838	985
838	993
838	996
839	843
839	891
840	862
840	877
840	881
840	884
840	885
840	903
840	918
840	992
841	855
841	870
841	966
841	973
841	982
841	992
842	844
842	862
842	879
842	890
842	896
842	960
843	844
844	861
844	896
844	924
845	860
845	880
845	992
845	994
846	859
846	876
846	878
847	855
847	866
847	886
847	942
847	943
847	948
847	959
848	855
848	856
848	871
848	879
848	971
849	878
849	882
849	885
849	899
849	924
849	969
850	877
850	930
850	952
851	860
851	886
851	943
851	949
851	965
852	854
852	861
853	867
853	870
853	872
853	915
853	951
854	857
854	863
854	864
854	867
854	895
854	959
854	979
855	855
855	856
855	860
855	890
856	877
856	879
856	882
856	893
856	903
856	975
857	912
857	944
857	951
858	863
858	878
858	883
858	939
858	967
858	989
859	885
859	898
860	958
860	982
860	994
861	870
861	885
861	889
861	911
861	915
862	880
862	891
862	924
862	989
863	870
864	866
864	901
864	983
865	890
865	891
865	958
865	966
865	987
866	866
866	930
867	876
867	877
867	892
867	921
868	871
868	912
868	914
868	948
868	998
869	894
869	897
869	942
869	961
869	977
870	892
870	903
870	961
870	963
871	877
871	882
873	881
873	933
873	948
873	970
873	996
874	914
874	926
875	880
875	893
875	919
875	937
876	888
876	892
876	899
876	903
876	936
876	938
877	959
878	893
878	929
879	883
879	891
879	894
879	896
879	899
879	963
880	883
880	886
880	888
881	894
881	895
881	929
881	953
881	994
882	888
882	942
882	959
882	998
883	895
883	957
884	890
884	995
885	953
885	955
886	947
886	962
887	938
888	996
890	910
890	989
891	912
892	893
892	896
892	897
892	927
892	958
893	899
893	901
893	987
893	998
894	904
896	929
896	951
896	960
896	961
898	914
898	947
898	985
899	953
900	905
900	914
900	956
901	909
901	919
901	936
901	941
901	944
901	945
901	955
901	973
901	987
902	902
902	924
902	943
902	949
902	975
902	998
903	942
903	971
903	984
904	917
904	925
904	937
904	941
904	942
904	948
904	964
904	986
905	927
905	957
905	960
905	972
905	989
906	916
906	927
906	939
906	948
906	972
906	976
906	979
906	983
906	993
906	997
907	935
907	946
907	994
908	918
908	947
908	950
908	973
908	982
909	916
909	930
909	977
909	982
909	991
909	996
910	912
910	923
910	943
910	959
910	971
910	994
911	956
911	973
911	975
911	986
911	987
911	999
912	966
912	983
912	987
912	998
913	993
914	932
914	937
914	939
914	950
914	978
914	989
914	995
915	924
915	925
915	931
915	988
916	927
916	945
916	949
916	968
916	974
917	960
917	994
918	919
918	937
918	953
918	964
918	972
919	944
919	960
919	966
919	978
920	934
920	964
920	987
920	999
921	921
922	931
922	942
922	943
922	950
922	973
923	932
923	956
923	963
923	973
923	980
923	990
924	934
924	938
924	977
924	989
925	973
926	932
926	958
927	939
927	942
927	946
927	953
927	961
927	963
927	976
928	946
928	987
928	997
929	942
929	969
929	994
929	999
930	931
930	967
930	977
930	987
931	999
932	935
932	939
932	952
932	954
932	984
933	937
933	947
933	954
933	992
933	998
934	934
934	936
934	975
934	992
934	997
935	953
935	964
935	980
936	939
936	983
936	986
936	992
937	990
938	947
938	961
938	997
939	988
939	996
940	943
940	947
940	950
940	967
941	979
941	990
941	997
942	955
942	960
944	945
944	964
944	979
944	990
944	996
945	950
945	966
946	956
947	951
947	952
947	961
947	981
947	982
948	966
948	978
948	990
949	965
949	988
950	955
950	960
950	972
950	973
951	975
951	984
952	976
952	985
952	994
954	956
954	971
955	970
957	992
958	965
958	974
958	975
958	976
958	980
959	981
960	974
960	978
960	983
960	986
961	986
961	987
961	988
961	993
963	965
963	985
963	990
964	986
965	974
965	978
965	993
966	998
967	988
968	971
968	972
968	978
968	981
968	986
968	988
969	976
969	983
969	988
969	993
971	983
971	997
972	985
972	986
973	997
975	976
976	988
976	990
976	993
977	978
977	983
977	987
978	993
978	996
978	998
979	981
979	999
980	986
980	998
981	982
981	992
981	995
984	985
984	986
985	992
987	999
988	999
989	996
995	995
996	997
997	999
