0	2
0	4
0	7
0	59
0	61
0	63
0	65
0	70
0	74
0	88
0	97
0	251
0	399
0	537
0	598
0	660
0	800
0	820
0	847
0	856
1	17
1	20
1	23
1	27
1	47
1	61
1	67
1	86
1	87
1	95
1	508
1	556
1	581
1	799
2	3
2	12
2	19
2	26
2	31
2	35
2	37
2	42
2	46
2	60
2	72
2	73
2	96
2	99
2	573
2	601
2	639
2	656
2	939
2	946
2	947
3	5
3	11
3	13
3	19
3	32
3	33
3	40
3	56
3	69
3	83
3	85
3	332
3	403
3	445
3	532
3	547
3	741
3	801
3	812
3	838
3	950
4	10
4	22
4	23
4	33
4	34
4	35
4	48
4	65
4	74
4	76
4	85
4	91
4	94
4	115
4	247
4	293
4	328
4	330
4	458
4	487
4	521
4	533
4	639
4	686
4	742
4	931
4	951
4	969
5	36
5	45
5	46
5	48
5	66
5	67
5	87
5	91
5	99
5	129
5	153
5	246
5	608
5	662
5	714
5	812
5	958
6	18
6	19
6	22
6	25
6	31
6	45
6	60
6	61
6	87
6	99
6	251
6	342
6	357
6	570
6	676
7	10
7	13
7	17
7	20
7	27
7	29
7	53
7	56
7	60
7	65
7	81
7	335
7	418
7	439
7	551
7	948
7	949
7	994
8	12
8	23
8	26
8	27
8	31
8	43
8	48
8	53
8	64
8	83
8	89
8	92
8	93
8	100
8	244
8	339
8	345
8	383
8	410
8	418
8	540
8	633
8	944
8	966
9	35
9	41
9	45
9	47
9	55
9	75
9	78
9	83
9	87
9	93
9	212
9	230
9	287
9	297
9	412
9	460
9	503
9	535
9	557
9	636
9	639
9	650
9	978
10	14
10	26
10	49
10	53
10	55
10	61
10	62
10	68
10	70
10	74
10	81
10	115
10	472
10	675
10	856
10	994
11	16
11	21
11	37
11	49
11	53
11	86
11	95
11	97
11	376
11	432
11	638
11	746
11	985
12	16
12	27
12	33
12	34
12	43
12	63
12	64
12	75
12	78
12	96
12	269
12	286
12	616
12	693
12	695
12	736
12	881
13	18
13	25
13	43
13	46
13	65
13	70
13	88
13	99
13	283
13	290
13	584
13	740
13	872
14	17
14	27
14	38
14	46
14	65
14	85
14	88
14	91
14	99
14	349
14	366
14	377
14	608
14	650
14	715
14	717
14	758
14	913
14	962
15	15
15	33
15	39
15	60
15	71
15	74
15	87
15	96
15	187
15	253
15	769
15	905
15	906
16	40
16	53
16	62
16	64
16	80
16	82
16	83
16	99
16	265
16	508
16	551
16	646
16	750
17	17
17	35
17	36
17	40
17	44
17	48
17	52
17	65
17	67
17	69
17	80
17	234
17	247
17	369
17	390
17	394
17	596
17	615
17	616
17	627
17	672
17	828
17	831
17	860
17	878
17	963
18	19
18	21
18	24
18	28
18	40
18	49
18	60
18	69
18	75
18	82
18	89
18	96
18	109
18	195
18	291
18	468
18	495
18	506
18	640
18	717
18	736
18	964
19	30
19	37
19	39
19	45
19	58
19	64
19	65
19	70
19	71
19	77
19	91
19	192
19	265
19	867
20	30
20	32
20	38
20	63
20	74
20	84
20	86
20	87
20	151
20	231
20	342
20	548
20	903
20	945
20	968
21	22
21	43
21	54
21	69
21	82
21	83
21	97
21	217
21	377
21	667
21	747
21	772
22	47
22	50
22	53
22	55
22	60
22	63
22	226
22	491
22	539
22	699
22	749
22	905
22	949
23	37
23	46
23	48
23	58
23	82
23	89
23	135
23	300
23	696
23	724
23	841
23	873
23	874
24	42
24	68
24	69
24	72
24	79
24	84
24	89
24	97
24	99
24	251
24	485
24	904
25	42
25	53
25	57
25	82
25	110
25	149
25	188
25	315
25	327
25	340
25	370
25	429
25	505
25	591
25	719
25	999
26	26
26	43
26	47
26	57
26	58
26	64
26	66
26	68
26	83
26	394
26	440
26	980
27	34
27	48
27	49
27	52
27	53
27	61
27	69
27	78
27	79
27	84
27	130
27	734
27	861
27	951
28	42
28	47
28	61
28	69
28	78
28	79
28	81
28	90
28	92
28	96
28	97
28	237
28	461
28	492
28	714
28	747
28	792
29	35
29	44
29	58
29	61
29	72
29	76
29	88
29	90
29	95
29	96
29	211
29	213
29	311
29	616
29	906
29	931
30	35
30	39
30	40
30	41
30	58
30	64
30	65
30	68
30	86
30	90
30	95
30	170
30	458
30	554
30	906
31	39
31	51
31	52
31	62
31	88
31	96
31	829
31	923
32	37
32	52
32	55
32	57
32	76
32	80
32	91
32	94
32	95
32	172
32	173
32	318
32	426
32	703
32	731
32	864
33	33
33	41
33	42
33	44
33	47
33	49
33	55
33	63
33	71
33	81
33	84
33	88
33	93
33	94
33	337
33	787
34	40
34	41
34	45
34	50
34	52
34	57
34	76
34	88
34	147
34	273
34	506
34	780
34	871
34	956
35	36
35	49
35	53
35	68
35	69
35	71
35	84
35	91
35	94
35	96
35	97
35	194
35	312
35	361
35	574
36	54
36	61
36	67
36	79
36	154
36	516
36	680
36	779
36	843
36	992
37	38
37	47
37	60
37	63
37	64
37	65
37	74
37	275
37	311
37	326
37	334
37	393
37	395
37	462
37	513
37	565
37	603
37	680
37	707
37	861
37	875
38	40
38	47
38	56
38	72
38	81
38	92
38	93
38	95
38	125
38	248
38	260
38	277
38	647
38	696
38	951
39	64
39	65
39	69
39	78
39	84
39	574
39	616
39	861
39	938
40	42
40	45
40	47
40	48
40	63
40	89
40	92
40	98
40	186
40	193
40	216
40	424
40	436
40	586
40	870
41	45
41	52
41	65
41	67
41	73
41	82
41	83
41	89
41	96
41	241
41	368
41	412
41	435
41	469
41	652
41	986
42	51
42	83
42	87
42	173
42	212
42	214
42	975
43	59
43	68
43	69
43	86
43	170
43	461
43	647
43	793
43	916
43	950
44	55
44	67
44	90
44	91
44	92
44	116
44	208
44	397
44	406
44	458
44	861
44	947
45	51
45	67
45	74
45	92
45	94
45	95
45	510
45	511
45	599
45	730
45	873
45	978
45	980
46	71
46	88
46	90
46	91
46	116
46	342
46	449
46	528
46	585
46	855
46	880
47	60
47	67
47	74
47	76
47	84
47	89
47	397
47	421
47	578
47	643
47	685
47	707
47	714
47	833
47	933
47	944
47	968
48	49
48	51
48	52
48	60
48	71
48	92
48	98
48	454
48	662
48	755
48	794
48	878
48	921
49	54
49	63
49	77
49	89
49	98
49	184
49	264
49	313
49	325
49	552
49	672
49	752
49	910
50	72
50	80
50	90
50	220
50	276
50	391
50	521
50	781
50	873
50	961
51	60
51	68
51	72
51	74
51	75
51	96
51	239
51	346
51	523
51	562
51	611
51	794
51	905
51	963
51	978
52	60
52	64
52	74
52	75
52	76
52	79
52	97
52	321
52	425
52	447
52	520
52	547
52	588
52	763
52	792
53	58
53	61
53	66
53	70
53	81
53	88
53	577
53	581
53	735
53	808
53	835
54	56
54	75
54	76
54	77
54	86
54	234
54	362
54	469
54	476
54	694
54	814
55	57
55	80
55	90
55	93
55	403
55	585
55	679
55	746
55	777
55	788
55	893
55	904
56	57
56	67
56	75
56	81
56	84
56	87
56	92
56	96
56	284
56	409
56	521
56	534
56	541
56	552
56	559
56	560
56	582
56	683
56	694
56	946
57	57
57	59
57	65
57	79
57	93
57	94
57	202
57	448
57	452
57	827
57	832
58	73
58	76
58	84
58	99
58	151
58	298
58	331
58	532
58	596
58	743
58	970
59	63
59	69
59	74
59	82
59	95
59	97
59	178
59	439
59	538
59	601
59	771
59	860
59	898
60	61
60	62
60	71
60	85
60	93
60	98
60	194
60	322
60	328
60	592
60	635
60	644
60	696
60	785
60	789
60	855
61	64
61	65
61	72
61	81
61	143
61	207
61	413
61	711
61	829
62	69
62	80
62	188
62	322
62	447
62	546
62	636
62	656
62	659
62	902
63	64
63	68
63	77
63	79
63	82
63	99
63	111
63	419
63	533
63	573
63	670
63	679
63	708
63	926
64	68
64	74
64	80
64	92
64	105
64	415
64	498
64	553
64	725
65	68
65	75
65	76
65	79
65	81
65	82
65	84
65	270
65	603
65	617
65	666
65	672
65	758
65	959
66	69
66	72
66	76
66	81
66	89
66	91
66	93
66	96
66	389
66	471
66	513
66	534
67	68
67	74
67	77
67	80
67	93
67	94
67	173
67	208
67	459
67	504
67	662
67	775
67	806
67	815
68	77
68	83
68	84
68	107
68	294
68	310
68	385
68	445
68	522
68	701
68	736
68	836
69	73
69	80
69	101
69	113
69	191
69	481
69	668
69	813
70	72
70	76
70	79
70	649
70	657
70	786
70	902
71	73
71	90
71	366
71	395
71	403
71	756
71	954
72	77
72	95
72	97
72	159
72	200
72	287
72	342
72	344
72	507
72	514
72	983
73	77
73	89
73	94
73	176
73	398
73	421
73	477
74	77
74	87
74	150
74	242
74	303
74	605
74	611
74	673
74	704
74	732
74	739
74	752
74	910
74	911
75	85
75	95
75	111
75	291
75	295
76	78
76	87
76	92
76	94
76	98
76	245
76	329
76	401
76	419
76	935
76	958
77	77
77	79
77	93
77	188
77	228
77	279
77	295
77	346
77	706
77	949
77	978
78	82
78	83
78	89
78	92
78	97
78	226
78	311
78	595
78	668
78	675
78	691
78	712
78	916
78	918
79	85
79	90
79	139
79	177
79	280
79	406
79	622
80	92
80	286
80	429
80	701
80	714
80	884
80	889
81	89
81	111
81	177
81	379
81	399
81	471
81	496
81	986
82	84
82	284
82	522
82	549
82	570
82	737
82	910
83	84
83	97
83	98
83	276
83	332
83	336
83	409
83	759
83	801
84	84
84	85
84	88
84	99
84	116
84	194
84	513
84	611
84	672
84	864
85	88
85	91
85	92
85	209
85	339
85	631
85	638
85	736
85	842
85	886
86	88
86	91
86	94
86	96
86	110
86	171
86	199
86	324
86	501
86	558
86	706
86	713
86	964
86	972
87	177
87	191
87	245
87	282
87	286
87	579
87	606
87	680
87	834
87	888
87	902
87	985
87	994
88	98
88	165
88	433
88	592
88	644
88	712
88	729
88	795
88	801
88	821
88	933
89	94
89	96
89	107
89	204
89	530
89	577
89	906
89	941
90	368
90	673
91	160
91	342
91	373
91	853
92	92
92	100
92	199
92	369
92	442
92	497
92	581
92	725
93	95
93	198
93	261
93	299
93	333
93	366
93	463
93	536
93	583
93	658
93	764
93	812
93	944
94	97
94	141
94	176
94	660
94	722
94	921
94	979
94	998
95	101
95	115
95	121
95	129
95	214
95	444
95	445
95	558
95	592
95	760
95	868
96	136
96	228
96	493
96	509
96	618
96	682
96	712
97	255
97	287
97	290
97	293
97	307
97	389
97	417
97	531
97	609
97	744
97	822
97	836
97	908
98	127
98	348
98	355
98	392
98	428
98	440
98	475
98	561
98	577
98	732
98	736
98	988
99	120
99	229
99	559
99	577
99	660
99	710
99	858
99	882
99	907
100	103
100	108
100	110
100	137
100	138
100	154
100	176
100	196
100	577
100	642
100	776
100	899
100	949
101	116
101	153
101	156
101	161
101	163
101	176
101	179
101	183
101	191
101	251
101	274
101	792
101	889
101	898
101	963
102	109
102	113
102	114
102	126
102	128
102	130
102	140
102	156
102	170
102	171
102	186
102	248
102	436
102	535
102	613
102	705
102	941
103	119
103	132
103	140
103	147
103	159
103	176
103	183
103	190
103	245
103	367
103	402
103	695
103	703
103	788
103	834
104	115
104	117
104	118
104	125
104	135
104	140
104	153
104	159
104	173
104	176
104	184
104	188
104	193
104	301
104	366
104	427
104	724
104	913
105	105
105	112
105	117
105	123
105	125
105	126
105	141
105	143
105	152
105	182
105	184
105	188
105	198
105	274
105	342
105	379
105	514
105	538
105	595
105	728
105	777
105	989
106	109
106	112
106	115
106	118
106	133
106	134
106	137
106	147
106	165
106	173
106	178
106	184
106	197
106	298
106	325
106	493
106	619
106	954
107	114
107	118
107	120
107	124
107	125
107	132
107	136
107	142
107	149
107	166
107	182
107	185
107	495
107	584
107	658
107	698
107	897
107	934
108	117
108	121
108	159
108	162
108	164
108	165
108	187
108	190
108	192
108	438
108	485
108	671
108	955
108	977
109	114
109	115
109	116
109	119
109	129
109	138
109	139
109	142
109	160
109	167
109	199
109	348
109	408
109	439
109	468
109	633
109	657
109	680
109	681
109	725
109	923
110	136
110	145
110	150
110	157
110	162
110	180
110	182
110	184
110	379
110	660
110	684
110	782
110	869
110	957
111	123
111	127
111	136
111	143
111	154
111	158
111	162
111	169
111	171
111	174
111	180
111	192
111	194
111	198
111	300
111	361
111	370
111	465
111	728
111	751
111	761
112	114
112	123
112	131
112	132
112	134
112	148
112	157
112	190
112	199
112	201
112	481
112	785
112	871
112	935
113	122
113	125
113	138
113	141
113	144
113	154
113	156
113	161
113	168
113	170
113	190
113	229
113	316
113	431
113	667
113	997
114	120
114	122
114	130
114	132
114	147
114	148
114	158
114	179
114	181
114	184
114	186
114	196
114	211
114	303
114	329
114	419
114	709
114	761
115	118
115	122
115	127
115	140
115	150
115	194
115	217
115	276
115	464
115	494
115	657
115	815
115	834
115	839
116	117
116	124
116	141
116	143
116	153
116	154
116	164
116	180
116	204
116	681
116	812
117	152
117	162
117	163
117	176
117	177
117	187
117	216
117	284
117	285
117	374
117	590
117	953
118	126
118	137
118	138
118	149
118	153
118	159
118	162
118	191
118	292
118	313
118	613
118	618
118	644
118	744
118	808
118	817
118	842
119	130
119	138
119	157
119	168
119	186
119	211
119	464
119	584
119	760
119	784
119	965
119	993
120	121
120	122
120	131
120	132
120	134
120	135
120	150
120	171
120	196
120	254
120	271
120	379
120	387
120	395
120	444
120	452
120	601
120	764
120	937
120	993
121	127
121	129
121	130
121	138
121	155
121	162
121	174
121	180
121	187
121	196
121	197
121	334
121	362
121	515
121	827
121	859
122	126
122	153
122	154
122	159
122	166
122	177
122	313
122	420
122	478
122	607
122	617
122	648
122	737
122	956
122	963
123	131
123	132
123	136
123	137
123	153
123	157
123	160
123	165
123	169
123	179
123	185
123	613
123	835
123	950
124	137
124	171
124	176
124	177
124	181
124	185
124	191
124	192
124	196
124	346
124	404
124	767
125	139
125	141
125	143
125	170
125	174
125	177
125	182
125	186
125	210
125	438
125	527
125	554
125	661
125	731
125	757
125	915
126	128
126	132
126	141
126	143
126	154
126	164
126	187
126	188
126	191
126	231
126	273
126	346
126	437
126	489
126	703
127	150
127	152
127	154
127	162
127	165
127	176
127	183
127	189
127	254
127	433
127	451
127	500
127	560
127	583
127	611
127	758
128	146
128	152
128	169
128	177
128	189
128	194
128	287
128	456
128	743
128	773
128	846
128	854
128	933
129	141
129	166
129	172
129	295
129	484
129	558
129	803
129	817
129	823
130	138
130	140
130	155
130	158
130	161
130	162
130	174
130	179
130	194
130	197
130	219
130	255
130	675
130	706
130	717
130	820
130	849
131	132
131	137
131	138
131	141
131	143
131	165
131	172
131	198
131	279
131	324
131	361
131	540
131	754
131	878
131	919
132	156
132	158
132	163
132	167
132	169
132	172
132	178
132	182
132	193
132	195
132	196
132	330
132	331
132	489
132	680
132	881
132	925
132	981
133	165
133	172
133	177
133	183
133	184
133	192
133	193
133	195
133	412
133	797
134	136
134	139
134	142
134	144
134	145
134	152
134	154
134	193
134	197
134	396
134	562
134	564
134	674
134	713
134	875
134	978
135	135
135	136
135	146
135	154
135	169
135	183
135	184
135	190
135	191
135	192
135	199
135	321
135	515
135	539
135	737
135	742
135	766
135	894
135	895
136	140
136	142
136	144
136	148
136	153
136	164
136	167
136	172
136	173
136	174
136	182
136	195
136	228
136	282
136	380
136	633
136	707
136	727
136	808
136	824
136	870
137	140
137	165
137	168
137	170
137	187
137	194
137	196
137	244
137	331
137	339
137	340
137	386
137	414
137	417
137	775
137	803
137	863
138	144
138	146
138	156
138	185
138	198
138	214
138	255
138	471
138	485
138	794
138	802
139	149
139	153
139	159
139	163
139	168
139	175
139	185
139	186
139	197
139	221
139	348
139	438
139	611
139	883
139	963
140	144
140	151
140	153
140	171
140	197
140	273
140	360
140	461
140	548
140	586
140	603
140	912
140	979
141	147
141	150
141	156
141	159
141	181
141	183
141	192
141	373
141	383
141	650
141	893
141	911
141	925
141	965
142	143
142	162
142	169
142	181
142	193
142	310
142	396
142	454
142	460
142	470
142	477
142	509
142	538
142	636
142	661
142	849
143	172
143	173
143	179
143	189
143	191
143	192
143	227
143	484
143	711
143	817
144	145
144	152
144	159
144	160
144	162
144	165
144	179
144	190
144	199
144	204
144	213
144	327
144	395
144	398
144	424
144	512
144	604
144	706
144	868
144	900
144	986
145	155
145	177
145	184
145	205
145	294
145	619
145	845
146	150
146	158
146	163
146	173
146	176
146	180
146	189
146	195
146	338
146	435
146	777
147	168
147	169
147	187
147	193
147	194
147	290
147	749
147	918
147	981
148	158
148	164
148	167
148	175
148	183
148	191
148	197
148	233
148	270
148	295
148	451
148	493
148	735
148	747
148	907
148	954
149	150
149	155
149	157
149	163
149	164
149	182
149	245
149	356
149	399
149	471
149	596
149	681
149	972
150	153
150	156
150	161
150	163
150	164
150	170
150	188
150	192
150	623
150	700
150	740
150	810
150	823
151	154
151	168
151	193
151	525
151	568
151	805
151	875
151	896
152	157
152	160
152	172
152	176
152	183
152	187
152	199
152	339
152	345
152	457
152	533
152	553
152	627
152	662
152	706
152	995
153	156
153	158
153	181
153	191
153	505
153	614
153	632
153	721
153	796
154	167
154	168
154	180
154	338
154	425
154	674
154	711
155	165
155	167
155	175
155	180
155	241
155	538
155	944
155	958
156	159
156	169
156	172
156	176
156	182
156	188
156	222
156	362
156	370
156	421
156	490
156	500
156	635
156	719
157	162
157	166
157	168
157	169
157	177
157	198
157	210
157	216
157	393
157	574
157	637
158	167
158	173
158	188
158	483
158	504
158	522
158	583
158	771
158	933
158	961
158	991
159	162
159	163
159	164
159	171
159	173
159	179
159	198
159	210
159	229
159	403
159	443
159	741
159	747
159	862
159	945
159	996
160	176
160	177
160	188
160	193
160	335
160	412
160	505
160	515
160	631
160	741
161	163
161	171
161	174
161	178
161	180
161	181
161	191
161	194
161	199
161	277
161	289
161	299
161	331
161	459
161	588
161	665
161	690
161	752
161	774
161	898
161	999
162	172
162	194
162	195
162	197
162	263
162	284
162	337
162	463
162	496
162	718
162	858
163	177
163	180
163	183
163	198
163	327
163	433
163	463
163	584
163	674
163	753
164	169
164	170
164	175
164	192
164	307
164	543
164	576
164	712
164	770
164	888
164	957
165	171
165	180
165	189
165	194
165	197
165	199
165	382
165	714
165	733
165	758
165	784
165	902
166	182
166	184
166	186
166	207
166	285
166	305
166	323
166	416
166	517
166	561
166	605
166	759
166	922
166	958
167	169
167	174
167	180
167	188
167	192
167	270
167	572
167	600
167	836
167	858
168	174
168	176
168	179
168	189
168	193
168	437
168	610
168	648
169	177
169	197
169	419
169	548
169	679
169	684
169	761
169	859
169	870
170	172
170	175
170	199
170	396
170	439
170	459
170	557
170	740
170	744
171	175
171	177
171	194
171	196
171	564
171	603
171	679
171	861
172	191
172	192
172	195
172	196
172	522
172	618
172	778
172	955
173	173
173	175
173	181
173	187
173	578
173	610
173	633
173	755
174	176
174	178
174	179
174	187
174	189
174	192
174	193
174	350
174	365
174	391
174	615
175	175
175	179
175	181
175	189
175	199
175	563
175	819
175	823
175	861
175	934
176	177
176	191
176	195
176	197
176	237
176	272
176	319
176	467
176	702
176	842
176	854
176	902
177	190
177	235
177	562
177	609
177	679
177	682
177	806
177	807
177	834
177	855
177	921
178	196
178	216
178	448
178	533
178	591
178	871
178	874
178	949
179	182
179	248
179	261
179	428
179	730
180	185
180	187
180	274
180	294
180	449
180	916
181	187
181	188
181	192
181	220
181	264
181	330
181	350
181	404
181	582
181	607
181	630
181	700
181	721
181	853
181	930
181	948
182	187
182	197
182	403
182	480
182	843
182	889
183	186
183	189
183	196
183	296
183	368
183	457
183	458
183	740
183	819
183	831
183	834
184	192
184	365
184	579
184	685
184	803
184	823
184	860
184	912
185	196
185	198
185	313
185	590
185	671
185	752
185	930
186	187
186	264
186	311
186	962
187	382
187	393
187	481
187	562
187	650
187	711
187	718
187	743
188	201
188	314
188	581
188	757
188	863
188	988
188	994
189	195
189	198
189	300
189	301
189	420
189	423
189	439
189	503
189	642
189	938
189	949
189	983
190	190
190	210
190	274
190	330
190	362
190	432
190	532
190	653
190	666
190	861
190	896
190	992
191	606
191	819
192	277
192	295
192	349
192	519
192	678
192	808
192	897
192	928
193	199
193	242
193	256
193	297
193	412
193	437
193	509
193	626
193	642
193	647
193	783
193	855
193	931
194	196
194	407
194	437
194	732
194	738
194	844
194	897
194	967
195	198
195	335
195	476
195	478
195	578
195	633
195	970
195	974
196	330
196	462
196	637
196	693
196	721
196	875
197	198
197	216
197	506
197	511
197	542
197	632
197	661
197	865
197	907
197	997
198	199
198	209
198	233
198	486
198	628
198	636
198	670
198	680
198	959
199	277
199	348
199	708
200	200
200	217
200	232
200	256
200	259
200	275
200	277
200	280
200	284
200	287
200	295
200	310
200	908
201	202
201	206
201	211
201	222
201	224
201	226
201	227
201	234
201	238
201	241
201	243
201	244
201	247
201	251
201	257
201	260
201	268
201	273
201	288
201	294
201	374
201	832
201	924
201	951
202	236
202	237
202	243
202	256
202	288
202	299
202	354
202	465
202	488
202	499
202	707
202	820
202	866
202	885
202	948
203	211
203	214
203	224
203	235
203	257
203	266
203	278
203	280
203	292
203	299
203	320
203	513
203	959
203	986
204	205
204	207
204	209
204	221
204	222
204	247
204	249
204	252
204	259
204	271
204	413
204	419
204	696
204	743
204	783
204	844
205	207
205	208
205	211
205	222
205	232
205	239
205	243
205	277
205	283
205	289
205	290
205	293
205	299
205	370
205	430
205	544
205	557
205	799
205	808
205	891
205	970
206	218
206	222
206	224
206	226
206	246
206	251
206	270
206	276
206	425
206	600
206	626
206	989
207	211
207	232
207	238
207	249
207	270
207	276
207	277
207	292
207	571
207	604
207	718
207	922
208	214
208	215
208	216
208	220
208	227
208	230
208	235
208	239
208	254
208	272
208	273
208	295
208	304
208	667
208	723
208	973
209	223
209	224
209	236
209	241
209	250
209	253
209	256
209	261
209	271
209	285
209	289
209	296
209	330
209	457
209	482
209	530
209	532
209	574
209	591
209	660
209	761
209	777
210	231
210	259
210	270
210	275
210	277
210	292
210	293
210	295
210	296
210	325
210	329
210	375
210	404
210	555
210	633
210	761
210	798
210	914
211	214
211	218
211	219
211	222
211	233
211	254
211	259
211	260
211	269
211	275
211	278
211	284
211	288
211	444
211	446
211	462
211	556
211	676
211	713
211	724
211	999
212	214
212	215
212	218
212	220
212	234
212	244
212	248
212	261
212	270
212	277
212	284
212	288
212	297
212	298
212	718
212	810
212	822
212	851
212	920
213	218
213	224
213	230
213	245
213	246
213	250
213	255
213	259
213	265
213	278
213	287
213	294
213	295
213	296
213	298
213	503
214	226
214	232
214	263
214	264
214	266
214	270
214	273
214	278
214	288
214	294
214	446
214	507
214	733
214	761
214	784
214	818
214	879
214	933
214	960
214	977
214	996
215	222
215	224
215	226
215	228
215	229
215	234
215	258
215	291
215	292
215	297
215	299
215	317
215	418
215	457
215	474
215	500
215	744
215	855
215	887
215	909
215	959
215	980
215	990
215	998
216	223
216	227
216	229
216	233
216	241
216	249
216	272
216	276
216	279
216	510
216	731
216	744
216	756
216	860
216	946
217	218
217	234
217	236
217	239
217	254
217	269
217	273
217	275
217	285
217	287
217	288
217	291
217	292
217	295
217	298
217	299
217	634
217	721
217	848
217	900
218	220
218	224
218	240
218	256
218	259
218	260
218	268
218	270
218	275
218	294
218	372
218	575
218	592
218	607
218	645
218	816
218	890
218	892
219	229
219	245
219	248
219	256
219	261
219	264
219	287
219	295
219	305
219	314
219	509
220	230
220	233
220	234
220	248
220	252
220	259
220	272
220	282
220	288
220	290
220	745
220	973
221	230
221	241
221	242
221	256
221	257
221	260
221	266
221	289
221	296
221	407
221	434
221	494
221	528
221	553
221	574
221	875
222	232
222	247
222	249
222	263
222	264
222	268
222	272
222	273
222	285
222	814
222	867
222	919
222	985
222	998
223	226
223	235
223	237
223	246
223	253
223	258
223	261
223	268
223	275
223	278
223	283
223	285
223	298
223	335
223	355
223	601
223	644
223	739
224	263
224	264
224	275
224	277
224	316
224	536
224	573
224	622
224	681
225	227
225	232
225	240
225	250
225	256
225	288
225	291
225	292
225	319
225	404
225	414
225	461
225	568
225	577
225	660
225	794
225	864
225	894
225	966
226	229
226	254
226	258
226	282
226	299
226	343
226	498
226	529
226	560
226	603
226	656
226	979
227	250
227	255
227	277
227	286
227	287
227	291
227	293
227	333
227	382
227	612
227	684
227	849
227	872
227	933
228	229
228	231
228	234
228	237
228	240
228	242
228	243
228	251
228	256
228	260
228	267
228	271
228	279
228	462
228	606
228	740
228	808
228	813
228	827
228	942
229	232
229	245
229	248
229	249
229	254
229	260
229	262
229	264
229	270
229	274
229	280
229	283
229	292
229	298
229	532
229	669
229	838
229	904
229	919
230	241
230	249
230	272
230	285
230	288
230	298
230	420
230	972
231	237
231	244
231	249
231	277
231	298
231	364
231	757
232	232
232	235
232	237
232	252
232	253
232	263
232	265
232	280
232	288
232	297
232	298
232	299
232	326
232	424
232	564
232	603
232	819
232	888
233	235
233	240
233	246
233	257
233	271
233	272
233	365
233	658
233	727
233	736
233	818
233	891
233	933
233	981
233	985
234	256
234	259
234	260
234	262
234	263
234	266
234	277
234	350
234	401
234	452
234	499
234	698
234	822
235	245
235	247
235	249
235	257
235	279
235	280
235	289
235	298
235	299
235	457
235	546
235	888
236	240
236	245
236	247
236	252
236	272
236	275
236	324
236	425
236	663
236	822
236	825
237	237
237	243
237	259
237	263
237	267
237	280
237	288
237	294
237	315
237	394
237	599
237	724
237	810
237	916
238	254
238	260
238	270
238	280
238	282
238	288
238	293
238	299
238	311
238	503
238	530
238	620
238	645
238	706
238	760
238	827
238	845
238	931
239	239
239	253
239	267
239	270
239	272
239	274
239	275
239	289
239	290
239	296
239	298
239	299
239	370
239	497
239	762
239	923
239	958
239	981
240	262
240	263
240	267
240	269
240	274
240	344
240	348
240	358
240	577
240	826
240	850
241	247
241	248
241	252
241	282
241	288
241	295
241	342
241	384
241	609
241	695
241	709
241	894
242	251
242	254
242	266
242	272
242	280
242	282
242	397
242	484
242	515
242	727
242	918
243	258
243	259
243	266
243	284
243	289
243	296
243	305
243	554
243	725
244	247
244	250
244	259
244	265
244	271
244	274
244	280
244	281
244	290
244	321
244	749
244	920
244	964
245	248
245	250
245	253
245	255
245	261
245	271
245	273
245	274
245	278
245	501
245	511
245	750
245	777
245	850
246	255
246	268
246	280
246	284
246	285
246	291
246	292
246	299
246	558
246	637
246	658
246	709
246	739
246	781
246	875
246	931
246	956
247	249
247	251
247	270
247	271
247	276
247	280
247	281
247	283
247	291
247	759
247	779
248	254
248	259
248	261
248	269
248	273
248	280
248	284
248	288
248	296
248	499
248	607
248	759
248	842
249	269
249	279
249	289
249	290
249	298
249	464
249	501
249	514
249	579
249	799
250	256
250	258
250	259
250	261
250	280
250	290
250	293
250	451
250	546
250	706
250	842
251	252
251	253
251	258
251	283
251	293
251	294
251	306
251	393
251	413
251	890
251	945
252	256
252	258
252	267
252	271
252	282
252	283
252	286
252	293
252	317
252	770
252	819
252	860
253	255
253	265
253	271
253	274
253	281
253	290
253	297
253	298
253	363
253	401
253	472
253	684
253	758
253	762
254	259
254	266
254	284
254	292
254	322
254	350
254	701
254	729
254	735
254	903
255	263
255	266
255	267
255	273
255	274
255	281
255	380
255	416
255	423
255	476
255	730
255	736
255	820
255	937
255	980
256	260
256	265
256	271
256	272
256	282
256	297
256	298
256	299
256	414
256	624
256	698
256	868
256	938
257	267
257	275
257	278
257	282
257	284
257	289
257	290
257	297
258	274
258	276
258	283
258	297
258	433
258	667
258	674
258	719
258	789
259	264
259	284
259	293
259	294
259	297
259	513
259	562
259	802
259	971
260	261
260	276
260	326
260	331
260	418
260	804
260	815
260	862
260	864
261	262
261	267
261	273
261	275
261	276
261	283
261	285
261	292
261	293
261	297
261	473
261	508
261	572
261	573
261	581
261	596
261	614
261	678
261	789
261	830
262	264
262	279
262	281
262	286
262	297
262	306
262	443
262	463
262	578
262	650
262	690
262	718
262	750
262	945
263	275
263	289
263	291
263	445
263	538
263	633
263	829
263	893
263	907
264	264
264	269
264	273
264	284
264	288
264	492
264	594
264	771
264	823
265	269
265	278
265	286
265	294
265	371
265	436
265	523
265	591
265	646
265	707
265	768
265	931
265	945
265	962
266	269
266	274
266	323
266	419
266	473
266	551
266	729
266	762
266	863
266	933
267	270
267	284
267	289
267	486
267	633
267	691
267	730
267	894
268	278
268	283
268	291
268	299
268	427
268	631
268	688
268	722
269	273
269	284
269	287
269	398
269	426
269	540
269	803
269	811
269	861
269	901
269	973
269	991
270	281
270	282
270	298
270	299
270	329
270	394
270	464
270	586
270	859
271	275
271	282
271	286
271	287
271	294
271	297
271	333
271	361
271	365
271	514
271	581
271	851
272	277
272	282
272	293
272	296
272	320
272	383
272	610
272	627
272	687
272	772
272	776
272	800
272	934
272	993
273	291
273	678
274	283
274	289
274	294
274	348
274	393
274	451
274	551
274	604
274	605
274	661
274	868
274	913
274	919
275	277
275	285
275	288
275	289
275	291
275	295
275	355
275	598
275	732
275	835
275	870
275	948
275	990
276	278
276	281
276	553
276	662
277	282
277	284
277	289
277	292
277	297
277	398
277	418
277	454
277	524
278	292
278	299
278	371
278	390
278	533
278	640
278	651
278	773
278	777
278	898
278	949
279	291
279	478
279	578
279	580
279	755
280	282
280	284
280	288
280	291
280	296
280	299
280	427
280	487
280	622
280	807
280	897
281	285
281	292
281	294
281	440
281	571
281	759
281	861
282	293
282	296
282	298
282	423
282	540
282	771
282	886
282	904
283	292
283	437
283	441
283	476
283	494
283	571
283	606
283	838
284	292
284	299
284	389
284	526
284	673
284	686
284	924
284	952
285	345
285	520
285	678
285	869
285	943
286	289
286	297
286	431
286	497
286	582
286	926
286	934
287	288
287	291
287	293
287	296
287	298
287	398
287	502
287	530
287	743
287	958
288	291
288	471
288	579
288	665
288	709
288	764
288	765
288	789
288	871
289	290
289	392
289	525
289	584
289	634
289	731
289	906
289	995
290	293
290	328
290	406
290	416
290	484
290	529
290	562
290	642
290	647
290	982
291	296
291	350
291	407
291	473
291	517
291	608
291	782
291	789
291	853
291	997
292	300
292	572
292	628
292	706
292	756
292	872
293	297
293	299
293	698
293	854
293	857
294	298
294	394
294	396
294	461
294	584
294	696
294	857
294	927
294	980
295	299
295	305
295	388
295	516
295	567
295	575
295	886
295	958
296	297
296	298
296	319
296	422
296	560
296	620
296	795
297	305
297	361
297	721
297	774
297	954
298	299
298	306
298	346
298	461
298	683
298	691
298	700
298	766
298	808
298	861
298	883
298	985
299	343
299	419
299	422
299	564
299	778
300	300
300	301
300	309
300	319
300	328
300	329
300	353
300	365
300	372
300	384
300	391
300	393
300	397
300	673
300	705
300	763
300	787
301	313
301	317
301	328
301	332
301	333
301	335
301	342
301	346
301	350
301	369
301	371
301	372
301	392
301	399
301	596
301	600
301	610
301	743
302	303
302	310
302	312
302	333
302	350
302	357
302	366
302	373
302	374
302	376
302	379
302	490
302	694
302	876
303	312
303	314
303	316
303	320
303	326
303	334
303	336
303	340
303	352
303	360
303	372
303	378
303	379
303	389
303	492
303	597
303	645
303	852
303	918
304	307
304	345
304	360
304	363
304	384
304	391
304	755
305	307
305	312
305	313
305	330
305	333
305	336
305	342
305	345
305	356
305	362
305	368
305	375
305	391
305	392
305	394
305	395
305	405
305	440
305	457
305	522
305	714
305	847
305	872
305	992
306	331
306	333
306	341
306	343
306	347
306	350
306	360
306	363
306	379
306	383
306	385
306	388
306	390
306	395
306	605
306	636
306	924
307	311
307	316
307	317
307	320
307	334
307	335
307	341
307	355
307	357
307	364
307	383
307	385
307	639
307	779
308	309
308	310
308	317
308	318
308	335
308	343
308	361
308	373
308	375
308	384
308	389
308	391
308	392
308	425
308	628
308	672
308	792
309	313
309	315
309	317
309	332
309	353
309	356
309	363
309	379
309	383
309	385
309	390
309	574
309	613
309	688
309	863
309	919
310	313
310	318
310	324
310	340
310	347
310	360
310	375
310	377
310	385
310	386
310	389
310	391
310	392
310	623
310	831
310	974
311	313
311	320
311	330
311	331
311	338
311	345
311	348
311	350
311	382
311	388
311	390
311	399
311	679
311	801
312	313
312	317
312	320
312	321
312	326
312	328
312	329
312	337
312	352
312	356
312	360
312	370
312	375
312	382
312	394
312	398
312	399
312	637
312	638
312	668
312	909
313	315
313	330
313	332
313	349
313	357
313	380
313	381
313	383
313	385
313	386
313	388
313	393
313	428
313	536
313	566
313	669
313	725
313	767
313	770
313	924
313	981
314	317
314	331
314	334
314	339
314	346
314	370
314	390
314	392
314	397
314	399
314	533
314	680
314	775
314	838
315	317
315	320
315	322
315	323
315	324
315	329
315	331
315	336
315	337
315	359
315	364
315	366
315	370
315	387
315	541
315	650
315	660
315	688
315	744
315	821
315	968
316	318
316	319
316	321
316	333
316	366
316	378
316	382
316	383
316	385
316	392
316	394
316	425
316	528
316	561
316	650
316	705
316	777
317	320
317	321
317	324
317	349
317	361
317	364
317	371
317	378
317	395
317	624
317	939
318	337
318	354
318	358
318	359
318	363
318	364
318	371
318	373
318	376
318	389
318	394
318	598
318	760
318	829
318	841
319	320
319	330
319	357
319	365
319	375
319	376
319	384
319	396
319	552
319	752
319	754
319	761
319	772
320	326
320	373
320	375
320	391
320	411
320	502
320	703
320	945
321	329
321	333
321	343
321	348
321	356
321	532
321	582
321	631
321	639
321	716
321	745
321	785
322	323
322	331
322	351
322	363
322	364
322	379
322	385
322	387
322	397
322	579
322	648
322	985
323	339
323	344
323	352
323	362
323	367
323	379
323	387
323	393
323	399
323	418
323	420
323	522
323	871
324	354
324	359
324	362
324	365
324	373
324	374
324	375
324	379
324	399
324	485
324	637
325	336
325	338
325	348
325	350
325	359
325	361
325	373
325	378
325	383
325	476
325	634
325	896
325	926
326	327
326	334
326	339
326	346
326	354
326	365
326	368
326	374
326	386
326	397
326	608
326	652
326	688
326	786
326	908
326	918
327	330
327	334
327	359
327	364
327	365
327	367
327	368
327	375
327	379
327	383
327	389
327	740
327	857
328	329
328	365
328	380
328	391
328	397
328	398
328	673
328	695
328	924
328	928
328	996
329	334
329	336
329	338
329	340
329	343
329	353
329	359
329	370
329	372
329	383
329	388
329	461
329	515
329	595
329	637
329	732
329	753
329	856
329	893
330	333
330	336
330	341
330	343
330	348
330	349
330	350
330	361
330	373
330	377
330	397
330	566
330	732
330	910
331	332
331	335
331	338
331	340
331	356
331	368
331	373
331	387
331	388
331	549
331	848
331	876
332	333
332	334
332	359
332	380
332	385
332	389
332	390
332	394
332	397
332	621
332	728
332	781
332	965
333	335
333	338
333	339
333	345
333	365
333	372
333	397
333	398
333	626
333	677
333	848
333	860
333	907
333	988
334	340
334	342
334	345
334	363
334	390
334	395
334	436
334	528
334	645
334	675
334	741
334	789
334	897
334	973
334	976
335	335
335	338
335	339
335	341
335	349
335	357
335	393
335	399
335	443
335	457
335	709
335	728
335	857
336	349
336	357
336	358
336	688
336	796
336	828
336	877
336	981
336	984
337	363
337	393
337	395
337	397
337	399
337	448
337	595
337	607
337	671
337	822
337	924
338	343
338	357
338	360
338	369
338	386
338	390
338	392
338	398
338	595
338	701
338	801
338	825
338	900
338	903
338	987
339	340
339	341
339	355
339	357
339	372
339	373
339	377
339	383
339	384
339	388
339	398
339	399
339	709
339	727
340	361
340	362
340	367
340	377
340	381
340	389
340	393
340	477
340	609
340	727
340	928
340	985
341	353
341	357
341	363
341	364
341	370
341	371
341	373
341	383
341	389
341	391
341	783
341	830
342	345
342	349
342	371
342	375
342	385
342	392
342	396
342	483
342	561
342	626
342	701
343	363
343	371
343	373
343	376
343	378
343	384
343	385
343	680
343	893
343	905
344	347
344	352
344	357
344	363
344	372
344	386
344	388
344	397
344	507
344	653
344	758
344	788
344	838
344	918
344	971
345	345
345	346
345	361
345	362
345	367
345	380
345	487
345	493
345	769
345	977
346	346
346	350
346	353
346	354
346	363
346	368
346	370
346	377
346	382
346	389
346	396
346	402
346	559
346	628
346	638
346	751
346	909
347	350
347	369
347	375
347	380
347	396
347	399
347	462
347	514
347	731
347	900
348	360
348	363
348	375
348	382
348	390
348	445
348	551
348	724
348	752
349	379
349	381
349	393
349	395
349	402
349	519
349	602
349	642
349	673
349	703
349	760
350	353
350	358
350	365
350	366
350	376
350	389
350	390
350	465
350	485
350	532
350	595
350	676
350	741
350	952
350	956
351	356
351	358
351	373
351	374
351	380
351	382
351	388
351	389
351	390
351	425
351	427
351	478
351	840
352	381
352	480
352	781
352	830
352	927
353	385
353	716
354	364
354	369
354	392
354	421
354	489
354	586
354	781
354	837
354	954
355	357
355	360
355	366
355	367
355	376
355	382
355	390
355	510
355	566
355	616
355	752
355	918
356	361
356	365
356	368
356	372
356	374
356	385
356	390
356	395
356	456
356	475
356	744
356	842
357	359
357	386
357	388
357	393
357	399
357	591
357	647
357	691
358	374
358	376
358	382
358	384
358	385
358	395
358	396
358	603
358	619
358	774
358	827
358	862
358	925
358	959
359	368
359	381
359	392
359	730
359	973
360	371
360	381
360	390
360	393
360	394
360	421
360	495
360	710
360	971
361	362
361	368
361	369
361	392
361	395
361	398
361	856
361	938
362	363
362	375
362	376
362	378
362	388
363	378
363	383
363	391
363	397
363	398
363	483
363	591
363	617
363	976
364	371
364	376
364	380
364	381
364	386
364	393
364	406
364	554
364	622
364	902
365	366
365	374
365	376
365	380
365	384
365	385
365	387
365	393
365	556
365	582
366	380
366	382
366	391
366	392
366	396
366	426
366	740
367	382
367	398
367	399
367	587
367	666
367	841
367	842
367	996
368	391
368	568
368	662
368	693
368	718
368	868
369	377
369	391
369	521
369	648
369	850
369	862
370	380
370	383
370	562
371	373
371	379
371	384
371	386
371	397
371	842
371	887
372	385
372	387
372	428
372	472
372	502
372	881
372	937
372	946
372	948
373	392
373	399
373	704
373	780
373	925
373	941
374	378
374	389
374	394
374	550
374	591
374	599
374	712
374	904
374	992
375	380
375	384
375	388
375	394
375	395
375	816
375	901
376	389
376	395
376	399
376	585
376	982
377	389
377	398
377	627
377	629
377	845
378	379
378	394
378	397
378	558
378	811
378	821
378	833
379	379
379	386
379	394
379	398
379	465
379	627
380	380
380	391
380	424
380	583
380	713
380	757
380	761
380	768
380	968
380	976
381	391
381	395
381	415
381	617
382	384
382	385
382	389
382	395
382	495
382	793
382	942
383	383
383	389
383	391
383	392
383	437
383	543
383	553
383	585
383	640
383	890
383	974
384	385
384	403
384	849
385	475
385	507
385	707
385	710
385	855
385	985
386	391
386	393
386	394
386	507
386	838
387	388
387	391
387	396
387	441
387	525
387	895
387	918
387	944
388	391
388	422
388	423
388	432
388	527
388	644
389	391
389	497
389	651
389	663
389	709
389	794
389	914
390	391
390	443
390	502
390	588
390	740
391	397
391	398
391	466
391	763
391	887
392	396
392	397
392	415
392	440
392	524
392	834
392	902
393	521
393	540
393	868
393	970
394	465
394	530
394	616
394	623
394	659
395	398
395	549
395	716
395	737
395	890
396	396
396	450
396	464
396	523
396	815
396	920
397	723
397	924
399	452
399	565
399	586
399	598
399	681
399	871
399	948
399	982
400	401
400	402
400	407
400	410
400	416
400	421
400	423
400	431
400	450
400	469
400	471
400	479
400	482
400	487
400	491
400	494
400	606
400	672
400	883
400	957
401	404
401	413
401	414
401	417
401	430
401	436
401	438
401	444
401	446
401	453
401	455
401	471
401	475
401	480
401	485
401	496
401	601
402	415
402	418
402	419
402	441
402	451
402	465
402	466
402	476
402	482
402	559
402	705
402	730
403	405
403	431
403	432
403	435
403	444
403	450
403	454
403	463
403	468
403	469
403	477
403	479
403	480
403	496
403	570
403	576
403	736
404	414
404	416
404	420
404	428
404	435
404	444
404	449
404	459
404	479
404	492
404	601
404	662
404	802
404	845
405	407
405	409
405	418
405	431
405	442
405	461
405	462
405	466
405	494
405	735
405	769
405	880
406	416
406	422
406	425
406	445
406	453
406	455
406	458
406	459
406	469
406	471
406	476
406	483
406	491
406	493
406	711
407	411
407	413
407	419
407	421
407	423
407	425
407	427
407	434
407	442
407	446
407	459
407	468
407	486
407	487
407	557
407	647
407	694
407	760
407	840
408	408
408	424
408	446
408	469
408	478
408	486
408	578
408	600
408	801
409	416
409	418
409	423
409	424
409	425
409	426
409	440
409	447
409	454
409	456
409	457
409	461
409	472
409	473
409	488
409	697
409	731
409	772
409	795
410	414
410	418
410	420
410	423
410	427
410	445
410	449
410	458
410	460
410	466
410	469
410	471
410	473
410	474
410	477
410	479
410	533
410	631
410	648
410	695
410	902
410	958
410	984
411	427
411	429
411	452
411	455
411	474
411	483
411	484
411	493
411	501
411	612
411	737
411	876
412	416
412	428
412	430
412	431
412	441
412	444
412	447
412	453
412	471
412	474
412	588
412	941
413	422
413	442
413	454
413	458
413	467
413	471
413	474
413	476
413	479
413	489
413	492
413	499
413	513
413	727
414	419
414	428
414	433
414	442
414	448
414	481
414	491
414	494
414	513
414	589
414	687
414	695
414	794
414	816
415	415
415	426
415	428
415	430
415	447
415	455
415	467
415	470
415	473
415	480
415	486
415	498
415	644
415	778
415	828
415	857
415	916
415	970
416	431
416	435
416	440
416	448
416	464
416	478
416	485
416	486
416	554
416	675
416	783
416	925
417	426
417	446
417	455
417	464
417	468
417	476
417	477
417	497
417	519
417	542
417	565
417	586
417	624
417	626
417	759
417	762
417	949
417	979
418	426
418	427
418	438
418	441
418	448
418	469
418	470
418	478
418	495
418	549
418	721
418	879
418	977
419	446
419	479
419	488
419	498
419	615
419	638
419	785
419	823
419	955
419	988
420	426
420	437
420	441
420	446
420	458
420	459
420	462
420	466
420	468
420	479
420	490
420	533
420	602
420	605
420	628
420	641
420	674
420	702
420	870
421	421
421	425
421	426
421	438
421	443
421	464
421	470
421	472
421	480
421	487
421	488
421	494
421	497
421	517
421	648
421	746
421	766
421	822
421	937
422	426
422	436
422	467
422	484
422	485
422	486
422	489
422	558
422	596
422	814
423	427
423	440
423	458
423	475
423	482
423	531
423	631
423	640
423	701
423	793
423	802
423	933
424	435
424	436
424	437
424	458
424	461
424	467
424	476
424	478
424	480
424	482
424	483
424	511
424	513
424	539
424	573
424	625
424	732
424	741
424	755
424	790
424	839
425	430
425	444
425	451
425	470
425	478
425	496
425	564
425	585
425	592
425	620
425	626
425	699
425	716
425	759
426	428
426	440
426	444
426	464
426	488
426	525
426	761
426	773
426	885
426	893
427	460
427	461
427	462
427	464
427	467
427	481
427	484
427	485
427	494
427	495
427	523
428	429
428	446
428	451
428	459
428	461
428	477
428	486
428	490
428	835
429	431
429	437
429	444
429	464
429	475
429	481
429	782
429	818
430	436
430	439
430	441
430	453
430	459
430	489
430	501
430	780
431	444
431	470
431	499
431	519
431	596
431	660
431	801
432	470
432	471
432	474
432	476
432	486
432	490
432	492
432	493
432	495
432	645
432	797
432	802
432	870
432	964
433	436
433	442
433	447
433	453
433	455
433	469
433	482
433	485
433	556
433	573
433	677
433	687
433	784
433	890
434	435
434	444
434	458
434	459
434	476
434	727
434	924
434	984
435	440
435	448
435	458
435	469
435	472
435	473
435	478
435	479
435	483
435	530
435	558
435	761
435	781
436	439
436	445
436	475
436	864
437	443
437	453
437	460
437	475
437	489
437	497
438	441
438	445
438	458
438	461
438	464
438	467
438	468
438	470
438	473
438	486
438	491
438	786
439	442
439	458
439	465
439	467
439	481
439	483
439	485
439	498
439	770
439	781
440	444
440	449
440	458
440	476
440	477
440	481
440	482
440	535
440	586
440	636
440	770
440	812
441	443
441	449
441	451
441	458
441	461
441	465
441	470
441	483
441	491
441	493
441	497
441	615
441	879
441	954
442	443
442	484
442	485
442	487
442	488
442	569
442	592
442	687
442	760
442	789
443	451
443	458
443	470
443	478
443	490
443	772
443	808
443	920
444	454
444	463
444	470
444	480
444	492
444	501
444	750
445	446
445	468
445	475
445	487
445	491
445	506
445	529
445	575
445	681
445	936
445	993
446	450
446	451
446	458
446	464
446	465
446	511
446	657
446	968
447	453
447	459
447	470
447	471
447	482
447	492
447	632
447	842
448	452
448	466
448	467
448	471
448	483
448	485
448	488
448	605
448	863
449	476
449	481
449	493
449	497
449	722
449	734
449	742
449	936
449	994
450	455
450	459
450	465
450	486
450	489
450	545
450	572
450	583
450	745
450	836
451	485
451	499
451	701
451	755
451	878
452	456
452	477
452	492
452	497
452	806
452	825
452	905
452	935
453	454
453	456
453	457
453	464
453	465
453	467
453	474
453	476
453	486
453	487
453	492
453	496
453	564
453	650
453	872
454	458
454	463
454	466
454	470
454	476
454	484
454	487
454	489
454	490
454	491
454	579
454	778
454	788
454	879
454	921
455	464
455	475
455	483
455	490
455	496
455	564
455	602
455	781
455	784
455	983
456	456
456	468
456	484
456	492
456	498
456	630
456	802
457	459
457	472
457	475
457	477
457	482
457	488
457	489
457	491
457	499
457	523
458	464
458	465
458	470
458	472
458	475
458	479
458	482
458	484
458	489
458	491
458	496
458	537
458	547
458	657
458	692
458	831
458	874
458	947
459	468
459	477
459	496
459	638
459	735
459	999
460	466
460	468
460	475
460	477
460	493
460	617
461	466
461	469
461	486
461	487
461	495
461	638
461	741
461	750
461	791
462	474
462	487
462	488
462	490
462	493
462	526
462	740
462	798
462	976
463	485
463	488
463	492
463	540
464	475
464	487
464	526
464	862
464	916
465	469
465	485
465	494
465	560
465	585
465	724
465	732
466	483
466	492
466	494
466	498
466	716
467	473
467	474
467	480
467	487
467	498
467	807
467	817
467	871
467	880
468	473
468	481
468	491
468	532
468	807
468	921
469	484
469	495
469	515
469	766
469	910
469	959
470	473
470	476
470	484
470	495
470	513
470	658
470	762
470	876
470	931
471	475
471	488
471	575
471	603
472	478
472	494
472	694
472	896
472	929
473	488
473	495
473	497
473	554
473	614
473	638
473	706
473	959
474	477
474	480
474	481
474	482
474	494
474	495
474	586
474	695
474	758
474	952
474	990
475	479
475	480
475	484
475	487
475	494
475	793
475	851
475	982
476	477
476	484
476	487
476	647
476	700
476	728
476	970
476	997
477	483
477	489
477	505
477	564
477	606
477	773
477	843
478	479
478	486
478	487
478	488
478	531
478	676
478	685
478	830
478	914
479	488
479	495
479	496
479	713
479	783
479	859
479	975
479	993
480	493
480	497
480	498
480	509
480	550
480	573
480	614
480	979
480	991
480	997
481	482
481	492
481	493
481	497
481	733
481	882
481	953
482	485
482	488
482	499
482	506
482	814
482	836
482	918
483	524
483	546
483	737
483	760
484	485
484	488
484	497
484	546
484	582
485	486
485	488
485	494
485	499
485	505
485	529
485	603
485	661
485	700
485	775
485	822
486	521
486	639
486	661
486	708
486	755
486	806
486	816
486	876
487	497
487	878
488	496
488	497
488	704
488	742
488	851
489	492
489	497
489	515
489	570
489	681
489	705
489	787
489	792
489	844
489	871
489	923
490	566
490	684
490	953
491	586
491	766
491	823
493	495
493	499
493	666
493	815
493	849
493	929
494	499
494	603
494	827
494	952
494	959
495	495
495	533
495	716
495	811
495	924
496	500
496	620
496	661
496	666
496	819
496	889
497	499
497	741
497	795
497	909
497	954
497	990
498	587
498	598
498	920
499	725
499	830
500	519
500	522
500	531
500	534
500	546
500	552
500	557
500	567
500	575
500	587
500	593
500	598
500	647
500	750
500	956
501	502
501	515
501	538
501	539
501	540
501	547
501	550
501	553
501	566
501	574
501	578
501	579
501	580
501	835
501	876
502	502
502	508
502	519
502	524
502	527
502	536
502	549
502	554
502	555
502	556
502	564
502	567
502	577
502	590
502	593
502	596
502	627
502	652
502	848
502	993
503	503
503	505
503	507
503	515
503	529
503	533
503	552
503	560
503	563
503	580
503	583
503	592
503	714
503	847
503	904
503	915
504	526
504	538
504	542
504	549
504	550
504	551
504	557
504	562
504	565
504	580
504	582
504	619
504	718
504	874
504	883
504	901
504	907
504	923
504	924
505	505
505	511
505	521
505	526
505	532
505	539
505	541
505	544
505	545
505	552
505	567
505	578
505	582
505	796
505	964
505	966
506	520
506	542
506	546
506	555
506	562
506	585
506	596
506	731
507	523
507	564
507	575
507	584
507	590
507	594
507	611
507	701
507	872
508	511
508	526
508	535
508	545
508	547
508	560
508	563
508	573
508	577
508	589
508	594
508	837
508	882
508	979
509	509
509	519
509	525
509	529
509	531
509	558
509	559
509	560
509	565
509	571
509	582
509	585
509	590
509	592
509	595
509	956
510	511
510	512
510	513
510	515
510	516
510	526
510	531
510	537
510	538
510	550
510	562
510	564
510	566
510	595
510	599
510	689
510	780
510	812
510	874
511	513
511	521
511	528
511	544
511	545
511	552
511	567
511	588
511	590
511	592
511	594
511	598
511	630
511	656
511	846
511	958
512	515
512	517
512	521
512	523
512	527
512	532
512	572
512	576
512	579
512	622
512	708
513	528
513	530
513	538
513	560
513	571
513	577
513	578
513	583
513	588
513	594
513	595
513	597
513	718
513	933
514	524
514	525
514	526
514	527
514	531
514	541
514	542
514	551
514	564
514	573
514	575
514	587
514	599
514	703
515	544
515	547
515	548
515	549
515	562
515	566
515	596
515	597
515	613
516	539
516	541
516	548
516	551
516	566
516	574
516	592
516	597
516	598
516	826
517	529
517	531
517	554
517	559
517	569
517	573
517	577
517	582
517	596
517	597
517	684
517	758
517	811
517	900
518	524
518	528
518	532
518	552
518	558
518	571
518	586
518	593
518	598
518	605
518	654
518	745
518	925
519	536
519	542
519	559
519	571
519	586
519	591
519	710
519	743
519	956
520	530
520	549
520	552
520	559
520	563
520	567
520	576
520	584
520	828
520	830
520	862
520	957
521	534
521	535
521	545
521	552
521	558
521	562
521	565
521	566
521	575
521	577
521	578
521	583
521	586
521	607
521	666
521	790
521	925
521	946
522	526
522	528
522	536
522	541
522	546
522	552
522	554
522	573
522	581
522	582
522	585
522	587
522	588
522	696
522	722
522	913
522	992
523	540
523	550
523	565
523	583
523	669
523	764
524	527
524	533
524	544
524	546
524	550
524	560
524	561
524	567
524	580
524	588
524	589
524	597
524	773
524	979
525	529
525	535
525	549
525	551
525	562
525	574
525	575
525	578
525	585
525	587
525	590
525	592
525	598
525	625
525	627
525	635
525	829
526	540
526	548
526	552
526	553
526	561
526	564
526	566
526	591
526	594
526	757
526	817
526	914
526	925
526	963
527	529
527	549
527	553
527	556
527	586
527	588
527	593
528	529
528	531
528	540
528	543
528	567
528	569
528	582
528	583
528	587
528	588
528	595
528	596
528	598
528	607
528	761
528	948
528	949
528	989
529	537
529	538
529	542
529	543
529	545
529	552
529	561
529	573
529	575
529	578
529	589
529	594
529	634
529	782
529	820
529	891
529	920
530	535
530	542
530	560
530	564
530	578
530	585
530	588
530	593
530	594
530	596
530	623
530	702
530	715
530	760
530	864
530	974
531	533
531	534
531	538
531	539
531	571
531	599
531	888
531	958
531	995
532	538
532	545
532	546
532	556
532	558
532	561
532	563
532	567
532	572
532	574
532	675
532	685
532	731
532	743
532	887
532	955
533	536
533	541
533	543
533	550
533	572
533	586
533	587
533	598
533	685
533	704
534	541
534	574
534	584
534	589
534	655
534	966
535	550
535	564
535	569
535	571
535	579
535	582
535	599
535	713
535	818
536	544
536	556
536	561
536	562
536	577
536	582
536	584
536	727
537	544
537	557
537	587
537	594
537	922
538	539
538	571
538	576
538	582
538	634
538	677
538	706
539	554
539	556
539	574
539	594
539	759
539	913
539	948
540	541
540	543
540	547
540	557
540	558
540	562
540	573
540	578
540	591
540	652
540	770
541	546
541	568
541	570
541	581
541	597
541	598
541	665
541	712
541	914
542	543
542	551
542	553
542	557
542	562
542	565
542	572
542	575
542	576
542	580
542	584
542	597
542	779
542	971
542	977
542	981
543	544
543	553
543	574
543	587
543	589
543	590
543	593
543	596
543	598
543	886
543	934
543	998
544	545
544	549
544	551
544	561
544	562
544	573
544	592
544	599
544	640
544	659
544	809
544	992
545	547
545	555
545	588
545	592
545	594
545	597
545	653
545	915
546	550
546	558
546	564
546	568
546	586
546	591
546	698
546	700
547	555
547	571
547	573
547	577
547	582
547	585
547	731
547	873
548	550
548	557
548	561
548	582
548	588
548	598
548	761
548	843
549	561
549	573
549	574
549	591
549	608
549	806
549	835
549	934
550	551
550	561
550	567
550	575
550	596
550	670
550	713
550	716
550	736
550	800
551	553
551	564
551	566
551	567
551	575
551	582
551	585
551	588
551	628
551	702
551	758
551	779
551	821
551	861
551	910
551	924
552	558
552	567
552	568
552	577
552	585
552	589
552	599
552	628
552	698
552	751
552	863
553	555
553	564
553	565
553	570
553	572
553	589
553	611
553	842
554	566
554	569
554	581
554	584
554	595
554	941
555	563
555	570
555	573
555	576
555	577
555	594
556	565
556	572
556	594
556	595
556	686
556	701
556	724
557	565
557	571
557	578
557	590
557	714
558	559
558	565
558	567
558	570
558	588
558	896
558	942
559	576
559	580
559	586
559	591
559	592
559	595
559	599
559	613
559	822
559	849
559	961
560	563
560	567
560	568
560	573
560	574
560	581
560	583
560	588
560	595
560	598
560	684
560	751
560	773
560	789
560	851
560	939
561	564
561	565
561	575
561	589
561	592
561	594
561	722
561	940
562	566
562	577
562	581
562	599
562	648
562	775
563	564
563	565
563	569
563	576
563	581
563	582
563	586
563	593
563	676
563	908
563	909
563	993
564	569
564	578
564	592
564	593
564	595
564	662
564	734
564	872
564	885
565	566
565	567
565	571
565	572
565	573
565	585
565	587
565	589
565	590
565	598
565	599
565	654
565	664
565	772
565	795
566	576
566	578
566	580
566	594
566	780
566	941
567	572
567	582
567	596
567	866
568	576
568	580
568	583
568	589
568	596
568	598
568	599
568	661
569	570
569	572
569	599
569	611
569	721
569	836
569	970
570	586
570	587
570	591
570	596
570	599
570	600
570	798
571	760
571	845
571	855
572	577
572	586
572	588
572	590
572	593
572	594
572	597
572	617
572	618
572	763
572	936
573	579
573	589
573	591
573	598
573	599
573	973
574	576
574	577
574	624
574	687
574	950
575	591
575	595
575	598
575	599
575	612
575	797
575	813
575	819
575	888
575	917
576	594
576	970
577	583
577	594
577	616
577	711
577	826
577	848
577	928
578	792
578	970
579	579
579	587
579	592
579	767
579	846
579	885
580	652
580	819
580	857
580	913
581	591
581	592
581	593
581	714
582	596
582	726
582	737
582	789
582	873
583	590
583	592
583	593
583	596
583	602
583	636
583	729
583	821
583	841
583	847
584	586
584	587
585	595
585	921
585	927
585	993
586	591
586	597
586	598
586	644
586	694
586	701
586	711
587	644
587	719
588	599
588	616
588	632
588	818
588	977
589	618
589	702
589	795
590	594
590	597
590	674
590	953
591	615
591	651
591	778
591	837
591	907
591	934
592	596
592	684
592	793
592	796
592	831
592	841
592	882
592	909
592	963
592	977
593	594
593	706
593	745
593	891
594	595
594	596
594	609
594	745
595	799
595	814
595	836
595	935
596	635
596	758
596	794
596	872
596	898
596	899
596	905
597	671
597	692
597	831
597	876
597	916
598	788
599	720
599	748
599	860
599	873
599	978
600	603
600	608
600	610
600	626
600	630
600	644
600	648
600	650
600	662
600	681
600	683
600	691
600	698
600	722
600	839
600	889
601	604
601	615
601	622
601	623
601	636
601	647
601	668
601	677
601	681
601	688
601	695
601	830
601	901
602	602
602	605
602	636
602	641
602	642
602	646
602	647
602	664
602	672
602	686
602	688
602	689
602	694
602	698
602	765
602	780
602	873
602	888
602	992
603	643
603	648
603	649
603	671
603	675
603	678
603	890
603	976
604	604
604	607
604	611
604	633
604	645
604	648
604	650
604	653
604	657
604	660
604	671
604	678
604	686
604	688
604	692
604	693
604	904
604	916
605	629
605	633
605	634
605	639
605	641
605	643
605	651
605	659
605	664
605	672
605	678
605	680
605	693
605	713
605	935
606	610
606	623
606	627
606	631
606	634
606	636
606	638
606	662
606	663
606	671
606	675
606	690
606	691
606	859
606	955
606	993
607	621
607	629
607	640
607	641
607	642
607	647
607	651
607	654
607	658
607	659
607	674
607	676
607	683
607	684
607	697
607	714
608	616
608	626
608	631
608	646
608	667
608	683
608	686
608	696
608	699
608	816
608	828
608	884
609	612
609	629
609	660
609	665
609	676
609	686
609	697
609	699
609	862
610	619
610	632
610	633
610	635
610	637
610	643
610	647
610	653
610	659
610	663
610	675
610	681
610	695
610	696
610	699
610	750
610	815
610	839
610	881
610	882
610	895
610	929
610	989
611	613
611	619
611	629
611	648
611	664
611	669
611	684
611	707
611	751
611	759
611	821
611	922
611	965
612	644
612	651
612	670
612	683
612	763
612	838
612	857
612	886
613	621
613	623
613	648
613	651
613	669
613	688
613	776
613	805
613	916
614	617
614	626
614	627
614	634
614	635
614	651
614	654
614	655
614	658
614	661
614	664
614	694
614	695
614	756
615	620
615	630
615	631
615	632
615	634
615	637
615	641
615	651
615	663
615	668
615	673
615	676
615	680
615	682
615	862
615	897
616	631
616	642
616	644
616	652
616	659
616	660
616	661
616	677
616	698
616	796
616	836
616	953
616	959
616	978
617	622
617	639
617	642
617	651
617	654
617	661
617	670
617	678
617	685
617	795
618	627
618	630
618	631
618	650
618	652
618	661
618	679
618	680
618	683
618	871
618	891
619	656
619	669
619	670
619	678
619	680
619	695
619	744
619	834
619	901
619	974
620	626
620	628
620	643
620	659
620	660
620	668
620	670
620	673
620	688
620	692
620	698
620	772
621	626
621	627
621	631
621	635
621	637
621	641
621	643
621	645
621	646
621	651
621	654
621	656
621	658
621	670
621	673
621	684
621	689
621	691
621	692
621	741
621	987
622	632
622	640
622	642
622	650
622	651
622	652
622	661
622	664
622	665
622	667
622	674
622	675
622	678
622	682
622	685
622	691
622	759
622	816
622	921
623	630
623	638
623	647
623	653
623	679
623	681
623	687
623	697
623	855
623	927
624	627
624	631
624	641
624	653
624	664
624	672
624	673
624	678
624	688
624	689
624	690
624	723
624	734
624	867
624	960
625	633
625	643
625	644
625	645
625	656
625	659
625	660
625	668
625	673
625	677
625	679
625	684
625	687
625	744
625	880
626	644
626	670
626	685
626	690
626	691
626	695
626	697
626	872
627	631
627	633
627	640
627	646
627	651
627	670
627	675
627	676
627	694
627	747
627	829
627	903
627	965
628	634
628	639
628	652
628	655
628	664
628	675
628	677
628	685
628	691
628	699
628	746
628	785
628	991
629	630
629	631
629	632
629	643
629	657
629	665
629	667
629	681
629	687
629	734
629	873
629	961
630	631
630	667
630	677
630	678
630	682
630	691
630	824
631	662
631	663
631	680
631	684
631	688
631	854
631	862
631	940
631	997
632	642
632	663
632	664
632	671
632	678
632	685
632	686
632	687
632	692
632	963
633	636
633	642
633	646
633	647
633	648
633	656
633	657
633	658
633	659
633	669
633	674
633	677
633	680
633	692
633	694
633	789
633	796
634	660
634	661
634	674
634	677
634	680
634	689
634	691
634	779
634	848
635	644
635	657
635	665
635	666
635	669
635	670
635	676
635	691
635	772
636	660
636	667
636	674
636	695
636	699
636	716
636	900
637	646
637	649
637	666
637	671
637	677
637	679
637	692
637	838
637	866
637	899
638	638
638	642
638	677
638	683
638	685
638	693
638	696
639	643
639	645
639	647
639	660
639	663
639	664
639	669
639	691
639	693
639	760
639	826
640	669
640	676
640	683
640	696
640	733
640	974
641	644
641	648
641	663
641	669
641	673
641	686
642	644
642	668
642	669
642	689
642	718
642	837
642	838
643	645
643	650
643	669
643	681
643	685
643	865
643	914
644	661
644	668
644	686
644	687
644	694
644	695
644	697
644	708
644	994
645	653
645	665
645	671
645	684
645	696
645	721
645	771
645	780
645	791
645	842
646	662
646	679
647	649
647	688
647	699
647	865
647	955
648	653
648	660
648	665
648	667
648	676
648	680
648	683
648	693
648	925
648	935
649	650
649	671
649	681
649	687
649	696
649	698
649	707
649	898
649	923
650	658
650	665
650	666
650	670
650	687
650	688
650	754
650	776
650	793
650	885
650	991
651	667
651	672
651	674
651	681
651	682
651	684
651	689
651	694
651	695
651	700
651	736
651	862
651	911
652	657
652	659
652	664
652	683
652	684
652	686
652	691
652	697
652	735
652	871
652	977
652	981
653	661
653	663
653	665
653	666
653	674
653	678
653	684
653	689
653	694
653	742
653	998
654	660
654	672
654	674
654	679
654	684
654	685
654	686
654	687
654	769
654	864
654	894
654	994
655	655
655	664
655	666
655	667
655	684
655	685
655	687
655	688
655	692
655	695
655	875
655	913
656	661
656	670
656	689
656	691
656	694
656	842
657	657
657	666
657	667
657	680
657	684
657	687
657	728
657	784
657	819
657	838
657	986
658	662
658	664
658	665
658	680
658	682
658	697
658	705
658	751
658	792
659	664
659	683
659	691
659	694
659	697
659	865
659	888
659	948
659	989
660	664
660	670
660	672
660	673
660	676
660	680
660	681
660	685
660	693
660	720
660	898
661	668
661	683
661	686
661	691
661	883
661	989
662	670
662	671
662	687
662	692
663	667
663	672
663	684
663	687
663	740
663	831
663	918
664	670
664	671
664	677
664	689
664	691
664	692
664	696
664	797
664	799
664	905
664	922
665	668
665	671
665	679
665	684
665	685
665	687
665	692
665	694
665	695
665	716
665	725
665	867
665	885
665	956
666	688
666	689
666	737
666	755
667	667
667	680
667	684
667	698
667	730
667	952
668	687
668	691
668	695
668	697
668	699
668	936
668	946
669	672
669	677
669	686
669	689
669	693
669	695
669	918
669	963
670	686
670	693
670	933
671	672
671	673
671	674
671	677
671	688
671	689
671	696
671	883
672	680
672	792
672	942
673	673
673	674
673	696
673	911
673	953
673	992
674	683
674	684
674	694
674	841
674	876
674	941
675	676
675	679
675	698
675	705
675	734
675	759
675	851
675	892
675	941
675	951
675	979
676	681
676	684
676	688
676	802
676	842
676	923
676	996
677	682
677	813
677	837
677	974
678	686
678	692
678	693
678	965
679	679
679	681
679	684
679	687
679	736
679	924
681	684
681	688
681	694
681	777
681	853
681	947
681	967
682	699
682	712
683	694
683	865
684	697
684	770
684	788
684	863
684	942
685	695
685	697
685	950
686	696
686	753
686	879
687	692
687	891
688	695
688	698
688	850
689	689
689	690
689	937
690	699
690	839
690	846
690	907
691	725
691	984
692	695
692	728
692	895
693	698
693	722
693	800
693	911
693	915
693	982
694	845
694	978
695	696
695	762
695	840
696	764
696	790
696	845
697	834
697	838
698	779
698	790
698	921
699	822
699	892
700	707
700	711
700	712
700	731
700	749
700	758
700	763
700	770
700	771
700	778
700	785
701	709
701	738
701	745
701	750
701	751
701	758
701	760
701	762
701	763
701	771
701	776
701	883
701	896
701	919
701	942
702	720
702	723
702	735
702	748
702	753
702	757
702	784
702	787
702	796
702	854
703	718
703	719
703	731
703	738
703	748
703	762
703	763
703	767
703	774
703	796
703	863
703	935
704	710
704	726
704	734
704	770
704	790
704	862
704	893
704	997
705	706
705	708
705	726
705	738
705	745
705	746
705	760
705	773
705	787
705	794
706	719
706	722
706	733
706	739
706	740
706	747
706	754
706	756
706	762
706	776
706	784
706	791
706	794
706	822
706	954
706	962
707	712
707	714
707	719
707	739
707	758
707	760
707	765
707	768
707	783
707	784
707	792
707	793
707	794
707	804
707	940
707	962
708	734
708	746
708	750
708	752
708	758
708	773
708	778
708	779
708	780
708	781
708	784
708	785
708	795
708	893
708	987
709	712
709	716
709	720
709	726
709	735
709	737
709	752
709	760
709	761
709	766
709	791
709	797
709	826
709	864
710	711
710	718
710	722
710	730
710	741
710	742
710	750
710	751
710	752
710	764
710	765
710	784
710	786
710	799
710	915
710	934
710	958
710	996
711	722
711	739
711	766
711	772
711	774
711	785
711	967
712	727
712	731
712	741
712	748
712	776
712	780
712	788
712	792
712	836
712	840
712	866
713	719
713	721
713	747
713	752
713	762
713	770
713	773
713	781
713	782
713	793
713	796
713	799
713	814
713	884
714	714
714	732
714	735
714	747
714	932
715	727
715	728
715	788
715	792
715	793
715	798
715	819
715	979
716	716
716	727
716	728
716	738
716	744
716	745
716	746
716	748
716	750
716	751
716	763
716	765
716	770
716	777
716	791
716	792
716	798
716	805
716	908
717	717
717	718
717	725
717	727
717	734
717	740
717	745
717	753
717	759
717	769
717	771
717	799
718	719
718	740
718	743
718	752
718	755
718	770
718	774
718	775
718	782
718	928
719	722
719	729
719	753
719	754
719	755
719	760
719	774
720	720
720	728
720	744
720	753
720	755
720	760
720	774
720	787
720	817
720	855
720	856
720	896
720	928
720	966
720	995
721	732
721	743
721	756
721	770
721	778
722	723
722	727
722	729
722	752
722	756
722	782
722	786
722	796
722	873
722	929
723	725
723	743
723	763
723	765
723	776
723	786
723	798
724	737
724	740
724	748
724	750
724	758
724	767
724	798
725	726
725	733
725	747
725	757
725	763
725	769
725	770
725	779
725	785
725	813
726	727
726	733
726	753
726	757
726	764
726	765
726	771
726	776
726	781
726	784
726	792
726	793
726	856
726	899
727	734
727	737
727	749
727	756
727	771
727	778
727	932
728	729
728	733
728	734
728	736
728	737
728	746
728	750
728	752
728	757
728	762
728	765
728	770
728	772
728	780
728	790
728	832
728	945
729	743
729	770
729	786
729	877
730	738
730	760
730	774
730	778
730	783
730	790
730	852
731	744
731	756
731	757
731	768
731	770
731	773
731	774
731	793
731	794
731	795
731	797
731	989
732	768
732	790
732	797
732	883
733	756
733	758
733	761
733	772
733	785
733	791
733	882
733	937
733	992
734	736
734	743
734	746
734	768
734	778
734	785
734	892
734	901
734	994
735	746
735	750
735	756
735	762
735	770
735	779
735	784
735	789
735	848
736	737
736	780
736	785
736	790
736	796
736	798
737	740
737	742
737	779
737	863
737	947
737	948
737	964
738	754
738	760
738	768
738	771
738	791
738	793
738	796
739	749
739	757
739	762
739	774
739	785
739	797
739	850
740	744
740	748
740	751
740	779
740	784
740	798
740	927
740	949
740	995
741	747
741	749
741	760
741	764
741	772
741	777
741	782
741	791
741	935
742	746
742	747
742	748
742	754
742	766
742	776
742	778
742	791
742	792
742	796
742	926
743	744
743	759
743	761
743	765
743	773
743	782
743	803
743	847
744	761
744	774
744	781
745	752
745	761
745	767
745	778
745	787
745	880
745	958
745	964
746	767
746	777
746	784
746	788
746	789
746	797
746	878
746	912
747	747
747	750
747	752
747	770
747	771
747	772
747	774
747	777
747	786
747	787
747	794
747	797
748	755
748	757
748	763
748	767
748	769
748	772
748	782
748	783
748	790
748	820
748	916
749	756
749	760
749	766
749	779
749	783
749	792
749	876
749	976
750	759
750	773
750	774
750	788
750	794
750	795
750	799
751	773
751	775
751	779
751	784
751	789
751	795
751	988
752	753
752	774
752	793
752	892
752	905
752	918
753	754
753	755
753	756
753	759
753	762
753	783
753	786
753	787
753	793
753	794
753	833
753	981
754	755
754	758
754	761
754	769
754	776
754	778
754	784
754	786
754	793
754	802
754	885
754	993
755	766
755	775
755	776
755	788
756	764
756	771
756	783
756	788
756	791
756	792
756	797
756	865
756	868
757	759
757	765
757	766
757	767
757	778
757	791
757	792
757	824
757	855
757	901
757	939
758	768
758	776
758	781
758	784
758	793
758	887
758	945
759	766
759	874
759	893
760	760
760	775
760	776
760	780
760	887
761	762
761	778
761	786
761	799
761	886
762	765
762	780
762	785
762	787
762	795
762	823
762	830
763	772
763	778
763	781
763	789
763	797
763	829
763	889
763	919
764	774
764	777
765	778
765	783
765	786
765	787
765	790
765	796
765	797
765	799
766	767
766	768
766	769
766	777
766	781
767	775
767	777
767	778
767	784
767	786
767	787
767	789
767	796
767	930
768	769
768	994
769	773
769	783
769	784
769	785
769	796
769	798
769	935
769	961
769	986
770	774
770	776
770	779
770	786
770	789
770	793
770	798
770	876
770	913
770	993
771	780
771	787
771	795
772	791
772	798
772	857
773	777
773	793
773	826
774	779
774	796
774	797
774	799
774	901
774	919
775	778
775	783
775	785
775	791
775	932
776	782
776	798
776	881
776	961
777	780
777	783
777	786
777	791
777	915
778	783
778	796
778	889
779	785
779	796
779	797
779	879
779	934
779	961
780	939
781	784
781	787
781	998
782	785
782	787
782	788
782	797
782	968
783	790
783	933
784	798
784	881
785	793
785	798
785	799
785	971
786	787
786	795
786	817
786	834
786	864
786	887
786	955
787	857
787	978
788	789
788	796
788	798
788	926
789	797
789	844
790	900
791	797
791	813
792	893
792	945
793	796
793	798
793	799
795	796
795	952
797	799
797	807
797	971
800	812
800	818
800	820
800	832
800	837
800	838
800	876
800	883
800	894
800	897
801	820
801	827
801	835
801	856
801	876
801	877
801	896
802	808
802	824
802	850
802	851
802	871
802	874
802	877
802	879
802	888
802	896
802	897
802	966
803	818
803	826
803	828
803	832
803	859
803	864
803	874
803	875
803	878
803	880
803	897
804	807
804	810
804	816
804	853
804	856
804	870
804	933
804	943
805	807
805	810
805	815
805	822
805	823
805	827
805	830
805	851
805	859
805	880
805	883
805	886
805	890
805	895
805	941
806	806
806	807
806	808
806	819
806	832
806	833
806	835
806	853
806	864
806	866
806	879
806	883
806	885
806	891
807	813
807	829
807	838
807	848
807	851
807	857
807	883
807	893
808	813
808	820
808	830
808	833
808	840
808	843
808	845
808	864
808	894
808	974
809	812
809	822
809	826
809	833
809	837
809	855
809	857
809	864
809	881
809	882
809	885
809	888
809	889
809	972
810	831
810	836
810	844
810	845
810	850
810	857
810	862
810	878
810	884
811	825
811	829
811	836
811	839
811	846
811	847
811	861
811	867
811	872
811	874
811	875
811	882
811	887
811	890
811	899
812	817
812	825
812	829
812	844
812	845
812	854
812	859
812	866
812	877
812	878
812	889
812	958
813	821
813	827
813	843
813	865
813	876
813	883
813	886
813	892
813	893
813	896
814	816
814	821
814	849
814	851
814	876
814	884
814	890
814	892
815	819
815	833
815	840
815	843
815	845
815	866
815	899
815	911
816	825
816	830
816	837
816	839
816	846
816	871
816	879
816	888
816	890
816	968
817	823
817	825
817	838
817	882
817	973
818	834
818	839
818	842
818	845
818	849
818	856
818	867
818	871
818	921
819	833
819	848
819	852
819	860
819	868
819	871
819	890
820	821
820	822
820	834
820	837
820	838
820	847
820	851
820	853
820	857
820	866
820	886
821	830
821	839
821	850
821	859
821	863
821	866
821	873
821	877
821	885
821	892
821	946
821	987
822	841
822	866
822	867
822	881
822	889
822	895
822	932
823	824
823	825
823	834
823	851
823	853
823	861
823	864
823	869
823	880
823	899
823	924
823	929
824	824
824	831
824	833
824	836
824	838
824	854
824	879
824	883
824	887
824	896
824	979
825	831
825	833
825	843
825	847
825	868
825	871
825	874
825	878
825	881
825	882
825	895
825	940
826	829
826	838
826	839
826	842
826	844
826	846
826	868
826	875
826	880
826	884
826	887
826	903
827	837
827	854
827	857
827	870
827	871
827	880
827	884
827	892
827	895
827	899
828	848
828	855
828	856
828	858
828	859
828	860
828	871
828	882
828	885
828	893
828	894
828	895
829	833
829	841
829	846
829	850
829	852
829	863
829	868
829	873
829	879
829	887
829	938
830	830
830	840
830	850
830	857
830	865
830	887
830	892
831	847
831	868
831	876
831	878
831	880
831	891
831	892
831	937
832	833
832	844
832	846
832	852
832	854
832	858
832	860
832	861
832	869
832	875
832	893
832	895
833	838
833	839
833	842
833	844
833	854
833	863
833	886
833	889
834	837
834	839
834	851
834	856
834	859
834	862
834	872
834	877
834	883
834	884
834	889
834	893
835	835
835	868
835	869
835	871
835	881
835	885
835	889
835	892
836	840
836	851
836	853
836	855
836	870
836	871
836	886
836	891
837	840
837	842
837	852
837	854
837	857
837	873
837	880
837	887
837	943
837	982
838	856
838	871
838	883
838	891
838	892
838	895
838	896
838	897
838	932
839	849
839	853
839	855
839	856
839	874
839	886
839	890
839	895
839	896
840	847
841	853
841	891
841	896
841	898
841	910
841	938
842	852
842	859
842	866
842	872
842	876
842	877
842	882
842	883
842	884
842	897
842	898
843	850
843	855
843	861
843	878
843	891
843	898
843	960
844	852
844	860
844	883
844	898
845	846
845	850
845	851
845	857
845	871
845	882
845	885
846	848
846	856
846	870
846	874
846	896
847	849
847	853
847	859
847	872
847	880
847	882
847	887
847	934
848	849
848	857
848	878
848	891
848	894
849	852
849	855
849	865
849	867
849	872
849	873
849	887
849	941
849	954
850	861
850	871
850	873
850	875
850	888
850	899
850	917
850	987
851	857
851	863
851	865
851	876
851	883
851	887
852	853
852	859
852	872
852	875
852	876
852	883
853	858
853	890
853	987
854	855
854	863
854	878
854	883
854	887
854	891
855	858
855	868
855	872
855	879
855	897
855	948
856	861
856	869
856	874
856	897
856	964
856	980
857	892
858	862
858	863
858	869
858	870
858	886
858	895
858	932
859	859
859	866
859	872
859	878
859	879
859	884
859	888
859	891
859	898
859	936
860	875
861	867
861	868
861	870
861	885
861	890
861	893
862	863
862	875
862	887
862	888
862	899
862	917
862	959
863	879
863	881
863	886
863	893
864	868
864	869
864	883
864	925
864	993
865	870
865	871
865	885
865	887
865	888
865	897
865	978
865	982
866	866
866	868
866	869
866	872
866	877
866	890
866	892
866	976
867	872
867	877
867	886
868	871
868	877
868	887
868	889
868	891
869	873
869	908
870	876
870	880
870	886
870	894
870	941
870	994
871	872
871	877
871	892
871	902
872	879
872	886
873	874
873	883
873	884
873	885
873	888
873	896
874	893
874	894
874	895
875	878
875	886
875	897
876	880
876	882
876	907
876	982
877	879
877	883
877	888
877	889
877	890
877	898
877	967
878	879
878	882
878	888
878	889
878	895
879	930
880	886
880	947
881	882
881	883
881	893
881	938
882	892
883	895
883	899
883	971
883	989
885	888
885	893
885	895
885	968
886	937
886	949
886	951
887	894
887	896
887	964
888	890
888	891
888	894
889	992
889	996
890	904
891	894
891	909
893	893
895	898
895	900
896	897
896	902
896	975
898	898
900	920
900	926
900	940
900	961
900	974
900	975
900	978
900	980
900	988
900	991
900	998
901	902
901	904
901	911
901	927
901	930
901	936
901	941
901	956
901	958
901	960
901	966
901	971
901	988
901	992
902	922
902	937
902	961
902	975
902	976
902	987
902	992
903	908
903	909
903	913
903	929
903	936
903	937
903	945
903	950
903	957
903	958
903	985
903	988
903	994
904	945
904	946
904	954
904	958
904	963
904	995
905	949
905	950
905	951
905	957
905	973
905	978
905	981
906	930
906	962
906	969
906	975
906	977
907	919
907	929
907	943
907	960
907	967
907	970
907	989
907	994
907	995
908	910
908	934
908	941
908	946
908	957
909	921
909	930
909	937
909	951
909	977
909	980
909	994
910	921
910	945
910	950
910	988
911	916
911	935
911	938
911	941
911	949
911	952
911	957
911	969
911	982
911	984
912	915
912	921
912	927
912	936
912	943
912	963
912	976
913	935
913	943
913	944
913	949
913	950
913	955
913	966
913	979
913	987
913	989
913	991
913	994
914	918
914	941
914	943
914	944
914	964
914	967
914	974
914	979
914	986
914	988
915	915
915	916
915	924
915	927
915	930
915	932
915	947
915	964
915	975
915	978
915	988
915	993
916	937
916	940
916	943
916	951
916	968
916	983
916	987
917	958
917	965
917	967
917	979
917	981
918	927
918	932
918	933
918	938
918	944
918	950
918	960
918	965
918	977
918	979
918	980
918	990
918	998
919	923
919	940
919	946
919	947
919	954
919	955
919	982
919	985
919	991
920	930
920	933
920	934
920	939
920	960
920	964
920	974
920	975
920	977
920	985
920	987
920	989
921	954
921	961
921	962
921	966
921	971
921	975
921	980
921	981
921	986
921	987
922	929
922	932
922	942
922	964
922	971
922	975
922	976
922	979
922	982
922	983
922	988
922	996
923	925
923	927
923	942
923	955
923	969
923	988
924	930
924	944
924	967
924	970
924	976
924	977
924	981
924	991
924	992
924	994
925	946
925	948
925	955
925	971
925	978
925	984
925	997
926	939
926	942
926	947
926	949
926	959
926	963
926	964
926	997
927	933
927	935
927	936
927	938
927	942
927	949
927	951
927	965
927	977
927	979
927	983
927	989
927	990
927	994
928	966
928	971
928	979
928	980
928	982
929	933
929	944
929	945
929	951
929	953
929	970
929	978
930	941
930	952
930	962
930	963
930	965
930	966
930	974
930	983
930	993
930	995
930	999
931	945
931	947
931	954
931	959
931	975
931	977
931	978
931	994
931	996
932	942
932	951
932	959
932	962
932	967
932	987
932	993
933	941
933	950
933	962
933	965
933	969
933	970
933	975
934	942
934	946
934	949
934	953
934	970
934	971
934	982
934	991
934	993
934	995
934	996
935	938
935	940
935	950
935	952
935	953
935	954
935	959
935	961
935	993
936	947
936	948
936	984
936	986
936	998
937	939
937	944
937	947
937	948
937	951
937	954
937	981
937	996
937	998
938	939
938	947
938	959
938	961
938	963
938	964
938	974
939	951
939	975
939	979
939	985
939	986
939	987
939	991
940	944
940	945
940	947
940	959
940	962
940	964
940	968
940	972
940	976
940	982
940	984
940	997
941	945
941	950
941	960
941	964
941	972
941	974
941	995
942	947
942	951
942	952
942	959
942	988
942	991
942	995
942	997
943	946
943	949
943	951
943	952
943	959
943	964
943	974
943	975
943	979
944	945
944	948
944	949
944	950
944	954
944	958
944	965
944	968
944	985
944	990
945	969
945	973
945	974
945	990
945	993
945	995
946	950
946	961
946	962
946	964
946	970
946	998
947	954
947	965
947	968
947	992
947	994
948	965
948	970
948	986
948	995
949	952
949	954
949	960
949	962
949	964
949	965
950	957
950	958
950	965
950	971
950	973
950	980
951	953
951	958
951	967
951	988
952	959
952	970
952	985
952	993
953	954
953	959
953	968
953	976
953	978
953	980
953	981
954	960
954	962
954	975
954	979
954	996
955	960
955	970
955	973
955	982
955	984
955	985
955	994
956	957
956	964
956	982
956	988
956	989
956	996
956	998
957	967
957	970
957	973
957	984
958	967
958	980
959	969
959	975
959	993
960	968
960	976
960	979
960	982
960	986
960	992
961	963
961	965
961	976
961	989
961	992
961	998
962	964
962	966
962	967
962	975
962	977
962	981
962	982
962	992
962	998
963	963
963	989
963	994
964	967
964	971
964	975
964	980
964	982
965	977
965	982
965	991
966	997
966	999
967	968
967	978
967	987
967	989
968	970
968	973
968	975
968	983
968	984
968	989
968	996
969	969
969	981
969	987
969	988
969	998
969	999
970	987
971	978
971	984
971	987
971	988
971	992
971	994
971	999
972	973
972	975
972	977
973	980
973	984
973	985
973	988
973	999
974	976
974	980
974	981
975	983
975	984
975	985
975	987
975	990
975	991
975	994
976	981
976	984
977	980
977	987
977	998
978	984
978	997
978	998
978	999
979	994
980	981
981	999
982	984
983	991
983	995
984	996
985	988
985	990
985	994
987	988
988	990
990	995
990	996
990	998
991	995
992	996
993	999
994	995
995	996
995	997
999	999
