0	1
0	2
0	5
0	16
0	28
0	32
0	38
0	41
0	42
0	44
0	45
0	50
0	51
0	54
0	71
0	94
0	98
0	205
1	5
1	6
1	9
1	11
1	23
1	26
1	27
1	31
1	37
1	48
1	49
1	60
1	63
1	64
1	76
1	82
1	929
1	992
2	3
2	8
2	13
2	14
2	26
2	29
2	32
2	37
2	43
2	47
2	51
2	58
2	71
2	79
2	87
2	89
2	880
3	5
3	6
3	7
3	9
3	10
3	11
3	12
3	14
3	32
3	43
3	44
3	46
3	50
3	62
3	79
3	91
3	95
3	96
3	490
3	554
3	700
4	12
4	19
4	22
4	25
4	29
4	30
4	34
4	36
4	47
4	66
4	67
4	75
4	85
4	94
4	99
4	805
5	5
5	21
5	29
5	30
5	37
5	39
5	40
5	56
5	68
5	73
5	83
5	85
5	86
5	99
5	114
5	582
5	684
6	8
6	9
6	18
6	20
6	23
6	26
6	40
6	42
6	50
6	53
6	57
6	59
6	71
6	87
6	88
6	98
6	682
7	16
7	17
7	43
7	49
7	52
7	59
7	73
7	77
7	79
7	81
7	83
7	90
7	91
7	93
7	363
7	376
7	633
7	740
8	10
8	11
8	12
8	13
8	21
8	24
8	28
8	30
8	32
8	34
8	35
8	38
8	39
8	62
8	71
8	92
8	159
8	300
8	662
9	9
9	11
9	27
9	29
9	31
9	39
9	46
9	52
9	53
9	56
9	67
9	72
9	82
9	88
9	92
9	95
9	398
9	738
9	762
9	788
10	20
10	21
10	28
10	38
10	40
10	45
10	46
10	63
10	72
10	81
10	90
10	96
10	228
11	13
11	17
11	28
11	29
11	44
11	45
11	46
11	50
11	52
11	54
11	55
11	57
11	58
11	61
11	64
11	71
11	73
11	74
11	86
11	87
11	96
11	198
11	264
11	674
11	986
12	12
12	19
12	23
12	24
12	31
12	51
12	54
12	61
12	69
12	71
12	75
12	85
12	94
12	96
12	97
12	259
12	454
12	769
13	29
13	38
13	46
13	51
13	54
13	67
13	70
13	86
13	105
13	258
14	20
14	21
14	22
14	27
14	46
14	48
14	49
14	50
14	53
14	60
14	65
14	69
14	71
14	72
14	73
14	75
14	77
14	83
14	87
14	93
14	99
14	151
15	17
15	19
15	23
15	25
15	47
15	54
15	60
15	80
15	81
15	82
15	84
15	93
15	95
15	97
15	99
15	381
16	16
16	22
16	26
16	28
16	30
16	35
16	38
16	50
16	53
16	61
16	65
16	68
16	70
16	72
16	76
16	80
16	83
16	88
16	91
16	96
16	697
17	27
17	44
17	50
17	55
17	66
17	69
17	72
17	80
17	84
17	86
17	130
17	204
17	658
17	866
18	22
18	25
18	27
18	28
18	31
18	38
18	58
18	60
18	70
18	72
18	93
18	96
19	25
19	28
19	35
19	38
19	45
19	47
19	52
19	53
19	57
19	78
19	84
19	86
19	89
19	90
19	99
19	732
20	21
20	24
20	27
20	35
20	37
20	39
20	46
20	56
20	59
20	61
20	63
20	64
20	80
20	86
20	88
20	89
20	97
20	194
21	27
21	29
21	39
21	44
21	55
21	59
21	60
21	82
21	90
21	99
21	240
21	255
22	26
22	30
22	31
22	35
22	41
22	51
22	57
22	59
22	65
22	72
22	77
22	79
22	82
22	84
22	85
22	86
22	88
22	693
22	917
23	23
23	25
23	27
23	29
23	35
23	49
23	53
23	57
23	68
23	81
23	94
23	98
23	908
24	25
24	29
24	32
24	40
24	41
24	42
24	44
24	49
24	59
24	70
24	75
24	82
25	30
25	59
25	63
25	71
25	74
25	84
25	97
25	121
25	517
25	650
26	28
26	36
26	38
26	50
26	52
26	56
26	59
26	66
26	67
26	75
26	94
26	97
26	98
26	774
27	29
27	32
27	34
27	40
27	48
27	57
27	60
27	62
27	63
27	65
27	73
27	76
27	81
27	85
27	87
27	97
27	99
27	324
28	28
28	35
28	36
28	43
28	48
28	50
28	54
28	58
28	62
28	74
28	80
28	86
28	87
28	90
28	91
28	405
29	32
29	34
29	38
29	61
29	64
29	66
29	72
29	76
29	88
29	89
29	92
29	96
29	97
29	98
29	324
29	383
30	35
30	36
30	38
30	43
30	47
30	50
30	53
30	57
30	62
30	67
30	87
30	93
30	98
30	99
31	35
31	36
31	37
31	46
31	47
31	50
31	54
31	63
31	66
31	78
31	87
31	90
31	94
31	96
31	777
32	32
32	33
32	36
32	38
32	55
32	57
32	75
32	89
32	97
32	98
32	330
32	332
32	862
33	37
33	43
33	55
33	56
33	57
33	60
33	61
33	71
33	73
33	76
33	77
33	80
33	96
34	42
34	66
34	71
34	617
34	730
35	40
35	41
35	43
35	44
35	55
35	62
35	68
35	71
35	87
35	91
35	95
35	481
35	542
36	43
36	49
36	50
36	59
36	65
36	68
36	71
36	85
36	91
36	106
36	406
36	427
36	544
36	749
37	37
37	42
37	53
37	55
37	61
37	64
37	66
37	71
37	74
37	87
37	93
37	339
37	564
37	773
37	787
38	41
38	52
38	75
38	76
38	78
38	91
38	95
38	97
38	788
39	41
39	44
39	49
39	51
39	60
39	61
39	68
39	74
39	78
39	80
39	88
39	92
39	679
39	801
40	52
40	65
40	71
40	83
40	84
40	85
40	87
40	96
40	189
41	42
41	45
41	49
41	57
41	62
41	64
41	66
41	70
41	72
41	75
41	76
41	77
41	82
41	85
41	91
41	93
41	511
41	658
42	53
42	57
42	61
42	67
42	68
42	74
42	94
42	626
43	53
43	62
43	67
43	77
43	82
43	83
43	87
43	89
43	90
43	91
43	94
43	96
43	330
44	44
44	46
44	49
44	53
44	71
44	83
44	86
44	87
44	91
44	94
44	549
45	50
45	64
45	76
45	78
45	86
45	90
45	804
46	52
46	64
46	76
46	80
46	87
46	88
46	95
47	48
47	50
47	59
47	60
47	67
47	72
47	73
47	84
47	87
47	89
47	90
48	48
48	59
48	61
48	73
48	75
48	77
48	82
48	85
48	90
48	92
48	93
48	114
48	478
48	767
49	51
49	55
49	61
49	63
49	65
49	68
49	74
49	79
49	90
49	93
49	96
49	98
49	132
49	310
49	857
50	50
50	52
50	53
50	54
50	67
50	79
50	87
50	91
50	92
50	96
50	101
51	52
51	60
51	62
51	64
51	83
51	85
51	89
51	95
51	96
51	727
52	61
52	62
52	65
52	67
52	73
52	86
52	94
52	672
53	56
53	59
53	71
53	80
53	82
53	368
53	938
54	58
54	61
54	63
54	64
54	74
54	78
54	81
54	86
54	94
54	97
54	569
55	60
55	64
55	75
55	78
55	81
55	83
55	84
55	85
55	86
55	91
55	93
55	95
55	407
56	60
56	61
56	64
56	76
56	80
56	84
56	337
56	645
56	757
57	58
57	59
57	68
57	69
57	80
57	82
57	86
57	88
57	94
57	97
57	538
57	639
58	59
58	68
58	69
58	70
58	84
58	94
58	96
58	97
58	446
59	73
59	77
59	80
59	88
59	96
59	322
59	590
59	652
59	848
59	986
60	60
60	67
60	73
60	74
60	80
60	90
60	91
60	131
61	62
61	66
61	72
61	75
61	78
61	745
61	966
62	70
62	72
62	78
62	85
62	91
62	305
62	983
63	66
63	74
63	94
63	537
63	685
64	65
64	66
64	72
64	79
64	81
64	85
64	88
64	92
64	94
64	97
64	123
64	320
64	340
64	353
64	945
65	67
65	75
65	78
65	85
65	222
65	403
65	686
66	66
66	70
66	77
66	83
66	84
66	89
66	90
66	93
66	343
67	78
67	80
67	83
67	88
67	96
67	291
68	76
68	80
68	84
68	85
68	414
68	415
68	551
69	71
69	77
69	86
69	93
69	95
69	96
69	98
70	71
70	77
70	78
70	91
70	98
70	99
70	131
70	254
70	776
71	71
71	74
71	75
71	85
71	93
71	99
71	537
71	578
71	618
71	691
72	76
72	77
72	78
72	87
72	97
72	98
72	450
72	922
72	994
73	78
73	82
73	88
73	95
73	98
74	86
74	88
74	92
74	95
75	79
75	89
75	90
75	93
75	98
75	809
75	904
75	976
76	76
76	86
76	87
76	96
76	143
77	83
77	84
77	86
77	95
77	98
78	83
78	90
78	92
78	878
79	80
79	82
79	88
79	92
79	94
80	92
80	99
80	426
81	82
81	90
81	92
81	342
82	82
82	90
82	93
82	96
82	178
82	249
82	532
82	878
82	946
82	968
83	83
83	84
83	88
83	89
83	92
83	360
84	86
84	94
84	98
85	88
85	501
85	648
86	90
86	94
86	264
86	726
86	766
86	775
86	902
87	91
87	93
87	97
87	957
88	96
88	98
88	806
88	957
89	98
89	99
89	418
89	659
89	695
90	99
90	337
90	703
91	91
91	95
91	139
91	401
91	543
92	212
92	527
92	737
92	902
93	97
93	99
93	650
94	99
94	729
94	849
94	970
95	96
95	452
95	477
95	551
97	97
97	99
97	423
97	492
97	597
98	387
98	510
98	642
98	794
98	967
99	396
99	405
99	785
100	101
100	102
100	104
100	109
100	111
100	116
100	123
100	133
100	135
100	144
100	148
100	154
100	156
100	163
100	167
100	168
100	189
100	197
100	226
100	948
101	102
101	105
101	106
101	114
101	119
101	139
101	142
101	143
101	145
101	146
101	148
101	155
101	157
101	184
101	188
101	192
101	196
101	197
102	103
102	109
102	115
102	121
102	122
102	132
102	134
102	144
102	146
102	149
102	151
102	153
102	154
102	167
102	175
102	186
102	192
102	197
102	390
102	500
103	122
103	126
103	128
103	130
103	133
103	134
103	148
103	149
103	164
103	167
103	175
103	185
103	192
103	194
103	198
103	992
104	106
104	109
104	110
104	114
104	118
104	119
104	127
104	132
104	138
104	140
104	144
104	150
104	156
104	157
104	163
104	175
104	187
104	195
104	554
105	111
105	112
105	115
105	123
105	124
105	127
105	131
105	142
105	150
105	151
105	164
105	167
105	171
105	172
105	178
105	183
105	185
105	188
105	191
105	193
105	198
105	394
106	108
106	109
106	112
106	120
106	124
106	125
106	134
106	144
106	145
106	151
106	170
106	183
106	185
106	187
106	194
106	195
106	199
106	535
107	107
107	113
107	117
107	122
107	124
107	134
107	153
107	164
107	177
107	185
107	196
107	733
108	120
108	128
108	130
108	133
108	138
108	157
108	165
108	168
108	169
108	174
108	176
108	179
108	180
108	186
108	191
108	516
108	688
108	870
109	114
109	122
109	133
109	138
109	140
109	144
109	150
109	151
109	156
109	158
109	167
109	179
109	185
109	186
109	187
109	191
109	192
109	196
109	594
109	944
109	952
110	115
110	119
110	120
110	121
110	126
110	134
110	143
110	151
110	155
110	157
110	158
110	166
110	178
110	179
110	180
110	181
110	182
110	185
110	186
110	196
111	117
111	122
111	124
111	126
111	134
111	138
111	140
111	142
111	153
111	154
111	155
111	156
111	157
111	162
111	176
111	190
111	198
111	549
111	681
111	978
112	115
112	117
112	118
112	119
112	121
112	124
112	127
112	133
112	148
112	149
112	152
112	153
112	161
112	169
112	196
113	128
113	134
113	142
113	156
113	160
113	164
113	167
113	168
113	174
113	176
113	185
113	195
113	478
114	117
114	119
114	121
114	124
114	125
114	129
114	132
114	134
114	136
114	139
114	145
114	147
114	148
114	149
114	152
114	153
114	171
114	172
114	639
114	660
115	118
115	133
115	162
115	163
115	169
115	170
115	171
115	189
115	199
115	486
115	748
115	895
116	125
116	139
116	140
116	145
116	147
116	154
116	159
116	167
116	172
116	181
116	183
116	194
116	320
116	658
116	660
116	758
117	144
117	157
117	159
117	172
117	175
117	187
117	195
117	269
118	120
118	121
118	129
118	137
118	165
118	170
118	173
118	180
118	184
118	194
118	198
118	287
118	523
119	123
119	125
119	128
119	129
119	142
119	145
119	152
119	157
119	166
119	181
119	197
119	669
120	123
120	131
120	132
120	138
120	139
120	156
120	158
120	164
120	169
120	184
120	187
120	190
120	195
120	196
120	358
120	656
120	824
121	122
121	125
121	127
121	129
121	139
121	141
121	149
121	156
121	175
121	182
121	186
121	187
121	199
121	202
121	417
121	533
121	854
121	895
122	128
122	134
122	137
122	141
122	144
122	147
122	154
122	155
122	161
122	164
122	166
122	167
122	174
122	175
122	179
122	185
122	195
122	244
122	305
123	126
123	128
123	146
123	147
123	153
123	158
123	166
123	183
123	190
123	198
123	250
123	523
123	795
124	125
124	135
124	146
124	152
124	164
124	199
124	299
124	521
124	714
125	138
125	139
125	154
125	156
125	161
125	163
125	167
125	183
125	186
125	193
125	195
125	613
126	151
126	173
126	182
126	190
126	193
126	194
126	713
127	131
127	135
127	137
127	144
127	145
127	158
127	162
127	168
127	174
127	178
127	191
127	199
128	129
128	131
128	137
128	151
128	153
128	159
128	161
128	167
128	174
128	180
128	186
128	190
128	199
128	887
129	132
129	148
129	173
129	186
129	196
129	650
129	998
130	130
130	143
130	144
130	148
130	154
130	158
130	166
130	181
130	183
130	185
130	191
130	197
130	198
131	146
131	147
131	151
131	154
131	160
131	166
131	167
131	169
131	171
131	178
131	232
132	138
132	142
132	151
132	155
132	159
132	162
132	165
132	187
132	189
132	192
132	194
132	198
132	262
132	344
132	377
132	553
132	725
132	777
132	947
133	134
133	135
133	140
133	149
133	153
133	155
133	162
133	185
133	186
134	145
134	148
134	152
134	173
134	175
134	177
134	181
134	190
134	194
134	195
134	198
135	138
135	141
135	166
135	167
135	168
135	174
135	182
135	184
135	187
135	193
135	381
135	785
136	143
136	147
136	155
136	157
136	165
136	174
136	176
136	177
136	179
136	184
136	187
136	194
136	199
136	496
136	646
137	141
137	143
137	172
137	180
137	185
137	193
137	196
137	920
138	141
138	142
138	143
138	152
138	159
138	160
138	162
138	166
138	167
138	188
138	195
138	514
138	551
138	567
138	702
139	141
139	149
139	150
139	155
139	158
139	161
139	162
139	171
139	180
139	190
140	142
140	166
140	172
140	173
140	196
140	230
140	320
141	142
141	144
141	146
141	151
141	164
141	170
141	171
141	181
141	182
141	188
141	194
141	217
141	437
141	648
142	149
142	161
142	162
142	164
142	167
142	178
142	191
142	305
142	767
143	144
143	146
143	150
143	151
143	156
143	169
143	172
143	181
143	183
143	199
143	631
143	710
144	155
144	164
144	166
144	176
144	177
144	179
144	183
144	189
144	191
144	196
145	147
145	149
145	151
145	163
145	169
145	171
145	173
145	175
145	180
145	185
145	187
145	192
145	195
145	698
145	878
146	151
146	155
146	159
146	160
146	166
146	167
146	170
146	173
146	174
146	189
146	191
146	195
146	196
146	437
147	159
147	170
147	173
147	182
147	187
147	194
147	997
148	150
148	152
148	162
148	168
148	169
148	199
148	404
148	531
149	154
149	160
149	162
149	172
149	179
149	181
149	199
149	513
150	151
150	162
150	168
150	177
150	183
150	188
150	433
151	154
151	158
151	163
151	167
151	170
151	173
151	175
151	602
151	843
152	156
152	162
152	163
152	168
152	178
152	180
152	197
152	222
152	266
153	156
153	165
153	172
153	175
153	185
153	190
153	548
154	154
154	160
154	161
154	165
154	166
154	180
154	196
155	169
155	173
155	176
155	184
155	188
155	193
155	196
155	197
155	395
155	822
156	167
156	193
156	450
157	162
157	165
157	168
157	182
157	184
157	186
157	210
158	160
158	165
158	168
158	171
158	173
158	176
158	450
158	584
159	169
159	170
159	175
159	176
159	182
159	184
159	187
159	188
159	191
159	198
160	169
160	174
160	183
160	184
160	191
160	192
160	200
160	351
160	567
160	993
161	170
161	189
161	191
161	192
161	526
161	753
161	903
162	162
162	167
162	171
162	182
162	196
162	991
163	165
163	168
163	191
163	449
163	766
163	921
164	175
164	188
164	189
164	934
165	170
165	172
165	173
165	179
165	183
165	195
165	196
165	449
166	168
166	176
166	178
166	182
166	194
166	197
166	390
167	176
167	189
167	193
167	195
167	487
167	514
168	174
168	191
168	195
168	361
168	381
168	404
168	546
168	567
169	173
169	183
169	184
169	185
169	186
170	172
170	191
170	361
171	171
171	177
171	179
171	182
171	183
171	196
171	197
171	198
171	294
171	427
171	441
171	602
171	803
171	962
172	183
172	188
172	190
172	191
172	193
172	703
173	178
173	183
173	190
173	197
173	863
173	875
173	939
174	179
174	185
174	197
174	203
175	193
175	197
175	198
175	319
175	712
176	179
176	186
176	199
176	514
177	182
177	198
177	429
177	456
178	190
178	197
178	199
178	320
178	558
179	180
179	181
179	191
179	192
179	199
180	185
180	188
180	193
180	265
180	455
180	844
181	186
181	194
181	196
181	199
181	374
181	639
182	195
182	199
182	538
183	190
183	198
183	199
183	702
183	887
184	185
184	188
184	190
184	192
184	194
184	409
184	779
185	192
185	195
185	199
186	188
186	192
186	198
186	199
186	946
187	189
187	190
187	193
187	199
187	323
187	702
187	719
188	192
188	197
188	782
188	973
190	192
190	193
190	195
190	197
190	534
190	761
190	915
191	192
191	198
191	199
191	433
191	958
192	194
192	754
193	196
193	990
194	502
194	897
195	196
195	199
195	325
196	935
197	197
197	284
197	450
197	866
199	905
200	202
200	226
200	227
200	229
200	235
200	241
200	247
200	250
200	261
200	266
200	274
200	279
200	288
200	291
201	204
201	207
201	215
201	217
201	219
201	227
201	228
201	229
201	235
201	240
201	249
201	260
201	262
201	273
201	274
201	277
201	279
201	283
201	287
201	292
201	493
201	634
201	688
202	211
202	220
202	222
202	228
202	235
202	246
202	250
202	254
202	264
202	273
202	283
202	286
202	296
202	298
202	299
202	397
202	398
203	204
203	205
203	209
203	213
203	215
203	223
203	229
203	230
203	241
203	243
203	250
203	263
203	264
203	273
203	278
203	287
203	291
203	292
203	538
204	207
204	208
204	214
204	223
204	229
204	234
204	236
204	240
204	244
204	245
204	250
204	256
204	258
204	259
204	277
204	282
204	291
204	725
205	207
205	208
205	213
205	235
205	238
205	246
205	248
205	252
205	254
205	259
205	264
205	265
205	275
205	278
205	282
205	285
205	288
205	290
205	299
206	206
206	218
206	221
206	223
206	230
206	231
206	235
206	262
206	265
206	268
206	269
206	274
206	278
206	287
206	294
206	297
206	467
206	801
206	916
206	949
207	210
207	215
207	216
207	218
207	227
207	229
207	232
207	238
207	242
207	250
207	256
207	262
207	282
207	292
207	294
207	296
207	348
207	869
208	228
208	240
208	243
208	247
208	248
208	266
208	267
208	268
208	276
208	277
208	290
208	294
208	439
209	212
209	219
209	220
209	222
209	233
209	235
209	245
209	249
209	250
209	252
209	256
209	277
209	284
209	289
209	292
209	552
209	675
209	745
210	219
210	220
210	257
210	259
210	262
210	281
210	287
210	290
210	292
210	460
210	754
211	218
211	225
211	244
211	257
211	259
211	272
211	278
211	280
211	290
211	295
211	306
211	321
211	775
211	822
211	916
212	213
212	216
212	217
212	225
212	247
212	253
212	256
212	257
212	259
212	269
212	270
212	272
212	274
212	276
212	283
212	284
212	292
212	294
212	352
213	220
213	225
213	232
213	235
213	243
213	244
213	250
213	257
213	259
213	277
213	278
213	279
213	291
213	296
214	223
214	235
214	239
214	243
214	245
214	246
214	251
214	255
214	260
214	262
214	268
214	270
214	271
214	286
214	293
214	511
214	530
214	607
215	223
215	230
215	231
215	239
215	244
215	248
215	255
215	257
215	260
215	267
215	269
215	272
215	287
215	290
215	293
215	296
215	957
216	222
216	226
216	236
216	246
216	247
216	254
216	260
216	263
216	270
216	284
216	286
216	491
217	228
217	244
217	260
217	268
217	279
217	296
217	299
217	709
217	730
217	733
218	222
218	226
218	228
218	231
218	234
218	241
218	243
218	244
218	253
218	267
218	269
218	270
218	273
218	276
218	278
218	289
218	293
218	294
218	297
218	902
219	223
219	224
219	225
219	230
219	241
219	247
219	256
219	259
219	265
219	266
219	269
219	280
219	283
219	285
219	289
219	291
220	222
220	225
220	233
220	237
220	246
220	247
220	253
220	258
220	270
220	272
220	275
220	293
220	298
220	473
221	228
221	233
221	235
221	247
221	253
221	254
221	256
221	257
221	270
221	274
221	276
221	286
221	299
221	438
221	498
221	941
222	241
222	244
222	251
222	252
222	271
222	272
222	278
222	279
222	280
222	285
222	286
222	289
222	298
222	299
222	900
223	250
223	252
223	254
223	257
223	264
223	276
223	284
223	286
223	298
224	227
224	233
224	239
224	240
224	241
224	250
224	257
224	269
224	279
224	284
224	915
225	231
225	232
225	233
225	244
225	246
225	248
225	249
225	255
225	264
225	274
225	280
225	287
225	292
225	296
225	297
225	298
225	370
226	230
226	232
226	249
226	251
226	275
226	282
226	286
226	298
226	998
227	228
227	236
227	241
227	254
227	255
227	256
227	258
227	261
227	262
227	269
227	273
227	274
227	283
227	284
227	294
228	244
228	250
228	252
228	270
228	272
228	278
228	289
228	291
228	299
228	639
229	236
229	249
229	251
229	259
229	268
229	278
229	296
229	917
230	231
230	236
230	237
230	238
230	249
230	252
230	265
230	270
230	274
230	277
230	278
230	286
230	289
230	294
230	297
230	801
230	907
231	232
231	263
231	271
231	288
231	289
231	295
231	383
231	838
232	237
232	239
232	241
232	245
232	246
232	259
232	260
232	262
232	266
232	285
232	289
232	293
232	296
232	659
233	233
233	236
233	244
233	247
233	249
233	255
233	258
233	262
233	270
233	273
233	553
233	754
234	234
234	235
234	239
234	241
234	246
234	247
234	250
234	274
234	279
234	284
234	286
234	292
234	294
234	864
234	987
235	237
235	238
235	240
235	241
235	248
235	257
235	283
235	290
235	292
235	297
235	874
236	240
236	243
236	248
236	255
236	257
236	258
236	263
236	269
236	275
236	298
236	354
237	240
237	242
237	244
237	246
237	252
237	258
237	261
237	264
237	269
237	272
237	283
237	285
237	292
238	238
238	239
238	243
238	248
238	265
238	267
238	284
238	287
238	289
238	295
239	242
239	245
239	246
239	254
239	259
239	278
239	298
239	299
239	757
240	247
240	263
240	268
240	276
240	298
240	299
240	851
240	868
241	245
241	255
241	270
241	279
241	291
241	292
241	580
242	242
242	253
242	254
242	262
242	273
242	275
242	285
242	290
243	257
243	259
243	264
243	265
243	271
243	275
243	279
243	284
243	289
243	299
244	247
244	257
244	259
244	263
244	272
244	290
244	294
244	499
244	936
244	974
245	253
245	263
245	270
245	274
245	280
245	283
245	289
245	292
245	298
245	883
246	253
246	257
246	263
246	274
246	277
246	280
246	284
246	510
246	582
246	861
246	971
247	253
247	256
247	262
247	268
247	283
247	290
247	294
247	295
247	641
248	256
248	264
248	268
248	269
248	271
248	281
248	285
248	290
248	291
248	292
248	296
249	252
249	259
249	262
249	264
249	267
249	277
249	278
249	279
249	299
250	252
250	253
250	270
250	279
250	285
250	292
250	296
251	253
251	254
251	258
251	274
251	299
251	307
251	338
251	793
252	254
252	267
252	268
252	271
252	275
252	277
252	287
252	291
253	261
253	267
253	272
253	277
253	285
253	292
253	295
254	258
254	260
254	263
254	281
254	284
254	646
255	263
255	265
255	268
255	272
255	275
255	281
255	284
255	292
255	295
255	297
255	299
255	601
256	262
256	264
256	269
256	274
256	283
256	284
256	290
256	297
256	319
256	484
257	273
257	274
257	282
257	290
257	293
257	295
257	296
257	298
257	956
258	261
258	265
258	267
258	268
258	269
258	272
258	276
258	278
258	280
258	293
258	294
258	833
259	260
259	263
259	282
259	285
259	287
259	293
259	295
259	298
259	978
260	273
260	278
260	280
260	284
260	288
260	297
260	643
260	710
261	276
261	290
261	398
261	794
261	881
261	985
262	267
262	271
262	272
262	274
262	279
262	280
262	285
262	293
262	373
262	471
263	265
263	269
263	278
263	283
263	287
263	296
263	299
263	429
264	264
264	269
264	272
264	278
264	283
264	286
264	290
264	295
264	328
265	265
265	267
265	270
265	274
265	279
265	281
265	289
265	295
265	297
265	299
265	496
266	269
266	285
266	296
266	947
267	289
267	292
267	440
268	282
268	290
268	293
268	297
268	559
269	275
269	288
269	290
269	295
269	296
269	791
269	857
270	270
270	271
270	274
270	285
270	290
270	295
270	297
270	298
270	644
270	697
270	821
270	905
271	272
271	278
271	281
271	287
271	288
271	298
271	332
271	658
272	274
272	275
272	282
272	292
272	293
272	297
272	298
272	331
272	757
273	294
273	298
273	568
273	713
274	276
274	277
274	287
274	290
274	291
274	295
274	297
274	407
275	280
275	287
275	952
275	998
276	276
276	288
276	289
276	295
276	946
277	280
277	281
277	288
277	290
277	296
277	299
277	740
277	909
278	280
278	895
279	284
279	288
279	290
280	282
280	661
281	281
281	283
281	288
281	291
281	295
281	367
281	550
281	875
282	284
282	287
282	289
282	290
282	296
283	294
283	298
284	287
284	289
284	349
284	464
284	955
285	294
285	929
285	951
286	287
286	298
286	383
286	419
286	573
287	297
287	305
287	622
287	816
288	289
288	298
288	299
289	300
289	753
289	905
290	299
290	515
291	299
291	714
291	966
292	294
292	295
292	298
292	315
292	537
292	792
294	295
294	753
295	298
295	299
295	811
295	906
296	297
296	463
296	563
297	299
298	944
299	299
299	689
299	795
300	300
300	301
300	323
300	328
300	333
300	335
300	355
300	359
300	375
300	388
300	390
301	309
301	314
301	318
301	323
301	327
301	342
301	350
301	356
301	357
301	370
301	394
301	965
302	302
302	311
302	316
302	323
302	331
302	333
302	336
302	339
302	342
302	353
302	358
302	362
302	368
302	376
302	380
302	384
302	393
302	395
302	502
302	624
303	307
303	308
303	311
303	315
303	316
303	321
303	326
303	339
303	342
303	347
303	350
303	352
303	354
303	355
303	359
303	366
303	368
303	371
303	377
303	378
303	380
303	387
303	392
303	393
303	675
303	780
304	311
304	321
304	332
304	333
304	337
304	345
304	348
304	354
304	357
304	385
304	388
304	396
304	902
305	306
305	308
305	325
305	328
305	330
305	335
305	336
305	340
305	342
305	349
305	359
305	374
305	377
305	382
305	395
305	397
305	399
305	887
306	308
306	322
306	326
306	327
306	332
306	338
306	347
306	353
306	363
306	369
306	370
306	374
306	379
306	386
306	391
306	498
307	307
307	309
307	312
307	317
307	331
307	335
307	344
307	345
307	348
307	349
307	354
307	384
307	387
307	388
307	391
307	396
307	584
308	309
308	314
308	328
308	337
308	338
308	342
308	352
308	355
308	359
308	365
308	368
308	369
308	390
308	392
308	395
308	396
308	572
309	315
309	316
309	318
309	324
309	326
309	327
309	330
309	333
309	342
309	352
309	374
309	375
309	376
309	392
309	393
309	395
310	313
310	322
310	327
310	334
310	335
310	336
310	338
310	341
310	350
310	356
310	362
310	368
310	369
310	375
310	377
310	379
310	394
310	866
310	996
311	318
311	320
311	327
311	329
311	333
311	337
311	340
311	343
311	358
311	363
311	370
311	380
311	381
311	389
311	390
311	543
311	969
311	975
312	314
312	318
312	322
312	323
312	324
312	326
312	328
312	332
312	340
312	347
312	370
312	375
312	378
312	394
312	397
312	549
312	769
313	315
313	324
313	325
313	328
313	348
313	350
313	362
313	368
313	380
313	389
313	391
313	855
313	948
314	317
314	322
314	324
314	334
314	335
314	342
314	351
314	361
314	362
314	373
314	383
314	388
314	397
314	398
314	724
315	321
315	323
315	326
315	327
315	342
315	347
315	361
315	366
315	373
315	376
315	389
315	390
316	324
316	329
316	332
316	345
316	355
316	365
316	370
316	372
316	375
316	381
316	391
316	393
316	395
316	398
316	688
316	772
317	334
317	335
317	339
317	340
317	351
317	359
317	363
317	365
317	367
317	368
317	369
317	374
317	375
317	382
317	395
318	322
318	326
318	327
318	332
318	337
318	354
318	366
318	367
318	368
318	377
318	378
318	382
318	399
318	777
318	828
319	323
319	331
319	332
319	351
319	354
319	357
319	364
319	366
319	367
319	368
319	379
319	386
319	395
319	452
320	322
320	331
320	335
320	340
320	341
320	345
320	354
320	368
320	379
320	390
320	391
320	393
320	707
321	321
321	323
321	328
321	329
321	341
321	349
321	354
321	360
321	367
321	372
321	387
321	395
321	636
321	713
321	717
321	965
322	323
322	336
322	337
322	345
322	358
322	360
322	361
322	370
322	376
322	377
322	378
322	383
322	384
322	722
323	335
323	339
323	340
323	341
323	357
323	358
323	373
323	375
323	378
323	391
323	396
324	328
324	333
324	340
324	343
324	344
324	350
324	352
324	371
324	385
324	399
325	332
325	334
325	339
325	348
325	369
325	371
325	373
325	374
325	376
325	381
325	385
325	389
325	391
325	394
325	395
325	396
325	400
325	409
326	331
326	334
326	350
326	370
326	374
326	376
326	383
326	389
326	393
326	398
327	345
327	348
327	353
327	355
327	358
327	360
327	362
327	365
327	377
327	378
327	380
327	381
327	394
327	396
327	398
327	992
328	329
328	336
328	344
328	345
328	346
328	348
328	367
328	368
328	384
328	387
328	389
328	818
328	841
329	331
329	334
329	343
329	351
329	360
329	365
329	372
329	373
329	385
329	386
329	387
329	390
329	393
329	396
329	398
329	827
330	335
330	336
330	354
330	361
330	368
330	376
330	385
330	393
330	543
330	545
331	332
331	334
331	339
331	353
331	354
331	357
331	361
331	363
331	372
331	383
331	399
332	333
332	338
332	339
332	340
332	346
332	377
332	386
332	391
332	392
332	397
333	334
333	349
333	352
333	357
333	359
333	382
333	384
333	385
333	386
333	387
333	388
333	391
333	393
333	395
333	397
334	336
334	337
334	346
334	349
334	352
334	355
334	357
334	358
334	359
334	362
334	375
334	377
334	380
334	397
334	399
334	461
334	772
334	864
334	904
335	344
335	348
335	351
335	357
335	362
335	373
335	389
335	413
335	492
335	695
336	339
336	340
336	341
336	356
336	365
336	366
336	370
336	371
336	381
336	390
336	392
337	340
337	350
337	366
337	368
337	385
337	395
337	899
338	347
338	352
338	356
338	357
338	360
338	362
338	379
338	384
338	389
338	395
339	343
339	345
339	353
339	357
339	364
339	369
339	374
339	378
339	383
339	424
339	553
340	341
340	349
340	353
340	358
340	361
340	363
340	372
340	375
340	379
340	390
340	391
340	558
340	658
341	342
341	343
341	348
341	355
341	370
341	378
341	391
341	394
341	671
342	343
342	348
342	355
342	358
342	366
342	375
342	379
342	386
342	388
342	396
343	345
343	350
343	356
343	358
343	371
343	373
343	381
343	397
343	821
344	348
344	358
344	364
344	367
344	380
344	390
344	398
345	361
345	362
345	364
345	366
345	367
345	373
345	374
345	383
345	385
345	394
345	396
346	347
346	350
346	352
346	353
346	378
346	379
346	382
346	384
346	385
346	395
346	899
347	350
347	357
347	369
347	375
347	383
347	394
347	622
348	358
348	363
348	364
348	382
348	383
348	384
348	385
348	386
348	387
348	600
348	796
348	852
349	362
349	374
349	384
349	385
349	920
350	353
350	359
350	362
350	375
350	378
350	393
350	772
350	913
351	357
351	364
351	365
351	384
351	385
351	387
351	389
351	394
351	396
351	397
351	501
351	544
352	363
352	382
352	383
352	388
352	390
352	398
353	358
353	368
353	370
353	378
353	387
353	395
353	396
353	398
353	989
354	354
354	356
354	367
354	370
354	377
354	393
354	397
355	358
355	363
355	385
355	387
355	541
355	842
356	358
356	369
356	370
356	375
356	382
356	385
356	394
356	556
357	357
357	361
357	366
357	369
357	378
357	392
357	393
357	397
357	798
357	866
358	359
358	361
358	371
358	374
358	385
358	391
358	398
358	895
358	975
359	374
359	378
359	394
359	396
360	380
360	387
360	395
360	518
360	802
361	362
361	367
361	368
361	374
361	377
361	379
361	386
361	387
361	397
362	378
362	381
362	885
363	373
363	378
363	381
363	385
363	393
363	395
363	396
363	399
363	719
364	371
364	372
364	375
364	377
364	386
364	390
364	391
364	398
364	399
364	408
364	622
365	370
365	375
365	377
365	383
365	384
365	392
365	604
365	838
366	374
366	393
366	395
366	518
366	695
367	374
367	381
367	382
367	387
367	393
367	399
367	538
368	372
368	373
368	378
368	379
368	380
368	389
368	436
368	650
368	765
368	979
368	984
369	370
369	378
369	395
369	396
369	397
369	430
370	376
370	379
370	385
370	386
370	394
370	957
371	372
371	376
371	383
371	386
371	651
371	849
371	917
372	381
372	392
372	396
372	399
373	374
373	389
373	390
373	395
374	375
374	386
374	391
374	392
374	399
374	581
374	876
375	377
375	384
375	387
375	388
375	398
375	890
376	382
376	384
376	385
376	391
376	878
377	380
377	384
377	386
377	387
377	394
377	979
378	384
378	385
378	390
378	395
378	428
378	634
378	708
379	383
380	385
380	386
380	395
380	397
380	626
381	386
381	391
381	555
382	383
382	387
382	398
382	744
382	909
383	385
383	391
383	392
383	394
383	484
383	487
383	542
383	883
384	473
384	891
385	394
385	396
385	906
386	399
386	571
387	392
387	396
387	398
388	394
388	397
388	398
388	945
389	397
389	399
389	613
389	772
390	655
390	986
391	397
391	755
391	887
392	621
392	924
393	394
393	396
393	842
394	398
395	396
395	397
395	398
395	399
395	476
396	509
396	695
397	858
398	711
398	820
399	478
400	402
400	412
400	418
400	422
400	426
400	427
400	448
400	458
400	463
400	474
400	476
400	478
400	483
400	496
400	497
400	971
401	404
401	405
401	412
401	418
401	421
401	422
401	425
401	428
401	438
401	442
401	446
401	463
401	468
401	480
401	481
401	485
401	492
401	493
401	496
401	497
402	405
402	406
402	408
402	409
402	414
402	423
402	426
402	432
402	435
402	441
402	446
402	452
402	464
402	477
402	488
402	491
402	492
402	498
402	499
402	994
403	411
403	412
403	413
403	415
403	416
403	423
403	424
403	435
403	437
403	442
403	446
403	466
403	472
403	478
403	482
403	493
403	494
403	496
404	406
404	413
404	415
404	417
404	420
404	428
404	435
404	441
404	448
404	451
404	456
404	458
404	460
404	468
404	476
404	489
404	490
404	496
404	627
404	909
405	414
405	427
405	432
405	439
405	440
405	443
405	445
405	446
405	455
405	461
405	462
405	463
405	465
405	469
405	496
406	407
406	412
406	421
406	422
406	428
406	431
406	435
406	442
406	444
406	446
406	449
406	451
406	474
406	476
406	487
406	498
406	814
407	422
407	434
407	437
407	439
407	441
407	450
407	452
407	458
407	464
407	474
407	477
407	497
408	410
408	413
408	420
408	426
408	437
408	440
408	442
408	444
408	445
408	448
408	449
408	450
408	467
408	474
408	480
408	486
408	489
408	541
408	936
409	412
409	425
409	428
409	429
409	432
409	453
409	459
409	461
409	463
409	464
409	470
409	472
409	478
409	480
409	481
409	490
409	626
409	866
410	410
410	431
410	435
410	443
410	447
410	450
410	453
410	456
410	471
410	473
410	474
410	480
410	488
410	494
410	495
410	497
410	891
411	412
411	417
411	422
411	433
411	434
411	443
411	448
411	458
411	466
411	471
411	481
411	487
411	494
411	496
411	881
412	413
412	422
412	428
412	435
412	437
412	438
412	439
412	441
412	443
412	447
412	452
412	455
412	456
412	462
412	465
412	467
412	470
412	471
412	485
412	488
412	489
412	496
412	499
413	420
413	422
413	430
413	431
413	433
413	453
413	471
413	472
413	475
413	478
413	482
413	488
413	492
413	838
414	430
414	435
414	438
414	440
414	451
414	454
414	456
414	461
414	471
414	477
414	499
414	942
415	420
415	429
415	430
415	435
415	436
415	446
415	459
415	460
415	461
415	473
415	481
416	422
416	427
416	428
416	433
416	439
416	446
416	450
416	461
416	462
416	492
416	497
416	498
416	599
417	429
417	442
417	448
417	479
417	489
417	498
418	421
418	427
418	443
418	455
418	457
418	479
418	483
418	493
418	863
418	977
419	421
419	424
419	430
419	433
419	435
419	436
419	442
419	443
419	460
419	461
419	468
419	474
419	482
419	485
419	490
420	425
420	426
420	433
420	438
420	441
420	452
420	455
420	463
420	468
420	472
420	479
420	481
420	488
420	492
420	495
420	979
421	425
421	428
421	431
421	432
421	435
421	440
421	442
421	443
421	448
421	464
421	465
421	466
421	468
421	475
421	492
421	495
421	691
422	428
422	432
422	446
422	450
422	455
422	456
422	458
422	466
422	468
422	478
422	485
422	486
422	487
422	600
422	736
422	911
423	423
423	424
423	425
423	429
423	431
423	438
423	455
423	458
423	467
423	492
423	495
423	497
423	569
423	869
424	427
424	436
424	440
424	444
424	447
424	461
424	465
424	475
424	479
424	482
424	490
424	494
424	496
424	497
424	573
424	750
425	427
425	430
425	450
425	451
425	457
425	459
425	469
425	473
425	475
425	486
425	489
425	494
425	497
425	748
426	435
426	442
426	461
426	466
426	470
426	471
426	474
426	477
426	482
427	430
427	436
427	451
427	455
427	466
427	469
427	471
427	489
427	492
427	494
427	777
427	852
428	432
428	444
428	447
428	449
428	450
428	455
428	457
428	458
428	459
428	463
428	469
428	471
428	476
428	482
428	484
428	491
428	972
429	434
429	437
429	441
429	452
429	457
429	458
429	459
429	467
429	469
429	472
429	478
429	491
429	493
429	629
430	431
430	437
430	440
430	441
430	449
430	452
430	459
430	931
431	445
431	446
431	456
431	479
431	488
431	491
431	493
431	496
431	499
432	453
432	456
432	465
432	470
432	484
432	949
433	436
433	450
433	451
433	459
433	478
433	486
433	489
433	497
433	653
433	949
434	438
434	442
434	444
434	446
434	452
434	454
434	456
434	463
434	466
434	470
434	484
434	495
434	497
434	692
434	884
434	966
435	441
435	442
435	448
435	451
435	455
435	462
435	485
436	439
436	442
436	461
436	473
436	475
436	477
436	481
436	483
436	490
436	491
436	493
437	448
437	454
437	464
437	469
437	476
437	477
437	481
437	488
437	489
437	490
438	440
438	449
438	453
438	454
438	458
438	467
438	474
438	479
438	490
438	491
438	498
439	439
439	452
439	455
439	456
439	459
439	467
439	469
439	477
439	498
439	759
439	834
439	854
440	448
440	453
440	454
440	472
440	478
440	488
440	490
440	498
441	446
441	454
441	456
441	458
441	476
441	477
442	449
442	451
442	460
442	465
442	466
442	476
442	480
443	447
443	459
443	464
443	479
443	482
443	483
443	495
443	498
443	499
443	738
444	445
444	446
444	449
444	451
444	458
444	465
444	471
444	482
444	494
444	656
444	977
445	447
445	456
445	458
445	460
445	474
445	475
445	484
445	486
445	496
445	549
446	447
446	456
446	462
446	470
446	472
446	474
446	478
446	485
446	492
446	564
447	452
447	456
447	459
447	463
447	467
447	470
447	471
447	475
447	481
447	487
447	496
447	499
447	688
447	926
448	468
448	470
448	472
448	474
448	479
448	490
448	888
449	466
449	469
449	473
449	479
449	483
449	486
449	487
449	499
449	762
449	813
450	452
450	453
450	464
450	470
450	483
450	485
450	495
450	496
451	456
451	466
451	479
451	481
451	488
451	489
451	491
451	498
452	453
452	458
452	463
452	475
452	482
452	483
452	488
452	492
452	494
452	495
452	518
452	876
453	458
453	460
453	462
453	469
453	475
453	476
453	481
453	491
453	492
453	499
453	612
454	460
454	477
454	490
454	499
454	628
455	458
455	459
455	463
455	468
455	479
455	481
455	483
455	492
455	497
455	934
456	456
456	458
456	460
456	463
456	469
456	482
456	493
456	983
457	466
457	472
457	474
457	477
457	481
457	494
457	497
458	467
458	472
458	498
458	795
459	472
459	482
459	483
459	491
459	497
460	462
460	466
460	468
460	469
460	486
460	487
461	466
461	480
461	482
461	485
462	464
462	476
462	478
462	485
462	499
462	699
463	465
463	468
463	472
463	479
463	487
463	923
464	465
464	474
464	491
464	495
464	496
464	894
465	472
465	476
465	481
465	483
465	497
465	555
465	733
466	479
466	480
466	483
466	492
466	496
466	509
467	468
467	469
467	474
467	475
467	476
467	483
467	488
467	495
467	647
467	806
468	470
468	471
468	473
468	487
468	497
468	689
469	470
469	482
469	484
469	833
470	473
470	477
470	480
470	481
470	486
470	499
470	713
470	819
471	483
471	484
471	486
471	488
471	496
472	479
472	480
472	481
472	493
472	495
472	497
473	474
473	479
473	494
473	667
473	773
473	958
474	482
474	487
474	490
474	493
474	599
474	890
475	482
475	483
475	484
475	488
475	494
475	496
476	476
476	485
476	497
476	499
477	490
477	494
477	495
477	527
477	664
478	491
478	492
478	494
479	479
479	482
479	494
479	497
479	499
480	484
480	489
480	496
480	497
480	726
480	896
481	484
481	488
481	490
481	498
481	581
482	487
482	491
482	496
482	498
482	598
482	725
482	930
483	487
483	493
483	494
483	495
483	558
484	485
484	493
484	497
484	498
484	904
485	490
486	488
486	497
486	498
486	610
486	724
486	941
488	492
488	496
488	497
488	672
489	492
489	495
489	496
489	498
490	933
491	494
491	498
493	494
494	496
494	497
494	499
494	687
495	498
495	612
496	499
496	592
496	642
497	498
497	571
498	571
499	694
500	505
500	518
500	521
500	531
500	535
500	546
500	551
500	557
500	561
500	569
500	572
500	574
500	578
500	585
500	588
500	925
501	507
501	519
501	522
501	535
501	536
501	541
501	549
501	559
501	561
501	562
501	572
501	581
501	596
501	927
502	509
502	512
502	520
502	537
502	540
502	546
502	551
502	559
502	567
502	575
502	584
502	591
503	506
503	507
503	516
503	518
503	519
503	533
503	537
503	538
503	548
503	550
503	559
503	565
503	566
503	568
503	574
503	583
503	590
503	596
503	754
503	789
504	506
504	515
504	519
504	522
504	530
504	540
504	545
504	550
504	555
504	556
504	564
504	565
504	578
504	579
504	590
505	514
505	520
505	527
505	530
505	533
505	538
505	539
505	549
505	551
505	557
505	577
505	578
505	585
505	589
505	597
505	598
505	897
506	506
506	511
506	514
506	516
506	517
506	524
506	526
506	532
506	534
506	537
506	548
506	550
506	552
506	559
506	564
506	565
506	566
506	567
506	579
506	580
506	585
506	587
506	590
506	596
507	526
507	527
507	532
507	535
507	550
507	552
507	555
507	556
507	579
507	585
507	589
507	592
507	599
507	619
508	510
508	514
508	518
508	525
508	526
508	527
508	530
508	535
508	540
508	541
508	542
508	555
508	574
508	576
508	578
508	586
508	590
508	593
508	596
508	598
508	822
509	512
509	517
509	518
509	522
509	530
509	534
509	537
509	560
509	572
509	579
509	581
509	969
510	514
510	521
510	522
510	539
510	540
510	555
510	556
510	562
510	565
510	570
510	573
510	574
510	576
510	579
510	581
510	582
511	516
511	522
511	526
511	531
511	532
511	544
511	554
511	556
511	557
511	558
511	565
511	575
511	576
511	585
511	590
511	633
512	516
512	521
512	525
512	526
512	532
512	538
512	540
512	546
512	556
512	563
512	579
512	581
512	596
513	518
513	519
513	527
513	528
513	530
513	541
513	542
513	548
513	564
513	566
513	567
513	572
513	575
513	579
513	580
513	583
513	585
513	586
513	595
513	598
514	518
514	519
514	520
514	521
514	526
514	539
514	552
514	560
514	563
514	570
514	591
514	598
514	599
515	519
515	520
515	523
515	525
515	537
515	539
515	551
515	552
515	553
515	557
515	566
515	571
515	576
515	582
515	590
515	597
515	598
515	752
516	516
516	531
516	542
516	543
516	550
516	575
516	576
516	594
516	599
516	834
517	532
517	542
517	548
517	558
517	578
517	579
517	582
518	526
518	528
518	542
518	544
518	545
518	546
518	566
518	567
518	570
518	574
518	592
518	596
518	598
518	697
519	524
519	547
519	548
519	549
519	550
519	555
519	569
519	571
519	577
519	579
519	581
519	586
519	591
519	599
520	520
520	532
520	533
520	538
520	541
520	544
520	559
520	562
520	568
520	572
520	581
520	582
520	586
520	598
521	522
521	531
521	540
521	545
521	558
521	560
521	569
521	570
521	579
521	585
521	586
521	590
521	593
521	597
522	532
522	535
522	539
522	552
522	560
522	566
522	567
522	570
522	575
522	583
522	588
522	598
522	599
522	927
523	542
523	561
523	565
523	567
523	588
523	675
524	526
524	530
524	539
524	540
524	544
524	547
524	555
524	557
524	560
524	561
524	570
524	571
524	586
524	589
524	590
524	591
524	594
524	684
524	756
525	526
525	539
525	544
525	548
525	550
525	555
525	556
525	565
525	572
525	576
525	578
525	581
525	590
526	533
526	545
526	547
526	553
526	567
526	568
526	569
526	577
526	585
526	588
526	593
526	595
526	597
526	858
527	539
527	540
527	555
527	564
527	570
527	582
527	591
527	595
527	598
527	989
528	528
528	529
528	535
528	539
528	548
528	549
528	557
528	562
528	563
528	564
528	566
528	571
528	575
528	578
528	581
528	588
528	589
528	595
528	598
529	531
529	540
529	542
529	551
529	561
529	562
529	564
529	569
529	571
529	573
529	578
529	579
529	582
529	589
529	591
529	594
529	595
529	685
530	543
530	545
530	551
530	554
530	557
530	565
530	567
530	574
530	579
530	582
530	589
530	593
530	870
531	533
531	537
531	540
531	544
531	546
531	561
531	562
531	568
531	569
531	579
531	580
531	584
531	586
531	589
531	595
531	843
532	554
532	557
532	569
532	570
532	576
532	578
532	579
532	581
532	883
533	535
533	539
533	546
533	552
533	554
533	561
533	570
533	571
533	575
533	581
533	592
533	597
533	980
534	535
534	537
534	544
534	550
534	551
534	565
534	566
534	567
534	572
534	579
534	591
534	592
534	594
534	599
534	604
534	987
535	538
535	546
535	547
535	552
535	556
535	561
535	566
535	573
535	594
535	750
536	537
536	538
536	539
536	541
536	548
536	550
536	560
536	566
536	585
536	599
537	557
537	558
537	561
537	568
537	569
537	570
537	577
537	580
537	596
537	597
538	538
538	543
538	562
538	566
538	572
538	573
538	582
538	586
538	596
539	549
539	565
539	573
539	583
539	589
539	591
539	592
539	596
539	927
539	956
540	550
540	557
540	561
540	567
540	574
540	577
540	578
540	579
540	583
540	590
540	882
541	544
541	549
541	559
541	569
541	574
541	582
541	586
541	590
541	594
542	543
542	544
542	547
542	551
542	552
542	564
542	569
542	570
542	571
542	576
542	591
543	568
543	578
543	579
543	583
543	597
543	725
544	547
544	548
544	549
544	560
544	579
544	588
544	671
545	547
545	552
545	561
545	566
545	569
545	572
545	578
545	579
545	586
545	588
545	590
545	596
545	597
545	635
546	547
546	548
546	554
546	569
546	571
546	572
546	577
546	579
546	580
546	585
546	594
546	596
546	644
546	839
547	550
547	551
547	558
547	559
547	561
547	574
547	575
547	579
547	580
547	585
547	592
547	595
547	735
547	994
547	999
548	559
548	562
548	579
548	581
548	585
548	588
548	591
548	592
548	598
549	553
549	561
549	569
549	575
549	579
549	580
549	581
549	582
549	583
549	584
549	587
549	592
549	595
549	599
549	821
550	550
550	561
550	563
550	567
550	575
550	578
550	580
550	592
550	595
550	941
551	553
551	560
551	562
551	563
551	568
551	570
551	571
551	574
551	578
551	579
551	581
551	585
551	586
551	588
551	594
551	622
552	553
552	556
552	557
552	562
552	564
552	565
552	573
552	575
552	579
552	581
552	590
552	594
552	598
553	576
553	578
553	585
553	589
553	894
554	555
554	556
554	560
554	564
554	574
554	579
555	563
555	566
555	576
555	578
555	587
555	588
555	591
556	577
556	591
556	594
556	599
556	783
557	561
557	564
557	573
557	583
557	586
557	588
557	593
558	561
558	563
558	568
558	603
559	573
559	574
559	577
559	579
559	580
559	581
559	584
559	586
559	588
559	599
560	562
560	573
560	581
560	593
560	781
561	563
561	572
561	576
561	580
561	582
561	592
561	694
561	945
562	573
562	575
562	576
562	579
562	591
562	711
563	569
563	570
563	572
563	573
563	577
563	584
563	587
563	591
563	592
563	740
564	565
564	570
564	571
564	572
564	574
564	590
564	591
564	592
565	571
565	576
565	577
565	584
565	586
565	587
565	594
565	597
565	681
566	571
566	581
566	591
566	599
566	842
567	575
567	580
567	590
568	571
568	575
568	576
568	583
568	586
568	589
568	590
569	582
569	586
569	587
569	596
569	660
569	791
570	572
570	579
570	580
570	585
570	591
570	599
570	769
570	930
571	571
571	574
571	577
571	580
571	581
571	587
571	593
571	596
572	577
572	584
572	593
572	594
572	596
572	689
573	574
573	585
573	589
573	703
574	575
574	579
574	586
574	587
574	589
574	796
574	849
575	576
575	577
575	585
575	589
575	590
575	595
575	597
576	585
576	589
576	592
576	597
576	598
577	580
577	583
577	886
578	582
578	583
578	585
578	588
578	591
578	854
579	580
579	592
579	593
579	599
579	682
579	719
579	763
579	799
580	585
581	588
581	590
581	596
581	598
581	858
582	591
583	595
583	598
583	742
583	906
584	591
584	593
584	595
584	597
585	590
585	592
585	593
585	596
585	712
585	930
586	596
586	667
588	769
588	858
588	977
589	592
590	599
591	593
591	595
591	599
591	716
592	592
592	594
594	597
594	645
594	816
596	848
599	677
600	602
600	606
600	608
600	630
600	632
600	635
600	636
600	641
600	651
600	654
600	657
600	660
600	671
600	678
600	684
600	696
601	611
601	619
601	624
601	633
601	641
601	645
601	647
601	666
601	673
601	677
601	687
601	692
601	695
601	698
601	942
602	621
602	626
602	642
602	644
602	648
602	654
602	656
602	659
602	660
602	663
602	665
602	674
602	679
602	682
602	683
602	684
602	685
602	690
602	695
602	961
603	614
603	617
603	619
603	624
603	625
603	633
603	634
603	642
603	648
603	649
603	653
603	662
603	667
603	670
603	692
603	693
603	697
604	613
604	622
604	623
604	626
604	627
604	628
604	634
604	650
604	651
604	657
604	676
604	678
604	682
604	683
604	685
604	693
604	711
605	610
605	615
605	623
605	624
605	627
605	647
605	652
605	666
605	669
605	689
605	692
606	613
606	614
606	616
606	621
606	631
606	640
606	650
606	657
606	658
606	666
606	667
606	672
606	680
606	687
606	689
607	642
607	653
607	654
607	666
607	667
607	695
607	839
608	615
608	619
608	621
608	624
608	631
608	632
608	638
608	651
608	660
608	668
608	671
608	673
608	681
608	699
608	790
608	934
609	610
609	615
609	626
609	627
609	628
609	629
609	639
609	641
609	643
609	655
609	656
609	660
609	661
609	673
609	682
609	684
609	716
610	610
610	625
610	626
610	630
610	634
610	649
610	658
610	661
610	665
610	673
610	675
610	678
610	680
610	687
610	692
610	693
610	694
610	697
610	698
611	613
611	620
611	627
611	630
611	631
611	639
611	640
611	649
611	650
611	651
611	654
611	655
611	671
611	673
611	675
611	691
611	692
611	834
612	613
612	618
612	628
612	631
612	636
612	642
612	645
612	655
612	657
612	659
612	673
612	674
612	678
612	694
612	696
613	616
613	619
613	621
613	626
613	627
613	628
613	629
613	630
613	631
613	641
613	652
613	655
613	661
613	667
613	680
613	683
613	690
614	619
614	628
614	634
614	639
614	640
614	643
614	652
614	670
614	683
614	686
614	690
614	692
614	699
614	744
615	616
615	630
615	637
615	648
615	656
615	657
615	659
615	666
615	668
615	682
615	688
615	690
615	803
616	617
616	619
616	625
616	633
616	640
616	642
616	646
616	657
616	659
616	663
616	665
616	667
616	670
616	673
616	678
616	680
616	690
616	694
617	619
617	630
617	632
617	633
617	635
617	639
617	648
617	650
617	651
617	655
617	656
617	665
617	676
617	680
617	691
617	697
617	947
618	621
618	627
618	630
618	632
618	641
618	643
618	656
618	659
618	660
618	664
618	669
618	676
618	679
618	681
618	685
618	688
618	690
618	692
618	697
619	621
619	628
619	630
619	635
619	638
619	639
619	643
619	645
619	646
619	647
619	658
619	662
619	666
619	673
619	676
619	677
619	682
619	688
619	846
620	621
620	623
620	628
620	630
620	631
620	637
620	642
620	646
620	650
620	666
620	673
620	674
620	678
620	679
620	697
620	699
620	936
621	621
621	622
621	623
621	627
621	640
621	642
621	649
621	660
621	667
621	668
621	678
621	687
621	707
621	850
622	623
622	626
622	631
622	643
622	645
622	649
622	654
622	659
622	661
622	665
622	667
622	668
622	681
622	690
622	693
622	695
622	696
622	764
623	627
623	634
623	639
623	646
623	654
623	657
623	660
623	664
623	667
623	678
623	684
623	698
623	699
624	641
624	644
624	650
624	654
624	655
624	657
624	658
624	664
624	665
624	674
624	676
624	687
624	691
624	692
624	695
625	631
625	644
625	656
625	673
625	680
625	685
625	690
625	694
625	695
626	627
626	628
626	629
626	640
626	641
626	660
626	662
626	669
626	671
626	686
626	687
626	691
627	627
627	631
627	641
627	644
627	653
627	656
627	668
627	676
627	678
627	685
627	688
627	690
627	694
627	696
627	699
627	711
628	630
628	634
628	653
628	654
628	661
628	677
628	680
628	684
628	692
628	696
628	980
629	631
629	644
629	649
629	658
629	671
629	692
629	989
630	636
630	637
630	654
630	660
630	665
630	681
630	683
630	689
630	694
630	696
630	698
631	635
631	641
631	653
631	656
631	657
631	668
631	675
631	680
631	689
631	690
631	691
631	696
631	697
631	831
632	633
632	639
632	657
632	658
632	662
632	666
632	670
632	677
632	691
632	695
633	641
633	646
633	647
633	648
633	654
633	666
633	667
633	674
633	679
633	682
633	687
634	640
634	641
634	644
634	647
634	648
634	666
634	667
634	677
634	679
634	681
634	683
635	637
635	638
635	645
635	669
635	680
635	694
636	637
636	644
636	646
636	664
636	666
636	668
636	680
636	681
636	684
636	691
636	694
636	827
637	644
637	650
637	651
637	668
637	672
637	684
637	688
638	653
638	656
638	658
638	659
638	669
638	674
638	677
638	679
638	682
638	685
638	697
639	648
639	658
639	660
639	665
639	668
639	669
639	672
639	677
639	686
639	691
640	644
640	652
640	659
640	662
640	670
640	674
640	675
640	686
640	695
640	697
640	699
641	641
641	646
641	657
641	668
641	671
641	673
641	684
641	689
641	691
641	697
641	699
642	642
642	650
642	655
642	660
642	661
642	663
642	666
642	677
642	685
642	686
642	692
642	698
643	649
643	668
643	675
643	681
643	685
643	689
643	699
643	709
644	650
644	690
644	694
644	890
645	652
645	654
645	660
645	663
645	670
645	675
645	691
645	698
645	699
646	647
646	652
646	653
646	660
646	668
646	670
646	677
647	650
647	654
647	668
647	681
647	695
648	655
648	658
648	674
648	679
648	686
648	695
648	758
649	653
649	661
649	663
649	672
649	673
649	674
649	680
649	683
649	697
649	910
650	657
650	660
650	674
650	681
650	695
650	697
651	655
651	667
651	669
651	671
651	678
651	683
651	688
652	655
652	658
652	664
652	665
652	666
652	671
652	678
652	683
652	684
652	686
652	691
652	694
653	655
653	666
653	668
653	680
653	698
653	699
653	782
653	895
654	658
654	666
654	673
654	678
654	679
654	683
654	689
654	696
654	697
655	666
655	669
655	678
655	679
655	683
655	684
655	685
655	688
655	691
655	694
655	698
656	658
656	660
656	667
656	668
656	669
656	671
656	678
656	681
656	685
656	695
656	775
656	816
657	662
657	675
657	678
657	679
657	681
657	690
657	691
657	698
657	707
658	659
658	666
658	669
658	672
658	681
658	990
659	660
659	672
659	676
659	677
659	678
659	684
659	693
659	694
659	695
659	696
660	663
660	670
660	678
660	680
660	684
660	698
660	699
660	909
661	663
661	667
661	669
661	672
661	679
661	689
661	697
661	991
662	671
662	678
662	679
662	684
662	692
662	696
662	949
663	664
663	674
663	683
663	685
663	686
663	689
663	694
663	695
663	717
663	956
664	678
664	687
664	693
664	694
665	667
665	671
665	674
665	694
665	696
665	698
665	864
666	668
666	669
666	672
666	674
666	685
666	686
666	708
666	711
666	926
667	676
667	692
668	675
668	680
668	683
668	685
668	689
668	912
669	690
669	699
670	671
670	686
671	675
671	681
671	682
671	688
671	692
671	693
671	742
671	757
672	675
672	680
672	687
672	694
672	722
672	806
672	945
673	676
673	685
674	678
674	679
674	696
674	697
674	893
675	782
676	683
676	684
676	688
676	689
676	692
676	693
676	694
677	678
677	679
677	690
677	692
677	698
677	742
677	789
677	936
678	685
678	687
678	690
678	696
678	698
679	682
680	683
680	684
680	688
680	691
680	825
681	684
681	691
681	699
682	691
683	685
683	686
683	692
684	690
684	691
685	695
686	959
687	693
688	697
688	699
688	879
689	690
689	691
690	694
691	732
692	695
692	972
694	742
695	696
697	755
698	699
698	892
700	700
700	702
700	703
700	704
700	715
700	730
700	731
700	735
700	736
700	744
700	745
700	751
700	755
700	758
700	760
700	767
700	771
700	775
700	782
700	785
701	705
701	737
701	744
701	753
701	757
701	761
701	779
701	791
701	792
702	704
702	705
702	721
702	723
702	729
702	734
702	740
702	753
702	762
702	766
702	767
702	771
702	776
702	782
702	788
703	707
703	709
703	717
703	728
703	741
703	743
703	749
703	750
703	752
703	754
703	759
703	762
703	765
703	766
703	767
703	772
703	775
703	777
703	784
703	790
703	794
703	968
704	714
704	715
704	721
704	731
704	737
704	742
704	756
704	766
704	767
704	770
704	776
704	785
705	706
705	723
705	729
705	745
705	752
705	754
705	758
705	778
705	790
705	796
705	797
705	885
705	911
706	713
706	716
706	721
706	724
706	726
706	730
706	738
706	740
706	747
706	750
706	767
706	771
706	777
706	781
706	784
706	787
706	789
706	792
706	793
706	797
706	917
707	708
707	714
707	720
707	731
707	733
707	739
707	747
707	748
707	753
707	774
707	775
707	783
707	786
708	709
708	710
708	714
708	722
708	724
708	747
708	763
708	769
708	771
708	777
709	714
709	715
709	719
709	723
709	725
709	741
709	755
709	782
709	788
709	798
709	842
710	716
710	724
710	731
710	733
710	748
710	752
710	753
710	756
710	761
710	762
710	764
710	766
710	769
710	775
710	781
710	785
710	793
710	794
711	713
711	718
711	719
711	737
711	738
711	743
711	748
711	750
711	751
711	752
711	761
711	775
711	784
711	790
711	793
712	716
712	722
712	723
712	725
712	728
712	736
712	741
712	744
712	747
712	752
712	754
712	759
712	765
712	770
712	773
712	775
712	791
712	912
712	963
713	741
713	753
713	757
713	758
713	759
713	764
713	766
713	783
713	789
713	790
713	797
714	717
714	731
714	736
714	743
714	746
714	747
714	758
714	786
714	789
714	793
714	794
715	716
715	717
715	722
715	725
715	732
715	740
715	751
715	757
715	770
715	774
715	779
715	784
715	799
715	874
715	895
716	716
716	718
716	732
716	741
716	746
716	748
716	758
716	759
716	765
716	766
716	770
716	784
717	718
717	719
717	720
717	721
717	734
717	743
717	745
717	748
717	767
717	768
717	780
717	782
717	789
717	881
718	718
718	725
718	730
718	746
718	750
718	762
718	771
718	778
718	788
718	791
718	798
719	728
719	731
719	739
719	747
719	760
719	761
719	765
719	770
719	786
719	790
719	791
719	793
719	945
720	724
720	730
720	732
720	735
720	742
720	748
720	750
720	761
720	770
720	777
720	779
720	780
720	784
720	786
720	793
720	795
720	796
721	722
721	723
721	724
721	726
721	729
721	731
721	745
721	749
721	760
721	761
721	762
721	767
721	774
721	776
721	779
721	782
721	788
721	790
721	794
721	796
722	723
722	729
722	734
722	740
722	744
722	760
722	767
722	776
722	777
722	779
722	782
722	785
723	728
723	746
723	749
723	760
723	761
723	765
723	770
723	771
723	775
723	783
723	787
723	788
723	796
724	727
724	729
724	740
724	744
724	749
724	760
724	761
724	766
724	778
724	788
724	794
724	795
725	728
725	757
725	763
725	769
725	772
725	778
725	780
725	787
725	793
725	794
725	800
726	730
726	742
726	748
726	756
726	762
726	766
726	773
726	781
726	784
726	786
726	788
726	795
726	798
727	734
727	737
727	738
727	746
727	762
727	780
727	781
727	789
727	790
727	794
727	798
727	799
728	729
728	733
728	734
728	736
728	738
728	746
728	751
728	753
728	764
728	765
728	766
728	782
728	783
728	784
728	788
728	789
728	793
729	736
729	742
729	753
729	763
729	767
729	772
729	773
729	775
729	778
729	779
729	795
729	798
730	731
730	736
730	745
730	747
730	750
730	756
730	761
730	770
730	781
730	782
730	799
730	932
731	737
731	744
731	748
731	760
731	762
731	765
731	774
731	777
731	778
731	796
731	798
731	939
732	741
732	747
732	753
732	755
732	756
732	762
732	763
732	772
732	773
732	775
732	789
733	734
733	735
733	747
733	751
733	764
733	776
733	783
733	785
733	793
733	795
733	799
733	890
734	738
734	744
734	747
734	748
734	752
734	757
734	758
734	769
734	775
734	776
734	778
734	784
734	787
735	741
735	757
735	760
735	761
735	772
735	773
735	778
735	779
735	781
735	787
735	792
735	793
735	794
736	737
736	740
736	752
736	756
736	760
736	765
736	775
736	780
736	782
736	787
736	791
736	797
736	866
737	742
737	751
737	755
737	764
737	765
737	767
737	773
737	776
737	777
737	781
737	787
737	797
738	738
738	739
738	743
738	747
738	755
738	757
738	764
738	771
738	774
738	787
738	788
738	789
738	790
738	792
738	799
739	745
739	748
739	749
739	763
739	765
739	767
739	784
739	794
739	797
740	742
740	759
740	764
740	768
740	774
740	789
740	794
740	799
740	996
741	743
741	746
741	747
741	753
741	761
741	773
741	779
741	783
741	793
741	796
741	798
742	748
742	757
742	759
742	763
742	769
742	770
742	778
742	783
742	787
742	792
742	799
742	827
743	744
743	754
743	756
743	763
743	764
743	766
743	768
743	769
743	770
743	774
743	796
744	746
744	760
744	771
744	781
744	788
744	795
744	796
745	755
745	761
745	763
745	772
745	773
745	774
745	776
745	799
746	749
746	756
746	764
746	765
746	776
746	778
746	781
746	784
746	791
746	792
747	751
747	770
747	775
747	784
747	787
747	788
747	796
747	798
748	752
748	758
748	760
748	764
748	766
748	768
748	770
748	779
748	782
748	794
748	797
749	752
749	759
749	763
749	764
749	769
749	772
749	787
750	759
750	775
750	779
750	849
750	854
751	751
751	753
751	755
751	756
751	762
751	766
751	780
751	783
751	788
752	760
752	762
752	772
752	775
752	782
752	783
752	790
752	795
752	798
753	758
753	759
753	770
753	775
753	785
753	789
753	797
754	757
754	759
754	761
754	767
754	770
754	776
754	784
754	786
754	789
754	795
754	799
755	755
755	756
755	757
755	764
755	767
755	772
755	773
755	774
755	777
755	779
755	786
755	787
755	796
755	798
756	759
756	764
756	770
756	777
756	784
756	789
756	799
757	771
757	780
757	792
758	758
758	765
758	770
758	776
758	778
758	787
758	788
758	797
759	761
759	762
759	763
759	777
759	796
759	910
760	763
760	764
760	767
760	771
760	777
760	780
760	789
760	790
760	792
760	794
760	999
761	762
761	765
761	771
761	780
761	782
761	788
761	790
761	872
761	950
762	773
762	776
762	778
762	786
762	788
762	789
762	797
762	806
763	770
763	772
763	781
763	785
763	797
763	884
764	790
764	795
765	781
765	786
765	788
765	798
766	776
766	778
766	793
766	794
766	795
766	868
767	767
767	779
767	787
767	791
767	792
767	846
767	903
768	774
768	780
768	783
768	790
768	791
768	792
768	793
769	776
769	777
769	784
769	793
769	823
769	904
770	772
770	779
770	781
770	786
770	795
770	799
771	799
772	775
772	778
772	788
773	792
773	951
774	780
774	782
774	789
774	791
774	798
774	858
775	780
775	783
775	784
775	787
775	789
775	793
775	798
775	858
776	778
776	782
776	795
777	786
777	788
777	794
777	799
777	964
778	784
778	792
779	790
779	797
780	780
780	785
780	790
780	793
780	797
781	782
781	783
781	790
781	791
781	797
781	882
782	783
782	785
782	789
783	794
783	795
784	786
784	790
785	794
785	898
786	790
786	799
786	884
787	789
787	796
787	903
788	797
789	794
790	890
791	795
791	797
792	835
792	870
794	795
794	799
794	848
795	795
795	796
795	797
796	799
796	988
797	826
800	803
800	810
800	812
800	827
800	828
800	831
800	834
800	836
800	837
800	841
800	843
800	848
800	865
800	866
800	871
800	874
800	877
800	886
800	899
800	906
801	805
801	810
801	820
801	824
801	837
801	842
801	843
801	846
801	850
801	855
801	870
801	874
801	879
801	880
801	884
801	887
801	891
801	897
801	898
802	804
802	818
802	826
802	829
802	833
802	835
802	838
802	845
802	856
802	860
802	868
802	871
802	886
803	805
803	830
803	839
803	859
803	863
803	867
803	869
803	873
803	874
803	881
803	883
803	887
803	891
804	808
804	813
804	822
804	827
804	833
804	838
804	843
804	846
804	848
804	849
804	854
804	858
804	871
804	896
805	811
805	814
805	816
805	822
805	831
805	836
805	860
805	863
805	866
805	871
805	884
805	886
805	896
805	897
806	806
806	813
806	821
806	822
806	824
806	825
806	828
806	829
806	844
806	846
806	849
806	858
806	863
806	874
806	878
806	886
806	888
806	890
807	809
807	815
807	817
807	819
807	833
807	834
807	849
807	853
807	854
807	864
807	868
807	871
807	876
807	881
807	882
807	890
807	891
807	893
807	894
808	814
808	825
808	829
808	831
808	837
808	841
808	846
808	849
808	850
808	853
808	862
808	870
808	871
808	879
808	880
808	885
808	895
808	897
808	898
808	920
809	817
809	822
809	828
809	850
809	854
809	862
809	867
809	873
809	881
809	882
809	883
809	892
809	898
810	811
810	814
810	816
810	818
810	828
810	837
810	847
810	855
810	858
810	867
810	873
810	880
810	884
810	887
810	894
810	905
811	818
811	819
811	820
811	833
811	834
811	847
811	853
811	854
811	871
811	872
812	814
812	827
812	836
812	849
812	860
812	863
812	865
812	866
812	875
812	883
812	893
812	896
812	910
813	819
813	826
813	827
813	835
813	854
813	857
813	859
813	869
813	871
813	872
813	874
813	875
813	876
813	890
813	897
814	824
814	831
814	837
814	840
814	841
814	845
814	864
814	874
814	883
814	887
814	890
814	891
814	893
815	818
815	840
815	853
815	863
815	867
815	870
815	873
815	882
815	883
815	890
815	896
816	817
816	824
816	830
816	832
816	839
816	845
816	849
816	851
816	852
816	861
816	866
816	867
816	873
816	882
817	818
817	842
817	850
817	851
817	865
817	869
817	870
817	886
817	895
817	896
817	898
818	819
818	820
818	823
818	826
818	835
818	839
818	840
818	845
818	851
818	852
818	856
818	858
818	861
818	886
818	894
818	898
819	823
819	829
819	830
819	832
819	838
819	852
819	857
819	864
819	866
819	878
819	884
819	886
819	895
819	899
820	822
820	824
820	832
820	846
820	852
820	859
820	863
820	868
820	878
820	882
820	886
820	889
820	894
821	843
821	847
821	868
821	874
821	877
821	884
821	895
821	898
822	826
822	839
822	849
822	853
822	858
822	861
822	871
822	872
822	882
822	890
822	897
822	898
823	827
823	829
823	836
823	841
823	850
823	851
823	852
823	862
823	868
823	871
823	877
823	881
823	882
823	899
824	830
824	840
824	841
824	848
824	849
824	859
824	861
824	864
824	868
824	877
824	879
824	881
824	892
824	895
824	896
825	831
825	832
825	843
825	851
825	853
825	858
825	859
825	873
825	875
825	894
826	829
826	833
826	834
826	837
826	839
826	842
826	854
826	857
826	862
826	867
826	887
826	893
827	827
827	831
827	832
827	837
827	841
827	842
827	845
827	848
827	862
827	866
827	869
827	873
827	878
827	890
827	892
827	893
827	895
827	991
828	830
828	831
828	834
828	835
828	844
828	848
828	858
828	859
828	862
828	863
828	864
828	869
828	883
828	886
828	888
828	889
828	892
828	894
829	833
829	857
829	860
829	866
829	877
829	893
829	898
830	830
830	852
830	857
830	868
830	880
830	883
830	891
830	894
830	897
831	838
831	845
831	847
831	852
831	856
831	857
831	859
831	883
831	899
832	843
832	857
832	858
832	875
832	882
832	883
832	893
833	848
833	853
833	854
833	863
833	873
833	876
833	879
833	881
833	883
833	890
833	895
833	960
834	836
834	837
834	839
834	842
834	843
834	844
834	845
834	848
834	853
834	854
834	869
834	872
834	892
834	898
835	854
835	867
835	875
835	878
835	882
835	885
835	889
835	890
836	838
836	839
836	845
836	846
836	848
836	856
836	860
836	876
836	882
836	889
836	893
836	894
836	895
836	896
837	838
837	841
837	845
837	849
837	857
837	861
837	865
837	869
837	876
837	880
837	887
838	844
838	846
838	849
838	851
838	855
838	858
838	859
838	868
838	878
838	882
838	897
839	840
839	847
839	850
839	851
839	858
839	866
839	874
839	876
839	880
839	882
839	895
839	896
839	897
839	963
840	856
840	857
840	860
840	866
840	883
840	885
840	888
840	891
841	843
841	847
841	855
841	862
841	871
841	886
841	888
841	893
841	896
841	897
842	844
842	850
842	856
842	865
842	869
842	888
842	889
842	890
842	893
842	912
843	855
843	861
843	862
843	868
843	877
843	882
843	886
843	888
843	890
843	891
843	892
843	893
843	898
844	854
844	855
844	859
844	873
844	880
844	883
844	887
844	888
844	889
845	848
845	854
845	855
845	862
845	871
845	876
845	885
845	887
845	891
845	893
845	913
845	945
846	846
846	854
846	865
846	872
846	873
846	874
846	878
846	897
846	899
846	994
847	857
847	860
847	862
847	863
847	876
847	877
847	883
847	885
847	886
847	887
847	892
847	941
847	955
848	850
848	852
848	863
848	874
848	876
848	880
848	881
848	882
848	884
848	885
848	887
848	888
849	854
849	856
849	857
849	860
849	863
849	893
849	896
849	899
850	857
850	858
850	861
850	874
850	880
850	883
850	885
850	886
850	889
850	891
850	899
851	864
851	867
851	890
851	894
851	895
852	869
852	883
852	884
852	886
852	888
852	890
852	891
853	855
853	860
853	862
853	863
853	866
853	867
853	874
853	879
853	881
853	896
854	860
854	888
854	891
854	894
854	895
854	906
855	861
855	862
855	865
855	869
855	879
855	882
855	887
855	894
855	898
856	861
856	866
856	870
856	878
856	888
856	891
856	893
856	894
857	858
857	862
857	864
857	865
857	880
857	882
857	889
858	859
858	863
858	871
858	874
858	879
858	881
858	883
858	894
858	899
859	862
859	878
859	884
859	895
860	864
860	870
860	877
860	898
861	862
861	868
861	871
861	873
861	874
861	877
861	891
861	974
862	867
862	873
862	874
862	875
862	892
862	893
862	895
862	899
863	864
863	868
863	880
863	889
863	898
863	981
863	984
864	868
864	873
864	874
864	875
864	877
864	888
864	890
864	898
864	899
865	872
865	875
865	877
865	899
866	878
866	889
866	894
866	896
867	879
867	881
867	882
867	884
867	899
868	869
868	875
868	890
868	898
869	873
869	894
869	896
870	871
870	878
870	879
870	881
870	884
870	886
870	892
870	925
870	957
871	873
871	880
871	881
871	896
872	873
872	892
872	893
873	875
873	891
874	877
874	879
875	881
875	884
875	894
875	897
876	881
876	884
876	888
876	889
876	897
876	899
876	984
877	881
877	882
877	888
877	891
878	880
878	885
878	890
878	892
878	897
878	983
879	885
879	888
879	896
880	881
880	889
880	894
880	897
881	893
881	899
882	882
882	885
883	887
883	889
883	894
883	895
883	949
884	897
885	885
886	889
886	897
886	898
887	895
887	899
888	889
888	894
888	898
888	947
889	892
889	893
889	896
891	893
892	892
900	906
900	909
900	910
900	914
900	915
900	919
900	924
900	934
900	940
900	944
900	948
900	958
900	974
900	977
900	995
901	904
901	909
901	922
901	924
901	927
901	933
901	935
901	943
901	947
901	950
901	951
901	954
901	972
901	974
901	981
901	982
901	995
902	922
902	929
902	930
902	932
902	942
902	947
902	954
902	972
902	974
902	978
902	990
902	993
902	994
902	995
902	996
903	906
903	909
903	918
903	929
903	937
903	938
903	942
903	950
903	954
903	955
903	968
903	973
903	974
903	979
903	980
903	982
903	984
903	997
904	914
904	924
904	950
904	953
904	982
904	994
904	997
905	915
905	926
905	932
905	933
905	944
905	946
905	950
905	955
905	968
905	970
905	978
905	983
905	985
905	988
905	998
906	906
906	911
906	915
906	923
906	931
906	934
906	941
906	942
906	951
906	963
906	971
906	973
906	977
906	979
906	998
907	925
907	927
907	932
907	934
907	936
907	940
907	944
907	945
907	953
907	956
907	958
907	959
907	960
907	965
907	974
907	976
907	987
907	988
907	992
907	996
908	911
908	913
908	917
908	920
908	922
908	925
908	931
908	932
908	933
908	942
908	943
908	948
908	952
908	953
908	961
908	963
908	966
908	967
908	975
908	990
908	997
909	914
909	927
909	928
909	930
909	933
909	935
909	936
909	937
909	956
909	960
909	961
909	966
909	968
909	969
909	972
909	979
909	980
909	982
909	984
910	923
910	936
910	955
910	963
910	964
910	971
910	972
910	988
910	993
910	997
911	918
911	924
911	930
911	933
911	938
911	961
911	975
911	994
911	998
912	913
912	915
912	929
912	941
912	958
912	960
912	964
912	966
912	972
912	973
912	982
912	984
912	985
912	986
912	992
912	993
912	996
913	920
913	930
913	943
913	945
913	949
913	955
913	956
913	961
913	967
913	970
913	973
913	974
913	982
913	983
913	995
914	944
914	958
914	962
914	965
914	968
914	973
914	975
914	983
914	986
914	989
914	991
914	993
915	917
915	920
915	923
915	941
915	942
915	958
915	966
915	969
915	981
915	984
915	985
915	996
915	997
915	998
916	930
916	936
916	938
916	945
916	948
916	957
916	964
916	967
916	969
916	974
916	976
916	979
916	982
916	998
917	932
917	933
917	936
917	939
917	940
917	950
917	958
917	961
917	972
917	974
917	975
917	977
917	979
917	982
917	983
917	990
917	993
918	921
918	922
918	924
918	931
918	949
918	957
918	958
918	960
918	983
918	992
919	931
919	934
919	938
919	941
919	945
919	947
919	966
919	967
919	969
919	975
919	987
919	998
920	925
920	931
920	932
920	934
920	936
920	942
920	944
920	955
920	961
920	965
920	966
920	983
920	984
920	995
920	997
921	936
921	938
921	939
921	948
921	954
921	965
921	968
921	971
921	979
921	982
921	984
921	986
921	995
921	998
922	927
922	929
922	931
922	934
922	941
922	944
922	960
922	961
922	970
922	972
922	976
922	981
922	985
922	987
922	998
923	925
923	926
923	928
923	929
923	938
923	948
923	949
923	955
923	960
923	965
923	966
923	980
923	987
923	994
924	925
924	927
924	928
924	938
924	941
924	973
924	987
924	991
924	995
924	997
925	931
925	941
925	949
925	951
925	969
925	979
925	981
925	984
925	992
925	994
926	938
926	944
926	949
926	958
926	959
926	968
926	972
926	976
926	981
927	927
927	943
927	950
927	955
927	956
927	962
927	964
927	965
927	972
927	974
927	977
927	981
927	985
927	992
927	994
928	936
928	937
928	942
928	947
928	954
928	956
928	958
928	967
928	968
928	979
928	980
928	987
928	991
928	993
928	999
929	930
929	931
929	941
929	944
929	945
929	969
929	980
929	981
929	998
930	937
930	943
930	949
930	963
930	980
930	982
930	983
930	991
930	992
930	993
930	994
930	995
930	998
930	999
931	939
931	947
931	949
931	957
931	962
931	967
931	969
931	970
931	974
931	990
931	991
931	993
931	998
932	936
932	970
932	976
932	981
932	982
932	983
932	988
932	994
933	953
933	958
933	970
933	977
933	980
933	982
933	987
933	989
933	993
933	995
934	946
934	948
934	952
934	953
934	954
934	961
934	962
934	963
934	967
934	977
934	979
934	983
934	985
934	987
935	940
935	958
935	969
935	977
935	985
935	986
935	993
935	999
936	943
936	952
936	953
936	960
936	965
936	967
936	974
936	975
936	986
936	991
936	992
936	994
936	999
937	939
937	944
937	952
937	955
937	959
937	969
937	971
937	979
937	980
938	957
938	968
938	970
938	975
938	978
938	986
938	988
938	993
939	944
939	945
939	959
939	960
939	968
939	977
939	989
940	949
940	950
940	955
940	977
940	981
940	983
940	992
940	994
940	999
941	943
941	948
941	950
941	952
941	958
941	966
941	969
941	970
941	973
941	984
941	995
942	949
942	951
942	952
942	954
942	959
942	963
942	972
942	982
942	985
942	992
942	996
942	998
943	965
943	976
943	989
943	990
943	996
943	998
944	946
944	956
944	959
944	977
944	979
944	985
944	993
944	995
944	996
945	946
945	949
945	950
945	955
945	963
945	979
945	988
945	991
945	993
946	947
946	949
946	955
946	961
946	969
946	976
946	993
946	997
947	948
947	950
947	952
947	955
947	956
947	960
947	962
947	966
947	982
947	987
947	990
948	960
948	975
948	988
948	991
948	993
948	995
948	999
949	956
949	960
949	966
949	977
949	979
949	987
950	950
950	963
950	966
950	967
950	969
950	976
950	985
950	987
951	951
951	952
951	960
951	961
951	968
951	982
951	991
951	994
951	995
952	968
952	969
952	974
952	981
952	991
953	960
953	963
953	964
953	968
953	976
953	979
953	988
953	993
954	959
954	964
954	975
955	957
955	959
955	963
955	966
955	968
955	971
955	972
955	976
955	979
955	988
955	991
955	993
956	972
956	976
956	977
956	978
956	982
956	988
957	963
957	964
957	966
957	969
957	983
957	985
957	997
958	959
958	983
958	987
958	988
958	989
958	997
958	998
959	967
959	969
959	982
959	986
959	990
960	974
960	991
960	995
961	972
961	978
961	988
961	991
961	998
962	964
962	967
962	970
962	976
962	985
962	996
962	999
963	966
963	969
963	971
963	976
963	979
963	984
963	988
963	995
963	996
963	998
964	966
964	967
964	970
964	972
964	983
965	972
965	979
965	984
965	995
966	967
966	968
966	980
966	992
967	968
967	971
967	980
967	986
967	996
968	982
968	993
968	996
968	997
969	979
969	986
969	994
969	995
969	997
970	984
970	992
971	973
971	978
971	983
972	974
972	981
972	984
972	988
972	990
972	999
973	980
973	996
974	975
974	983
975	984
975	991
975	993
975	998
976	979
976	980
976	983
976	986
976	998
976	999
977	979
977	984
977	990
977	999
978	983
978	989
978	991
978	992
978	994
979	981
979	983
979	988
979	991
979	992
979	995
980	988
980	994
980	996
981	987
981	991
981	993
981	994
981	995
981	997
982	998
982	999
983	984
983	986
983	993
983	995
984	987
984	997
985	993
985	995
985	998
986	987
987	988
987	989
987	995
987	996
990	996
990	998
991	991
991	994
991	997
991	998
992	993
993	996
993	997
993	999
994	998
994	999
995	997
996	998
998	998
