0	5
0	7
0	12
0	35
0	42
0	63
0	66
0	67
0	89
0	218
0	384
0	401
0	477
0	547
0	554
0	566
0	642
0	716
0	975
1	4
1	7
1	33
1	46
1	80
1	86
1	88
1	174
1	566
1	604
1	664
1	844
1	863
2	8
2	23
2	36
2	37
2	48
2	67
2	80
2	88
2	256
2	350
2	352
2	401
2	446
2	528
2	541
2	591
2	758
2	765
3	13
3	26
3	34
3	47
3	67
3	71
3	74
3	81
3	89
3	117
3	178
3	204
3	468
3	556
3	639
3	789
3	818
4	10
4	12
4	25
4	30
4	60
4	69
4	78
4	92
4	403
4	466
4	601
4	614
4	630
4	760
4	836
4	900
5	10
5	27
5	33
5	35
5	43
5	56
5	60
5	67
5	72
5	87
5	91
5	102
5	221
5	308
5	396
5	402
5	533
5	598
5	692
5	698
5	708
5	909
5	945
6	6
6	41
6	48
6	57
6	59
6	62
6	68
6	71
6	84
6	88
6	98
6	200
6	232
6	333
6	498
6	524
6	550
6	590
6	791
6	801
6	802
6	831
6	960
6	963
7	21
7	26
7	33
7	37
7	44
7	50
7	53
7	54
7	60
7	76
7	84
7	87
7	89
7	93
7	99
7	124
7	195
7	234
7	256
7	279
7	297
7	456
7	577
7	652
7	662
7	973
8	14
8	20
8	51
8	57
8	67
8	82
8	89
8	98
8	99
8	389
8	885
8	905
9	18
9	33
9	35
9	37
9	43
9	54
9	76
9	86
9	167
9	178
9	231
9	233
9	280
9	293
9	387
9	584
9	804
9	825
10	19
10	28
10	29
10	47
10	58
10	105
10	204
10	248
10	377
10	417
10	589
10	725
10	799
10	974
10	982
10	998
11	12
11	20
11	27
11	46
11	50
11	57
11	61
11	68
11	96
11	98
11	225
11	256
11	544
11	598
11	606
11	739
11	933
11	954
12	14
12	40
12	51
12	54
12	63
12	66
12	68
12	69
12	72
12	74
12	84
12	92
12	95
12	158
12	171
12	215
12	299
12	426
12	483
12	487
12	570
12	644
12	820
12	825
12	966
13	14
13	19
13	43
13	46
13	53
13	55
13	56
13	67
13	85
13	86
13	260
13	284
13	328
13	381
13	547
13	623
13	624
13	631
13	887
14	28
14	30
14	81
14	86
14	89
14	90
14	361
14	426
14	459
14	558
14	575
14	611
14	658
14	730
14	731
14	775
14	803
14	828
14	829
14	929
14	968
15	34
15	39
15	55
15	70
15	71
15	82
15	215
15	426
15	735
15	736
15	787
15	923
16	18
16	28
16	29
16	33
16	36
16	42
16	51
16	70
16	71
16	86
16	88
16	91
16	92
16	348
16	381
16	672
16	691
16	747
16	924
17	22
17	24
17	30
17	56
17	63
17	70
17	79
17	90
17	99
17	134
17	150
17	169
17	172
17	178
17	273
17	435
17	448
17	538
17	658
17	780
17	822
17	962
17	972
18	22
18	26
18	29
18	83
18	92
18	234
18	293
18	350
18	362
18	396
18	417
18	537
18	644
18	692
18	835
18	947
18	951
19	24
19	34
19	35
19	38
19	48
19	49
19	76
19	81
19	86
19	89
19	96
19	98
19	418
19	429
19	479
19	482
19	578
19	662
19	680
19	775
20	31
20	50
20	51
20	61
20	71
20	72
20	80
20	108
20	249
20	371
20	442
20	454
20	563
20	621
20	660
20	695
20	720
20	756
20	785
20	893
20	922
21	61
21	69
21	70
21	76
21	82
21	90
21	175
21	191
21	196
21	339
21	666
21	713
21	730
21	782
21	909
22	31
22	41
22	45
22	47
22	51
22	54
22	58
22	78
22	81
22	83
22	97
22	98
22	191
22	213
22	462
22	554
22	706
22	815
23	41
23	47
23	77
23	86
23	97
23	116
23	256
23	305
23	317
23	333
23	347
23	355
23	488
23	720
23	767
23	772
23	925
24	30
24	39
24	41
24	45
24	56
24	77
24	79
24	89
24	156
24	256
24	262
25	32
25	36
25	45
25	59
25	62
25	67
25	74
25	109
25	188
25	318
25	582
25	788
26	27
26	37
26	60
26	61
26	72
26	77
26	573
26	583
26	812
26	888
26	974
27	48
27	50
27	52
27	56
27	87
27	88
27	92
27	97
27	99
27	137
27	188
27	449
27	627
27	686
27	698
28	32
28	38
28	41
28	87
28	96
28	99
28	128
28	249
28	687
28	753
28	805
29	50
29	51
29	55
29	81
29	90
29	120
29	163
29	421
29	433
29	459
29	636
29	716
30	32
30	37
30	44
30	65
30	67
30	69
30	71
30	84
30	86
30	91
30	95
30	99
30	101
30	597
30	602
30	656
30	820
30	853
30	894
30	941
31	32
31	45
31	50
31	58
31	59
31	64
31	65
31	69
31	74
31	75
31	80
31	102
31	131
31	531
31	562
31	776
32	59
32	65
32	95
32	96
32	97
32	244
32	272
32	512
32	533
32	563
32	573
32	586
32	679
32	682
32	874
33	36
33	45
33	47
33	63
33	69
33	94
33	99
33	189
33	278
33	417
33	480
33	510
33	556
33	655
33	657
33	703
33	866
33	970
34	49
34	51
34	52
34	53
34	65
34	91
34	99
34	285
34	342
34	505
34	622
34	685
34	899
34	970
35	44
35	57
35	60
35	62
35	79
35	81
35	90
35	92
35	437
35	454
35	664
35	715
35	738
35	868
35	906
35	954
36	36
36	48
36	56
36	61
36	71
36	78
36	83
36	109
36	203
36	210
36	214
36	223
36	316
36	394
36	472
36	527
36	565
36	591
36	764
36	814
36	896
36	949
37	44
37	50
37	56
37	83
37	111
37	188
37	399
37	504
37	616
37	698
37	790
37	868
37	882
37	919
37	997
38	60
38	68
38	71
38	78
38	96
38	99
38	139
38	160
38	247
38	328
38	342
38	388
38	397
38	584
38	610
38	954
39	42
39	43
39	46
39	48
39	64
39	72
39	73
39	81
39	298
39	304
39	342
39	394
39	411
39	593
39	712
39	747
39	846
40	41
40	56
40	73
40	77
40	79
40	81
40	84
40	92
40	94
40	169
40	196
40	197
40	318
40	407
40	412
40	488
40	566
40	570
40	604
40	633
40	640
40	664
40	666
40	791
40	885
41	52
41	53
41	64
41	70
41	71
41	72
41	85
41	218
41	267
41	297
41	349
41	464
41	499
41	538
41	662
41	732
41	853
41	869
42	68
42	69
42	73
42	261
42	273
42	434
42	464
43	50
43	52
43	60
43	63
43	79
43	88
43	167
43	182
43	372
43	373
43	425
43	544
43	571
43	677
43	737
43	946
44	45
44	51
44	59
44	60
44	64
44	70
44	71
44	76
44	87
44	98
44	243
44	328
44	363
44	397
44	452
44	461
44	557
44	656
44	780
44	927
45	46
45	49
45	50
45	57
45	59
45	66
45	67
45	86
45	90
45	96
45	127
45	180
45	307
45	387
45	492
45	622
45	698
45	709
45	854
45	900
46	48
46	51
46	59
46	64
46	71
46	80
46	84
46	96
46	156
46	217
46	373
46	389
46	416
46	428
46	531
46	568
46	768
46	840
46	974
46	982
46	983
47	87
47	317
47	445
47	726
47	747
47	968
48	55
48	66
48	70
48	81
48	87
48	89
48	90
48	113
48	232
48	259
48	317
48	351
48	532
48	638
48	876
49	55
49	58
49	71
49	95
49	110
49	438
49	467
49	986
50	50
50	56
50	58
50	64
50	71
50	73
50	86
50	147
50	202
50	224
50	321
50	416
50	476
50	485
50	507
50	714
50	741
50	863
50	893
50	961
51	55
51	59
51	97
51	103
51	135
51	211
51	337
51	342
51	377
51	498
51	694
51	734
51	841
51	844
51	967
52	54
52	70
52	83
52	85
52	98
52	196
52	401
52	418
52	549
52	647
53	56
53	61
53	62
53	64
53	138
53	180
53	183
53	251
53	496
53	513
53	706
53	708
53	785
53	833
54	59
54	60
54	64
54	88
54	135
54	187
54	230
54	233
54	287
54	356
54	369
54	431
54	484
55	73
55	85
55	96
55	188
55	199
55	390
55	460
55	474
55	514
55	523
55	772
55	890
56	69
56	70
56	82
56	83
56	91
56	92
56	97
56	99
56	144
56	158
56	335
56	365
56	412
56	601
56	644
56	821
56	883
56	921
56	939
56	957
56	974
57	75
57	84
57	97
57	286
57	306
57	349
57	367
57	552
57	608
57	652
57	690
57	772
57	801
57	804
57	900
57	983
58	66
58	72
58	88
58	89
58	97
58	99
58	164
58	235
58	356
58	534
58	868
58	882
58	931
58	972
58	995
59	77
59	79
59	81
59	83
59	109
59	410
59	739
59	803
59	874
59	974
60	77
60	78
60	90
60	94
60	98
60	107
60	312
60	323
60	403
60	411
60	530
60	825
60	830
60	921
60	924
61	85
61	165
61	209
61	446
61	511
61	707
61	717
61	844
61	868
61	898
62	75
62	81
62	93
62	94
62	265
62	362
62	387
62	560
62	592
62	661
62	762
62	971
63	76
63	95
63	134
63	210
63	271
63	395
63	556
63	567
63	871
63	950
64	71
64	78
64	87
64	99
64	294
64	329
64	344
64	383
64	499
64	631
64	681
64	684
64	839
64	874
65	79
65	97
65	99
65	294
65	345
65	383
65	438
65	471
65	564
65	570
65	689
65	884
66	72
66	74
66	78
66	91
66	96
66	97
66	119
66	144
66	191
66	381
66	420
66	438
66	468
66	516
66	705
66	839
66	874
66	998
67	74
67	77
67	116
67	193
67	253
67	313
67	483
67	536
67	611
67	692
67	846
67	905
67	933
68	71
68	73
68	82
68	99
68	144
68	162
68	231
68	293
68	338
68	376
68	377
68	450
68	525
68	573
68	682
68	819
69	74
69	84
69	95
69	148
69	397
69	402
69	502
69	648
69	652
69	675
69	758
69	914
70	77
70	95
70	127
70	206
70	252
70	335
70	590
70	721
70	740
71	88
71	125
71	149
71	417
71	606
71	791
71	800
71	869
71	998
72	74
72	75
72	78
72	89
72	98
72	198
72	209
72	233
72	339
72	437
72	518
72	584
72	590
72	705
72	785
73	74
73	189
73	409
73	553
73	584
73	703
73	880
74	79
74	81
74	85
74	87
74	88
74	99
74	148
74	275
74	483
74	494
74	731
74	938
75	99
75	321
75	499
75	515
75	590
75	612
75	645
75	794
75	836
76	78
76	86
76	200
76	312
76	371
76	443
76	469
76	499
76	631
76	658
76	689
76	903
77	80
77	82
77	95
77	179
77	383
77	576
77	601
77	682
77	794
77	811
77	823
77	878
77	978
78	86
78	91
78	96
78	111
78	340
78	434
78	536
78	686
78	774
78	839
78	937
78	943
79	81
79	185
79	197
79	257
79	314
79	481
79	512
79	530
79	553
79	581
79	616
79	645
79	716
79	846
80	80
80	84
80	90
80	95
80	219
80	343
80	401
80	479
80	519
80	561
80	969
80	998
81	83
81	84
81	285
81	288
81	410
81	709
81	876
81	942
81	953
82	84
82	211
82	390
82	499
82	540
82	587
82	813
82	867
82	883
82	941
83	85
83	88
83	92
83	149
83	158
83	243
83	319
83	321
83	427
83	587
83	664
83	826
83	903
83	979
84	93
84	94
84	96
84	97
84	99
84	748
84	756
84	803
84	872
84	898
85	85
85	98
85	116
85	192
85	223
85	401
85	491
85	521
85	703
85	889
86	94
86	186
86	225
86	316
86	390
86	393
86	530
86	604
86	606
86	728
86	805
86	806
87	89
87	90
87	144
87	341
87	493
87	535
87	550
87	830
87	841
88	116
88	126
88	217
88	241
88	253
88	263
88	478
88	510
88	683
88	691
88	855
88	879
88	991
89	98
89	318
89	319
89	449
89	476
90	94
90	220
90	243
90	331
90	346
90	350
90	380
90	876
90	907
91	147
91	197
91	356
91	457
91	474
91	521
91	666
91	767
91	799
91	970
92	147
92	175
92	328
92	357
92	422
92	540
92	699
92	768
92	903
93	99
93	145
93	228
93	297
93	332
93	407
93	474
93	605
93	712
93	724
93	785
93	788
93	822
94	109
94	157
94	180
94	301
94	568
94	589
94	650
94	706
94	712
94	786
95	213
95	360
95	385
95	475
95	535
95	567
95	706
95	800
95	881
96	151
96	209
96	248
96	277
96	356
96	365
96	649
96	709
96	857
96	871
96	898
96	996
96	999
97	166
97	193
97	580
97	597
97	620
97	976
98	126
98	147
98	162
98	330
98	406
98	503
98	512
98	749
98	795
98	926
98	953
99	181
99	322
99	337
99	366
99	382
99	580
99	729
99	800
100	103
100	117
100	284
100	500
100	771
100	826
100	947
101	107
101	108
101	110
101	117
101	120
101	125
101	146
101	159
101	177
101	188
101	189
101	255
101	298
101	306
101	372
101	377
101	528
101	666
101	673
101	864
101	979
101	987
102	111
102	112
102	113
102	122
102	140
102	148
102	150
102	159
102	163
102	184
102	196
102	216
102	258
102	271
102	386
102	397
102	560
102	644
102	665
102	679
102	693
102	778
102	885
103	123
103	143
103	153
103	271
103	377
103	380
103	423
103	598
103	637
103	903
104	113
104	116
104	117
104	143
104	153
104	158
104	163
104	170
104	179
104	180
104	359
104	387
104	511
104	552
104	693
104	796
104	814
104	965
105	108
105	114
105	118
105	134
105	137
105	142
105	155
105	157
105	158
105	162
105	173
105	175
105	191
105	369
105	411
105	698
105	805
105	810
105	851
105	939
105	944
105	955
105	992
106	116
106	121
106	127
106	128
106	130
106	137
106	147
106	149
106	152
106	153
106	155
106	321
106	340
106	361
106	414
106	425
106	642
106	673
106	750
106	862
106	864
106	906
106	930
106	952
106	988
107	115
107	122
107	123
107	130
107	151
107	155
107	169
107	172
107	175
107	176
107	179
107	180
107	183
107	193
107	196
107	295
107	391
107	560
107	908
107	930
108	120
108	131
108	150
108	152
108	158
108	162
108	180
108	188
108	536
108	576
108	861
108	952
109	114
109	123
109	128
109	134
109	152
109	155
109	158
109	161
109	173
109	174
109	181
109	196
109	197
109	199
109	289
109	319
109	342
109	344
109	444
109	592
109	649
109	691
109	779
109	816
109	893
109	979
109	989
110	116
110	137
110	138
110	140
110	154
110	158
110	177
110	186
110	193
110	317
110	326
110	453
110	498
110	523
110	555
111	120
111	124
111	136
111	171
111	185
111	186
111	297
111	318
111	377
111	390
111	536
111	701
111	730
111	776
111	823
111	826
111	987
112	182
112	185
112	255
112	431
112	494
112	771
112	917
113	120
113	122
113	150
113	160
113	168
113	184
113	198
113	199
113	219
113	263
113	301
113	603
114	131
114	169
114	171
114	189
114	192
114	498
114	583
114	859
114	866
114	914
115	149
115	160
115	163
115	179
115	181
115	188
115	195
115	197
115	376
115	448
115	555
115	665
115	741
115	788
115	914
115	981
115	991
116	132
116	137
116	141
116	163
116	164
116	168
116	174
116	307
116	389
116	411
116	593
116	746
116	793
116	855
116	864
117	124
117	133
117	140
117	166
117	177
117	187
117	192
117	197
117	267
117	638
117	715
117	728
117	755
117	789
117	940
118	146
118	164
118	174
118	176
118	184
118	187
118	192
118	198
118	307
118	494
118	538
118	544
118	579
118	585
118	651
118	827
118	853
118	871
118	910
118	949
119	133
119	142
119	147
119	152
119	161
119	168
119	179
119	182
119	183
119	198
119	202
119	223
119	229
119	275
119	514
119	628
119	659
119	862
119	918
120	129
120	139
120	150
120	152
120	186
120	242
120	287
120	364
120	412
120	477
120	500
120	503
120	616
120	657
120	922
120	960
121	124
121	126
121	130
121	135
121	136
121	138
121	148
121	173
121	176
121	192
121	194
121	309
121	485
121	552
121	716
121	744
121	865
122	128
122	129
122	132
122	134
122	135
122	157
122	174
122	177
122	180
122	435
122	451
122	508
122	557
122	621
123	125
123	130
123	141
123	142
123	143
123	153
123	161
123	165
123	166
123	175
123	177
123	587
123	631
123	693
123	697
123	895
123	962
124	124
124	125
124	132
124	138
124	150
124	171
124	192
124	325
124	434
124	538
124	542
124	569
124	616
125	143
125	145
125	159
125	188
125	191
125	255
125	341
125	544
125	616
125	668
126	138
126	151
126	153
126	163
126	199
126	291
126	475
126	681
126	774
126	866
127	130
127	136
127	143
127	160
127	163
127	166
127	169
127	171
127	177
127	189
127	194
127	371
127	386
127	563
127	591
127	796
128	134
128	144
128	145
128	149
128	161
128	175
128	192
128	197
128	236
128	294
128	378
128	555
128	600
128	665
128	709
128	801
128	857
128	867
128	896
129	143
129	148
129	150
129	154
129	170
129	171
129	183
129	185
129	253
129	274
129	325
129	358
129	366
129	493
129	614
129	632
129	637
129	756
129	818
129	822
130	138
130	147
130	154
130	156
130	169
130	253
130	382
130	492
130	541
130	559
130	769
130	957
131	134
131	138
131	143
131	152
131	157
131	178
131	180
131	184
131	185
131	193
131	219
131	282
131	529
131	535
131	571
131	767
131	853
131	933
132	139
132	154
132	162
132	171
132	176
132	181
132	189
132	190
132	197
132	251
132	353
132	493
132	505
132	887
132	894
132	916
132	985
133	145
133	155
133	163
133	164
133	165
133	166
133	182
133	197
133	338
133	393
133	407
133	536
133	566
133	683
133	896
133	995
134	138
134	147
134	183
134	340
134	394
134	445
134	598
134	639
134	728
134	801
134	846
134	943
134	998
135	140
135	141
135	144
135	158
135	161
135	181
135	188
135	195
135	237
135	285
135	330
135	340
135	403
135	685
135	719
135	899
136	138
136	145
136	150
136	158
136	160
136	175
136	178
136	180
136	196
136	268
136	276
136	381
136	535
136	585
137	156
137	163
137	168
137	181
137	198
137	283
137	474
137	562
137	688
137	707
137	810
137	865
137	961
138	147
138	155
138	164
138	168
138	170
138	172
138	176
138	184
138	185
138	411
138	419
138	476
138	684
139	141
139	160
139	164
139	166
139	179
139	187
139	196
139	199
139	244
139	552
139	555
139	619
139	785
139	862
139	918
139	991
139	994
140	158
140	159
140	172
140	180
140	182
140	183
140	186
140	191
140	197
140	198
140	199
140	274
140	344
140	713
140	817
141	150
141	158
141	163
141	164
141	180
141	183
141	188
141	521
141	548
141	623
141	650
141	686
141	742
142	145
142	151
142	161
142	170
142	179
142	189
142	191
142	211
142	248
142	291
142	411
142	849
142	945
142	980
142	999
143	145
143	161
143	172
143	179
143	183
143	184
143	191
143	198
143	217
143	365
143	405
143	583
143	688
143	777
143	976
144	146
144	153
144	159
144	163
144	167
144	169
144	171
144	176
144	180
144	183
144	188
144	259
144	264
144	489
144	491
144	502
144	660
144	816
144	837
144	865
144	911
144	998
145	146
145	161
145	162
145	169
145	191
145	198
145	240
145	282
145	329
145	552
146	147
146	149
146	157
146	187
146	192
146	196
146	428
146	440
146	501
146	618
146	753
146	904
146	921
147	166
147	171
147	177
147	180
147	184
147	199
147	238
147	386
147	468
147	478
147	606
147	721
147	749
147	771
147	861
147	910
148	149
148	150
148	161
148	164
148	165
148	167
148	170
148	174
148	178
148	183
148	191
148	192
148	198
148	223
148	244
148	359
148	757
148	937
148	974
148	998
149	165
149	167
149	187
149	354
149	517
149	544
149	556
149	720
149	821
149	924
150	151
150	166
150	170
150	171
150	176
150	184
150	186
150	191
150	262
150	297
150	376
150	532
150	584
150	595
150	740
150	783
150	837
150	963
151	170
151	176
151	191
151	194
151	197
151	336
151	770
151	779
151	928
152	165
152	171
152	174
152	177
152	182
152	183
152	185
152	189
152	405
152	414
152	584
152	656
152	711
152	830
152	867
152	933
153	163
153	169
153	191
153	199
153	237
153	372
153	382
153	417
153	485
153	586
153	659
153	842
153	868
153	891
153	899
154	159
154	174
154	175
154	191
154	469
154	600
154	627
154	812
154	848
154	858
154	873
154	904
154	930
155	168
155	174
155	184
155	185
155	189
155	272
155	324
155	493
155	494
155	565
155	582
155	710
155	842
155	958
156	157
156	161
156	176
156	181
156	189
156	195
156	265
156	495
156	587
156	682
156	700
157	162
157	171
157	179
157	195
157	197
157	368
157	381
157	569
157	708
158	163
158	182
158	189
158	194
158	404
158	421
158	580
158	714
158	765
158	909
159	164
159	175
159	196
159	202
159	206
159	279
159	642
159	809
159	876
159	904
159	914
159	927
159	989
160	160
160	166
160	182
160	188
160	195
160	198
160	315
160	332
160	626
160	664
160	674
160	805
160	840
160	845
160	855
160	992
161	165
161	171
161	173
161	179
161	183
161	189
161	224
161	283
161	398
161	559
161	620
161	661
161	709
161	765
161	773
162	174
162	184
162	198
162	248
162	271
162	281
162	417
162	525
162	541
162	611
162	651
162	662
162	715
162	797
162	966
163	167
163	189
163	190
163	191
163	257
163	282
163	352
163	358
163	359
163	439
163	497
163	509
163	516
163	646
163	794
163	795
164	177
164	182
164	184
164	190
164	191
164	194
164	197
164	198
164	554
164	571
164	892
164	945
164	986
165	173
165	174
165	185
165	194
165	236
165	316
165	369
165	544
165	554
165	580
165	774
165	840
165	899
166	174
166	175
166	188
166	191
166	290
166	506
166	509
166	525
166	674
166	943
166	979
167	171
167	172
167	182
167	187
167	196
167	385
167	468
167	584
167	654
167	656
167	686
167	891
167	957
168	176
168	185
168	193
168	386
168	429
168	537
168	551
168	624
168	774
168	865
168	919
168	974
168	980
168	985
169	182
169	188
169	310
169	367
169	871
169	897
170	187
170	194
170	195
170	219
170	378
170	439
170	626
170	733
170	883
170	904
170	970
171	481
171	638
171	743
171	744
171	859
171	899
171	967
172	175
172	178
172	180
172	237
172	259
172	384
172	439
172	544
172	604
172	635
172	656
172	796
172	863
172	871
172	992
173	180
173	188
173	199
173	449
173	776
173	916
173	976
174	182
174	188
174	195
174	263
174	375
174	397
174	511
174	724
174	749
174	786
174	825
174	900
174	920
175	196
175	271
175	304
175	311
175	564
175	834
175	853
175	959
175	961
175	995
176	187
176	188
176	198
176	342
176	374
176	539
176	606
176	708
176	773
176	777
176	778
176	839
176	848
176	938
176	984
177	325
177	353
177	430
177	472
177	895
177	965
178	189
178	199
178	244
178	541
178	603
178	662
178	788
179	182
179	199
179	443
179	447
179	582
179	689
179	787
179	993
180	195
180	435
180	465
180	557
180	630
180	645
180	691
180	710
180	728
180	768
181	196
181	239
181	262
181	346
181	716
181	768
181	855
181	973
181	974
181	980
182	217
182	359
182	471
182	738
182	753
182	807
182	978
183	189
183	190
183	257
183	320
183	412
183	441
183	443
183	586
183	601
183	686
183	770
183	823
183	900
183	940
183	947
183	999
184	191
184	196
184	313
184	393
184	437
184	472
184	669
184	711
184	753
184	755
184	907
185	199
185	242
185	765
185	797
185	855
185	926
185	972
186	189
186	193
186	438
186	504
186	580
186	639
186	646
186	830
186	907
186	918
186	933
186	979
187	220
187	226
187	287
187	291
187	313
187	317
187	658
187	687
187	925
187	926
188	192
188	201
188	237
188	271
188	419
188	595
188	609
188	647
188	687
189	333
189	397
189	483
189	486
189	496
189	528
189	853
189	935
189	957
190	194
190	197
190	221
190	250
190	291
190	320
190	339
190	398
190	434
190	445
190	464
190	517
190	756
191	202
191	306
191	373
191	687
191	963
192	336
192	542
192	554
192	765
192	772
192	845
192	846
192	885
193	232
193	361
193	446
193	465
193	566
193	720
193	798
193	826
193	965
194	196
194	254
194	276
194	283
194	518
194	625
194	679
194	851
194	873
195	197
195	298
195	417
195	608
195	672
195	895
195	934
195	939
196	268
196	283
196	322
196	323
196	367
196	419
196	675
196	686
196	928
196	965
196	987
197	291
197	296
197	456
197	496
197	550
197	676
197	723
197	830
197	936
197	988
198	476
198	485
198	536
198	927
198	985
199	231
199	328
199	529
199	543
199	549
199	578
199	737
200	201
200	206
200	225
200	228
200	245
200	266
200	281
200	288
200	484
200	605
200	697
200	730
200	772
200	867
201	210
201	211
201	238
201	259
201	423
201	488
201	527
201	846
201	849
202	205
202	221
202	225
202	226
202	227
202	236
202	244
202	245
202	248
202	250
202	251
202	270
202	281
202	284
202	426
202	563
202	714
202	757
202	767
202	960
202	978
203	212
203	219
203	221
203	226
203	230
203	234
203	239
203	240
203	244
203	251
203	260
203	262
203	264
203	269
203	273
203	280
203	285
203	293
203	294
203	447
203	553
203	785
203	857
204	209
204	215
204	216
204	218
204	233
204	237
204	240
204	248
204	260
204	266
204	268
204	290
204	376
204	525
204	540
204	649
204	761
205	212
205	219
205	227
205	239
205	246
205	248
205	249
205	274
205	282
205	285
205	340
205	373
205	514
205	562
205	724
205	799
205	832
205	838
205	846
205	850
205	937
206	211
206	218
206	234
206	246
206	250
206	260
206	269
206	276
206	283
206	430
206	455
206	546
206	631
206	714
206	727
206	753
206	850
206	915
207	220
207	223
207	226
207	253
207	265
207	290
207	305
207	361
207	877
207	880
207	939
208	210
208	217
208	249
208	254
208	262
208	285
208	336
208	339
208	397
208	429
208	627
208	698
208	764
208	813
209	218
209	222
209	225
209	238
209	256
209	288
209	341
209	581
209	751
209	826
209	878
210	216
210	239
210	248
210	259
210	262
210	269
210	323
210	435
210	559
210	593
210	675
210	901
211	217
211	220
211	224
211	228
211	229
211	237
211	240
211	243
211	274
211	295
211	537
211	607
211	885
212	215
212	218
212	233
212	234
212	251
212	268
212	290
212	291
212	299
212	521
212	539
212	640
212	643
212	847
212	849
213	242
213	249
213	250
213	254
213	259
213	260
213	261
213	281
213	465
213	588
213	776
213	778
213	871
214	217
214	220
214	240
214	255
214	258
214	259
214	260
214	263
214	274
214	275
214	278
214	292
214	434
214	773
214	848
214	902
214	904
215	215
215	225
215	235
215	236
215	243
215	270
215	271
215	282
215	285
215	288
215	296
215	439
215	666
215	712
216	221
216	224
216	227
216	230
216	231
216	236
216	244
216	248
216	252
216	257
216	260
216	277
216	281
216	296
216	297
216	336
216	350
216	465
216	659
216	695
216	932
217	221
217	239
217	240
217	245
217	248
217	259
217	267
217	274
217	295
217	397
217	467
217	479
217	566
217	629
217	909
218	219
218	222
218	224
218	227
218	249
218	276
218	286
218	288
218	433
218	442
218	523
218	597
218	691
218	709
218	741
219	235
219	242
219	245
219	249
219	254
219	429
219	485
219	527
219	539
219	565
219	586
219	815
219	819
219	947
220	223
220	228
220	229
220	230
220	237
220	271
220	276
220	279
220	284
220	351
220	374
220	689
220	923
220	934
220	955
221	250
221	272
221	287
221	289
221	293
221	298
221	480
221	536
221	978
221	981
221	984
222	232
222	251
222	266
222	279
222	290
222	374
222	394
222	429
222	432
222	595
222	804
223	223
223	224
223	241
223	253
223	272
223	276
223	278
223	283
223	311
223	684
223	718
223	726
223	780
223	887
223	923
223	961
223	991
224	228
224	230
224	233
224	239
224	241
224	245
224	255
224	260
224	278
224	312
224	486
224	579
224	735
225	231
225	233
225	235
225	238
225	251
225	254
225	256
225	258
225	259
225	263
225	282
225	287
225	297
225	322
225	326
225	354
225	466
225	596
225	606
225	921
225	935
226	232
226	237
226	246
226	260
226	264
226	273
226	290
226	295
226	390
226	434
226	519
226	672
226	724
226	795
226	968
227	250
227	262
227	268
227	271
227	272
227	282
227	292
227	555
227	667
227	763
227	844
227	930
228	253
228	269
228	271
228	272
228	275
228	294
228	426
228	432
228	485
228	507
228	521
228	625
229	229
229	257
229	259
229	272
229	277
229	285
229	288
229	292
229	345
229	396
229	452
229	482
229	623
229	636
229	821
229	825
229	826
229	831
229	882
229	939
229	950
229	952
230	233
230	239
230	245
230	247
230	251
230	255
230	267
230	286
230	299
230	366
230	421
230	511
230	568
230	901
231	231
231	240
231	244
231	261
231	269
231	270
231	271
231	273
231	277
231	293
231	378
231	771
232	240
232	244
232	246
232	293
232	390
232	445
232	608
232	827
232	879
233	237
233	242
233	262
233	265
233	289
233	292
233	299
233	341
233	424
233	426
233	431
233	574
233	826
233	827
233	874
233	966
234	237
234	240
234	243
234	244
234	247
234	266
234	273
234	279
234	280
234	292
234	456
234	484
234	540
234	548
234	630
234	913
235	239
235	258
235	261
235	264
235	271
235	274
235	279
235	289
235	298
235	405
235	427
235	435
235	459
235	460
235	529
235	589
235	628
235	669
235	680
235	856
235	885
235	928
235	938
236	267
236	273
236	274
236	276
236	278
236	295
236	297
236	443
236	482
236	602
236	638
236	762
236	809
236	829
236	864
236	932
236	960
237	254
237	265
237	286
237	291
237	321
237	359
237	614
237	685
237	805
237	918
237	925
238	243
238	245
238	247
238	262
238	266
238	270
238	286
238	295
238	297
238	338
238	482
238	669
238	692
238	752
238	780
238	795
238	834
238	848
239	241
239	245
239	263
239	275
239	291
239	317
239	402
239	437
239	781
239	827
239	860
239	984
240	266
240	351
240	405
240	592
240	689
240	690
240	796
241	246
241	249
241	261
241	262
241	264
241	266
241	270
241	272
241	281
241	285
241	556
241	562
241	654
241	701
241	760
241	786
241	887
241	923
242	252
242	256
242	257
242	279
242	281
242	296
242	381
242	472
242	502
242	614
242	644
242	799
242	804
242	812
242	884
242	973
243	251
243	270
243	272
243	274
243	282
243	523
243	605
243	933
243	971
244	251
244	255
244	260
244	272
244	280
244	288
244	296
244	301
244	354
244	435
244	475
244	563
244	708
244	773
244	875
244	920
244	999
245	245
245	250
245	252
245	254
245	257
245	264
245	298
245	399
245	436
245	618
245	656
245	681
245	798
245	861
245	882
245	904
245	906
245	913
245	957
245	992
246	248
246	259
246	272
246	292
246	293
246	296
246	724
246	768
246	916
247	248
247	251
247	288
247	297
247	299
247	349
247	370
247	593
247	604
247	633
247	690
247	818
247	910
247	977
248	251
248	256
248	267
248	270
248	271
248	277
248	278
248	290
248	315
248	319
248	635
248	725
248	785
249	255
249	256
249	263
249	268
249	269
249	293
249	297
249	510
249	552
249	666
249	732
249	766
249	961
249	992
249	994
250	258
250	724
250	749
250	780
250	942
251	255
251	263
251	285
251	293
251	294
251	600
251	660
251	724
251	737
251	748
252	254
252	256
252	296
252	342
252	376
252	387
252	393
252	403
252	416
252	534
252	545
252	642
253	278
253	291
253	295
253	297
253	391
253	471
253	567
253	602
253	678
253	727
253	774
253	802
253	946
253	976
254	260
254	264
254	282
254	286
254	294
254	318
254	421
254	742
254	751
254	790
254	861
254	967
254	989
255	259
255	299
255	325
255	383
255	591
255	595
255	686
255	890
255	901
255	934
256	266
256	271
256	280
256	289
256	291
256	294
256	296
256	429
256	455
256	484
256	652
256	727
256	936
257	258
257	267
257	269
257	288
257	296
257	559
257	571
257	615
257	664
257	742
257	929
257	940
258	259
258	264
258	266
258	298
258	426
258	514
258	570
258	663
258	671
258	706
258	948
259	272
259	280
259	283
259	289
259	309
259	570
259	905
259	959
260	270
260	276
260	277
260	297
260	309
260	321
260	399
260	484
260	597
260	614
260	696
260	869
261	273
261	274
261	277
261	282
261	419
261	474
261	487
261	578
261	804
261	905
261	999
262	268
262	276
262	292
262	467
262	625
262	645
262	737
262	763
263	292
263	323
263	331
263	488
263	577
263	661
263	764
263	862
263	864
263	870
263	878
263	939
263	949
264	267
264	277
264	291
264	293
264	575
264	684
265	266
265	270
265	271
265	279
265	291
265	569
265	670
265	703
265	704
265	879
265	897
265	967
266	273
266	274
266	292
266	294
266	319
267	269
267	273
267	278
267	331
267	348
267	458
267	462
267	490
267	539
267	739
267	807
267	898
268	275
268	284
268	291
268	641
268	666
268	886
268	967
269	284
269	285
269	286
269	296
269	345
269	401
269	482
269	485
269	573
269	599
269	602
269	684
269	797
269	801
269	947
269	963
269	984
270	277
270	403
270	412
270	561
270	657
270	740
270	758
270	905
270	943
271	275
271	354
271	421
271	444
271	535
271	622
271	635
271	757
271	819
271	963
271	968
272	292
272	297
272	303
272	352
272	425
272	515
272	580
272	654
272	729
272	984
272	988
272	991
272	995
273	297
273	309
273	325
273	567
273	577
273	624
273	835
273	984
274	373
274	399
274	415
274	494
274	503
274	774
274	775
274	874
274	980
275	284
275	287
275	288
275	302
275	446
275	550
275	671
275	741
275	762
275	792
275	819
275	873
276	278
276	279
276	280
276	299
276	562
276	595
276	688
276	748
276	774
276	841
276	885
277	278
277	555
277	564
277	590
277	610
277	646
277	790
277	831
277	942
278	287
278	293
278	373
278	430
278	435
278	493
278	494
278	658
278	874
278	921
279	280
279	283
279	291
279	377
279	388
279	392
279	524
279	534
279	543
279	678
279	688
279	810
279	837
279	869
279	883
279	956
279	966
279	971
279	978
279	984
280	285
280	290
280	323
280	335
280	502
280	576
280	880
280	987
281	283
281	296
281	600
281	726
281	900
282	294
282	296
282	339
282	361
282	374
282	420
282	520
282	655
282	683
282	738
282	896
282	948
282	982
283	286
283	296
283	508
283	702
283	732
283	736
283	763
283	841
284	321
284	369
284	382
284	464
284	627
285	286
285	394
285	450
285	467
285	532
285	966
286	452
286	506
286	593
286	932
287	299
287	327
287	379
287	499
287	547
287	691
287	772
287	888
287	903
287	906
287	991
288	318
288	322
288	490
288	627
288	706
288	924
289	299
289	501
289	537
289	911
289	914
289	917
289	923
289	956
290	296
290	445
290	512
290	640
290	873
290	889
290	960
291	293
291	295
291	339
291	408
291	735
291	805
292	297
292	457
292	860
292	913
292	942
292	979
293	297
293	340
293	412
293	560
293	604
293	785
293	851
294	329
294	444
294	620
294	666
294	744
294	813
294	925
294	932
295	323
295	613
295	647
295	764
295	955
296	375
296	664
296	691
296	765
296	795
296	853
296	856
296	871
296	898
296	919
297	304
297	411
297	728
297	748
297	835
297	947
298	317
298	359
298	386
298	456
298	462
298	519
298	561
298	820
298	855
298	875
298	876
299	299
299	434
299	444
299	631
299	654
299	729
299	791
299	807
300	315
300	332
300	340
300	342
300	354
300	358
300	368
300	393
300	396
300	609
300	711
300	733
300	859
300	980
300	999
301	320
301	325
301	328
301	353
301	356
301	359
301	362
301	370
301	383
301	391
301	397
301	788
301	853
301	871
302	311
302	329
302	343
302	369
302	380
302	395
302	597
302	690
302	710
302	925
302	983
302	998
303	315
303	318
303	324
303	348
303	349
303	358
303	366
303	374
303	380
303	397
303	752
303	950
303	967
303	971
304	304
304	314
304	332
304	360
304	371
304	385
304	389
304	443
304	585
304	841
304	854
304	876
304	890
304	897
304	926
304	941
304	958
305	313
305	319
305	320
305	323
305	327
305	329
305	334
305	341
305	353
305	361
305	366
305	380
305	503
305	656
305	682
305	744
305	758
305	774
305	806
305	919
306	340
306	341
306	342
306	349
306	358
306	359
306	361
306	372
306	377
306	389
306	439
306	569
306	595
306	783
306	787
307	332
307	334
307	348
307	360
307	371
307	376
307	378
307	387
307	392
307	431
307	460
307	737
307	908
307	967
308	319
308	321
308	332
308	344
308	348
308	354
308	365
308	407
308	417
308	546
308	550
308	568
308	638
308	639
308	674
308	694
308	697
308	761
308	820
309	316
309	323
309	331
309	338
309	358
309	360
309	365
309	385
309	387
309	393
309	399
309	457
309	543
309	754
309	798
309	917
309	944
310	312
310	319
310	320
310	336
310	337
310	347
310	357
310	368
310	374
310	412
310	413
310	523
310	639
310	647
310	668
310	683
310	692
310	705
310	723
310	747
310	807
310	891
311	328
311	329
311	370
311	372
311	397
311	398
311	519
311	683
311	705
311	869
311	974
311	975
312	324
312	361
312	513
312	613
312	732
312	845
312	916
312	975
313	345
313	347
313	349
313	356
313	378
313	380
313	393
313	554
313	598
313	625
313	782
313	954
314	317
314	319
314	332
314	338
314	349
314	369
314	379
314	388
314	392
314	397
314	514
314	614
314	653
314	679
314	693
314	788
314	813
314	836
315	319
315	329
315	336
315	360
315	374
315	376
315	377
315	403
315	448
315	578
315	640
315	672
315	707
315	758
315	930
315	966
316	323
316	327
316	350
316	352
316	359
316	368
316	398
316	399
316	735
316	809
316	894
317	351
317	363
317	365
317	371
317	392
317	424
317	444
317	445
317	522
317	731
317	741
317	756
317	875
317	876
317	983
318	320
318	339
318	354
318	356
318	357
318	362
318	371
318	375
318	382
318	386
318	442
318	570
318	590
318	638
318	878
319	323
319	332
319	338
319	343
319	346
319	351
319	392
319	397
319	398
319	469
319	593
319	818
319	858
319	901
319	935
319	967
319	970
319	991
320	326
320	335
320	336
320	340
320	346
320	356
320	380
320	383
320	481
320	569
320	724
320	892
320	957
321	324
321	335
321	337
321	351
321	361
321	377
321	397
321	434
321	775
321	805
321	892
321	961
322	335
322	340
322	356
322	364
322	369
322	376
322	381
322	389
322	392
322	398
322	447
322	779
322	896
323	339
323	344
323	346
323	383
323	386
323	393
323	398
323	399
323	466
323	518
323	710
323	753
323	847
323	850
323	968
323	972
323	996
324	326
324	337
324	344
324	346
324	364
324	369
324	372
324	377
324	396
324	424
324	486
324	843
324	950
324	962
325	337
325	363
325	367
325	373
325	392
325	409
325	410
325	493
325	497
325	821
325	916
325	995
326	338
326	370
326	374
326	375
326	665
326	885
326	990
327	332
327	350
327	363
327	366
327	380
327	381
327	384
327	388
327	397
327	524
327	624
327	741
327	952
328	342
328	372
328	389
328	390
328	436
328	691
328	719
329	335
329	390
329	393
329	591
329	612
329	637
329	806
329	997
330	338
330	360
330	366
330	370
330	377
330	387
330	389
330	589
330	756
330	801
330	842
330	913
330	995
331	334
331	354
331	355
331	394
331	396
331	398
331	534
331	902
331	975
332	338
332	347
332	388
332	393
332	398
332	420
332	457
332	502
332	528
332	566
332	639
332	800
332	941
333	366
333	375
333	376
333	386
333	469
333	651
333	661
333	800
333	972
334	346
334	353
334	370
334	371
334	390
334	523
334	651
334	737
334	817
334	872
334	976
334	986
335	338
335	342
335	346
335	350
335	380
335	383
335	391
335	395
335	484
335	573
335	615
335	746
335	751
335	780
335	983
336	356
336	374
336	375
336	386
336	404
336	456
336	498
336	595
336	802
336	818
337	343
337	380
337	382
337	385
337	389
337	392
337	562
337	746
337	848
337	894
337	943
338	363
338	563
338	564
338	749
339	348
339	355
339	361
339	362
339	366
339	369
339	370
339	392
339	397
339	398
339	446
339	669
339	867
340	346
340	352
340	354
340	374
340	558
340	651
340	804
340	854
341	351
341	354
341	371
341	375
341	537
341	554
341	582
341	626
341	632
341	788
341	930
341	947
342	345
342	346
342	350
342	357
342	364
342	368
342	376
342	394
342	469
342	558
342	564
342	609
342	665
342	713
342	751
342	810
342	874
342	914
343	350
343	359
343	373
343	396
343	399
343	556
343	619
343	646
343	799
343	973
344	346
344	350
344	361
344	367
344	370
344	372
344	378
344	398
344	423
344	481
344	564
344	623
344	710
344	969
344	989
344	999
345	376
345	471
345	504
345	588
345	617
345	684
345	690
345	818
346	349
346	356
346	385
346	386
346	464
346	677
346	678
346	735
346	743
346	929
347	360
347	363
347	379
347	381
347	385
347	390
347	531
347	662
347	713
348	349
348	351
348	362
348	364
348	371
348	381
348	390
348	394
348	520
348	552
348	560
348	698
348	722
348	946
349	358
349	362
349	368
349	379
349	383
349	394
349	431
349	617
349	759
350	373
350	385
350	429
350	488
350	564
350	597
350	646
350	708
350	770
350	797
350	818
350	873
350	874
350	934
350	949
350	974
351	368
351	373
351	380
351	394
351	490
351	567
351	583
351	649
351	986
352	372
352	381
352	387
352	393
352	397
352	427
352	477
352	569
352	710
352	765
352	957
353	354
353	359
353	369
353	378
353	391
353	398
353	408
353	488
353	611
353	634
353	639
353	857
353	988
354	366
354	371
354	392
354	397
354	421
354	571
354	767
354	861
354	961
355	364
355	377
355	392
355	395
355	508
355	701
355	702
355	856
356	356
356	362
356	384
356	484
356	489
356	608
356	705
356	774
356	978
357	357
357	370
357	373
357	385
357	396
357	397
357	398
357	972
357	986
358	359
358	366
358	396
358	650
358	684
358	754
358	860
358	883
358	911
359	359
359	360
359	362
359	366
359	375
359	382
359	389
359	390
359	484
359	529
359	614
359	647
359	717
359	754
359	841
359	949
360	368
360	373
360	377
360	387
360	396
360	419
360	487
360	492
360	550
360	579
360	683
360	762
360	861
360	890
360	950
361	381
361	382
361	390
361	399
361	448
361	477
361	562
361	640
361	672
361	673
361	728
361	902
362	362
362	377
362	383
362	430
362	454
362	629
362	719
362	766
362	800
362	844
363	372
363	386
363	387
363	390
363	394
363	403
363	471
363	493
363	533
363	640
363	686
363	728
363	795
363	796
363	899
363	908
363	969
364	374
364	380
364	381
364	388
364	398
364	399
364	495
364	779
364	876
364	914
364	992
365	373
365	374
365	378
365	382
365	389
365	437
365	534
365	546
365	618
365	658
365	675
365	815
365	932
365	940
366	379
366	384
366	420
366	713
366	847
366	948
366	960
366	999
367	372
367	384
367	390
367	394
367	395
367	433
367	456
367	535
367	616
367	801
368	373
368	374
368	383
368	388
368	391
368	399
368	431
368	600
368	677
368	724
368	731
368	734
368	853
368	855
369	370
369	393
369	448
369	481
369	496
369	574
369	668
369	711
369	729
369	812
369	936
370	370
370	499
370	558
370	688
370	704
370	733
370	785
370	911
371	373
371	374
371	380
371	388
371	392
371	513
371	514
371	579
371	621
371	827
371	942
371	973
371	978
372	381
372	386
372	391
372	397
372	487
372	561
372	708
373	377
373	386
373	521
373	565
373	598
373	774
373	787
373	862
373	923
374	387
374	392
374	485
374	514
374	524
374	642
374	732
374	816
374	837
374	947
375	387
375	390
375	395
375	463
375	491
375	516
375	544
375	572
375	587
375	653
375	760
375	828
376	378
376	384
376	387
376	397
376	417
376	594
376	615
376	685
376	717
376	739
376	804
376	901
377	377
377	379
377	387
377	399
377	513
377	544
377	821
377	893
377	905
377	969
377	972
378	379
378	387
378	393
378	397
378	842
378	851
378	869
379	382
379	395
379	397
379	461
379	524
379	645
379	691
379	800
379	820
379	835
379	889
380	383
380	384
380	394
380	524
380	697
380	761
380	825
380	948
381	389
381	395
381	399
381	529
381	675
381	680
381	878
381	945
381	987
382	383
382	385
382	386
382	391
382	398
382	444
382	779
382	875
382	918
383	393
383	561
383	611
383	663
383	704
383	924
383	925
384	388
384	394
384	453
384	503
384	548
384	712
384	738
384	745
384	790
384	915
385	391
385	564
385	576
385	726
385	897
385	928
385	943
386	397
386	457
386	665
386	673
386	741
386	751
386	794
386	932
386	940
387	391
387	395
387	428
387	504
388	419
388	430
388	448
388	455
388	636
388	643
388	645
388	738
388	814
388	981
389	389
389	391
389	396
389	397
389	399
389	703
389	720
389	760
390	394
390	405
390	443
390	469
390	606
390	662
390	677
390	679
391	397
391	479
391	689
392	548
392	618
392	627
392	690
392	741
392	763
392	883
392	914
392	934
393	464
393	539
393	588
393	608
394	396
394	399
394	838
394	879
395	397
395	825
395	909
395	983
395	991
396	398
396	439
396	552
396	580
396	677
396	830
396	971
397	666
397	789
397	928
398	592
398	597
398	653
398	663
398	755
398	863
398	963
399	455
399	531
399	546
399	590
399	704
399	819
400	409
400	415
400	421
400	427
400	437
400	438
400	447
400	448
400	456
400	476
400	498
400	506
400	582
400	964
400	999
401	410
401	412
401	431
401	434
401	442
401	451
401	464
401	466
401	481
401	484
401	487
401	490
401	491
401	823
401	926
401	978
401	993
402	411
402	416
402	421
402	429
402	434
402	448
402	450
402	452
402	453
402	469
402	482
402	490
402	491
402	493
403	423
403	428
403	456
403	458
403	461
403	482
403	491
403	497
403	600
403	787
404	407
404	408
404	410
404	422
404	428
404	437
404	458
404	464
404	465
404	468
404	471
404	472
404	473
404	477
404	483
404	496
404	510
404	575
404	642
404	651
404	708
404	734
405	407
405	408
405	418
405	429
405	432
405	433
405	437
405	445
405	449
405	456
405	464
405	475
405	479
405	501
405	690
405	764
406	407
406	411
406	431
406	432
406	445
406	458
406	464
406	470
406	483
406	486
406	493
406	548
406	591
406	712
406	737
406	772
406	876
406	889
406	921
406	989
407	417
407	423
407	428
407	430
407	446
407	457
407	464
407	477
407	485
407	493
407	496
407	499
407	543
407	643
407	783
407	787
407	813
407	850
407	882
407	988
407	991
408	426
408	432
408	441
408	449
408	463
408	464
408	483
408	487
408	489
408	586
408	635
408	847
409	431
409	442
409	456
409	468
409	470
409	478
409	487
409	599
409	635
409	782
409	918
409	973
410	417
410	418
410	440
410	445
410	454
410	459
410	488
410	493
410	690
410	743
410	888
411	412
411	438
411	448
411	456
411	461
411	465
411	467
411	489
411	490
411	505
411	536
411	569
411	770
412	413
412	452
412	461
412	462
412	466
412	489
412	493
412	498
412	499
412	505
412	556
412	651
412	652
412	806
412	819
413	424
413	439
413	442
413	449
413	465
413	467
413	470
413	478
413	513
413	624
413	889
413	939
414	422
414	427
414	443
414	450
414	461
414	466
414	471
414	474
414	486
414	490
414	594
414	813
414	878
414	886
414	896
414	933
414	999
415	429
415	433
415	439
415	452
415	469
415	474
415	481
415	487
415	497
415	571
415	611
415	757
415	781
415	971
416	433
416	438
416	460
416	463
416	470
416	476
416	477
416	490
416	940
417	419
417	470
417	485
417	561
417	937
418	420
418	445
418	469
418	473
418	476
418	477
418	482
418	484
418	577
418	650
418	661
418	718
418	848
418	862
418	885
418	923
418	971
418	982
418	996
419	447
419	456
419	463
419	472
419	491
419	532
419	655
419	665
419	689
419	804
419	846
419	850
419	967
420	433
420	440
420	447
420	454
420	466
420	482
420	491
420	492
420	499
420	607
420	844
420	958
421	423
421	425
421	428
421	431
421	435
421	445
421	469
421	473
421	477
421	480
421	484
421	488
421	606
421	683
421	796
421	906
421	919
422	441
422	451
422	454
422	464
422	465
422	470
422	480
422	510
422	543
422	553
422	864
423	423
423	449
423	455
423	472
423	477
423	478
423	497
423	499
423	513
423	524
423	551
423	557
423	584
423	644
423	693
423	822
423	930
424	439
424	447
424	453
424	456
424	476
424	534
424	585
424	633
424	642
424	859
424	997
425	426
425	454
425	456
425	462
425	464
425	475
425	479
425	481
425	484
425	485
425	496
425	664
425	674
425	705
425	780
425	982
425	998
426	435
426	454
426	464
426	476
426	480
426	481
426	492
426	559
426	753
426	898
426	919
426	920
426	945
426	956
426	967
427	432
427	433
427	437
427	449
427	463
427	466
427	475
427	506
427	533
427	631
427	663
427	678
427	735
427	995
428	441
428	443
428	460
428	461
428	464
428	471
428	472
428	481
428	506
428	578
428	745
428	794
429	433
429	455
429	456
429	459
429	499
429	563
429	710
429	788
429	989
430	437
430	438
430	440
430	446
430	449
430	451
430	472
430	478
430	486
430	493
430	503
430	540
430	605
430	707
430	929
430	987
431	454
431	456
431	459
431	472
431	483
431	498
431	593
431	609
431	685
431	803
432	447
432	453
432	457
432	459
432	460
432	465
432	467
432	475
432	477
432	481
432	488
432	491
432	493
432	502
432	504
432	844
432	868
432	995
433	440
433	451
433	452
433	457
433	458
433	468
433	472
433	486
433	519
433	709
433	815
433	865
433	938
434	441
434	459
434	464
434	731
434	778
434	786
434	847
434	853
434	964
435	450
435	467
435	469
435	470
435	485
435	491
435	496
435	706
436	452
436	454
436	467
436	468
436	471
436	479
436	500
436	805
436	908
437	451
437	457
437	461
437	475
437	566
437	651
437	666
437	718
437	795
437	884
438	443
438	454
438	476
438	485
438	489
438	679
438	815
438	984
439	473
439	476
439	486
439	491
439	606
439	624
439	826
439	828
439	843
439	855
439	908
440	463
440	466
440	472
440	478
440	481
440	486
440	490
440	495
440	626
440	657
440	673
440	777
440	995
440	998
441	449
441	463
441	479
441	483
441	488
441	492
441	583
441	630
441	741
441	903
441	930
442	448
442	450
442	463
442	484
442	494
442	496
442	513
442	534
442	728
442	776
443	446
443	461
443	466
443	471
443	478
443	483
443	484
443	485
443	490
443	491
443	493
443	498
443	547
443	581
443	660
443	732
443	736
443	913
444	447
444	453
444	459
444	465
444	469
444	483
444	490
444	495
444	499
444	556
444	613
444	620
444	644
444	721
444	950
445	453
445	455
445	467
445	477
445	492
445	553
445	556
445	599
445	601
445	657
445	766
446	455
446	466
446	471
446	541
446	729
446	881
446	912
447	453
447	466
447	472
447	475
447	476
447	685
447	740
447	795
447	999
448	464
448	472
448	474
448	487
448	488
448	490
448	495
448	594
448	632
448	698
448	847
449	463
449	481
449	497
449	596
449	688
449	871
449	888
450	454
450	466
450	475
450	480
450	481
450	484
450	537
450	694
450	775
450	791
450	827
450	898
450	942
451	458
451	459
451	460
451	469
451	471
451	560
451	757
451	809
451	903
452	470
452	495
452	504
452	518
452	535
452	537
452	576
452	590
452	593
452	772
452	849
452	860
452	867
452	991
453	457
453	460
453	466
453	489
453	499
453	514
453	575
453	726
453	889
453	918
454	461
454	490
454	493
454	763
454	791
454	824
454	879
454	898
454	961
454	985
455	463
455	472
455	480
455	489
455	530
455	574
455	699
455	736
455	831
455	835
455	922
456	464
456	469
456	478
456	891
457	459
457	464
457	474
457	485
457	499
457	592
457	625
457	731
457	808
457	880
457	907
457	980
458	470
458	478
458	480
458	495
458	498
458	554
458	611
458	739
458	767
458	790
458	981
459	468
459	488
459	491
459	498
459	599
459	606
459	709
459	823
460	465
460	476
460	479
460	481
460	487
460	488
460	535
460	579
460	585
460	727
461	482
461	487
461	492
461	499
461	525
461	828
461	979
462	470
462	483
462	497
462	499
462	575
462	641
462	744
462	798
462	954
462	957
463	467
463	473
463	478
463	482
463	484
463	498
463	570
463	575
463	578
463	587
463	896
463	987
464	465
464	467
464	497
464	565
464	576
464	811
464	863
464	952
464	984
465	497
465	713
465	838
465	894
466	468
466	475
466	480
466	489
466	560
466	759
466	771
466	797
466	995
467	468
467	480
467	484
467	485
467	486
467	491
467	492
467	498
467	569
467	709
467	851
468	469
468	471
468	474
468	485
468	497
468	579
468	631
468	636
468	782
468	796
469	469
469	477
469	491
469	492
469	519
469	584
469	621
469	899
470	471
470	474
470	487
470	494
470	495
470	534
470	542
470	803
470	941
470	970
471	471
471	477
471	481
471	514
471	644
471	647
471	670
471	727
471	768
471	798
472	477
472	483
472	536
472	711
472	838
472	895
472	935
472	953
473	485
473	487
473	491
473	492
473	538
473	768
473	908
474	474
474	477
474	484
474	488
474	496
474	796
474	817
474	834
475	480
475	489
475	669
476	486
476	496
476	533
476	576
476	603
476	667
476	762
476	764
476	794
476	816
476	938
477	493
477	495
477	631
477	661
477	694
477	928
478	497
478	508
478	635
478	684
478	738
478	760
478	775
478	777
478	887
479	479
479	480
479	490
479	494
479	512
479	560
479	649
479	658
479	733
480	486
480	532
480	627
480	638
480	680
480	722
480	766
480	803
480	994
481	772
481	828
481	868
481	877
482	493
482	496
482	882
483	486
483	488
483	495
483	496
483	498
483	508
483	532
483	552
483	626
483	627
483	668
483	862
484	509
484	540
484	576
484	649
484	933
484	960
484	987
485	488
485	663
485	674
485	870
486	488
486	491
486	575
486	595
486	816
486	835
486	924
486	956
486	966
487	497
487	846
487	923
488	497
488	514
488	540
488	602
488	747
488	766
488	852
488	927
488	950
488	975
489	607
489	658
489	667
489	766
489	900
489	953
489	997
490	494
490	638
490	701
490	760
490	802
490	849
490	879
490	929
490	970
491	493
491	495
491	498
491	529
491	722
492	495
492	498
492	632
492	658
492	945
493	604
493	638
493	979
494	552
494	810
494	827
495	637
495	649
495	683
495	712
495	985
496	580
496	672
496	688
496	739
496	843
496	865
497	548
497	577
497	583
497	609
497	641
497	711
497	830
497	859
497	993
498	615
498	616
498	674
499	727
499	780
499	873
499	948
500	505
500	513
500	516
500	527
500	533
500	553
500	578
500	583
500	584
500	819
500	836
500	848
500	964
500	985
501	502
501	519
501	554
501	564
501	571
501	577
501	578
501	584
501	590
501	594
501	665
501	674
501	684
501	797
501	801
501	836
501	906
501	995
502	562
502	580
502	588
502	599
502	623
502	689
502	892
502	969
503	505
503	512
503	524
503	538
503	549
503	551
503	580
503	589
503	591
503	723
504	512
504	519
504	522
504	524
504	529
504	533
504	548
504	552
504	570
504	576
504	577
504	586
504	589
504	684
504	714
504	907
504	957
505	512
505	525
505	532
505	533
505	534
505	535
505	557
505	566
505	574
505	586
505	592
505	594
505	616
505	639
505	766
505	866
506	507
506	511
506	514
506	519
506	523
506	527
506	532
506	533
506	538
506	545
506	556
506	577
506	578
506	580
506	581
506	585
506	599
506	712
506	797
506	944
506	953
507	514
507	527
507	528
507	534
507	551
507	565
507	571
507	576
507	594
507	595
507	690
507	815
508	537
508	538
508	559
508	564
508	593
508	594
508	596
508	733
508	740
508	878
508	941
508	990
509	521
509	528
509	542
509	562
509	583
509	588
509	613
509	635
509	752
510	519
510	522
510	536
510	581
510	584
510	609
510	797
510	860
511	527
511	541
511	542
511	551
511	555
511	557
511	567
511	622
511	627
511	847
511	919
511	962
512	516
512	517
512	521
512	528
512	545
512	553
512	561
512	564
512	567
512	590
512	592
513	519
513	528
513	532
513	565
513	578
513	830
513	918
514	515
514	518
514	523
514	540
514	546
514	565
514	588
514	605
514	691
514	730
514	816
514	867
515	518
515	524
515	526
515	540
515	545
515	563
515	567
515	585
515	698
515	877
515	923
516	522
516	531
516	532
516	538
516	545
516	546
516	550
516	565
516	570
516	589
516	598
516	669
517	530
517	536
517	555
517	559
517	565
517	578
517	595
517	612
517	816
518	524
518	529
518	535
518	536
518	542
518	549
518	556
518	564
518	567
518	569
518	590
518	758
518	769
518	814
518	975
519	534
519	539
519	541
519	548
519	558
519	559
519	581
519	590
519	591
519	833
519	936
520	539
520	544
520	545
520	550
520	551
520	554
520	562
520	567
520	570
520	580
520	583
520	593
520	645
520	724
520	790
520	811
520	828
520	949
521	526
521	529
521	531
521	564
521	566
521	578
521	658
521	712
521	891
521	904
522	523
522	531
522	548
522	554
522	566
522	588
522	589
522	632
522	717
522	736
522	792
522	810
522	911
522	923
522	940
523	544
523	547
523	552
523	555
523	579
523	585
523	701
523	716
523	823
523	887
523	892
524	533
524	568
524	662
524	717
524	753
524	805
524	854
525	526
525	529
525	536
525	541
525	550
525	552
525	556
525	578
525	585
525	599
525	633
525	732
525	864
526	547
526	567
526	584
526	632
526	681
526	690
526	692
526	707
526	757
526	794
526	810
526	948
527	542
527	563
527	568
527	573
527	575
527	585
527	588
527	714
527	777
527	878
528	540
528	551
528	571
528	583
528	585
528	599
528	657
528	686
528	687
528	883
529	535
529	537
529	558
529	559
529	566
529	578
529	580
529	588
529	592
529	594
529	657
529	788
529	874
529	877
529	938
530	556
530	559
530	563
530	575
530	577
530	592
530	647
530	733
530	771
530	860
530	973
530	993
530	995
531	540
531	546
531	548
531	575
531	576
531	580
531	581
531	585
531	591
531	632
531	722
531	962
531	963
531	977
532	544
532	545
532	551
532	561
532	570
532	573
532	574
532	589
532	592
532	597
532	649
532	711
532	758
532	970
532	972
533	538
533	539
533	540
533	542
533	547
533	555
533	587
533	937
533	973
534	536
534	540
534	541
534	544
534	546
534	550
534	597
534	753
535	545
535	580
535	582
535	598
535	819
535	823
535	880
536	540
536	552
536	556
536	558
536	576
536	585
536	587
536	590
536	660
536	661
536	685
536	700
536	867
536	919
537	562
537	573
537	590
537	597
537	598
537	620
537	682
537	801
537	822
537	990
538	539
538	541
538	584
538	831
538	863
538	873
538	874
538	877
538	891
539	551
539	564
539	572
539	775
539	900
539	908
540	559
540	567
540	586
540	587
540	593
540	597
540	918
540	932
541	554
541	561
541	575
541	586
541	589
541	650
541	662
541	814
541	843
541	849
541	863
541	907
541	934
541	970
542	567
542	569
542	574
542	576
542	580
542	584
542	629
542	749
542	767
542	958
543	547
543	551
543	554
543	559
543	569
543	570
543	577
543	583
543	589
543	591
543	593
543	596
543	850
543	948
543	955
544	553
544	561
544	563
544	571
544	572
544	582
544	588
544	590
544	592
544	828
544	914
545	551
545	554
545	573
545	574
545	575
545	580
545	584
545	586
545	597
545	729
545	751
545	883
546	561
546	575
546	578
546	857
546	872
547	553
547	562
547	563
547	581
547	647
547	691
547	932
548	555
548	563
548	576
548	589
548	666
548	677
548	846
549	573
549	597
549	613
549	711
549	803
549	817
549	904
550	559
550	562
550	564
550	584
550	677
550	704
550	713
550	714
550	752
550	772
550	801
550	816
550	924
550	942
550	949
551	566
551	581
551	753
551	772
551	869
551	909
552	554
552	564
552	580
552	590
552	599
552	609
552	929
552	966
553	554
553	555
553	586
553	596
553	599
553	738
553	765
553	809
553	870
554	554
554	557
554	564
554	571
554	587
554	650
554	651
554	711
554	736
554	999
555	555
555	563
555	575
555	582
555	583
555	595
555	597
555	664
555	839
556	578
556	581
556	585
556	587
556	592
556	594
556	623
556	669
556	975
557	563
557	586
557	588
557	589
557	599
557	621
557	635
557	660
557	715
557	775
557	912
557	962
558	575
558	595
558	791
558	900
559	565
559	577
559	589
559	613
560	576
560	577
560	592
560	617
560	667
560	770
560	792
560	973
560	998
561	573
561	575
561	580
561	597
561	599
561	607
561	662
561	808
561	890
562	564
562	570
562	571
562	586
562	587
562	673
562	880
563	576
563	579
563	588
563	851
563	966
563	987
564	572
564	573
564	584
564	588
564	593
564	599
564	636
564	669
564	989
565	579
565	582
565	589
565	592
565	598
565	654
565	668
565	819
565	868
565	977
566	570
566	571
566	573
566	575
566	597
566	615
566	704
566	732
567	567
567	571
567	572
567	589
567	590
567	594
567	726
567	739
567	768
567	952
567	986
568	575
568	576
568	577
568	593
568	597
568	703
568	774
568	922
568	924
569	573
569	596
569	597
569	602
569	609
569	661
569	783
569	816
570	573
570	772
570	789
570	794
570	857
570	872
570	880
570	943
570	991
571	582
571	587
571	628
571	902
571	983
572	579
572	580
572	593
572	599
573	580
573	582
573	585
573	594
573	602
573	683
573	873
574	580
574	636
574	645
574	731
574	871
575	584
575	594
575	641
575	665
575	703
575	733
575	806
575	811
575	916
576	647
576	889
577	580
577	591
577	883
577	886
578	579
578	583
578	594
578	635
578	707
578	715
578	844
578	974
579	587
579	724
579	748
579	776
579	954
580	587
580	591
580	592
580	595
580	615
580	838
580	859
580	875
580	901
581	594
581	595
581	597
581	599
581	660
581	773
581	834
581	894
581	927
582	588
582	594
582	610
582	781
582	874
583	589
583	975
584	590
584	684
584	807
585	597
585	633
585	662
585	878
586	592
586	633
586	676
587	597
587	742
587	847
587	860
587	876
587	917
587	954
588	597
588	722
588	743
589	595
589	791
589	849
589	996
590	593
590	758
590	860
590	896
590	949
591	755
591	840
591	942
592	598
592	623
592	668
592	748
592	932
593	635
593	646
593	687
593	721
593	939
594	597
594	620
594	625
594	750
594	815
594	836
594	928
595	711
595	749
595	757
595	932
596	634
596	753
596	774
596	843
597	843
597	850
597	879
597	888
597	939
597	940
597	952
597	997
598	771
598	865
598	970
599	709
599	828
600	609
600	614
600	616
600	635
600	672
600	673
600	681
600	701
600	722
600	723
601	608
601	609
601	614
601	632
601	634
601	686
601	687
601	695
601	702
601	795
601	837
601	884
601	927
601	931
602	605
602	619
602	647
602	671
602	683
602	730
602	766
602	945
602	964
603	614
603	635
603	639
603	650
603	652
603	674
603	696
603	827
603	959
604	607
604	614
604	617
604	631
604	632
604	656
604	660
604	674
604	699
604	745
604	810
604	852
604	899
604	964
605	616
605	617
605	629
605	632
605	642
605	659
605	661
605	668
605	682
605	694
605	695
605	703
605	913
606	623
606	642
606	662
606	671
606	672
606	687
606	730
606	748
606	812
606	899
606	980
607	624
607	659
607	665
607	677
607	762
608	625
608	648
608	659
608	672
608	678
608	719
608	722
608	783
608	788
608	807
608	890
608	955
608	960
608	986
609	634
609	654
609	656
609	672
609	680
609	686
609	699
610	616
610	626
610	638
610	642
610	644
610	667
610	685
610	689
610	703
610	878
610	973
611	617
611	620
611	635
611	647
611	663
611	672
611	695
611	697
611	699
611	880
611	946
611	998
612	613
612	622
612	639
612	654
612	656
612	666
612	684
612	983
612	999
613	623
613	634
613	635
613	638
613	646
613	660
613	665
613	667
613	669
613	676
613	678
613	691
613	800
613	898
613	899
614	627
614	634
614	651
614	668
614	678
614	679
614	681
614	698
614	845
614	943
614	995
615	636
615	639
615	670
615	671
615	672
615	673
615	689
615	849
615	855
615	867
615	941
615	977
616	625
616	633
616	643
616	646
616	666
616	677
616	685
616	687
616	696
616	799
616	903
617	630
617	646
617	653
617	667
617	682
617	686
617	689
617	692
617	715
617	728
617	757
617	921
617	924
617	927
617	932
617	962
618	624
618	637
618	648
618	654
618	659
618	669
618	677
618	681
618	919
618	932
619	647
619	666
619	673
619	684
619	692
619	696
619	699
619	784
619	851
619	920
620	663
620	665
620	670
620	671
620	681
620	682
620	683
620	695
620	786
620	806
620	835
621	628
621	630
621	631
621	639
621	640
621	644
621	646
621	665
621	689
621	822
621	837
621	987
622	626
622	630
622	646
622	651
622	662
622	664
622	678
622	681
622	832
622	897
622	954
623	626
623	639
623	642
623	653
623	660
623	668
623	684
623	748
623	897
623	914
623	975
624	645
624	649
624	659
624	670
624	674
624	689
624	693
624	757
624	770
624	886
625	632
625	638
625	639
625	645
625	664
625	680
625	684
625	722
625	789
625	846
625	858
625	994
626	635
626	646
626	647
626	657
626	673
626	680
626	686
626	698
626	852
627	635
627	648
627	650
627	654
627	689
627	691
627	692
627	749
627	776
627	782
627	851
627	864
627	874
627	918
627	943
627	996
628	632
628	640
628	646
628	664
628	673
628	680
628	685
628	844
628	900
628	947
628	949
628	965
629	635
629	638
629	654
629	656
629	659
629	674
629	695
629	696
629	698
629	754
629	924
629	995
630	647
630	655
630	658
630	664
630	666
630	667
630	669
630	680
630	717
630	896
630	949
630	980
631	634
631	636
631	637
631	646
631	666
631	679
631	688
631	689
631	763
631	832
631	837
631	842
632	639
632	654
632	670
632	679
632	693
632	704
632	716
632	792
632	975
633	638
633	640
633	664
633	669
633	670
633	677
633	693
633	731
633	824
633	949
634	638
634	652
634	657
634	674
634	685
634	687
634	699
634	706
634	740
634	745
635	638
635	649
635	652
635	749
635	750
635	810
635	892
635	931
636	648
636	649
636	653
636	656
636	658
636	663
636	671
636	673
636	694
636	750
636	769
636	859
636	873
636	951
636	982
637	650
637	653
637	676
637	687
637	695
637	697
637	699
637	708
637	770
638	643
638	652
638	656
638	664
638	691
638	824
638	909
638	984
639	639
639	673
639	681
639	690
639	693
639	723
639	748
639	893
640	662
640	683
640	705
640	734
640	791
640	839
640	848
640	956
641	649
641	657
641	659
641	661
641	690
641	697
641	834
642	642
642	650
642	661
642	668
642	669
642	682
642	691
642	752
642	770
642	785
642	825
642	831
642	878
643	643
643	664
643	797
643	967
644	669
644	677
644	679
644	682
644	936
644	990
645	673
645	692
645	853
645	901
645	995
646	654
646	659
646	663
646	669
646	671
646	674
646	675
646	682
646	692
646	693
646	694
646	718
646	740
646	814
646	981
647	670
647	674
647	693
647	694
647	747
647	751
647	854
647	899
647	961
648	655
648	696
648	697
648	787
648	877
649	656
649	667
649	690
649	949
650	669
650	678
650	681
650	688
651	656
651	671
651	673
651	677
651	687
651	697
651	935
651	948
652	654
652	663
652	674
652	676
652	686
652	778
652	810
653	653
653	654
653	677
653	689
653	699
653	793
653	974
654	676
654	687
654	691
654	694
654	710
654	991
655	675
655	676
655	688
655	689
655	699
655	943
655	990
655	992
656	657
656	671
656	681
656	690
656	693
656	772
656	809
656	870
656	955
657	661
657	695
657	710
657	791
657	961
657	989
658	661
658	662
658	665
658	670
658	688
658	937
658	940
659	662
659	665
659	677
659	680
659	690
659	693
659	695
659	762
659	851
660	666
660	855
661	668
661	673
661	677
661	679
661	896
662	669
662	676
662	682
662	684
662	692
662	697
662	808
663	668
663	718
663	788
663	902
664	667
664	671
664	687
664	693
664	805
664	856
664	965
665	686
665	724
666	677
666	680
666	695
666	697
666	705
666	826
667	668
667	678
667	682
667	908
668	669
668	692
668	750
668	801
668	842
669	677
669	694
669	826
669	916
669	971
670	672
670	695
670	698
670	700
670	823
670	842
671	676
671	688
671	735
671	842
671	960
672	812
672	872
673	673
673	681
673	699
673	723
673	813
673	890
674	678
674	692
674	769
674	778
674	823
674	856
675	679
675	681
675	694
675	749
675	857
675	933
676	682
676	941
676	964
677	721
677	736
677	888
678	689
678	691
678	859
678	943
679	685
679	686
679	693
679	699
679	788
679	801
679	941
679	966
680	693
680	814
680	853
680	976
680	981
681	689
681	734
681	941
681	955
682	684
682	689
682	693
682	741
682	747
683	688
683	783
683	861
683	956
685	717
685	784
685	994
686	688
686	693
686	912
686	938
686	968
687	689
687	692
687	864
687	980
688	819
688	826
688	895
688	972
689	706
689	834
689	963
690	719
690	744
690	955
691	691
691	699
691	765
691	814
691	833
691	858
691	891
691	962
692	698
692	724
693	693
693	695
693	696
693	730
693	805
693	825
693	959
694	725
694	999
695	861
695	989
696	720
696	766
696	968
697	791
697	823
698	853
698	885
698	888
698	915
698	972
699	808
700	702
700	704
700	706
700	707
700	711
700	718
700	728
700	729
700	736
700	744
700	750
700	760
700	761
700	774
700	783
700	793
700	873
701	707
701	710
701	713
701	751
701	755
701	756
701	764
701	765
701	777
701	780
701	782
701	794
701	795
701	942
702	721
702	737
702	752
702	755
702	765
702	772
702	797
702	837
702	861
702	892
703	705
703	751
703	759
703	769
703	771
703	776
703	779
703	787
703	789
703	799
703	841
703	847
703	991
704	704
704	708
704	713
704	715
704	719
704	731
704	735
704	745
704	749
704	757
704	763
704	769
704	778
704	781
704	785
704	792
704	944
704	959
704	976
704	986
705	713
705	723
705	733
705	754
705	758
705	767
705	782
705	784
705	791
705	885
706	713
706	720
706	738
706	755
706	770
706	978
707	715
707	717
707	718
707	720
707	729
707	738
707	746
707	767
707	789
707	794
707	798
707	911
707	933
708	719
708	723
708	744
708	755
708	763
708	767
708	789
708	819
709	731
709	738
709	739
709	745
709	764
709	769
709	777
709	780
709	788
709	791
709	881
709	972
710	715
710	721
710	728
710	739
710	746
710	762
710	769
710	774
710	783
710	790
710	925
711	715
711	716
711	720
711	737
711	746
711	749
711	763
711	766
711	917
712	713
712	714
712	723
712	729
712	738
712	739
712	754
712	768
712	772
712	773
713	715
713	719
713	730
713	736
713	742
713	744
713	773
713	777
713	778
713	783
714	719
714	750
714	755
714	756
714	761
714	768
714	771
714	773
714	790
714	794
714	795
714	796
714	823
714	911
715	769
715	784
715	794
715	797
715	839
716	717
716	740
716	747
716	776
716	780
716	783
716	787
716	795
716	849
716	895
716	929
717	731
717	734
717	754
717	767
717	782
717	788
717	789
717	790
717	827
718	718
718	719
718	723
718	727
718	728
718	730
718	736
718	749
718	756
718	764
718	771
718	787
718	792
718	919
719	737
719	789
719	797
719	992
720	725
720	727
720	729
720	747
720	751
720	756
720	767
720	771
720	782
721	722
721	731
721	738
721	743
721	745
721	749
721	773
721	839
721	852
722	724
722	736
722	739
722	757
722	763
722	773
722	778
722	782
722	789
722	956
722	990
723	727
723	736
723	738
723	739
723	745
723	751
723	766
723	770
724	731
724	732
724	744
724	749
724	754
724	791
724	792
724	819
724	883
725	730
725	732
725	741
725	748
725	753
725	755
725	781
725	788
725	792
725	812
725	817
725	856
725	870
725	971
725	984
726	732
726	746
726	759
726	763
726	766
726	769
726	789
726	792
726	793
726	796
726	818
726	831
726	925
726	939
727	739
727	746
727	749
727	767
727	770
727	789
727	792
727	797
727	798
727	930
728	748
728	752
728	765
728	770
728	779
728	783
728	787
728	788
728	798
728	904
728	948
729	742
729	748
729	749
729	754
729	758
729	772
729	774
729	793
729	877
729	888
730	733
730	753
730	754
730	757
730	775
730	791
730	792
730	816
730	933
731	739
731	769
731	778
731	872
731	898
731	959
732	732
732	785
732	786
732	796
732	939
732	943
733	735
733	739
733	749
733	759
733	782
733	797
733	820
733	828
733	905
733	918
733	921
734	750
734	752
734	758
734	783
734	792
734	813
734	878
734	882
734	898
734	952
734	984
735	738
735	744
735	773
735	785
735	791
735	795
735	817
735	905
736	750
736	754
736	755
736	781
736	802
736	891
736	956
736	961
737	742
737	746
737	757
737	772
737	787
737	789
737	795
737	807
737	847
737	884
738	749
738	757
738	758
738	762
738	767
738	782
738	789
738	941
738	979
739	744
739	764
739	770
739	774
739	781
739	786
739	799
739	921
740	758
740	772
740	774
740	780
740	793
740	817
741	751
741	773
741	777
741	793
741	795
742	748
742	755
742	771
742	775
742	789
742	791
742	796
742	947
743	747
743	755
743	771
743	777
743	791
743	794
744	752
744	763
744	770
744	791
744	793
744	798
744	903
744	904
744	979
745	747
745	765
745	795
745	797
745	909
745	926
745	945
746	752
746	764
746	775
746	782
746	802
746	829
747	748
747	764
747	773
747	779
747	879
747	977
748	751
748	753
748	755
748	773
748	922
749	753
749	760
749	762
749	768
749	797
750	753
750	760
750	761
750	780
750	783
750	797
750	893
750	895
750	912
750	945
750	964
751	753
751	761
751	774
751	822
751	865
752	757
752	771
752	784
752	786
752	788
752	793
752	798
752	820
752	961
753	758
753	760
753	778
753	780
753	781
753	784
753	787
753	788
753	813
753	986
754	772
754	775
754	776
754	777
754	780
754	785
754	791
754	799
754	831
754	913
755	760
755	766
755	771
755	778
755	794
755	799
755	841
755	912
755	989
756	760
756	761
756	774
756	776
756	781
756	894
757	794
757	901
757	925
758	760
758	768
758	784
758	810
759	764
759	770
759	772
759	780
759	786
759	795
759	839
759	846
759	933
760	765
760	769
760	770
760	771
760	772
760	783
760	784
760	789
760	974
761	771
761	776
761	778
761	782
761	817
761	820
761	873
762	762
762	769
762	776
762	906
762	910
762	935
763	771
763	775
763	786
763	793
763	795
764	768
764	778
764	780
764	791
764	798
764	954
765	798
765	799
765	844
766	767
766	769
766	777
766	780
766	782
766	785
766	786
766	790
766	794
766	797
766	799
766	824
766	854
766	871
766	897
766	929
767	863
767	895
767	952
768	774
768	882
768	905
769	781
769	785
769	803
769	813
769	999
770	787
770	789
770	791
770	793
770	844
770	973
771	782
771	880
771	897
771	973
772	775
772	788
772	914
772	985
773	787
773	796
774	778
774	786
774	792
774	795
774	840
774	929
775	777
775	779
775	780
775	807
775	837
776	788
776	795
777	784
777	788
777	820
777	822
777	878
777	941
777	982
778	781
778	860
778	913
778	924
779	799
779	840
779	939
780	788
781	787
781	791
781	795
782	783
782	787
782	788
782	790
782	894
782	927
782	932
782	942
783	783
783	793
783	797
783	847
783	877
783	956
783	964
783	982
784	785
784	788
784	841
784	880
784	882
784	884
785	792
785	911
786	799
786	825
786	965
787	852
787	923
788	788
788	820
788	951
789	798
789	825
789	828
789	837
789	878
789	932
790	792
790	799
790	922
791	819
791	844
791	859
791	880
791	942
792	794
792	838
792	879
792	923
792	952
794	824
794	994
795	878
796	803
796	872
796	984
797	876
797	921
797	998
798	879
799	953
800	803
800	807
800	808
800	834
800	838
800	847
800	861
800	881
800	886
800	896
801	809
801	811
801	817
801	818
801	828
801	830
801	834
801	836
801	846
801	852
801	856
801	860
801	877
801	887
801	987
802	811
802	824
802	828
802	835
802	836
802	864
802	878
802	884
802	885
802	887
802	891
802	893
802	983
802	984
803	809
803	816
803	828
803	830
803	836
803	837
803	844
803	851
803	856
803	877
803	881
803	891
803	897
804	806
804	822
804	832
804	842
804	848
804	856
804	859
804	867
804	886
804	892
804	897
805	807
805	831
805	835
805	858
805	883
805	886
805	890
805	891
805	922
805	927
806	815
806	816
806	822
806	826
806	847
806	854
806	871
806	883
806	885
806	894
806	919
807	807
807	809
807	814
807	818
807	819
807	845
807	848
807	857
807	873
807	877
807	878
807	885
807	979
808	829
808	833
808	834
808	849
808	874
808	879
808	890
808	891
809	812
809	818
809	829
809	832
809	836
809	840
809	867
809	892
809	897
809	899
809	900
810	810
810	815
810	816
810	823
810	827
810	832
810	838
810	864
810	874
810	878
810	894
811	815
811	850
811	863
811	865
811	878
811	892
811	924
812	814
812	818
812	831
812	858
812	859
812	869
812	877
812	881
812	908
812	914
812	973
813	848
813	849
813	854
813	872
813	879
813	895
814	816
814	822
814	831
814	835
814	842
814	846
814	870
814	948
815	828
815	829
815	834
815	844
815	854
815	874
815	883
815	898
815	899
815	907
815	954
816	853
816	866
816	877
817	828
817	879
817	887
817	932
817	981
818	856
818	876
819	820
819	836
819	840
819	869
819	874
819	882
819	890
819	892
820	833
820	840
820	849
820	852
820	885
820	896
820	898
820	903
821	838
821	852
821	856
821	870
821	875
821	877
821	897
821	898
822	823
822	837
822	840
822	845
822	847
822	849
822	861
822	862
822	864
822	882
823	834
823	841
823	842
823	858
823	864
823	872
823	893
823	897
824	833
824	843
824	846
824	847
824	853
824	855
824	857
824	890
824	895
824	897
824	938
825	830
825	845
825	850
825	861
825	869
825	872
825	876
825	877
825	887
825	894
825	896
825	897
825	941
826	862
826	866
826	867
826	870
826	885
826	892
826	898
826	926
827	832
827	859
827	869
827	872
827	878
827	889
827	893
827	954
828	832
828	851
828	868
828	873
828	880
828	884
828	898
828	981
829	837
829	840
829	851
829	854
829	860
829	863
829	864
830	836
830	882
830	883
830	894
830	898
830	981
831	836
831	838
831	849
831	873
831	877
831	894
831	897
832	836
832	844
832	857
832	860
832	877
832	883
832	884
833	837
833	849
833	854
833	855
833	875
833	895
833	925
833	984
834	834
834	849
834	859
834	875
834	877
834	880
834	890
834	935
834	936
835	839
835	841
835	854
835	859
835	860
835	867
835	868
835	877
835	892
835	898
836	849
836	852
836	865
836	882
836	887
836	894
836	900
837	848
837	854
837	859
837	862
837	864
837	896
837	907
838	848
838	854
838	860
838	862
838	866
838	878
838	898
838	908
838	934
838	989
839	840
839	844
839	866
839	881
839	887
839	890
839	891
839	893
840	852
840	868
840	877
840	899
840	921
841	843
841	847
841	854
841	866
841	873
841	893
841	896
842	849
842	856
842	867
842	871
842	872
842	880
842	910
842	950
843	861
843	876
843	885
843	891
843	941
844	846
844	855
844	869
844	975
845	846
845	850
845	859
845	862
845	863
845	864
845	875
845	893
845	896
846	847
846	848
846	851
846	853
846	858
846	865
846	872
846	880
846	882
846	886
846	892
846	897
846	898
847	847
847	859
847	887
847	894
847	920
848	858
848	863
848	870
848	893
848	896
848	920
849	855
849	856
849	875
849	888
849	892
849	897
849	899
850	861
850	872
850	883
850	886
850	893
850	898
850	961
850	987
851	852
851	856
851	861
851	863
851	864
851	870
851	874
851	875
851	890
851	892
851	924
851	963
852	871
852	881
852	892
852	894
853	853
853	883
853	890
853	913
853	920
853	966
854	855
854	866
854	868
854	871
854	880
854	889
855	863
855	872
855	882
855	892
856	887
856	894
856	897
857	866
857	876
857	885
857	892
857	949
857	970
858	859
858	872
858	888
858	891
858	897
859	866
859	871
859	880
859	940
860	862
860	863
860	866
860	874
860	890
860	895
860	897
861	864
861	891
862	863
862	885
862	886
863	893
863	897
864	884
864	886
864	959
865	869
865	877
865	880
865	887
865	892
865	896
865	916
866	883
866	885
866	898
866	954
867	882
867	888
867	896
868	871
868	884
868	923
869	878
870	879
870	883
870	918
870	926
870	944
870	956
871	882
871	947
872	874
873	874
873	877
873	879
873	888
873	890
873	900
874	884
874	894
874	899
874	984
875	878
875	890
875	897
875	898
875	963
876	878
876	892
876	895
877	881
877	884
877	887
877	890
878	881
878	894
878	966
879	880
879	886
879	895
879	896
879	911
879	972
880	891
880	894
880	897
880	899
880	963
881	886
881	891
882	895
882	899
882	909
882	951
883	898
883	939
884	892
884	895
884	897
884	899
885	897
885	898
885	918
886	888
886	892
886	896
887	889
887	895
887	903
887	970
888	894
888	901
889	896
891	891
891	893
891	895
891	972
892	945
892	963
893	899
893	943
893	991
894	895
895	899
896	936
898	944
898	974
899	899
900	919
900	926
900	933
900	956
900	964
900	970
900	991
900	995
901	909
901	930
901	950
901	952
901	957
901	967
901	988
901	991
902	906
902	910
902	924
902	926
902	927
902	938
902	942
902	949
902	950
902	958
902	977
902	983
903	904
903	912
903	933
903	935
903	939
903	944
903	957
903	958
903	961
903	962
903	967
903	974
903	976
903	986
903	988
903	990
904	913
904	927
904	938
904	950
904	952
904	953
904	959
904	962
904	966
904	978
904	980
904	986
904	999
905	905
905	928
905	934
905	957
905	965
905	975
905	987
905	989
905	996
905	997
906	912
906	918
906	922
906	934
906	936
906	938
906	954
906	973
906	974
906	992
906	997
906	999
907	912
907	918
907	925
907	930
907	937
907	946
907	949
907	952
907	961
907	967
907	973
907	977
907	987
907	990
907	991
907	993
907	996
908	914
908	921
908	924
908	925
908	928
908	937
908	938
908	952
908	961
908	972
908	977
908	980
909	914
909	920
909	922
909	961
909	972
910	913
910	916
910	921
910	929
910	939
910	942
910	946
910	957
911	913
911	923
911	926
911	933
911	934
911	946
911	950
911	971
911	973
911	983
911	988
911	991
912	915
912	926
912	935
912	945
912	966
912	969
912	971
912	980
912	991
912	995
913	914
913	924
913	927
913	931
913	933
913	951
913	957
913	959
913	968
913	975
913	980
913	993
914	947
914	976
914	983
915	918
915	921
915	927
915	944
915	945
915	955
915	966
915	984
915	998
915	999
916	923
916	925
916	927
916	948
916	951
916	962
916	967
916	970
916	985
916	988
916	995
917	919
917	925
917	928
917	958
917	969
917	985
917	992
917	996
918	918
918	931
918	939
918	985
919	929
919	932
919	938
919	943
919	982
920	923
920	932
920	942
920	948
920	950
920	952
920	963
920	968
920	974
920	980
920	988
920	990
921	927
921	931
921	932
921	939
921	946
921	948
921	950
921	991
921	997
922	923
922	933
922	938
922	946
922	949
922	965
922	972
922	976
922	982
922	999
923	940
923	945
923	951
923	962
923	967
923	979
923	986
923	993
924	948
924	954
924	958
924	969
924	971
924	995
925	930
925	939
925	943
925	944
925	946
925	947
925	948
925	968
925	969
925	972
926	939
926	945
926	992
927	938
927	944
927	945
927	968
927	977
927	983
928	931
928	936
928	938
928	940
928	952
928	963
928	970
928	980
928	990
928	992
928	995
929	934
929	947
929	961
929	962
929	963
929	981
929	982
929	984
929	986
929	992
929	994
930	938
930	949
930	975
931	936
931	937
931	943
931	944
931	950
931	958
931	974
931	985
931	990
931	994
931	995
932	932
932	938
932	940
932	955
932	960
932	961
932	963
932	964
932	985
932	987
932	988
932	996
933	946
933	966
933	967
933	972
933	989
934	955
934	985
934	988
934	989
934	993
935	940
935	945
935	950
935	987
935	992
935	997
936	936
936	941
936	946
936	975
936	980
936	989
937	938
937	939
937	951
937	961
937	962
937	977
938	943
938	947
938	961
938	965
938	984
938	985
938	989
938	998
939	948
939	950
939	962
939	964
939	975
939	987
939	988
940	953
940	962
940	963
940	967
940	985
941	953
941	955
941	956
941	971
941	979
941	981
941	988
941	995
942	951
942	960
942	963
942	964
942	978
942	993
942	998
943	953
943	967
943	971
943	986
943	999
944	951
944	965
944	971
944	976
945	946
945	957
945	961
945	967
945	974
945	989
946	962
946	967
947	948
947	949
947	950
947	951
947	968
947	996
948	952
948	958
948	968
948	977
948	979
948	981
948	983
948	989
948	995
949	960
950	973
950	975
950	976
950	986
950	988
950	993
951	958
951	972
951	973
951	982
952	965
952	975
952	979
952	989
953	955
953	970
953	977
953	989
953	996
954	958
954	969
954	985
955	957
955	963
955	971
955	978
956	960
956	978
956	980
956	986
957	964
958	964
958	970
958	983
958	994
958	999
959	967
959	969
959	987
959	989
960	969
960	971
960	982
960	983
960	985
961	965
961	971
961	979
961	984
961	989
962	962
962	965
962	969
962	975
962	976
963	973
963	983
963	988
963	990
963	992
964	970
964	971
964	973
964	977
964	985
965	971
965	986
966	970
966	978
966	980
966	990
966	991
967	970
967	983
967	986
967	998
968	992
969	976
969	986
969	988
969	990
969	999
970	979
970	986
970	995
970	997
970	999
971	998
972	972
972	979
972	986
972	989
973	974
973	975
973	989
974	985
974	989
974	995
974	997
974	998
975	984
976	977
976	989
976	996
977	983
977	984
977	991
977	994
978	980
978	986
978	988
978	997
979	994
980	984
981	984
981	987
981	993
982	996
983	990
984	986
984	990
985	992
986	990
986	992
987	994
987	995
987	998
993	996
993	999
994	995
994	998
998	999
