0	5
0	15
0	21
0	24
0	27
0	31
0	34
0	35
0	48
0	50
0	52
0	57
0	58
0	60
0	66
0	68
0	87
0	88
0	94
0	179
0	204
0	213
0	605
1	8
1	10
1	13
1	16
1	28
1	36
1	41
1	42
1	50
1	55
1	65
1	68
1	77
1	95
1	253
1	496
1	578
1	859
2	10
2	12
2	13
2	37
2	48
2	54
2	82
2	86
2	88
2	96
2	176
2	662
2	908
3	8
3	9
3	18
3	27
3	29
3	39
3	43
3	64
3	66
3	68
3	79
3	80
3	214
3	248
3	607
4	10
4	12
4	14
4	20
4	21
4	26
4	51
4	52
4	57
4	59
4	61
4	67
4	71
4	78
4	82
4	83
4	96
4	713
4	893
4	908
5	6
5	16
5	25
5	38
5	50
5	55
5	71
5	75
5	79
5	99
5	427
5	434
5	473
5	619
5	813
5	905
5	993
6	15
6	24
6	29
6	48
6	49
6	51
6	53
6	59
6	70
6	71
6	83
6	84
6	85
6	91
6	99
6	545
6	734
6	892
7	21
7	23
7	32
7	38
7	54
7	55
7	59
7	71
7	249
7	325
7	395
7	716
8	9
8	13
8	19
8	24
8	34
8	35
8	39
8	47
8	49
8	53
8	60
8	75
8	90
8	94
8	99
8	183
8	279
8	651
8	910
8	922
9	11
9	12
9	14
9	30
9	37
9	43
9	60
9	61
9	62
9	68
9	75
9	77
9	78
9	79
9	81
9	85
9	147
9	212
9	223
9	235
9	285
9	309
9	365
9	405
9	498
9	877
10	36
10	43
10	45
10	49
10	54
10	58
10	78
10	134
10	216
10	442
10	779
10	798
10	879
10	890
10	964
11	60
11	66
11	68
11	69
11	85
11	93
11	95
11	99
11	108
11	350
11	364
11	437
11	527
12	21
12	28
12	29
12	30
12	34
12	43
12	46
12	49
12	93
12	94
12	97
12	808
12	823
13	16
13	45
13	47
13	48
13	53
13	54
13	65
13	67
13	71
13	72
13	80
13	83
13	84
13	87
13	93
13	211
13	418
13	444
13	659
14	32
14	34
14	40
14	43
14	55
14	58
14	63
14	74
14	375
14	388
14	436
14	439
14	647
14	720
14	981
15	18
15	25
15	33
15	51
15	58
15	65
15	70
15	87
15	92
15	94
15	99
15	308
15	321
15	371
15	449
15	494
15	842
16	21
16	22
16	35
16	46
16	49
16	56
16	59
16	68
16	82
16	85
16	91
16	94
16	95
16	143
16	214
16	244
16	265
16	330
16	541
16	629
16	952
16	980
17	20
17	22
17	29
17	48
17	53
17	57
17	67
17	70
17	78
17	125
17	133
17	442
17	735
17	963
18	24
18	37
18	39
18	43
18	45
18	48
18	50
18	56
18	84
18	97
18	136
18	255
18	289
18	476
18	488
18	655
18	833
19	31
19	32
19	43
19	47
19	52
19	55
19	71
19	74
19	75
19	81
19	83
19	88
19	90
19	332
19	438
19	523
19	817
19	841
19	972
20	23
20	40
20	47
20	52
20	54
20	55
20	62
20	66
20	84
20	98
20	149
20	215
20	232
20	910
21	33
21	38
21	79
21	83
21	85
21	87
21	412
21	493
21	525
21	548
21	998
22	44
22	63
22	80
22	89
22	455
22	484
22	856
22	898
22	944
22	971
23	28
23	36
23	51
23	56
23	57
23	78
23	83
23	95
23	97
23	217
23	454
23	562
23	676
24	27
24	34
24	52
24	64
24	75
24	92
24	93
24	98
24	158
24	192
24	220
24	507
24	654
24	690
24	853
24	890
25	29
25	34
25	38
25	40
25	57
25	62
25	66
25	72
25	125
25	355
25	410
25	555
25	616
25	931
26	34
26	78
26	86
26	95
26	152
26	351
26	489
26	514
26	515
26	727
26	750
26	984
27	35
27	46
27	49
27	57
27	59
27	65
27	66
27	71
27	76
27	81
27	181
27	289
27	435
27	481
27	541
27	556
27	604
27	671
27	748
27	788
27	800
27	802
27	888
27	952
28	32
28	33
28	41
28	43
28	48
28	53
28	65
28	68
28	71
28	90
28	95
28	313
28	342
28	615
28	671
28	894
28	995
29	33
29	40
29	43
29	48
29	55
29	57
29	91
29	724
29	831
29	946
30	30
30	35
30	44
30	49
30	53
30	65
30	67
30	72
30	74
30	82
30	89
30	94
30	185
30	531
30	670
30	676
30	777
30	877
30	898
31	46
31	54
31	71
31	75
31	80
31	84
31	98
31	223
31	298
31	569
31	763
31	800
31	830
31	960
32	44
32	50
32	51
32	57
32	61
32	62
32	65
32	79
32	93
32	94
32	99
32	395
32	517
32	753
32	958
33	40
33	44
33	46
33	51
33	57
33	59
33	67
33	68
33	74
33	75
33	85
33	94
33	97
33	99
33	868
34	45
34	51
34	52
34	58
34	60
34	70
34	71
34	85
34	521
34	914
35	38
35	51
35	56
35	62
35	87
35	91
35	96
35	99
35	208
35	261
35	383
35	594
35	600
35	960
36	43
36	44
36	58
36	88
36	90
36	252
36	528
36	571
36	610
36	783
37	44
37	50
37	51
37	59
37	70
37	79
37	91
37	94
37	148
37	202
37	574
37	974
38	44
38	58
38	72
38	74
38	85
38	346
38	632
38	712
39	41
39	53
39	64
39	67
39	68
39	69
39	75
39	89
39	92
39	218
39	253
39	561
39	631
39	700
39	792
39	970
40	43
40	92
40	97
40	99
40	202
40	590
40	683
40	695
40	883
40	995
41	62
41	64
41	66
41	72
41	74
41	86
41	95
41	435
41	480
41	549
41	592
41	688
41	734
41	868
42	43
42	45
42	55
42	68
42	97
42	119
42	134
42	148
42	190
42	654
42	684
42	801
43	43
43	44
43	52
43	53
43	62
43	66
43	69
43	75
43	77
43	88
43	107
43	377
43	432
43	744
43	960
44	53
44	55
44	59
44	61
44	65
44	79
44	94
44	224
44	238
44	827
45	47
45	56
45	75
45	96
45	98
45	460
45	509
45	826
46	53
46	68
46	75
46	80
46	86
46	93
46	98
46	99
46	177
46	265
46	331
46	739
46	848
47	50
47	65
47	70
47	75
47	79
47	84
47	103
47	366
47	536
47	586
47	828
47	875
47	963
48	49
48	97
48	142
48	243
48	447
48	803
48	924
49	51
49	53
49	59
49	95
49	291
49	420
49	971
50	58
50	61
50	65
50	67
50	84
50	86
50	89
50	96
50	257
50	262
50	319
51	51
51	52
51	56
51	59
51	61
51	66
51	70
51	72
51	74
51	85
51	86
51	93
51	96
51	97
51	597
52	54
52	65
52	66
52	67
52	70
52	72
52	222
52	231
52	234
52	522
52	573
52	626
52	655
53	56
53	57
53	75
53	89
53	95
53	120
53	170
53	290
53	506
53	526
53	574
53	768
54	59
54	60
54	67
54	70
54	73
54	75
54	83
54	87
54	94
54	99
54	236
54	252
54	286
54	308
54	340
54	563
54	608
54	661
54	694
55	58
55	60
55	74
55	80
55	94
55	99
55	164
55	647
55	783
55	832
56	65
56	70
56	74
56	94
56	99
56	178
56	213
56	223
56	303
56	317
56	331
56	581
56	656
56	689
56	942
57	61
57	85
57	90
57	94
57	120
57	134
57	175
57	548
57	549
57	580
57	845
57	958
58	74
58	81
58	94
58	95
58	705
58	729
58	735
58	839
58	840
59	276
59	314
59	377
59	513
59	609
59	731
59	847
59	957
59	967
60	63
60	64
60	73
60	104
60	387
60	973
61	67
61	68
61	71
61	88
61	302
61	484
61	619
61	655
61	858
61	874
61	976
62	65
62	226
62	300
62	585
62	996
63	64
63	66
63	83
63	85
63	88
63	89
63	163
63	348
63	625
64	77
64	78
64	88
64	98
64	504
64	549
64	558
64	563
64	890
65	65
65	70
65	84
65	86
65	87
65	89
65	94
65	96
65	153
65	234
65	675
66	69
66	75
66	141
66	334
66	514
66	762
66	898
67	69
67	75
67	78
67	88
67	99
68	92
68	93
68	95
68	96
68	97
68	117
68	122
68	386
68	394
68	416
68	612
68	666
68	696
68	703
68	927
68	986
69	81
69	86
69	91
69	111
69	540
69	640
69	654
69	707
69	887
70	74
70	83
70	290
70	409
70	415
70	600
70	858
71	73
71	81
71	99
71	118
71	287
71	300
71	312
71	787
71	807
71	921
72	73
72	79
72	83
72	93
72	96
72	99
72	170
72	509
72	813
72	949
73	74
73	615
74	84
74	93
74	94
74	204
74	363
74	588
74	606
74	711
74	928
75	77
75	78
75	80
75	82
75	91
75	97
75	98
75	364
75	700
75	732
75	815
76	77
76	87
76	194
76	206
76	237
76	549
76	613
77	78
77	81
77	83
77	86
77	165
77	293
77	413
77	420
77	537
77	788
77	968
78	245
78	274
78	395
78	485
78	556
78	596
79	94
79	96
79	97
79	208
79	308
79	515
79	577
79	581
79	809
79	824
80	84
80	90
80	97
80	214
80	269
80	455
80	470
80	777
80	946
80	981
81	86
81	89
81	91
81	388
81	491
81	665
81	709
81	825
81	860
82	93
82	99
82	331
82	546
82	580
82	678
82	775
82	831
82	936
83	86
83	89
83	103
83	323
83	442
83	510
83	662
83	669
83	818
84	92
84	97
84	260
84	356
84	460
84	577
84	677
84	885
85	92
85	93
85	254
85	599
85	774
85	916
86	89
86	92
86	401
86	518
86	535
86	857
86	947
87	89
87	94
87	105
87	224
87	398
87	690
87	703
87	732
87	817
87	950
87	996
88	88
88	96
88	98
88	264
88	304
88	342
88	492
89	90
89	98
89	246
89	356
89	381
89	804
89	808
90	93
90	94
90	95
90	147
90	461
90	633
90	911
90	932
90	964
91	136
91	179
91	393
92	374
92	410
92	517
92	571
92	688
92	892
92	999
93	98
93	200
93	498
93	607
93	659
93	862
94	96
94	219
94	682
94	914
94	976
95	208
95	239
95	379
95	507
95	856
95	927
96	97
96	285
96	369
96	451
96	573
96	631
96	676
96	782
96	811
96	920
97	97
97	98
97	168
97	559
97	685
97	747
97	893
98	125
98	145
98	241
98	318
98	860
99	335
99	411
99	775
100	102
100	107
100	110
100	120
100	126
100	163
100	176
100	179
100	189
100	192
100	194
100	198
100	356
100	399
100	769
100	898
100	910
100	911
100	976
101	103
101	110
101	115
101	126
101	129
101	131
101	142
101	147
101	177
101	183
101	193
101	195
101	197
101	364
101	543
101	552
101	825
101	826
101	885
102	103
102	111
102	112
102	113
102	119
102	131
102	140
102	148
102	158
102	160
102	182
102	204
102	496
102	721
102	839
102	848
102	952
102	973
103	111
103	122
103	136
103	139
103	148
103	152
103	154
103	157
103	162
103	178
103	180
103	190
103	269
103	299
103	636
103	881
104	135
104	141
104	142
104	144
104	146
104	150
104	158
104	170
104	173
104	174
104	180
104	183
104	192
104	196
104	555
105	113
105	129
105	148
105	150
105	159
105	164
105	168
105	169
105	170
105	181
105	188
105	189
105	195
105	230
105	268
105	356
105	370
105	409
105	484
105	925
105	987
106	109
106	112
106	113
106	118
106	121
106	131
106	148
106	153
106	165
106	167
106	172
106	176
106	178
106	188
106	189
106	194
106	277
106	411
106	447
106	766
106	829
106	952
107	116
107	132
107	137
107	138
107	153
107	156
107	165
107	166
107	169
107	177
107	180
107	183
107	222
107	418
107	599
107	791
107	824
107	863
108	113
108	115
108	129
108	135
108	137
108	140
108	147
108	148
108	152
108	156
108	159
108	160
108	169
108	182
108	191
108	301
108	501
108	672
108	865
108	957
109	125
109	134
109	140
109	155
109	156
109	164
109	174
109	182
109	183
109	187
109	275
109	604
109	848
110	113
110	117
110	119
110	130
110	136
110	138
110	171
110	172
110	174
110	181
110	186
110	188
110	195
110	645
110	648
110	763
110	994
111	123
111	126
111	134
111	136
111	142
111	144
111	155
111	161
111	166
111	185
111	186
111	187
111	196
111	280
111	419
111	621
111	676
112	113
112	120
112	124
112	127
112	144
112	148
112	171
112	177
112	191
112	193
112	199
112	335
112	444
112	466
112	533
112	773
112	825
113	130
113	139
113	153
113	155
113	158
113	179
113	186
113	188
113	494
113	662
113	701
114	114
114	120
114	127
114	130
114	131
114	133
114	144
114	151
114	161
114	163
114	165
114	169
114	170
114	175
114	177
114	185
114	191
114	195
114	197
114	210
114	296
114	373
114	431
114	782
114	870
114	957
115	119
115	125
115	131
115	133
115	141
115	146
115	147
115	153
115	165
115	166
115	168
115	178
115	186
115	190
115	196
115	234
115	469
115	630
115	661
115	701
115	906
116	127
116	130
116	141
116	142
116	144
116	148
116	150
116	163
116	166
116	170
116	172
116	183
116	189
116	438
116	624
116	758
117	117
117	118
117	125
117	129
117	131
117	134
117	140
117	155
117	156
117	157
117	170
117	171
117	176
117	179
117	182
117	188
117	192
117	375
117	460
117	479
117	511
117	602
117	678
117	871
117	958
118	128
118	138
118	142
118	144
118	146
118	160
118	161
118	164
118	174
118	194
118	196
118	522
118	905
119	129
119	133
119	142
119	150
119	153
119	162
119	170
119	171
119	177
119	449
119	655
120	126
120	137
120	147
120	173
120	179
120	182
120	184
120	185
120	190
120	198
120	580
120	764
121	123
121	145
121	149
121	159
121	160
121	164
121	166
121	174
121	190
121	191
121	193
121	253
121	309
121	368
121	492
121	530
121	653
121	819
122	134
122	136
122	142
122	143
122	152
122	154
122	179
122	180
122	189
122	190
122	199
122	814
123	125
123	126
123	127
123	136
123	140
123	148
123	164
123	165
123	171
123	172
123	186
123	791
124	138
124	165
124	184
124	190
124	383
124	811
124	819
125	137
125	155
125	158
125	177
125	309
125	331
125	395
125	408
125	464
125	795
125	924
126	127
126	137
126	138
126	142
126	156
126	157
126	161
126	167
126	191
126	198
126	240
126	401
126	467
126	949
127	138
127	145
127	147
127	148
127	162
127	171
127	177
127	178
127	185
127	186
127	194
127	196
127	197
127	639
128	169
128	170
128	171
128	173
128	180
128	182
128	190
128	194
128	195
128	573
128	592
128	706
129	131
129	132
129	142
129	149
129	163
129	164
129	165
129	166
129	167
129	173
129	180
129	188
129	190
129	369
129	410
129	468
129	989
130	140
130	149
130	154
130	155
130	162
130	173
130	183
130	193
130	197
130	199
130	373
130	493
130	499
130	638
130	678
130	686
130	706
130	947
131	135
131	150
131	154
131	167
131	175
131	179
131	183
131	186
131	198
131	233
131	270
131	607
131	683
131	710
131	760
131	919
132	136
132	138
132	160
132	162
132	165
132	173
132	177
132	182
132	187
132	189
132	195
132	422
132	700
132	732
132	855
133	134
133	138
133	139
133	140
133	147
133	148
133	151
133	153
133	162
133	167
133	168
133	171
133	172
133	177
133	179
133	185
133	194
133	427
133	520
133	603
133	779
133	809
133	953
134	141
134	153
134	162
134	165
134	180
134	182
134	188
134	190
134	192
134	198
134	360
134	413
134	547
135	139
135	154
135	194
135	289
135	590
135	709
135	776
136	143
136	161
136	164
136	168
136	173
136	175
136	177
136	460
136	905
136	908
137	141
137	143
137	153
137	154
137	162
137	176
137	190
137	191
137	192
137	309
137	401
137	503
137	527
137	595
137	628
137	632
137	796
137	851
137	895
138	142
138	143
138	147
138	158
138	160
138	164
138	179
138	184
138	191
138	197
138	658
138	885
139	145
139	147
139	150
139	151
139	155
139	156
139	175
139	178
139	183
139	184
139	827
140	140
140	146
140	148
140	156
140	183
140	187
140	380
140	499
140	553
140	584
140	904
141	144
141	145
141	159
141	162
141	164
141	171
141	183
141	185
141	188
141	195
141	448
141	698
141	728
141	925
141	981
141	989
142	143
142	150
142	151
142	152
142	159
142	165
142	180
142	181
142	194
142	437
142	531
142	574
142	607
142	881
142	925
142	982
143	143
143	153
143	154
143	162
143	163
143	168
143	172
143	180
143	181
143	195
143	656
143	726
143	858
144	148
144	150
144	155
144	168
144	175
144	180
144	185
144	189
144	191
144	192
144	193
144	298
144	330
144	498
144	572
144	577
144	824
145	145
145	146
145	158
145	170
145	177
145	179
145	189
145	297
145	376
145	406
145	428
146	148
146	162
146	164
146	165
146	169
146	170
146	173
146	174
146	333
146	350
146	733
146	759
146	932
147	158
147	162
147	163
147	347
147	394
147	493
147	586
147	854
147	994
148	151
148	159
148	165
148	167
148	175
148	191
148	378
148	435
148	438
148	642
148	755
148	879
149	153
149	165
149	171
149	175
149	177
149	183
149	190
149	456
149	932
149	990
150	160
150	168
150	184
150	186
150	194
150	196
150	251
150	278
150	745
150	804
150	896
150	995
150	998
151	164
151	172
151	195
151	478
151	625
151	704
152	158
152	160
152	175
152	191
152	284
152	825
152	972
153	155
153	164
153	166
153	174
153	176
153	194
153	302
153	344
153	390
153	410
153	493
153	512
153	647
153	703
153	777
154	158
154	164
154	171
154	172
154	176
154	187
154	389
154	498
154	578
154	841
155	156
155	163
155	170
155	187
155	199
155	201
155	262
155	612
155	718
155	786
156	165
156	170
156	171
156	472
156	498
156	780
156	810
157	166
157	172
157	186
157	860
158	165
158	167
158	168
158	179
158	185
158	278
158	630
158	834
158	922
159	166
159	170
159	174
159	180
159	187
159	199
159	213
159	257
159	351
159	607
159	879
160	170
160	179
160	182
160	429
160	538
160	604
160	634
160	725
160	848
160	867
161	171
161	183
161	188
161	189
161	197
161	212
161	418
161	571
161	650
161	869
162	164
162	176
162	179
162	192
162	198
162	323
162	330
162	997
163	170
163	171
163	173
163	183
163	187
163	197
163	399
163	514
163	724
163	873
164	176
164	180
164	183
164	226
164	266
164	522
164	590
164	596
164	712
164	761
165	175
165	182
165	192
165	244
165	604
165	918
165	924
166	191
166	195
166	199
166	210
166	267
166	372
166	501
166	660
166	775
167	194
167	195
167	196
167	197
167	238
167	342
167	387
167	445
167	561
167	665
167	803
167	939
167	976
168	212
168	518
168	896
169	171
169	177
169	187
169	190
169	688
169	974
170	175
170	247
170	374
170	672
170	702
170	749
170	758
170	793
171	181
171	185
171	196
171	261
171	433
171	523
171	817
171	970
172	193
172	194
172	805
172	992
173	185
173	187
173	197
173	201
173	578
173	637
173	698
174	185
174	254
174	408
174	605
174	641
175	178
175	186
175	232
175	280
175	286
175	687
176	180
176	183
176	281
176	524
176	674
176	918
177	179
177	181
177	188
177	192
177	195
177	199
177	302
177	537
177	650
177	845
178	182
178	188
178	189
178	198
178	250
178	280
178	525
178	717
178	722
178	768
178	817
178	841
179	182
179	194
179	199
179	214
179	393
179	401
179	477
179	517
179	657
179	852
180	191
180	204
180	928
181	185
181	600
181	610
181	980
182	190
182	197
182	293
182	372
182	584
182	746
182	748
183	187
183	195
183	228
183	307
183	576
183	714
183	785
184	190
184	198
184	495
184	587
184	602
184	664
184	693
184	740
184	864
184	891
184	919
185	188
185	190
185	198
185	263
185	398
185	675
185	820
185	828
186	191
186	194
186	282
186	371
186	879
187	187
187	189
187	198
187	362
187	389
187	780
187	838
187	923
188	193
188	197
188	260
188	389
188	613
189	198
189	199
189	381
189	559
189	765
189	839
189	851
189	933
190	215
190	408
190	430
190	730
190	917
191	410
191	516
191	758
191	797
192	196
192	199
192	231
192	399
192	498
192	746
192	766
192	934
193	196
193	213
193	339
193	376
193	400
193	482
193	670
193	705
194	199
194	854
195	483
195	567
195	806
195	889
196	445
196	794
197	276
197	783
198	352
198	655
198	765
198	769
198	867
198	916
199	438
199	925
199	981
200	204
200	209
200	216
200	224
200	226
200	240
200	265
200	269
200	273
200	274
200	284
200	298
200	303
200	313
200	444
200	698
200	707
200	799
200	956
201	209
201	219
201	221
201	234
201	238
201	245
201	247
201	251
201	252
201	254
201	257
201	267
201	270
201	272
201	722
202	221
202	230
202	233
202	234
202	241
202	256
202	273
202	278
202	283
202	288
202	292
202	293
202	299
202	738
202	849
203	203
203	210
203	221
203	223
203	230
203	233
203	247
203	255
203	264
203	268
203	273
203	274
203	281
203	288
203	439
203	583
203	605
203	659
203	792
203	828
203	859
203	887
203	994
204	207
204	223
204	224
204	231
204	241
204	245
204	247
204	251
204	269
204	277
204	506
204	591
205	229
205	235
205	239
205	245
205	246
205	247
205	251
205	261
205	262
205	270
205	289
205	395
205	688
205	735
205	753
205	900
205	989
206	214
206	227
206	238
206	252
206	256
206	261
206	263
206	283
206	287
206	298
206	606
206	967
207	216
207	220
207	226
207	229
207	233
207	234
207	241
207	246
207	247
207	258
207	269
207	281
207	289
207	294
207	498
207	556
207	888
208	216
208	218
208	226
208	232
208	233
208	235
208	256
208	263
208	265
208	266
208	291
208	294
208	378
208	507
208	825
208	846
208	914
209	226
209	238
209	244
209	253
209	270
209	272
209	273
209	275
209	276
209	281
209	286
209	289
209	290
209	297
209	342
209	347
209	443
209	596
209	748
210	219
210	231
210	232
210	240
210	244
210	248
210	250
210	251
210	265
210	281
210	286
210	294
210	297
210	723
210	766
210	922
210	951
210	988
210	999
211	222
211	245
211	249
211	252
211	266
211	274
211	283
211	288
211	293
211	312
211	357
211	407
211	491
211	602
211	609
211	621
211	885
212	217
212	220
212	239
212	240
212	242
212	248
212	253
212	256
212	268
212	269
212	272
212	279
212	291
212	293
212	399
212	505
212	517
213	214
213	218
213	223
213	235
213	239
213	248
213	255
213	282
213	292
213	299
213	381
213	938
214	218
214	220
214	233
214	234
214	237
214	245
214	248
214	252
214	262
214	266
214	270
214	285
214	289
214	295
214	296
214	298
214	299
214	344
214	409
214	672
214	763
215	227
215	230
215	252
215	256
215	270
215	278
215	283
215	285
215	297
215	335
215	341
215	455
215	466
215	485
215	516
215	867
215	901
215	956
216	218
216	219
216	240
216	243
216	244
216	246
216	249
216	264
216	268
216	271
216	272
216	284
216	286
216	297
216	299
216	352
216	717
216	854
216	935
216	960
216	974
217	218
217	219
217	223
217	231
217	233
217	240
217	247
217	254
217	258
217	264
217	274
217	277
217	279
217	288
217	299
217	362
217	445
217	490
217	554
217	682
217	864
217	890
217	922
218	223
218	233
218	238
218	239
218	255
218	265
218	267
218	268
218	269
218	273
218	286
218	298
218	488
218	563
218	764
218	845
218	857
219	232
219	240
219	242
219	243
219	246
219	262
219	276
219	279
219	280
219	282
219	316
219	342
219	344
219	350
219	365
219	884
219	904
220	224
220	226
220	243
220	249
220	251
220	255
220	258
220	275
220	280
220	284
220	291
220	293
220	538
220	560
220	644
220	905
221	225
221	229
221	245
221	254
221	265
221	269
221	291
221	362
221	452
221	554
221	685
221	994
222	231
222	244
222	245
222	265
222	285
222	286
222	293
222	458
222	511
222	644
222	663
222	729
222	967
223	232
223	238
223	242
223	250
223	252
223	256
223	273
223	275
223	280
223	281
223	290
223	295
223	344
223	578
223	646
223	793
223	796
224	234
224	260
224	261
224	269
224	282
224	291
224	292
224	311
224	386
224	519
224	538
224	696
224	724
225	240
225	243
225	255
225	257
225	259
225	264
225	278
225	290
225	298
225	452
225	821
226	231
226	233
226	235
226	236
226	248
226	254
226	255
226	259
226	267
226	286
226	288
226	289
226	299
226	359
226	404
226	545
227	232
227	238
227	241
227	242
227	243
227	269
227	274
227	281
227	283
227	291
227	295
227	676
227	695
227	700
227	794
227	824
228	235
228	236
228	255
228	259
228	272
228	279
228	285
228	287
228	288
228	292
228	306
228	472
228	718
228	899
228	902
228	980
229	241
229	252
229	256
229	268
229	286
229	290
229	295
229	455
229	836
229	879
230	252
230	255
230	280
230	285
230	293
230	319
230	422
230	471
230	974
231	234
231	235
231	251
231	268
231	269
231	274
231	286
231	287
231	291
231	296
231	297
231	299
231	316
231	409
231	533
231	653
231	679
232	237
232	245
232	253
232	257
232	266
232	268
232	269
232	271
232	274
232	277
232	287
232	295
232	297
232	344
232	428
232	508
232	937
232	958
233	255
233	269
233	273
233	280
233	283
233	295
233	494
233	601
233	735
233	988
234	237
234	239
234	255
234	272
234	276
234	291
234	294
234	299
234	399
235	241
235	244
235	246
235	251
235	256
235	259
235	271
235	280
235	283
235	289
235	475
235	495
235	529
235	700
235	751
235	957
236	242
236	251
236	256
236	260
236	281
236	289
236	486
236	656
237	243
237	245
237	257
237	268
237	278
237	285
237	292
237	296
237	297
237	558
237	581
237	583
237	611
237	839
238	240
238	247
238	253
238	254
238	258
238	265
238	275
238	284
238	294
238	345
238	362
238	424
238	459
238	710
239	241
239	244
239	247
239	257
239	259
239	262
239	275
239	277
239	282
239	289
239	291
239	294
239	295
239	297
239	374
239	404
239	584
239	904
240	240
240	255
240	261
240	264
240	282
240	285
240	286
240	296
240	649
240	699
240	742
240	951
241	256
241	257
241	265
241	267
241	274
241	286
241	295
241	360
241	404
241	570
241	706
241	785
241	864
242	246
242	259
242	265
242	272
242	275
242	277
242	280
242	295
242	363
242	486
242	751
243	258
243	261
243	272
243	274
243	281
243	286
243	296
243	499
243	505
243	595
244	270
244	282
244	291
244	380
244	672
245	245
245	258
245	262
245	268
245	272
245	292
245	296
245	342
245	491
245	517
245	709
246	250
246	264
246	266
246	274
246	277
246	282
246	285
246	463
246	551
246	621
246	666
246	931
247	251
247	256
247	262
247	268
247	274
247	786
247	791
248	249
248	268
248	271
248	273
248	279
248	288
248	299
248	494
248	708
248	792
248	994
249	257
249	261
249	264
249	267
249	271
249	277
249	278
249	295
249	714
249	756
249	851
249	961
250	255
250	280
250	293
250	318
250	468
251	259
251	264
251	270
251	293
251	480
251	527
251	921
252	257
252	263
252	265
252	268
252	271
252	276
252	282
252	789
252	849
252	862
252	893
252	975
253	275
253	280
253	289
253	464
253	494
253	528
253	611
253	671
253	900
253	902
253	954
253	978
254	262
254	264
254	281
254	291
254	632
254	835
255	262
255	274
255	280
255	282
255	288
255	296
255	367
255	663
255	711
255	778
255	796
255	829
255	864
255	947
256	259
256	261
256	268
256	280
256	281
256	289
256	293
256	295
256	747
256	861
257	262
257	269
257	271
257	275
257	277
257	280
257	287
257	288
257	295
257	298
257	305
257	494
257	659
257	867
258	262
258	270
258	277
258	471
258	487
258	810
259	270
259	281
259	285
259	290
259	292
259	295
259	650
260	273
260	275
260	277
260	280
260	287
260	291
260	292
260	296
260	302
260	473
260	714
260	785
261	281
261	286
261	287
261	289
261	310
261	827
261	893
262	274
262	280
262	282
262	288
262	292
262	423
262	428
262	549
262	631
262	968
263	264
263	265
263	284
263	438
263	552
263	616
263	791
264	266
264	268
264	272
264	273
264	275
264	285
264	289
264	291
264	292
264	616
264	641
264	740
264	802
264	905
264	910
265	280
265	282
265	284
265	286
265	287
265	291
265	299
265	338
265	499
265	645
265	659
265	836
266	276
266	279
266	281
266	282
266	283
266	296
266	561
266	582
266	710
266	913
266	994
267	274
267	280
267	281
267	285
267	286
267	289
267	299
267	677
267	701
267	974
268	276
268	532
268	623
268	749
268	939
269	279
269	282
269	285
269	286
269	289
269	467
270	276
270	284
270	287
270	289
270	290
270	291
270	292
270	294
270	299
270	666
270	771
270	784
271	333
271	619
271	661
271	704
272	278
272	280
272	291
272	293
272	862
272	959
273	275
273	276
273	277
273	283
273	292
273	293
273	294
273	486
273	575
273	630
274	275
274	278
274	290
274	315
274	416
274	495
274	543
274	660
274	993
275	280
275	281
275	288
275	581
275	596
275	644
275	678
276	276
276	301
276	324
276	514
276	919
277	327
277	543
277	551
277	742
277	764
278	279
278	281
278	284
278	285
278	291
278	294
278	295
278	345
278	523
278	799
279	285
279	289
279	291
279	292
279	504
279	560
279	580
279	590
279	665
279	816
279	875
280	330
280	498
280	559
280	787
280	904
281	290
281	295
281	297
281	298
281	311
281	707
282	286
282	295
282	296
282	297
282	435
282	874
283	291
283	295
283	296
283	299
283	883
283	885
283	950
284	294
284	299
284	488
284	612
284	797
284	846
284	898
284	962
285	289
285	301
285	428
285	467
285	540
285	796
285	965
286	288
286	437
286	438
286	476
286	735
287	289
287	299
287	377
287	625
287	668
287	671
287	758
287	985
288	296
288	298
288	338
288	828
288	921
289	289
289	295
289	374
289	396
289	481
289	708
290	292
290	293
290	294
290	592
290	680
291	292
291	294
291	298
291	324
291	516
291	756
291	793
291	858
291	936
292	360
292	370
292	607
292	720
292	808
293	294
293	385
293	411
294	298
294	332
294	423
294	513
295	349
295	408
295	677
295	721
296	337
296	412
296	419
296	485
296	576
296	851
296	872
296	904
297	299
297	338
297	370
297	423
297	478
297	581
297	835
297	850
297	852
298	408
298	637
298	678
298	712
298	744
298	821
298	851
298	910
299	299
299	468
299	805
299	837
300	305
300	306
300	312
300	313
300	315
300	320
300	327
300	331
300	339
300	346
300	359
300	375
300	390
300	393
300	396
300	400
300	456
300	500
300	694
301	303
301	305
301	310
301	313
301	338
301	341
301	345
301	353
301	359
301	372
301	376
301	377
301	382
301	385
301	404
301	507
301	549
301	607
301	615
301	680
301	881
302	318
302	321
302	322
302	329
302	352
302	370
302	377
302	380
302	391
302	394
302	629
302	737
303	308
303	311
303	312
303	313
303	316
303	322
303	351
303	356
303	371
303	378
303	379
303	382
303	393
303	394
303	553
303	785
304	308
304	309
304	318
304	319
304	324
304	329
304	337
304	340
304	343
304	346
304	351
304	359
304	376
304	391
304	595
304	609
304	617
304	693
304	982
305	323
305	344
305	345
305	355
305	356
305	357
305	362
305	368
305	370
305	377
305	383
305	384
305	924
306	330
306	334
306	337
306	343
306	347
306	356
306	362
306	518
306	777
307	308
307	310
307	333
307	337
307	343
307	344
307	360
307	376
307	391
307	394
307	395
307	403
307	497
307	623
307	667
307	741
307	763
307	780
308	314
308	318
308	320
308	322
308	335
308	343
308	355
308	358
308	374
308	377
308	391
308	397
308	561
309	312
309	319
309	320
309	337
309	342
309	353
309	371
309	373
309	378
309	390
309	394
309	559
309	714
309	734
309	871
310	316
310	319
310	327
310	329
310	348
310	361
310	367
310	370
310	375
310	381
310	385
310	388
310	391
310	395
310	451
310	936
311	323
311	324
311	325
311	327
311	334
311	364
311	366
311	374
311	376
311	388
311	390
311	526
311	539
311	544
311	736
311	961
312	313
312	323
312	331
312	341
312	350
312	353
312	362
312	376
312	381
312	382
312	391
312	392
312	892
313	323
313	342
313	344
313	354
313	356
313	358
313	369
313	370
313	374
313	376
313	377
313	388
313	393
313	395
313	446
313	904
313	932
314	316
314	321
314	328
314	332
314	345
314	347
314	353
314	354
314	364
314	388
314	396
314	435
314	502
314	815
314	916
315	318
315	323
315	328
315	329
315	494
315	795
315	894
315	953
316	345
316	349
316	382
316	383
316	391
316	392
316	399
316	602
316	898
317	318
317	320
317	333
317	336
317	339
317	352
317	356
317	363
317	368
317	369
317	387
317	395
317	398
317	482
317	844
317	887
318	319
318	333
318	334
318	335
318	353
318	355
318	367
318	374
318	376
318	387
318	391
318	399
318	421
318	565
318	717
318	999
319	325
319	334
319	337
319	345
319	351
319	352
319	358
319	360
319	368
319	384
319	392
319	394
319	396
319	638
320	333
320	336
320	348
320	368
320	382
320	388
320	394
320	397
320	463
320	494
320	603
320	837
320	918
321	324
321	329
321	333
321	343
321	368
321	373
321	382
321	392
321	524
321	526
321	761
321	796
322	323
322	326
322	344
322	351
322	362
322	368
322	369
322	373
322	376
322	383
322	645
322	648
322	673
322	693
322	993
323	325
323	327
323	335
323	336
323	345
323	373
323	383
323	386
323	387
323	392
323	540
323	686
323	878
324	326
324	350
324	367
324	370
324	371
324	380
324	381
324	388
324	389
324	397
324	399
324	534
324	700
324	714
324	748
324	761
324	910
325	335
325	338
325	339
325	344
325	353
325	358
325	359
325	381
325	395
325	397
325	398
325	531
326	329
326	333
326	341
326	345
326	353
326	357
326	361
326	363
326	366
326	367
326	370
326	380
326	385
326	513
326	649
326	778
326	923
327	330
327	335
327	340
327	341
327	343
327	349
327	357
327	362
327	363
327	366
327	367
327	371
327	373
327	380
327	383
327	390
327	397
327	399
327	593
327	595
327	630
327	887
328	335
328	349
328	382
328	393
328	394
328	395
328	396
328	536
328	569
328	619
328	753
328	914
329	349
329	372
329	390
329	391
329	413
329	433
329	811
330	332
330	348
330	361
330	367
330	374
330	384
330	385
330	393
330	394
330	395
330	464
330	478
330	689
330	722
330	967
331	349
331	359
331	365
331	386
331	409
331	449
331	616
331	633
331	653
331	658
332	334
332	350
332	356
332	362
332	383
332	398
332	467
333	336
333	346
333	353
333	375
333	383
333	398
333	436
333	509
333	663
333	879
334	334
334	340
334	343
334	349
334	356
334	375
334	377
334	383
334	390
334	696
335	343
335	344
335	348
335	350
335	356
335	359
335	363
335	381
335	387
335	390
335	930
336	354
336	367
336	370
336	376
336	377
336	389
336	719
336	730
337	338
337	342
337	346
337	355
337	360
337	368
337	379
337	380
338	343
338	349
338	358
338	367
338	369
338	377
338	380
338	385
338	387
338	388
338	396
338	397
338	979
338	984
339	342
339	347
339	391
339	394
339	439
339	555
340	347
340	357
340	360
340	364
340	374
340	381
340	382
340	398
340	436
340	464
340	607
340	775
341	341
341	343
341	345
341	351
341	360
341	364
341	371
341	383
341	391
341	767
341	822
341	911
342	346
342	367
342	371
342	378
342	385
342	394
342	411
342	574
342	728
343	347
343	356
343	363
343	377
343	380
343	382
343	384
343	386
343	394
343	395
343	399
343	458
343	858
343	973
343	976
344	346
344	347
344	349
344	361
344	367
344	368
344	380
344	395
344	397
344	608
344	757
344	946
345	352
345	354
345	361
345	364
345	375
345	377
345	378
345	486
345	699
345	952
345	956
345	959
346	350
346	353
346	357
346	364
346	370
346	374
346	381
346	383
346	385
346	386
346	391
346	751
347	353
347	354
347	393
347	411
347	865
348	358
348	369
348	374
348	614
348	708
349	357
349	360
349	362
349	368
349	369
349	375
349	384
349	385
349	391
349	397
349	453
349	531
349	580
349	666
349	739
350	360
350	375
350	384
350	386
350	390
350	393
350	494
350	669
350	865
350	881
350	932
351	359
351	377
351	382
351	385
351	386
351	397
351	399
351	834
351	958
351	959
352	359
352	365
352	368
352	384
352	387
352	389
352	562
352	596
352	893
353	360
353	361
353	373
353	376
353	391
353	393
353	398
353	413
353	430
353	800
353	900
354	361
354	378
354	384
354	529
354	540
355	355
355	362
355	366
355	383
355	385
355	387
355	392
355	396
355	397
355	399
355	536
355	846
355	852
356	358
356	359
356	363
356	367
356	377
356	385
356	404
356	985
357	363
357	364
357	367
357	370
357	374
357	375
357	381
357	384
357	387
357	524
357	645
358	359
358	369
358	381
358	385
358	425
358	499
358	686
358	716
358	808
359	368
359	373
359	376
359	394
359	395
359	399
359	519
359	830
359	854
359	877
360	361
360	383
360	390
360	452
360	709
361	361
361	362
361	365
361	377
361	384
361	388
361	390
361	394
361	399
361	528
361	655
361	810
361	972
362	365
362	367
362	379
362	383
362	391
362	392
362	516
362	611
362	792
362	826
362	919
363	374
363	385
363	392
363	394
363	395
363	556
363	586
363	773
363	832
363	850
363	906
364	364
364	386
364	399
364	459
364	657
364	971
364	980
365	380
365	383
365	392
365	398
365	417
365	458
365	594
365	921
366	369
366	373
366	392
366	393
366	453
366	456
366	662
366	677
366	701
366	745
366	757
366	792
367	386
367	398
367	453
367	516
367	767
367	909
368	369
368	371
368	376
368	389
368	395
368	396
368	517
368	776
368	793
368	945
368	953
368	986
369	370
369	371
369	375
369	379
369	391
369	395
369	428
369	479
369	570
370	372
370	382
370	398
370	683
371	381
371	383
371	399
371	454
371	579
371	603
371	791
371	979
372	374
372	375
372	389
372	390
372	396
372	449
372	797
373	374
373	377
373	398
373	626
374	389
374	396
374	685
374	867
374	951
375	379
375	381
375	386
375	388
375	396
375	500
375	650
376	398
376	470
376	650
376	870
376	922
377	377
377	382
377	391
378	387
378	457
378	631
378	891
378	994
379	385
379	386
379	388
379	395
379	397
379	398
379	425
379	530
379	814
380	383
380	384
380	394
380	819
381	391
381	394
381	458
381	533
381	644
381	671
381	918
381	946
381	974
382	384
382	393
382	394
382	397
382	663
382	961
383	386
383	554
383	745
384	385
384	386
384	396
384	399
384	745
384	940
384	962
384	994
385	388
385	442
385	820
385	834
385	990
385	999
386	387
386	395
386	571
386	624
386	647
386	739
386	917
387	392
387	397
387	485
387	906
387	965
388	389
388	396
388	813
388	966
389	633
389	918
390	480
390	608
391	392
391	395
391	398
391	444
391	598
391	800
391	973
392	580
392	664
392	665
392	768
392	968
393	395
393	398
393	528
393	548
393	581
393	765
393	883
394	588
394	756
394	964
395	569
395	644
395	704
395	747
395	796
395	896
395	990
396	399
396	582
396	960
397	509
397	758
397	790
397	884
397	931
398	653
398	682
398	810
399	417
399	503
399	676
399	839
399	843
399	917
400	403
400	419
400	420
400	434
400	441
400	442
400	445
400	455
400	460
400	474
400	480
400	481
400	485
400	494
400	624
400	648
400	854
400	940
400	962
401	403
401	416
401	420
401	441
401	448
401	458
401	467
401	478
401	484
401	491
401	494
401	497
401	499
401	664
401	780
401	796
401	818
402	403
402	404
402	420
402	425
402	428
402	434
402	442
402	450
402	473
402	479
402	487
402	992
403	436
403	448
403	455
403	458
403	466
403	470
403	471
403	479
403	482
403	494
403	497
403	533
403	640
403	834
403	890
404	405
404	413
404	431
404	434
404	448
404	466
404	484
404	488
404	587
404	610
404	855
404	896
405	413
405	424
405	428
405	431
405	445
405	447
405	461
405	463
405	477
405	481
405	485
405	496
406	414
406	427
406	428
406	431
406	442
406	451
406	461
406	462
406	463
406	464
406	466
406	480
406	481
406	493
406	494
406	496
406	513
406	567
406	660
406	662
407	409
407	412
407	439
407	448
407	459
407	483
407	491
407	612
407	656
407	694
407	860
407	915
408	409
408	426
408	427
408	431
408	440
408	443
408	449
408	459
408	462
408	467
408	468
408	484
408	530
408	823
409	409
409	412
409	417
409	426
409	436
409	437
409	449
409	458
409	480
409	484
409	494
409	496
409	497
409	543
409	545
409	570
409	618
409	777
409	843
410	421
410	425
410	430
410	444
410	461
410	467
410	469
410	470
410	479
410	480
410	485
410	519
410	575
410	659
410	787
410	893
411	421
411	431
411	432
411	436
411	437
411	441
411	448
411	449
411	471
411	473
411	474
411	477
411	479
411	496
411	601
411	632
411	705
411	744
411	912
412	414
412	419
412	429
412	437
412	450
412	455
412	456
412	464
412	472
412	476
412	485
412	678
412	757
412	821
412	912
412	966
413	421
413	423
413	433
413	436
413	444
413	457
413	459
413	460
413	471
413	588
413	968
414	415
414	420
414	433
414	441
414	444
414	448
414	449
414	450
414	467
414	473
414	496
414	497
414	498
415	422
415	428
415	439
415	446
415	454
415	462
415	466
415	476
415	494
415	495
415	511
415	644
416	420
416	421
416	422
416	454
416	468
416	478
416	489
416	647
417	440
417	451
417	482
417	488
417	627
417	686
417	711
417	838
417	896
418	421
418	426
418	447
418	453
418	462
418	466
418	491
418	492
418	494
418	520
418	719
418	761
419	422
419	425
419	440
419	441
419	471
419	472
419	474
419	489
419	569
419	717
419	995
420	420
420	421
420	422
420	424
420	431
420	436
420	444
420	448
420	463
420	470
420	498
420	744
420	755
420	788
420	835
421	425
421	429
421	432
421	448
421	449
421	450
421	451
421	458
421	459
421	463
421	465
421	496
421	499
421	644
421	700
421	781
421	965
422	427
422	428
422	435
422	438
422	443
422	445
422	452
422	453
422	457
422	458
422	476
422	564
422	590
422	714
422	878
422	982
423	437
423	439
423	442
423	444
423	446
423	447
423	449
423	464
423	465
423	468
423	492
423	618
423	649
423	807
423	948
423	993
424	428
424	431
424	435
424	450
424	453
424	456
424	465
424	472
424	474
424	477
424	482
424	486
424	491
424	634
424	855
424	899
424	974
424	988
425	428
425	431
425	437
425	439
425	446
425	458
425	464
425	465
425	488
425	490
425	499
425	588
425	618
425	619
425	683
425	918
425	960
426	431
426	435
426	436
426	449
426	460
426	478
426	482
426	484
426	489
426	492
426	517
426	905
427	430
427	432
427	437
427	445
427	451
427	452
427	465
427	467
427	469
427	470
427	480
427	489
427	829
427	897
428	432
428	433
428	434
428	464
428	472
428	488
428	496
428	519
428	668
428	711
429	436
429	454
429	456
429	473
429	478
429	620
430	430
430	441
430	444
430	461
430	464
430	469
430	479
430	487
430	489
430	713
430	729
430	966
431	442
431	449
431	451
431	454
431	483
431	484
431	485
431	491
431	572
431	845
432	441
432	450
432	456
432	464
432	472
432	474
432	481
432	483
432	487
432	492
432	496
432	713
432	744
432	773
433	436
433	437
433	438
433	439
433	445
433	452
433	453
433	457
433	468
433	469
433	474
433	475
433	479
433	481
433	493
433	495
433	541
433	693
433	801
433	906
433	970
434	434
434	435
434	446
434	451
434	452
434	453
434	454
434	469
434	493
434	552
434	595
434	651
434	731
434	890
434	908
434	926
435	441
435	453
435	458
435	459
435	461
435	465
435	467
435	486
435	492
435	495
435	706
435	707
435	787
436	437
436	444
436	447
436	448
436	457
436	459
436	460
436	475
436	489
436	495
436	498
436	503
436	758
436	809
436	830
436	857
436	868
436	906
437	438
437	449
437	459
437	460
437	463
437	469
437	470
437	497
437	500
437	532
437	572
437	616
437	637
437	795
437	802
437	817
437	942
438	441
438	443
438	447
438	457
438	458
438	463
438	466
438	473
438	475
438	481
438	516
438	559
438	785
438	866
439	446
439	448
439	449
439	457
439	475
439	476
439	488
439	495
439	496
439	923
440	450
440	458
440	466
440	467
440	468
440	472
440	476
440	478
440	485
440	493
440	498
440	653
441	450
441	459
441	462
441	464
441	465
441	496
441	651
441	806
442	443
442	455
442	464
442	478
442	479
442	490
442	520
442	553
443	450
443	461
443	480
443	488
443	503
443	664
443	843
443	902
444	444
444	451
444	452
444	459
444	462
444	475
445	447
445	461
445	466
445	477
445	489
445	491
445	496
445	566
445	757
446	449
446	450
446	454
446	461
446	465
446	484
446	492
446	493
446	520
446	561
446	967
447	447
447	462
447	474
447	476
447	765
447	947
448	496
448	699
448	836
448	894
448	997
449	466
449	474
449	487
449	489
449	495
449	498
449	520
449	603
450	457
450	474
450	477
450	495
451	452
451	453
451	459
451	465
451	477
451	478
451	481
451	483
451	498
451	504
451	511
451	722
452	457
452	460
452	468
452	481
452	486
452	487
452	488
452	571
452	786
452	888
453	454
453	455
453	457
453	465
453	473
453	484
453	761
453	912
454	455
454	456
454	461
454	466
454	470
454	493
454	497
454	498
454	663
454	730
455	458
455	474
455	488
455	494
455	583
455	599
455	692
455	760
455	824
455	923
455	999
456	457
456	458
456	471
456	474
456	477
456	488
456	496
456	776
457	462
457	469
457	473
457	482
457	485
457	494
457	496
457	499
457	535
457	793
457	834
458	480
458	487
458	491
458	495
458	517
458	582
458	597
458	775
459	471
459	477
459	478
459	491
459	494
459	829
460	465
460	471
460	472
460	492
460	521
460	570
460	781
460	901
461	474
461	477
461	485
461	492
461	498
461	512
461	591
461	798
461	954
462	471
462	477
462	479
462	487
462	489
462	490
462	493
462	495
462	676
463	465
463	480
463	489
463	492
463	560
463	751
463	949
464	470
464	481
464	484
464	490
464	499
464	533
464	536
464	558
464	739
465	472
465	475
465	476
465	486
465	488
465	489
465	490
465	494
465	519
466	466
466	470
466	471
466	472
466	474
466	480
466	488
466	493
466	496
466	665
466	714
467	476
467	492
467	586
467	744
468	481
468	498
468	783
468	792
469	473
469	490
469	492
469	499
469	603
469	613
469	734
470	487
470	490
470	499
470	531
470	663
471	477
471	489
471	492
471	497
471	589
471	779
471	872
472	484
472	494
472	560
472	759
473	488
473	498
474	476
474	478
474	482
474	484
474	499
474	647
474	679
474	746
474	926
474	948
475	477
475	488
475	573
475	739
475	846
475	944
476	489
476	494
476	686
477	495
477	499
477	680
477	708
477	841
478	485
478	487
478	493
478	496
478	819
479	705
479	750
480	481
480	492
480	817
480	927
480	939
481	486
481	490
482	486
482	490
482	494
482	600
482	848
483	496
483	856
484	487
484	492
484	493
484	705
484	820
484	862
485	488
485	498
485	499
485	564
485	668
486	490
486	563
486	601
486	943
487	491
487	493
487	494
487	589
487	693
488	490
488	491
488	492
488	498
488	570
488	894
489	496
489	499
489	615
490	490
490	497
490	777
490	850
490	871
491	866
491	911
491	937
492	497
492	498
492	526
492	605
492	646
492	680
493	503
493	910
494	695
494	717
494	864
494	878
494	921
494	966
494	986
495	495
495	497
495	594
495	898
495	964
495	977
496	655
496	685
496	752
496	829
496	941
497	499
497	558
497	638
497	842
498	657
498	696
498	907
499	512
499	838
499	960
500	502
500	507
500	509
500	548
500	557
500	558
500	563
500	584
500	587
500	591
500	758
501	502
501	515
501	518
501	525
501	532
501	550
501	557
501	570
501	571
501	579
501	687
502	507
502	508
502	509
502	515
502	533
502	534
502	550
502	551
502	553
502	554
502	555
502	574
502	581
502	610
503	503
503	508
503	512
503	516
503	527
503	531
503	544
503	551
503	555
503	556
503	559
503	574
503	579
503	592
503	626
503	658
503	831
504	508
504	526
504	533
504	536
504	538
504	541
504	542
504	543
504	557
504	568
504	573
504	588
504	592
504	638
504	683
504	782
504	789
504	815
504	945
505	507
505	514
505	524
505	531
505	532
505	554
505	562
505	563
505	575
505	585
505	594
505	619
505	696
505	823
506	508
506	510
506	511
506	512
506	527
506	535
506	550
506	556
506	565
506	573
506	589
506	598
506	615
506	948
507	515
507	519
507	526
507	535
507	537
507	538
507	556
507	560
507	567
507	570
507	582
507	588
507	589
507	720
507	820
508	509
508	511
508	518
508	519
508	522
508	523
508	524
508	532
508	534
508	543
508	549
508	563
508	571
508	572
508	590
508	916
509	515
509	520
509	522
509	532
509	533
509	538
509	545
509	552
509	563
509	574
509	582
509	592
509	598
510	517
510	520
510	530
510	536
510	560
510	579
510	586
510	593
510	599
510	803
510	941
511	513
511	514
511	534
511	535
511	537
511	544
511	547
511	550
511	560
511	563
511	564
511	568
511	573
511	575
511	580
511	582
511	590
511	595
511	597
511	649
511	680
512	515
512	519
512	532
512	537
512	542
512	545
512	550
512	566
512	573
512	581
512	595
512	596
512	718
513	534
513	555
513	567
513	570
513	572
513	578
513	583
513	588
513	591
513	705
513	751
513	786
514	522
514	537
514	540
514	545
514	546
514	553
514	554
514	555
514	573
514	574
514	584
514	585
514	588
514	594
514	595
514	647
514	725
514	915
514	969
514	992
515	515
515	523
515	533
515	550
515	553
515	565
515	574
515	894
516	520
516	527
516	531
516	534
516	536
516	559
516	568
516	590
516	591
516	592
516	599
516	889
516	914
516	987
517	525
517	529
517	530
517	531
517	536
517	538
517	556
517	563
517	583
517	591
517	594
518	542
518	546
518	547
518	549
518	550
518	553
518	559
518	567
518	569
518	574
518	575
518	591
518	621
518	789
519	519
519	522
519	535
519	536
519	538
519	544
519	552
519	554
519	555
519	559
519	571
519	585
519	590
519	888
520	530
520	554
520	558
520	561
520	562
520	566
520	567
520	569
520	572
520	575
520	589
520	599
520	643
520	743
520	777
521	525
521	533
521	542
521	550
521	557
521	565
521	577
521	587
521	588
521	597
521	598
521	962
522	522
522	524
522	538
522	546
522	547
522	567
522	568
522	582
522	588
522	592
522	671
522	704
522	902
522	915
522	959
523	524
523	533
523	540
523	541
523	545
523	549
523	555
523	560
523	566
523	567
523	568
523	581
523	594
523	596
523	772
524	528
524	536
524	543
524	545
524	548
524	549
524	561
524	565
524	572
524	597
524	635
525	534
525	543
525	557
525	562
525	565
525	571
525	590
525	594
525	849
526	533
526	539
526	546
526	561
526	565
526	566
526	568
526	572
526	587
526	688
526	792
527	527
527	534
527	542
527	546
527	560
527	572
527	576
527	580
527	585
527	596
527	639
527	707
527	889
527	931
528	529
528	530
528	538
528	542
528	553
528	558
528	561
528	579
528	586
528	592
528	593
528	642
529	531
529	549
529	552
529	556
529	575
529	584
529	587
529	591
529	593
529	597
529	602
529	711
529	728
529	982
530	533
530	541
530	545
530	553
530	554
530	564
530	565
530	570
530	571
530	574
530	579
530	581
530	582
530	583
530	585
530	586
530	667
530	779
530	800
531	533
531	536
531	545
531	563
531	567
531	579
531	587
531	589
531	640
531	718
531	851
532	532
532	551
532	562
532	563
532	564
532	567
532	573
532	576
532	577
532	586
532	593
532	594
532	598
532	667
532	736
532	775
532	787
532	848
532	875
532	945
533	542
533	553
533	563
533	568
533	569
533	574
533	595
533	596
533	599
533	728
533	752
533	773
533	818
534	537
534	539
534	545
534	585
534	641
534	906
535	538
535	549
535	562
535	570
535	586
535	599
535	734
536	538
536	543
536	547
536	548
536	554
536	569
536	570
536	574
536	585
536	587
536	591
536	592
536	597
536	598
537	540
537	549
537	564
537	587
537	590
537	594
537	813
537	845
538	551
538	553
538	557
538	559
538	572
538	580
538	582
538	585
538	588
538	595
538	599
538	622
538	690
539	539
539	542
539	564
539	572
539	581
539	585
539	593
539	755
539	830
539	938
540	542
540	567
540	571
540	574
540	577
540	581
540	589
540	915
540	924
541	545
541	558
541	577
541	727
541	811
541	898
541	996
542	546
542	555
542	559
542	575
542	586
542	592
542	782
543	550
543	551
543	555
543	564
543	571
543	572
543	587
543	591
543	596
544	549
544	556
544	563
544	564
544	566
544	576
544	579
544	586
544	598
544	676
544	766
544	942
544	986
545	545
545	547
545	548
545	549
545	559
545	567
545	576
545	577
545	578
545	586
545	588
545	596
545	597
545	829
546	583
546	589
546	595
546	596
546	901
547	548
547	563
547	570
547	575
547	577
547	579
547	590
547	618
547	741
547	989
548	549
548	562
548	566
548	570
548	571
548	583
548	584
548	590
548	599
548	677
548	714
548	750
548	834
548	943
548	957
549	564
549	569
549	586
549	590
549	594
549	795
550	551
550	556
550	587
550	588
550	589
550	590
550	598
550	733
550	937
550	981
551	559
551	560
551	561
551	565
551	568
551	573
551	580
551	582
551	590
551	592
551	960
552	556
552	560
552	564
552	566
552	578
552	579
552	581
553	561
553	563
553	565
553	566
553	579
553	581
553	596
553	597
553	850
553	911
554	559
554	568
554	569
554	576
554	591
554	595
554	622
554	768
554	951
555	577
555	578
555	588
555	589
555	590
555	813
555	839
555	992
556	572
556	581
556	584
556	585
556	668
556	938
557	559
557	561
557	562
557	565
557	568
557	575
557	579
557	581
557	582
557	584
557	592
558	560
558	570
558	571
558	584
558	589
558	597
558	599
558	943
558	985
558	998
559	578
559	580
559	588
559	589
559	590
559	704
559	728
560	562
560	582
560	585
560	625
560	977
561	587
561	597
561	742
561	929
562	568
562	574
562	582
562	586
562	590
562	592
562	595
562	596
563	567
563	572
563	580
563	594
563	598
563	745
563	758
563	918
564	566
564	575
564	580
564	595
564	599
564	711
564	829
565	577
565	582
565	588
565	590
565	715
565	936
565	973
566	580
566	584
566	590
566	707
567	578
567	580
567	589
567	590
567	591
568	579
568	582
568	753
569	573
569	591
569	597
569	862
570	571
570	572
570	575
570	583
570	586
571	571
571	576
571	579
571	592
571	593
571	808
572	573
572	577
572	581
572	593
572	865
572	896
572	988
573	577
573	587
573	589
573	593
573	596
573	695
573	729
573	817
573	860
573	901
574	577
574	581
574	594
574	803
575	576
575	595
575	682
575	702
576	577
576	579
576	589
576	943
576	972
577	587
577	700
577	981
578	586
578	592
578	599
578	632
578	758
578	845
578	859
579	579
579	590
579	594
579	916
579	971
580	592
580	595
580	760
580	970
581	583
581	587
581	588
581	596
581	598
581	628
581	833
581	838
581	926
582	593
582	726
582	766
582	883
583	584
583	588
583	592
583	595
583	706
583	750
583	998
584	588
584	655
584	669
584	711
585	586
585	760
586	591
586	893
587	592
588	591
588	593
588	596
588	599
588	631
588	651
588	949
589	593
589	597
589	598
589	754
589	819
589	864
589	874
589	994
590	649
590	895
591	596
591	635
591	834
591	948
592	598
592	619
592	897
592	990
593	594
593	780
593	884
594	732
594	783
594	865
595	727
595	989
596	637
596	654
597	597
597	598
597	807
597	868
597	910
598	654
599	740
599	913
600	601
600	606
600	612
600	618
600	621
600	628
600	631
600	632
600	638
600	644
600	659
600	688
600	699
600	921
601	604
601	615
601	618
601	623
601	626
601	636
601	644
601	652
601	656
601	660
601	664
601	672
601	674
601	683
601	687
601	689
601	692
601	746
601	962
602	604
602	614
602	621
602	623
602	626
602	629
602	631
602	632
602	643
602	659
602	661
602	685
602	687
602	699
602	865
602	873
602	958
602	998
603	629
603	631
603	635
603	643
603	658
603	660
603	661
603	665
603	669
603	679
603	681
603	682
603	690
603	697
603	965
604	617
604	620
604	623
604	624
604	627
604	630
604	651
604	668
604	679
604	689
604	690
604	692
604	818
604	889
604	963
605	606
605	616
605	619
605	623
605	624
605	626
605	627
605	628
605	629
605	645
605	650
605	664
605	668
605	672
605	673
605	675
605	677
606	609
606	610
606	613
606	619
606	621
606	624
606	625
606	626
606	633
606	640
606	644
606	665
606	668
606	690
606	798
606	819
607	620
607	628
607	636
607	645
607	653
607	661
607	664
607	665
607	671
607	676
607	678
607	679
607	689
607	693
607	938
608	618
608	621
608	629
608	634
608	638
608	640
608	651
608	675
608	680
608	682
608	686
608	696
608	699
608	900
608	927
609	621
609	623
609	637
609	641
609	645
609	659
609	660
609	680
609	690
609	695
609	699
609	792
609	876
610	611
610	612
610	635
610	637
610	638
610	657
610	664
610	665
610	666
610	672
610	675
610	678
610	683
610	692
610	988
611	631
611	638
611	644
611	663
611	664
611	674
611	678
611	690
611	694
611	696
611	723
612	614
612	618
612	624
612	632
612	640
612	657
612	674
612	677
612	687
612	689
612	691
612	693
612	840
613	621
613	630
613	661
613	690
614	623
614	630
614	639
614	645
614	647
614	652
614	653
614	654
614	655
614	660
614	686
614	696
614	720
614	780
614	796
614	969
615	617
615	623
615	625
615	630
615	638
615	642
615	645
615	648
615	652
615	657
615	664
615	673
615	679
615	689
615	693
615	741
615	814
615	907
616	618
616	624
616	630
616	634
616	638
616	643
616	648
616	651
616	657
616	663
616	672
616	675
616	679
616	688
616	690
616	697
616	699
616	987
617	635
617	638
617	663
617	666
617	667
617	673
617	686
617	687
617	692
617	693
617	698
617	710
618	650
618	651
618	654
618	660
618	664
618	681
618	682
618	685
618	688
618	697
618	831
618	960
619	627
619	638
619	640
619	643
619	650
619	653
619	659
619	663
619	664
619	665
619	668
619	674
619	676
619	683
619	686
619	689
619	694
619	698
619	772
620	637
620	641
620	655
620	656
620	659
620	666
620	684
620	685
620	691
620	692
620	865
621	648
621	658
621	661
621	670
621	681
621	685
621	694
621	699
621	849
621	885
621	929
622	629
622	635
622	640
622	646
622	655
622	686
622	697
622	698
622	908
622	914
622	979
623	627
623	638
623	651
623	663
623	665
623	673
623	676
623	682
623	699
624	625
624	640
624	643
624	663
624	676
624	682
624	683
624	695
624	696
624	743
624	837
625	628
625	637
625	640
625	642
625	645
625	648
625	658
625	662
625	668
625	674
625	676
625	679
625	697
625	753
625	913
625	946
626	659
626	665
626	668
626	697
626	953
627	629
627	633
627	638
627	647
627	653
627	657
627	672
627	674
627	681
627	696
627	699
627	826
627	851
627	908
628	639
628	672
628	677
628	688
628	696
628	697
628	800
628	884
629	632
629	633
629	646
629	649
629	657
629	664
629	669
629	671
629	676
629	679
629	693
630	636
630	649
630	652
630	653
630	665
630	669
630	674
630	685
630	770
630	889
630	953
630	970
630	989
631	633
631	638
631	642
631	645
631	654
631	670
631	671
631	673
631	678
631	683
631	685
631	693
631	973
632	636
632	656
632	676
632	689
632	694
632	695
632	698
632	862
632	894
632	903
633	636
633	652
633	669
633	676
633	679
633	683
633	689
633	837
634	648
634	665
634	672
634	686
634	690
634	734
635	640
635	646
635	655
635	661
635	670
635	694
636	640
636	652
636	659
636	662
636	671
636	680
636	684
636	685
636	698
637	645
637	651
637	656
637	669
637	671
637	677
637	679
637	682
637	683
637	685
637	839
637	968
637	976
638	662
638	667
638	675
638	692
638	696
638	699
638	856
638	882
638	982
639	651
639	653
639	659
639	660
639	670
639	672
639	679
639	697
639	698
639	996
640	645
640	650
640	655
640	661
640	665
640	668
640	686
640	691
640	693
640	916
640	928
640	933
641	643
641	649
641	650
641	655
641	661
641	666
641	680
641	687
641	690
641	698
642	647
642	648
642	668
642	670
642	682
642	697
643	649
643	655
643	656
643	661
643	669
643	677
643	685
643	687
643	725
644	661
644	662
644	666
644	673
644	674
644	677
644	679
644	690
644	694
644	698
644	699
644	860
644	871
645	646
645	648
645	657
645	661
645	666
645	672
645	673
645	674
645	695
645	892
646	646
646	667
646	668
646	687
646	690
646	699
646	738
646	782
646	950
647	650
647	669
647	678
647	682
647	689
647	921
648	665
648	676
648	683
648	685
648	757
648	858
648	893
648	957
649	653
649	664
649	674
649	683
649	687
649	690
649	692
650	650
650	669
650	671
650	673
650	687
650	756
650	812
650	904
651	655
651	663
651	672
651	673
651	682
651	695
651	697
651	698
651	765
651	930
651	935
651	953
652	656
652	659
652	660
652	666
652	670
652	694
653	660
653	668
653	675
653	676
653	680
653	688
653	690
653	818
653	965
654	661
654	693
654	942
655	662
655	666
655	672
655	674
655	680
655	685
655	694
655	698
655	706
655	930
655	955
656	659
656	661
656	664
656	665
656	667
656	696
656	749
656	820
657	661
657	667
657	671
657	682
657	685
657	693
657	698
657	733
657	757
657	949
658	672
658	673
658	676
658	697
658	698
659	670
659	674
659	677
659	679
659	684
659	689
659	694
659	695
659	696
659	699
659	888
660	662
660	672
660	677
660	680
660	693
660	718
660	832
661	667
661	673
661	681
662	663
662	676
662	683
662	693
663	669
663	677
663	690
663	691
663	763
664	672
664	678
664	683
664	685
664	830
664	865
664	991
665	680
665	688
665	690
665	695
665	759
665	819
665	915
666	668
666	669
666	691
666	696
666	709
666	921
667	674
667	677
667	681
667	686
668	679
668	681
668	830
669	676
669	677
669	679
669	680
669	684
669	687
669	870
669	933
670	684
670	686
670	690
670	777
670	838
670	929
671	688
671	689
671	694
671	698
671	722
671	751
671	837
671	893
672	683
672	684
672	692
672	696
672	699
672	845
672	996
673	692
673	695
673	696
673	734
673	737
673	769
673	801
674	676
674	680
674	684
674	686
674	692
674	693
674	775
674	965
676	688
676	690
676	694
676	698
676	758
676	792
677	687
677	689
677	692
677	693
677	695
677	698
677	734
677	820
677	849
678	681
678	693
678	705
678	818
679	690
679	785
679	990
680	683
680	689
680	694
680	828
680	901
681	684
681	687
681	691
681	694
681	697
681	698
681	699
681	797
681	958
682	685
682	696
682	997
683	687
683	692
683	697
683	742
683	744
683	846
684	693
684	861
684	899
685	688
685	690
685	694
685	820
686	687
686	690
686	871
687	731
688	696
688	742
688	774
689	692
689	940
690	698
690	752
690	789
690	883
691	694
691	715
691	844
691	973
692	696
692	781
692	860
692	953
692	982
693	694
694	831
694	961
695	866
695	883
695	891
695	966
696	904
696	914
696	997
697	698
697	738
698	996
699	699
699	903
700	705
700	730
700	731
700	746
700	756
700	784
700	790
700	797
700	892
700	971
701	702
701	730
701	735
701	738
701	744
701	748
701	757
701	761
701	777
701	783
701	786
701	791
701	792
701	793
701	794
701	837
702	716
702	720
702	723
702	739
702	742
702	743
702	753
702	761
702	763
702	772
702	777
702	789
702	793
703	705
703	706
703	709
703	719
703	727
703	741
703	746
703	770
703	772
703	773
703	777
703	784
703	785
703	794
703	795
703	809
703	829
704	705
704	711
704	712
704	718
704	725
704	732
704	733
704	734
704	740
704	751
704	755
704	760
704	763
704	765
704	766
704	768
704	782
704	869
705	711
705	712
705	716
705	717
705	720
705	721
705	723
705	741
705	747
705	748
705	753
705	767
705	772
705	785
705	800
706	709
706	713
706	739
706	758
706	759
706	767
706	779
706	782
706	786
706	794
706	916
706	939
706	999
707	709
707	711
707	720
707	725
707	738
707	743
707	746
707	750
707	771
707	785
707	853
707	854
708	709
708	710
708	716
708	749
708	750
708	751
708	756
708	761
708	768
708	773
708	775
708	777
708	792
708	793
708	796
708	867
709	737
709	744
709	751
709	753
709	757
709	759
709	770
709	773
709	783
709	785
709	789
709	936
710	711
710	712
710	716
710	723
710	742
710	762
710	770
710	779
710	784
710	799
710	875
711	716
711	723
711	724
711	725
711	736
711	740
711	744
711	749
711	760
711	763
711	772
711	773
711	778
711	781
711	783
711	788
711	791
711	792
711	798
712	712
712	718
712	741
712	747
712	750
712	755
712	756
712	767
712	769
712	771
712	772
712	795
712	798
712	803
712	944
713	716
713	737
713	752
713	774
713	779
713	787
713	790
713	791
713	797
713	798
713	906
714	733
714	740
714	746
714	762
714	773
714	786
714	792
714	793
714	796
714	823
714	833
715	717
715	734
715	735
715	763
715	776
715	781
715	782
715	793
715	981
716	717
716	733
716	738
716	746
716	758
716	768
716	777
716	781
716	792
716	859
717	723
717	724
717	734
717	740
717	742
717	744
717	786
717	787
717	906
717	928
718	730
718	731
718	744
718	755
718	759
718	760
718	764
718	775
718	894
719	721
719	749
719	761
719	771
719	781
719	785
719	788
719	793
720	752
720	755
720	771
720	781
720	785
720	791
720	799
720	842
720	958
721	725
721	728
721	734
721	741
721	756
721	774
721	777
721	790
721	791
721	957
721	993
722	726
722	731
722	744
722	748
722	754
722	755
722	779
722	780
722	785
722	787
722	788
722	790
722	791
722	793
722	798
722	967
723	726
723	734
723	739
723	746
723	762
723	767
723	774
723	775
723	777
723	782
723	786
723	794
723	801
723	990
724	741
724	745
724	756
724	762
724	766
724	772
724	779
724	787
724	789
724	798
724	901
724	911
725	727
725	756
725	766
725	775
725	779
725	783
725	791
726	728
726	749
726	757
726	772
726	778
726	782
726	794
726	798
726	923
727	735
727	741
727	754
727	760
727	767
727	773
727	779
727	784
727	792
727	906
728	744
728	745
728	746
728	748
728	750
728	751
728	752
728	757
728	769
728	771
728	781
728	787
728	790
728	796
729	731
729	741
729	745
729	750
729	755
729	758
729	763
729	768
729	777
729	797
729	868
729	977
730	732
730	734
730	750
730	755
730	772
730	788
730	792
730	803
730	836
730	970
731	734
731	742
731	743
731	752
731	755
731	757
731	763
731	773
731	778
731	780
731	782
731	798
731	859
731	968
732	734
732	744
732	754
732	755
732	758
732	777
732	778
732	791
733	746
733	758
733	764
733	765
733	769
733	780
733	788
733	795
733	956
734	735
734	739
734	758
734	768
734	771
734	799
735	742
735	746
735	755
735	759
735	774
735	776
735	784
735	786
735	787
735	796
735	817
735	827
736	738
736	743
736	744
736	745
736	746
736	756
736	757
736	765
736	771
736	778
736	787
736	884
736	910
737	738
737	742
737	746
737	765
737	775
737	784
737	786
737	790
737	794
737	886
738	748
738	776
738	778
738	779
738	787
738	794
738	795
738	818
739	754
739	770
739	773
739	786
739	790
739	792
739	846
739	941
740	751
740	758
740	760
740	761
740	771
740	788
740	791
740	797
740	798
740	957
740	999
741	759
741	765
741	766
741	770
741	785
741	786
741	794
742	745
742	756
742	766
742	770
742	778
742	783
742	784
742	785
742	789
742	797
742	841
742	894
742	995
743	746
743	756
743	760
743	762
743	764
743	785
743	791
744	757
744	767
744	776
744	786
744	791
744	823
744	879
744	886
744	974
745	753
745	756
745	762
745	774
745	781
745	783
745	788
745	793
745	794
745	851
745	951
746	750
746	754
746	770
746	774
746	779
746	790
746	795
746	948
747	749
747	762
747	767
747	769
747	780
747	782
747	789
747	825
747	902
748	762
748	773
748	778
749	749
749	753
749	757
749	768
749	799
749	922
749	966
750	752
750	755
750	762
750	765
750	773
750	798
750	832
751	762
751	764
751	766
751	768
751	779
751	782
751	784
751	788
751	797
751	798
752	756
752	766
752	767
752	769
752	785
752	790
752	802
752	965
753	762
753	768
753	790
754	771
754	778
754	782
754	785
754	790
754	799
754	810
755	758
755	771
755	781
755	794
755	797
755	799
755	965
756	765
756	769
756	779
756	785
756	823
756	988
757	763
757	766
757	778
757	781
757	789
757	792
757	794
757	803
758	768
758	779
758	787
758	954
758	966
759	761
759	778
759	780
759	787
759	799
760	761
760	763
760	768
760	789
760	793
760	799
760	817
761	766
761	775
761	778
761	781
761	784
761	789
761	792
761	793
761	796
762	762
762	768
762	769
762	775
762	788
762	790
762	793
762	885
763	786
763	816
764	774
764	779
764	783
764	785
764	786
764	847
764	919
765	768
765	776
765	782
765	824
765	826
765	951
766	778
766	794
766	827
767	768
767	771
767	773
767	789
767	790
767	798
767	836
767	859
767	937
768	779
768	785
768	786
768	790
769	776
769	795
769	983
770	773
770	781
770	787
770	797
770	898
770	988
771	772
771	776
771	780
771	795
772	777
772	779
772	783
772	787
772	807
773	775
773	929
774	777
774	791
774	796
774	797
775	784
775	785
775	798
776	782
776	784
776	795
776	796
777	791
777	793
777	848
777	965
778	782
778	795
779	782
779	798
779	926
780	792
780	793
780	799
781	782
781	796
781	798
781	955
782	783
782	786
782	791
782	795
782	898
783	784
783	793
783	796
783	870
783	924
784	792
784	796
785	788
785	790
786	790
786	983
787	793
787	863
788	789
788	792
788	940
789	861
789	928
790	792
790	860
791	979
793	866
795	797
795	799
796	798
798	799
800	800
800	802
800	804
800	806
800	812
800	814
800	821
800	829
800	831
800	843
800	847
800	857
800	861
800	867
800	875
800	881
800	891
800	999
801	807
801	816
801	830
801	834
801	837
801	840
801	849
801	850
801	857
801	859
801	875
801	886
801	894
801	899
802	808
802	819
802	844
802	860
802	869
802	870
802	872
802	873
802	875
802	888
802	891
802	900
802	965
803	810
803	835
803	853
803	862
803	872
803	880
803	882
803	898
803	907
804	808
804	820
804	825
804	826
804	845
804	851
804	853
804	857
804	858
804	864
804	871
804	875
804	882
804	891
804	893
805	812
805	814
805	823
805	824
805	825
805	830
805	831
805	841
805	851
805	861
805	867
805	869
805	887
805	891
805	919
806	811
806	817
806	824
806	835
806	838
806	839
806	845
806	847
806	848
806	865
806	871
806	874
806	883
806	886
806	992
807	808
807	813
807	826
807	834
807	837
807	842
807	852
807	860
807	870
807	884
807	892
808	809
808	816
808	823
808	829
808	834
808	851
808	852
808	859
808	860
808	875
808	886
808	892
808	898
808	899
809	812
809	814
809	816
809	818
809	828
809	829
809	840
809	847
809	848
809	851
809	854
809	866
809	868
809	874
809	888
809	894
810	817
810	824
810	827
810	834
810	850
810	853
810	858
810	863
810	870
810	874
810	883
810	888
810	962
810	984
811	816
811	847
811	854
811	857
811	863
811	867
811	870
811	876
811	894
812	829
812	831
812	837
812	854
812	866
812	876
812	881
812	886
812	887
812	923
813	824
813	853
813	867
813	896
814	822
814	825
814	827
814	833
814	850
814	853
814	862
814	863
814	872
814	878
814	885
814	886
814	889
814	899
815	817
815	825
815	830
815	843
815	845
815	850
815	865
815	866
815	868
815	884
815	893
816	825
816	828
816	835
816	841
816	858
816	886
817	819
817	827
817	847
817	856
817	857
817	866
817	875
817	887
817	899
818	820
818	824
818	832
818	843
818	847
818	862
818	865
818	866
818	869
818	872
818	873
818	877
818	879
818	883
818	890
818	894
818	897
819	828
819	831
819	838
819	839
819	844
819	847
819	852
819	854
819	861
819	864
819	865
819	889
819	897
820	822
820	825
820	829
820	843
820	846
820	849
820	855
820	859
820	866
820	871
820	875
820	880
820	886
820	890
820	893
820	894
820	897
820	900
821	826
821	828
821	830
821	839
821	844
821	845
821	850
821	865
821	869
821	871
821	873
821	876
821	893
821	897
822	868
822	869
822	874
822	876
822	878
822	976
822	994
822	997
823	828
823	831
823	840
823	845
823	846
823	847
823	848
823	851
823	855
823	856
823	866
823	873
823	875
823	880
823	961
824	828
824	840
824	862
824	865
824	869
824	882
824	887
824	891
825	829
825	836
825	841
825	865
825	872
825	874
825	878
825	885
825	886
825	890
825	897
825	938
826	830
826	839
826	840
826	841
826	848
826	850
826	867
826	868
826	871
826	883
826	889
826	899
826	905
827	828
827	840
827	844
827	845
827	853
827	854
827	855
827	858
827	860
827	863
827	870
827	884
827	886
827	891
827	893
827	895
827	897
828	831
828	833
828	845
828	846
828	850
828	852
828	858
828	864
828	865
828	869
828	876
828	890
828	893
828	895
829	842
829	847
829	856
829	860
829	864
829	878
829	881
829	893
829	895
829	956
830	838
830	840
830	846
830	865
830	867
830	869
830	870
830	874
830	898
830	978
831	842
831	860
831	868
831	871
831	884
831	890
831	894
831	898
831	899
831	981
832	841
832	844
832	850
832	853
832	858
832	874
832	886
832	898
832	899
832	918
833	835
833	838
833	848
833	869
833	872
833	882
833	884
833	885
833	886
833	981
834	843
834	848
834	849
834	860
835	835
835	837
835	850
835	852
835	895
835	899
835	905
836	837
836	838
836	841
836	842
836	845
836	853
836	858
836	869
836	871
836	890
836	894
836	923
836	924
836	994
837	861
837	862
837	865
837	866
837	881
837	896
837	953
838	846
838	851
838	855
838	863
838	875
838	884
838	887
838	894
838	896
838	897
839	841
839	844
839	854
839	878
839	879
839	888
839	896
840	847
840	854
840	857
840	858
840	859
840	887
841	847
841	849
841	854
841	858
841	876
841	878
841	880
841	883
841	889
841	898
842	853
842	862
842	868
842	874
842	881
842	896
843	864
843	873
843	892
844	847
844	852
844	855
844	856
844	859
844	861
844	872
844	881
844	889
844	895
845	845
845	856
845	865
845	875
845	882
845	886
845	894
846	856
846	861
846	866
846	870
846	895
846	898
847	870
847	889
847	895
848	848
848	850
848	852
848	857
848	858
848	880
848	888
848	893
848	896
848	897
848	901
849	863
849	865
849	871
849	876
849	882
849	898
849	925
849	996
850	860
850	866
850	883
850	888
850	894
850	935
851	862
851	864
851	867
851	877
851	878
851	880
851	886
851	888
851	898
851	899
852	857
852	860
852	870
852	872
852	885
852	944
852	980
853	856
853	860
853	873
853	874
853	877
853	881
853	883
853	887
854	858
854	864
854	867
854	870
854	873
854	878
854	882
854	889
854	893
855	860
855	866
855	868
855	869
855	873
855	874
855	885
855	887
855	890
855	892
855	919
855	933
856	859
856	862
856	870
856	879
856	896
856	897
857	863
857	872
857	885
857	892
857	896
857	902
857	993
858	892
858	898
858	935
859	863
859	868
859	871
859	886
859	891
859	893
859	894
859	906
860	862
860	887
860	891
860	895
861	861
861	864
861	871
861	876
861	879
861	890
861	891
861	959
862	863
862	865
862	872
862	876
862	894
862	897
862	990
862	996
863	876
863	880
863	885
863	896
864	867
864	880
864	892
865	867
865	869
865	875
865	878
865	879
865	882
865	886
865	887
865	889
865	891
865	896
866	872
866	874
866	883
866	895
866	897
867	869
867	871
867	878
867	885
867	889
867	894
868	871
868	879
868	886
868	892
868	924
869	893
869	949
870	890
871	873
871	883
871	884
871	889
872	879
872	886
872	899
873	874
873	887
873	888
873	892
874	886
874	890
874	891
874	896
875	889
875	897
875	938
875	997
876	881
876	894
876	898
876	994
877	878
877	879
877	882
877	888
877	897
877	899
878	899
879	879
879	883
879	890
879	896
879	898
879	966
880	885
880	893
880	898
881	934
881	942
882	886
882	898
883	884
883	887
883	889
883	893
884	885
884	933
885	891
885	893
887	891
887	894
888	888
888	899
888	933
889	894
889	898
890	895
890	979
891	893
891	894
891	896
891	898
891	969
891	996
892	898
892	919
893	898
893	983
894	897
896	979
897	898
898	899
900	903
900	904
900	909
900	926
900	934
900	935
900	955
900	956
900	960
900	983
900	984
900	987
900	990
900	992
900	994
901	902
901	908
901	910
901	913
901	918
901	923
901	924
901	941
901	951
901	954
901	963
901	966
901	973
901	974
901	977
901	987
902	907
902	913
902	926
902	936
902	968
903	912
903	924
903	925
903	942
903	943
903	963
903	967
903	968
903	969
903	970
903	977
903	980
903	981
903	991
903	993
903	998
904	921
904	922
904	932
904	934
904	959
904	963
904	967
904	978
904	993
905	910
905	931
905	932
905	937
905	938
905	946
905	953
905	954
905	958
905	959
905	960
905	962
905	965
905	976
905	979
906	909
906	917
906	921
906	923
906	929
906	933
906	934
906	950
906	952
906	984
906	988
907	908
907	909
907	918
907	923
907	926
907	931
907	941
907	946
907	949
907	953
907	968
907	969
907	970
907	973
907	977
907	979
907	988
907	998
908	931
908	942
908	959
908	960
908	977
908	988
908	990
908	992
909	912
909	916
909	919
909	923
909	924
909	931
909	940
909	942
909	946
909	953
909	959
909	960
909	968
909	979
909	981
909	989
909	996
909	998
910	912
910	914
910	932
910	935
910	936
910	938
910	945
910	950
910	970
910	989
910	992
910	995
911	925
911	932
911	933
911	948
911	953
911	957
911	962
911	969
911	975
911	978
911	988
912	919
912	920
912	923
912	934
912	949
912	951
912	952
912	954
912	968
912	969
912	978
912	979
912	993
912	994
913	913
913	918
913	929
913	933
913	936
913	940
913	945
913	946
913	949
913	954
913	957
913	961
913	962
913	963
913	978
913	985
913	997
914	933
914	935
914	937
914	946
914	947
914	956
914	964
914	966
914	971
914	992
915	919
915	934
915	950
915	951
915	965
915	972
915	975
915	978
915	982
915	992
915	993
915	996
916	917
916	924
916	925
916	926
916	927
916	928
916	948
916	953
916	955
916	959
916	984
917	941
917	942
917	958
917	963
917	965
917	966
917	967
917	978
918	921
918	924
918	925
918	930
918	935
918	941
918	957
918	976
918	982
918	986
919	921
919	928
919	931
919	933
919	941
919	946
919	950
919	956
919	960
919	969
919	999
920	925
920	934
920	937
920	938
920	940
920	955
920	959
920	962
920	965
920	966
920	976
920	990
921	934
921	935
921	939
921	940
921	964
921	984
921	986
921	991
921	993
922	927
922	931
922	932
922	933
922	944
922	949
922	967
922	976
922	999
923	925
923	926
923	937
923	943
923	945
923	946
923	947
923	952
923	964
923	972
923	976
924	937
924	942
924	944
924	947
924	950
924	977
924	983
924	985
925	927
925	929
925	935
925	936
925	938
925	939
925	950
925	955
925	961
925	965
925	975
925	977
925	978
925	982
925	989
926	927
926	931
926	934
926	936
926	940
926	942
926	954
926	966
926	983
926	986
926	988
926	995
927	948
927	950
927	951
927	963
927	964
927	970
927	972
927	979
927	984
927	996
927	997
928	936
928	938
928	939
928	944
928	949
928	955
928	957
928	981
928	986
928	993
929	933
929	940
929	946
929	961
929	999
930	932
930	946
930	948
930	949
930	957
930	958
930	961
930	965
930	966
930	967
930	970
930	972
930	975
930	987
930	988
930	992
931	941
931	944
931	945
931	946
931	956
931	981
931	988
931	998
931	999
932	934
932	937
932	942
932	947
932	951
932	970
932	976
932	993
933	940
933	944
933	946
933	970
933	976
933	978
933	981
933	984
933	989
933	996
934	935
934	942
934	950
934	956
934	962
934	976
934	979
934	980
935	949
935	950
935	955
935	973
935	980
935	982
935	994
935	996
935	997
935	999
936	938
936	947
936	948
936	955
936	960
936	963
936	967
936	968
936	969
936	971
936	987
936	989
936	990
936	993
936	994
937	945
937	953
937	958
937	964
937	974
937	987
937	996
937	998
937	999
938	948
938	963
938	964
938	965
938	967
938	986
938	995
939	942
939	945
939	974
939	976
939	977
939	992
939	994
940	950
940	953
940	954
940	975
940	981
941	947
941	956
941	973
941	981
941	982
941	986
941	987
942	943
942	947
942	961
942	989
942	992
942	994
942	997
943	943
943	952
943	961
943	982
943	985
943	996
943	999
944	958
944	965
944	996
944	999
945	951
945	954
945	971
945	976
945	979
945	987
945	994
945	998
946	947
946	953
946	954
946	958
946	973
946	978
946	979
946	983
946	986
946	996
946	997
946	999
947	956
947	966
947	968
948	950
948	970
948	975
948	980
948	993
948	994
948	996
948	997
949	950
949	959
949	967
949	983
949	986
949	987
949	989
949	995
950	955
950	998
951	957
951	961
951	977
951	979
951	985
951	992
952	971
952	979
952	996
952	998
953	979
953	981
953	984
953	985
953	990
954	957
954	964
954	968
954	974
954	975
954	986
955	960
955	969
955	974
955	977
955	987
955	989
956	963
956	971
956	976
956	992
957	957
957	967
957	969
957	970
957	986
958	960
958	966
958	971
958	973
958	989
958	991
958	997
959	961
959	963
959	969
959	978
959	981
959	982
959	991
959	995
959	998
960	972
960	977
960	985
960	986
960	990
960	991
960	994
960	995
960	999
961	972
961	982
961	984
961	986
962	970
962	975
962	986
963	970
964	970
964	977
964	980
964	986
964	990
964	992
965	970
965	971
965	973
965	974
965	980
965	985
965	992
965	993
966	968
966	971
966	976
966	984
966	985
966	993
966	994
966	998
967	967
967	973
967	992
967	995
967	999
968	971
968	973
968	985
969	974
969	975
969	994
970	984
970	992
970	993
971	972
971	983
972	975
972	994
973	973
973	979
973	988
973	990
974	979
974	989
974	998
975	979
975	984
976	981
977	980
978	980
978	983
978	992
978	995
979	980
979	998
979	999
980	994
980	998
982	984
982	991
982	992
983	987
983	994
983	997
983	999
984	994
985	986
986	988
987	996
988	990
988	991
988	999
991	993
993	995
993	998
994	994
