0	6
0	17
0	34
0	54
0	67
0	72
0	87
0	259
0	431
0	512
0	564
0	706
0	755
1	3
1	9
1	20
1	27
1	34
1	45
1	47
1	48
1	64
1	67
1	85
1	93
1	125
1	796
1	820
1	944
2	8
2	16
2	25
2	30
2	45
2	72
2	82
2	94
2	157
2	159
2	212
2	411
3	16
3	40
3	47
3	48
3	51
3	55
3	66
3	69
3	72
3	75
3	89
3	130
3	187
3	564
3	572
3	674
4	4
4	17
4	21
4	25
4	31
4	39
4	59
4	71
4	73
4	105
4	113
4	229
4	419
4	661
5	7
5	12
5	13
5	18
5	19
5	24
5	33
5	35
5	41
5	50
5	54
5	62
5	68
5	81
5	86
5	90
5	96
5	104
5	149
5	162
5	200
5	228
5	301
5	533
5	969
6	30
6	40
6	45
6	46
6	52
6	63
6	70
6	79
6	91
6	99
6	195
6	333
6	562
6	641
6	748
6	768
6	839
6	917
7	13
7	18
7	33
7	35
7	36
7	44
7	47
7	72
7	73
7	78
7	82
7	90
7	93
7	94
7	97
7	221
7	286
7	621
7	730
7	830
7	849
7	876
8	9
8	16
8	50
8	52
8	61
8	74
8	82
8	93
8	98
8	157
8	253
8	438
8	613
8	646
8	662
8	669
8	688
8	790
8	966
9	29
9	31
9	53
9	62
9	63
9	64
9	68
9	69
9	74
9	84
9	87
9	93
9	94
9	326
9	420
9	709
9	732
9	799
10	17
10	18
10	22
10	24
10	40
10	41
10	47
10	49
10	55
10	58
10	73
10	75
10	85
10	89
10	96
10	185
10	203
10	224
10	770
10	811
11	23
11	28
11	33
11	37
11	38
11	48
11	49
11	55
11	62
11	65
11	76
11	91
11	280
11	807
11	875
12	18
12	24
12	28
12	30
12	33
12	43
12	45
12	48
12	49
12	51
12	53
12	63
12	70
12	87
12	92
12	214
12	218
12	375
12	505
12	805
13	14
13	27
13	37
13	43
13	48
13	53
13	65
13	76
13	99
13	115
13	420
13	457
13	481
13	746
14	14
14	29
14	31
14	39
14	51
14	55
14	61
14	64
14	80
14	84
14	90
14	94
14	95
14	96
14	98
14	380
14	499
14	521
15	23
15	38
15	53
15	86
15	94
15	180
15	181
15	215
15	304
15	703
15	909
16	18
16	22
16	29
16	37
16	42
16	43
16	46
16	58
16	68
16	70
16	82
16	95
16	97
16	99
16	235
16	275
16	344
16	421
16	470
16	495
16	597
16	640
16	877
17	26
17	39
17	48
17	64
17	68
17	79
17	83
17	91
17	572
17	608
17	776
17	812
18	34
18	61
18	64
18	73
18	79
18	83
18	91
18	260
18	407
18	552
18	809
18	820
18	949
19	27
19	39
19	42
19	71
19	72
19	80
19	83
19	90
19	547
19	695
19	906
19	937
19	970
20	21
20	23
20	29
20	37
20	42
20	56
20	57
20	65
20	77
20	105
20	139
20	148
20	328
20	416
20	744
20	934
21	32
21	42
21	47
21	51
21	83
21	86
21	90
21	196
21	523
21	768
21	898
22	28
22	37
22	38
22	47
22	53
22	66
22	70
22	78
22	83
22	84
22	88
22	91
22	96
22	97
22	291
22	300
22	523
22	848
22	892
23	24
23	39
23	64
23	73
23	77
23	89
23	97
23	259
23	355
23	378
23	540
23	582
24	37
24	40
24	41
24	44
24	65
24	73
24	81
24	83
24	84
24	85
24	87
24	92
24	93
24	250
24	365
24	551
24	655
24	715
24	807
24	814
24	990
25	31
25	33
25	34
25	39
25	43
25	54
25	84
25	88
25	97
25	292
25	415
25	556
26	28
26	37
26	38
26	40
26	66
26	74
26	78
26	86
26	87
26	328
26	387
26	424
26	553
26	589
27	28
27	29
27	32
27	37
27	38
27	40
27	47
27	51
27	52
27	60
27	62
27	64
27	68
27	76
27	77
27	156
27	456
27	461
27	553
27	782
27	806
27	812
27	977
27	985
28	51
28	85
28	89
28	90
28	108
28	328
28	794
28	808
28	826
28	933
29	35
29	43
29	46
29	51
29	54
29	73
29	75
29	76
29	95
29	96
29	99
29	157
29	248
29	384
29	484
29	573
29	883
30	36
30	40
30	49
30	52
30	67
30	71
30	73
30	75
30	80
30	94
30	181
30	305
30	364
30	382
30	472
30	505
30	645
30	867
30	937
31	31
31	41
31	42
31	54
31	68
31	71
31	93
31	337
31	363
31	526
31	824
32	35
32	36
32	44
32	49
32	50
32	82
32	84
32	94
32	200
32	225
32	458
32	895
32	952
32	999
33	44
33	46
33	54
33	60
33	62
33	63
33	66
33	68
33	74
33	77
33	83
33	85
33	666
33	712
33	818
33	899
33	942
34	35
34	40
34	49
34	53
34	57
34	60
34	63
34	82
34	90
34	93
34	99
34	368
34	373
34	650
34	888
34	962
35	37
35	44
35	49
35	51
35	60
35	68
35	71
35	73
35	81
35	82
35	96
35	98
35	99
35	196
35	490
35	529
35	587
35	607
35	852
36	36
36	42
36	45
36	47
36	49
36	57
36	73
36	77
36	80
36	81
36	82
36	482
36	699
36	879
37	38
37	59
37	62
37	88
37	89
37	90
37	97
37	453
37	520
37	581
37	613
37	715
37	889
37	992
38	56
38	61
38	72
38	80
38	87
38	90
38	92
38	98
38	258
38	422
38	823
38	995
39	48
39	64
39	76
39	77
39	79
39	85
39	86
39	88
39	90
39	99
39	216
40	59
40	60
40	66
40	81
40	183
40	188
40	223
40	403
40	448
40	657
40	906
41	48
41	52
41	58
41	64
41	66
41	88
41	97
41	98
41	233
41	281
41	308
41	508
41	531
41	593
41	800
41	845
41	887
41	954
41	985
41	989
42	42
42	43
42	53
42	57
42	60
42	66
42	74
42	84
42	88
42	90
42	185
42	479
42	792
42	869
43	45
43	50
43	56
43	71
43	88
43	89
43	94
43	97
43	319
43	346
43	436
43	562
43	636
43	886
44	44
44	58
44	70
44	89
44	92
44	210
44	339
44	474
44	522
45	46
45	53
45	54
45	55
45	57
45	59
45	61
45	71
45	78
45	79
45	91
45	98
45	598
45	625
45	665
45	894
45	931
46	79
46	85
46	89
46	155
46	566
47	53
47	60
47	64
47	79
47	87
47	99
47	184
47	618
47	619
47	837
48	52
48	76
48	79
48	154
48	580
49	59
49	63
49	82
49	87
49	88
49	146
49	351
49	456
49	576
50	52
50	58
50	60
50	63
50	65
50	77
50	92
50	98
50	161
50	217
50	239
50	370
50	437
50	561
50	577
50	580
50	659
50	752
51	52
51	63
51	95
51	96
51	461
51	667
51	785
51	931
52	54
52	70
52	71
52	79
52	83
52	87
52	93
52	95
52	99
52	143
52	351
52	449
52	564
52	616
52	627
52	639
52	838
52	906
53	72
53	79
53	84
53	668
53	883
53	951
53	983
54	76
54	84
54	228
54	512
54	772
55	64
55	72
55	73
55	74
55	75
55	76
55	80
55	81
55	88
55	91
55	94
55	424
55	504
55	672
55	759
55	794
55	843
56	56
56	68
56	85
56	88
56	94
56	98
56	683
56	745
57	74
57	75
57	76
57	79
57	84
57	88
57	96
57	98
57	264
57	688
58	68
58	72
58	74
58	89
58	167
58	286
58	355
58	401
58	466
58	844
58	931
58	968
59	61
59	73
59	75
59	86
59	87
59	90
59	96
59	98
59	207
59	323
59	467
59	481
59	877
60	62
60	64
60	67
60	74
60	94
60	98
60	116
60	201
60	257
60	512
60	648
60	896
60	943
61	64
61	66
61	78
61	80
61	87
61	92
61	99
61	121
61	534
61	556
61	689
62	65
62	68
62	71
62	76
62	78
62	90
62	98
62	115
62	797
62	853
62	884
63	64
63	67
63	69
63	72
63	73
63	82
63	83
63	88
63	92
63	213
63	466
63	482
63	542
63	588
63	826
63	926
63	939
64	70
64	74
64	75
64	78
64	84
64	97
64	105
64	192
64	410
64	672
64	866
65	78
65	96
65	114
65	137
65	408
65	593
65	987
66	77
66	94
66	122
66	284
66	431
66	448
66	452
66	601
66	846
66	948
67	81
67	90
67	97
67	200
67	642
67	870
68	71
68	714
68	922
69	81
69	84
69	145
69	396
69	455
69	592
69	607
70	71
70	73
70	79
70	84
70	142
70	149
70	240
70	373
70	425
70	481
70	713
70	801
70	956
70	975
71	74
71	89
71	147
71	671
71	691
71	971
72	76
72	77
72	87
72	91
72	230
72	232
72	762
72	776
73	77
73	86
73	89
73	96
73	99
73	220
73	370
73	459
73	521
73	782
73	847
74	75
74	87
74	89
74	95
74	295
74	728
75	76
75	81
75	162
75	184
75	751
75	879
75	911
75	949
75	959
76	88
76	95
76	241
76	333
76	490
76	976
77	78
77	82
77	86
77	92
77	444
77	604
77	614
77	762
77	871
78	82
78	83
78	87
78	90
78	220
78	236
78	506
78	693
78	775
78	779
78	790
78	992
79	97
79	257
79	282
79	392
79	707
79	907
79	969
80	84
80	85
80	176
80	309
80	644
80	850
80	887
81	82
81	89
81	92
81	93
81	99
81	119
81	125
81	151
81	211
81	266
81	542
81	550
81	562
81	610
81	841
82	84
82	90
82	93
82	96
82	99
82	484
82	499
82	614
82	668
82	714
83	84
83	87
83	92
83	95
83	99
83	148
83	188
83	432
83	489
83	544
83	589
83	668
83	889
83	907
83	913
83	920
84	85
84	86
84	87
84	515
84	549
84	958
85	91
85	95
85	96
85	176
85	290
85	418
85	608
85	670
85	688
85	899
85	932
86	99
86	480
86	563
86	616
86	756
86	828
86	910
87	222
87	396
87	427
87	616
87	798
87	840
87	842
87	928
88	91
88	92
88	94
88	95
88	247
88	273
88	292
88	325
88	362
88	862
89	93
89	94
89	95
89	97
89	165
89	466
89	504
89	656
90	92
90	93
90	125
90	372
90	530
90	556
90	696
90	706
90	896
91	97
91	284
91	375
91	385
91	406
91	468
91	475
91	531
91	534
91	778
92	95
92	281
92	300
92	574
92	771
92	934
92	949
93	266
93	299
93	862
94	215
94	237
94	527
94	568
94	948
95	260
95	266
95	479
95	726
95	729
95	883
95	884
95	939
96	224
96	233
96	269
96	549
96	584
96	726
96	880
96	974
97	363
97	456
97	484
97	602
98	212
98	290
98	661
99	387
99	429
99	829
99	851
99	951
100	117
100	123
100	132
100	134
100	141
100	150
100	163
100	170
100	174
100	190
100	266
100	341
100	509
100	675
100	782
100	959
101	102
101	114
101	146
101	158
101	169
101	177
101	194
101	198
101	199
101	332
101	404
101	499
101	525
101	536
101	743
101	827
102	114
102	122
102	123
102	139
102	145
102	177
102	178
102	191
102	293
102	412
102	614
102	669
102	734
102	815
102	914
103	103
103	104
103	107
103	116
103	127
103	132
103	139
103	145
103	158
103	169
103	182
103	184
103	366
103	414
103	663
103	862
103	887
104	121
104	126
104	129
104	140
104	146
104	157
104	163
104	164
104	166
104	177
104	178
104	197
104	913
105	106
105	107
105	109
105	113
105	129
105	130
105	136
105	140
105	158
105	163
105	176
105	182
105	194
105	268
105	973
105	998
106	108
106	109
106	117
106	122
106	126
106	137
106	138
106	150
106	155
106	186
106	192
106	505
106	520
106	773
106	790
106	851
106	908
106	952
106	964
107	111
107	117
107	130
107	140
107	142
107	151
107	155
107	159
107	160
107	164
107	181
107	184
107	190
107	193
107	445
107	793
107	807
107	927
108	118
108	130
108	135
108	137
108	140
108	150
108	155
108	183
108	196
108	199
108	201
108	255
108	281
108	569
108	611
108	991
109	111
109	112
109	121
109	125
109	130
109	135
109	142
109	151
109	173
109	181
109	184
109	192
109	199
109	332
109	406
109	464
109	512
109	702
110	112
110	114
110	124
110	155
110	171
110	172
110	177
110	181
110	189
110	194
110	326
110	509
110	539
110	825
110	930
110	966
111	113
111	129
111	135
111	138
111	157
111	177
111	182
111	188
111	192
111	445
111	504
111	660
111	729
111	826
112	122
112	124
112	133
112	149
112	160
112	164
112	170
112	171
112	180
112	182
112	378
112	446
113	113
113	117
113	120
113	124
113	127
113	128
113	142
113	152
113	161
113	162
113	171
113	172
113	192
113	196
113	504
113	842
114	114
114	116
114	138
114	146
114	152
114	181
114	235
114	560
114	638
114	729
114	793
114	910
114	993
115	133
115	144
115	146
115	152
115	169
115	173
115	174
115	194
115	198
115	252
115	267
115	555
115	569
115	872
116	124
116	128
116	129
116	131
116	134
116	136
116	137
116	146
116	162
116	178
116	184
116	188
116	190
116	810
116	995
117	122
117	124
117	163
117	165
117	183
117	189
117	424
117	666
117	876
117	929
117	945
117	996
118	120
118	129
118	139
118	142
118	145
118	154
118	159
118	162
118	170
118	183
118	184
118	442
118	618
118	664
119	123
119	130
119	133
119	136
119	146
119	154
119	155
119	162
119	166
119	169
119	170
119	177
119	181
119	183
119	191
119	410
119	543
119	556
119	709
119	839
119	867
120	135
120	143
120	145
120	163
120	166
120	173
120	174
120	181
120	187
120	194
120	198
120	199
120	502
120	510
120	779
120	804
120	907
121	121
121	122
121	129
121	137
121	139
121	142
121	149
121	162
121	164
121	176
121	181
121	182
121	184
121	196
121	315
121	758
122	125
122	134
122	142
122	156
122	166
122	167
122	168
122	183
122	186
122	188
122	189
122	250
122	259
122	474
122	540
122	852
123	131
123	136
123	152
123	158
123	165
123	186
123	188
123	191
123	192
123	194
123	196
123	228
123	562
123	694
123	997
124	152
124	153
124	160
124	161
124	166
124	169
124	174
124	179
124	180
124	181
124	198
124	918
125	126
125	127
125	133
125	135
125	142
125	152
125	160
125	163
125	175
125	184
125	186
125	193
125	231
125	386
125	491
125	495
125	561
125	582
125	759
125	773
126	127
126	129
126	131
126	140
126	141
126	147
126	152
126	155
126	161
126	170
126	177
126	181
126	182
126	187
126	189
126	193
126	406
126	610
126	741
126	900
127	139
127	140
127	141
127	142
127	145
127	154
127	157
127	168
127	174
127	177
127	178
127	183
127	187
127	189
127	195
127	199
127	245
127	328
127	377
127	497
127	911
127	925
128	133
128	178
128	186
128	310
128	767
128	882
128	980
129	130
129	131
129	142
129	143
129	156
129	157
129	160
129	164
129	170
129	180
129	183
129	204
129	218
129	300
129	315
129	413
129	498
129	676
129	804
129	866
129	949
130	138
130	155
130	160
130	165
130	166
130	186
130	193
130	795
130	972
130	974
131	132
131	137
131	139
131	140
131	152
131	171
131	179
131	187
131	193
131	653
131	973
132	133
132	139
132	149
132	151
132	153
132	176
132	179
132	181
132	191
132	192
132	193
132	194
132	259
132	621
132	714
132	935
133	133
133	152
133	178
133	181
133	186
133	189
133	571
133	695
133	816
133	849
134	134
134	156
134	164
134	170
134	181
134	185
134	294
134	333
134	607
134	981
135	144
135	158
135	172
135	199
135	326
135	507
136	139
136	153
136	160
136	161
136	171
136	176
136	185
136	189
136	545
136	569
136	600
136	739
136	776
136	886
137	153
137	157
137	159
137	172
137	184
137	198
137	199
137	351
137	943
138	145
138	151
138	157
138	160
138	165
138	167
138	172
138	173
138	186
138	196
138	698
138	722
138	998
139	144
139	148
139	149
139	153
139	157
139	164
139	181
139	187
139	189
139	198
139	259
139	474
139	504
139	827
140	168
140	177
140	179
140	183
140	187
140	192
140	198
140	308
140	511
140	615
140	815
140	817
140	904
141	155
141	159
141	161
141	162
141	163
141	168
141	172
141	177
141	186
141	189
141	229
141	394
141	468
141	586
141	823
141	831
142	153
142	159
142	160
142	171
142	173
142	196
142	533
142	745
143	146
143	153
143	161
143	173
143	178
143	180
143	186
143	364
143	390
143	491
143	494
143	560
143	680
143	810
143	863
144	148
144	152
144	163
144	171
144	176
144	187
144	477
144	516
144	587
144	612
144	647
144	851
145	156
145	157
145	160
145	185
145	189
145	190
145	436
145	473
145	481
145	488
145	656
145	771
145	947
145	953
146	152
146	153
146	161
146	169
146	180
146	185
146	195
146	222
146	234
146	253
146	420
146	872
146	919
147	152
147	160
147	168
147	169
147	171
147	172
147	182
147	187
147	191
147	195
147	199
147	231
147	315
147	707
147	732
147	843
147	858
147	883
148	155
148	157
148	160
148	163
148	168
148	178
148	192
148	193
148	194
148	330
148	522
148	646
148	713
148	735
148	780
148	782
148	843
148	893
148	962
149	159
149	163
149	170
149	180
149	186
149	187
149	189
149	191
149	199
149	202
149	303
149	314
149	319
149	431
149	736
149	737
150	162
150	171
150	173
150	182
150	197
150	253
150	310
150	540
150	561
150	573
150	787
151	153
151	158
151	195
151	381
151	749
152	165
152	166
152	173
152	184
152	186
152	190
152	198
152	761
152	861
153	158
153	159
153	169
153	180
153	182
153	187
153	199
153	271
153	509
153	744
153	776
153	972
153	979
154	160
154	166
154	181
154	190
154	192
154	691
154	725
154	794
154	864
154	914
154	983
155	165
155	172
155	178
155	191
155	196
155	197
155	434
155	633
155	727
155	772
155	830
155	933
156	179
156	184
156	192
156	199
156	414
156	550
157	467
157	638
157	682
157	699
157	706
158	164
158	174
158	175
158	178
158	187
158	194
158	197
158	198
159	161
159	175
159	185
159	187
159	192
159	328
159	464
159	686
159	784
159	797
160	178
160	195
160	211
160	437
160	473
160	548
160	750
160	787
161	178
161	179
161	180
161	183
161	188
161	391
162	163
162	165
162	166
162	169
162	170
162	177
162	178
162	179
162	180
162	184
162	196
162	268
162	482
162	664
162	800
163	167
163	171
163	172
163	186
163	195
163	256
163	557
163	670
163	679
163	926
164	173
164	175
164	196
164	197
164	218
164	425
164	465
164	674
165	182
165	190
165	248
165	314
165	354
165	409
165	434
165	668
165	885
166	181
166	183
166	185
166	186
166	190
166	198
166	340
166	462
166	590
166	659
166	965
167	175
167	195
167	197
167	198
167	199
167	299
167	403
167	530
167	807
167	881
168	169
168	178
168	179
168	284
168	598
168	637
168	719
168	904
169	173
169	175
169	176
169	178
169	179
169	189
169	190
169	202
169	233
169	304
169	493
169	776
169	835
170	170
170	187
170	195
170	197
170	218
170	381
170	524
170	566
170	574
171	173
171	175
171	192
171	194
171	743
172	176
172	187
172	320
172	457
172	482
172	516
172	986
173	180
173	189
173	191
173	289
173	330
173	543
173	814
173	836
174	181
174	311
174	369
174	439
174	675
174	710
174	910
174	971
175	176
175	179
175	191
175	194
175	195
175	198
175	480
175	491
176	182
176	188
176	215
176	233
176	299
176	605
176	650
176	717
176	760
176	846
176	863
176	922
177	178
177	179
177	191
177	196
177	207
177	211
177	348
177	671
177	825
177	829
177	911
178	182
178	193
178	449
178	468
178	651
178	684
179	182
179	183
179	196
179	738
180	181
180	187
180	549
180	590
181	186
181	188
181	530
181	577
181	656
181	714
181	730
181	740
181	869
182	184
182	194
182	199
182	479
182	656
182	790
182	840
182	885
182	901
183	190
183	192
183	722
184	184
184	193
184	198
184	199
184	305
184	502
184	549
184	740
184	930
185	192
185	197
185	400
185	480
185	484
185	740
185	768
185	837
185	920
186	187
186	212
186	283
186	775
187	187
187	191
187	195
187	196
187	198
187	199
187	215
187	339
187	409
187	967
188	190
188	197
188	200
188	240
188	637
188	746
188	972
189	201
189	238
189	258
189	374
189	540
189	728
189	799
189	953
189	996
190	192
190	285
190	314
190	481
190	539
190	698
191	198
191	221
191	569
191	782
191	808
192	292
192	371
192	387
192	463
192	943
193	255
193	361
193	508
193	688
193	815
193	890
194	195
194	197
194	198
194	464
195	196
195	374
195	459
195	501
195	593
195	839
196	225
196	406
197	417
197	524
197	758
198	301
198	471
198	815
198	982
198	987
199	264
199	869
199	963
200	203
200	206
200	225
200	239
200	246
200	247
200	262
200	265
200	268
200	275
200	278
200	292
200	338
200	870
200	994
201	209
201	210
201	214
201	215
201	224
201	240
201	260
201	272
201	279
201	283
201	284
201	292
201	299
201	657
201	797
202	212
202	217
202	220
202	224
202	225
202	236
202	241
202	250
202	252
202	254
202	263
202	266
202	284
202	288
202	295
202	299
202	382
202	504
202	730
203	211
203	213
203	215
203	216
203	224
203	225
203	229
203	233
203	236
203	242
203	249
203	251
203	257
203	262
203	272
203	285
203	294
203	299
203	412
203	489
203	516
203	695
203	998
204	213
204	226
204	229
204	230
204	233
204	236
204	240
204	245
204	265
204	279
204	285
204	288
204	298
204	312
204	862
204	899
205	207
205	213
205	215
205	216
205	218
205	219
205	221
205	227
205	237
205	239
205	244
205	254
205	267
205	268
205	284
205	291
205	293
205	431
205	485
205	530
205	651
205	816
205	864
206	214
206	225
206	227
206	229
206	236
206	241
206	248
206	260
206	265
206	267
206	287
206	426
206	543
206	637
206	857
206	858
206	908
207	211
207	233
207	240
207	246
207	247
207	250
207	275
207	281
207	285
207	289
207	294
207	297
207	780
207	818
207	872
207	944
208	209
208	210
208	212
208	215
208	222
208	225
208	226
208	228
208	241
208	248
208	250
208	254
208	266
208	273
208	277
208	283
208	290
208	297
208	299
208	385
208	463
208	599
208	603
208	740
208	974
209	211
209	232
209	237
209	244
209	250
209	256
209	272
209	278
209	280
209	281
209	282
209	285
209	287
209	291
209	292
209	296
209	434
209	695
209	847
209	887
210	217
210	246
210	248
210	256
210	258
210	264
210	265
210	274
210	288
210	485
210	548
210	583
210	733
210	743
210	809
210	962
211	218
211	220
211	226
211	227
211	229
211	241
211	244
211	265
211	285
211	291
211	292
211	364
211	368
211	382
211	467
211	894
211	976
212	214
212	221
212	225
212	252
212	275
212	286
212	292
212	295
212	297
212	299
212	771
213	217
213	223
213	228
213	229
213	231
213	238
213	240
213	257
213	276
213	279
213	283
213	287
213	291
213	295
213	379
213	545
213	666
213	934
214	217
214	219
214	233
214	254
214	265
214	267
214	279
214	282
214	284
214	286
214	287
214	292
214	355
214	549
214	662
214	874
215	227
215	230
215	233
215	245
215	248
215	250
215	257
215	258
215	259
215	265
215	274
215	285
215	363
215	440
215	468
215	719
215	780
215	797
215	841
216	216
216	230
216	238
216	241
216	244
216	247
216	254
216	259
216	261
216	268
216	274
216	283
216	289
216	294
216	296
216	299
216	521
216	528
216	824
216	962
217	228
217	234
217	238
217	241
217	250
217	253
217	254
217	267
217	278
217	279
217	294
217	295
217	296
217	442
217	616
217	715
217	973
218	233
218	237
218	243
218	244
218	252
218	256
218	259
218	263
218	265
218	266
218	283
218	285
218	287
218	293
218	296
218	299
218	444
218	591
218	642
218	773
218	798
218	954
219	219
219	220
219	221
219	223
219	231
219	233
219	237
219	247
219	248
219	268
219	287
219	384
219	761
219	806
220	226
220	232
220	240
220	250
220	251
220	274
220	275
220	580
220	882
220	967
220	975
221	223
221	249
221	251
221	255
221	256
221	286
221	290
221	321
221	479
221	557
221	717
222	225
222	229
222	230
222	231
222	237
222	248
222	260
222	261
222	262
222	266
222	272
222	274
222	277
222	289
222	292
222	293
222	323
222	386
222	649
222	714
222	822
222	927
222	998
223	223
223	239
223	245
223	246
223	250
223	252
223	269
223	276
223	603
224	229
224	250
224	255
224	259
224	266
224	267
224	270
224	276
224	278
224	284
224	288
224	290
224	299
224	688
224	689
224	757
225	254
225	258
225	260
225	287
225	295
225	297
225	332
225	441
225	783
225	851
226	229
226	232
226	239
226	242
226	253
226	265
226	267
226	280
226	294
226	298
226	734
226	845
226	881
227	246
227	248
227	260
227	278
227	280
227	283
227	287
227	288
227	293
227	294
227	306
227	420
227	459
227	561
227	762
227	765
228	230
228	233
228	244
228	245
228	246
228	249
228	256
228	281
228	296
228	560
228	566
228	574
228	611
228	758
228	997
229	230
229	232
229	239
229	243
229	246
229	252
229	262
229	264
229	276
229	278
229	282
229	292
229	296
229	297
229	509
229	643
229	853
229	869
230	252
230	273
230	274
230	284
230	286
230	287
230	294
230	299
230	324
230	338
230	369
230	813
231	242
231	251
231	254
231	256
231	262
231	269
231	291
231	293
231	296
231	299
231	845
231	957
232	242
232	252
232	272
232	275
232	276
232	527
232	730
232	742
232	828
233	234
233	236
233	238
233	248
233	255
233	274
233	292
233	293
233	294
233	321
233	539
233	645
234	235
234	245
234	252
234	253
234	268
234	270
234	282
234	284
234	288
234	290
234	295
234	298
234	411
235	240
235	242
235	257
235	260
235	265
235	268
235	271
235	283
235	698
235	897
235	950
236	238
236	257
236	261
236	264
236	268
236	271
236	292
236	295
236	297
236	298
236	299
236	333
236	633
236	692
236	701
236	765
236	953
236	972
237	245
237	264
237	275
237	277
237	283
237	288
237	341
237	390
237	583
237	654
237	728
237	834
238	239
238	240
238	241
238	247
238	251
238	254
238	255
238	266
238	272
238	273
238	280
238	284
238	289
238	293
238	338
238	375
238	491
238	610
238	936
239	252
239	260
239	276
239	282
239	298
239	514
239	579
239	676
239	785
239	869
240	245
240	247
240	255
240	271
240	273
240	281
240	317
240	371
240	603
240	677
240	703
240	727
240	778
240	864
241	266
241	273
241	282
241	283
241	299
241	310
241	439
241	479
241	573
241	655
241	742
241	760
241	804
241	980
241	989
241	992
242	243
242	259
242	275
242	276
242	278
242	280
242	282
242	286
242	288
242	289
242	291
242	521
242	671
242	738
242	926
242	929
242	973
243	246
243	269
243	272
243	278
243	284
243	292
243	293
243	294
243	312
243	335
243	397
243	544
243	636
243	693
243	969
244	251
244	252
244	260
244	263
244	273
244	284
244	288
244	327
244	409
244	810
245	246
245	261
245	277
245	281
245	290
245	367
245	918
246	260
246	265
246	279
246	298
247	253
247	254
247	261
247	277
247	279
247	292
247	431
247	897
247	959
248	260
248	265
248	271
248	274
248	276
248	292
248	371
248	560
248	684
248	744
248	850
248	941
249	261
249	263
249	270
249	281
249	283
249	290
249	544
249	553
249	664
249	736
250	256
250	268
250	272
250	285
250	288
250	290
250	291
250	295
250	427
250	635
250	677
250	775
250	897
251	261
251	274
251	277
251	299
251	492
251	556
251	604
251	847
251	887
252	254
252	275
252	276
252	295
252	501
252	891
252	961
253	258
253	270
253	283
253	291
253	292
253	294
253	295
253	298
253	299
253	303
253	351
253	841
253	845
254	262
254	270
254	272
254	288
254	293
254	324
254	534
254	576
254	909
255	259
255	272
255	281
255	289
255	351
255	435
255	438
255	516
256	261
256	270
256	271
256	272
256	290
256	333
256	375
256	835
256	860
257	259
257	267
257	279
257	281
257	286
257	612
257	744
257	785
258	269
258	276
258	280
258	284
258	288
258	307
258	660
258	684
258	712
258	913
259	262
259	273
259	277
259	298
259	299
259	321
259	500
259	629
259	691
259	856
260	261
260	262
260	268
260	285
260	289
260	293
260	298
260	299
260	357
260	511
260	769
260	811
260	991
261	265
261	274
261	285
261	289
261	293
261	780
262	276
262	279
262	283
262	289
262	327
262	723
262	963
263	272
263	275
263	285
263	290
263	293
263	296
263	298
263	308
263	585
263	660
263	708
263	974
264	268
264	269
264	275
264	284
264	288
264	294
264	439
265	266
265	293
265	295
265	455
265	558
266	267
266	270
266	271
266	276
266	282
266	290
266	297
266	407
266	428
266	562
266	596
266	612
267	268
267	272
267	284
267	291
267	296
267	599
267	637
267	760
267	762
267	926
267	993
268	273
268	277
268	286
268	475
268	547
268	948
269	271
269	278
269	287
269	290
269	294
269	296
269	297
269	453
269	522
269	610
269	660
269	752
269	802
269	881
269	941
270	274
270	276
270	284
270	293
270	296
270	297
270	747
270	865
270	905
271	274
271	277
271	281
271	283
271	284
271	292
271	294
271	299
271	344
271	702
271	753
271	991
272	276
272	290
272	378
272	394
272	593
272	668
272	905
273	276
273	278
273	283
273	286
273	289
273	293
273	313
273	315
273	733
273	824
274	274
274	281
274	289
274	340
274	752
274	840
275	285
275	292
275	293
275	295
275	634
275	740
275	752
275	964
276	289
276	291
276	438
276	967
277	286
277	289
277	294
277	325
277	386
277	469
277	715
277	889
277	974
278	278
278	289
278	556
278	593
278	639
278	709
279	291
279	297
279	396
279	560
279	683
279	700
279	707
280	296
280	580
280	880
281	291
281	297
281	351
281	546
281	593
281	602
281	855
281	935
282	293
282	296
282	402
282	643
282	770
282	895
283	290
283	292
283	369
283	484
283	490
283	630
284	285
284	292
284	372
284	831
285	286
285	288
285	294
285	686
285	843
285	874
286	286
286	292
286	295
286	296
286	554
286	886
286	963
287	288
287	297
287	298
287	527
287	759
287	800
288	296
288	330
288	334
288	353
288	496
288	652
288	685
288	913
288	979
289	549
289	570
289	699
289	710
289	984
290	293
290	297
290	299
290	641
290	668
290	873
290	982
290	998
291	630
291	634
291	658
291	950
292	295
292	298
292	466
292	527
292	612
293	298
293	299
293	565
293	778
293	849
294	295
294	710
295	324
295	544
295	550
295	554
295	574
295	870
295	922
296	297
296	358
296	839
297	705
298	379
298	387
298	433
298	675
298	906
298	993
299	337
299	373
299	431
299	496
299	515
299	682
299	917
299	946
300	314
300	319
300	320
300	330
300	339
300	349
300	360
300	368
300	377
300	384
300	385
300	390
300	392
300	393
300	396
300	397
300	415
300	750
300	847
301	315
301	337
301	356
301	357
301	363
301	370
301	376
301	382
301	391
301	396
301	612
301	755
301	912
301	995
302	334
302	346
302	348
302	350
302	351
302	365
302	384
302	389
302	391
302	395
302	396
302	555
303	311
303	313
303	318
303	322
303	331
303	336
303	352
303	354
303	366
303	373
303	374
303	377
303	387
303	396
303	398
303	779
304	320
304	321
304	325
304	330
304	343
304	345
304	346
304	347
304	349
304	357
304	358
304	379
304	383
304	389
304	393
304	512
304	743
304	764
304	935
305	314
305	319
305	321
305	343
305	347
305	367
305	369
305	370
305	373
305	380
305	396
305	524
305	900
306	308
306	310
306	312
306	315
306	316
306	324
306	333
306	336
306	340
306	346
306	617
306	772
306	793
307	307
307	323
307	333
307	334
307	345
307	349
307	372
307	390
307	397
307	505
307	633
308	315
308	322
308	326
308	339
308	347
308	351
308	352
308	355
308	358
308	386
308	389
308	483
308	720
308	935
309	334
309	349
309	353
309	367
309	387
309	394
309	397
309	399
309	683
309	693
309	720
310	314
310	317
310	321
310	341
310	352
310	386
310	400
310	609
310	791
310	829
311	340
311	341
311	345
311	350
311	365
311	377
311	381
311	387
311	393
311	541
312	320
312	322
312	348
312	359
312	360
312	363
312	374
312	377
312	381
312	395
312	422
312	765
312	785
312	822
312	892
312	900
312	933
312	985
313	313
313	314
313	326
313	339
313	342
313	347
313	351
313	353
313	354
313	356
313	366
313	367
313	369
313	501
313	620
313	629
313	661
314	318
314	322
314	323
314	324
314	342
314	345
314	359
314	370
314	372
314	381
314	394
315	318
315	321
315	322
315	331
315	333
315	339
315	341
315	344
315	356
315	364
315	367
315	369
315	373
315	387
315	393
315	396
315	493
315	494
315	539
315	842
316	317
316	319
316	328
316	338
316	340
316	347
316	364
316	373
316	393
316	394
316	496
316	662
316	740
316	750
316	905
317	323
317	337
317	341
317	343
317	346
317	349
317	357
317	363
317	368
317	373
317	375
317	377
317	398
317	399
317	691
317	767
317	801
318	321
318	322
318	345
318	356
318	378
318	384
318	391
318	399
318	643
318	984
319	343
319	355
319	366
319	372
319	377
319	381
319	397
319	484
319	635
320	331
320	339
320	347
320	351
320	352
320	353
320	355
320	356
320	358
320	361
320	363
320	374
320	388
320	756
320	879
321	323
321	333
321	335
321	337
321	338
321	348
321	353
321	357
321	372
321	377
321	381
321	398
321	571
321	575
321	910
322	340
322	363
322	373
322	625
322	809
322	928
323	326
323	331
323	337
323	341
323	342
323	345
323	362
323	364
323	366
323	608
323	889
324	329
324	332
324	334
324	336
324	344
324	348
324	377
324	378
324	381
324	392
324	393
324	400
324	482
325	326
325	330
325	340
325	362
325	365
325	370
325	374
325	382
325	384
325	386
325	388
325	505
325	554
325	911
325	917
325	951
326	327
326	334
326	341
326	342
326	343
326	345
326	346
326	376
326	379
326	389
326	391
326	395
326	526
326	806
326	960
327	330
327	339
327	357
327	359
327	362
327	367
327	378
327	394
327	398
327	399
327	549
327	626
327	878
327	959
328	336
328	352
328	358
328	378
328	384
328	391
328	393
328	426
328	468
328	485
328	623
328	739
329	330
329	332
329	333
329	339
329	350
329	354
329	373
329	383
329	389
329	421
329	429
329	469
329	959
329	996
330	334
330	335
330	340
330	342
330	350
330	363
330	376
330	386
330	391
330	392
330	396
330	574
331	337
331	362
331	364
331	372
331	374
331	378
331	379
331	381
331	386
331	397
331	398
331	491
331	502
331	563
331	671
331	677
331	862
331	965
332	336
332	339
332	354
332	358
332	364
332	366
332	373
332	377
332	380
332	381
332	395
332	396
332	428
332	566
332	639
332	821
333	350
333	351
333	356
333	364
333	365
333	384
333	393
333	433
333	534
333	580
333	784
333	946
334	343
334	363
334	370
334	373
334	377
334	382
334	388
334	611
334	813
334	840
335	344
335	357
335	359
335	368
335	387
335	391
335	399
335	423
335	711
335	743
335	746
335	820
335	882
336	337
336	338
336	341
336	342
336	351
336	353
336	379
336	381
336	383
336	385
336	389
336	392
336	393
336	396
336	398
336	521
336	542
336	727
336	897
337	355
337	386
337	388
337	396
337	405
337	621
337	739
338	359
338	363
338	372
338	380
338	382
338	387
338	712
338	936
339	347
339	348
339	353
339	354
339	358
339	360
339	384
339	391
339	395
339	396
339	454
339	473
339	493
339	668
340	347
340	353
340	368
340	378
340	386
340	387
340	812
340	988
341	343
341	348
341	352
341	363
341	369
341	375
341	376
341	382
341	393
341	395
341	881
341	941
342	343
342	345
342	347
342	352
342	360
342	364
342	372
342	381
342	393
342	395
342	399
342	408
342	475
342	662
342	688
342	739
342	957
342	993
343	344
343	353
343	354
343	361
343	365
343	386
343	391
343	394
343	398
343	686
343	755
343	860
344	368
344	374
344	385
344	408
344	424
344	511
345	360
345	366
345	373
345	378
345	379
345	389
345	736
345	757
345	815
346	354
346	360
346	366
346	373
346	374
346	382
346	386
346	397
346	643
346	671
346	715
346	736
347	350
347	352
347	356
347	357
347	362
347	364
347	374
347	382
347	391
347	392
347	504
347	670
347	816
347	999
348	350
348	355
348	363
348	370
348	373
348	379
348	391
348	524
348	648
348	684
348	765
348	836
349	355
349	375
349	377
349	398
349	758
349	784
349	900
349	902
349	976
349	996
350	352
350	354
350	367
350	386
350	389
350	392
350	393
350	394
350	396
350	438
350	604
350	655
350	786
351	361
351	369
351	379
351	386
351	390
351	396
351	423
351	955
351	967
352	358
352	360
352	364
352	368
352	371
352	373
352	374
352	386
352	394
352	665
352	890
353	359
353	364
353	365
353	371
353	381
353	385
353	389
353	392
353	393
353	396
353	399
353	537
353	633
353	886
354	357
354	373
354	375
354	378
354	390
354	434
354	514
354	613
354	771
354	804
355	359
355	372
355	376
355	385
355	388
355	394
355	395
355	547
355	576
355	638
355	965
356	360
356	364
356	367
356	368
356	375
356	377
356	384
356	386
356	391
356	392
356	505
356	956
357	367
357	377
357	394
357	462
357	480
357	929
358	362
358	364
358	378
358	379
358	383
358	396
358	398
358	663
358	746
358	771
358	862
359	364
359	368
359	374
359	377
359	384
359	838
360	361
360	365
360	366
360	371
360	377
360	390
360	392
360	510
360	579
360	674
360	960
361	366
361	375
361	378
361	389
361	621
361	772
361	777
361	816
361	843
361	925
361	964
362	376
362	382
362	384
362	385
362	388
362	391
362	459
362	683
363	366
363	376
363	382
363	384
363	387
363	396
363	399
363	452
363	457
363	462
363	490
363	541
363	618
363	772
363	867
364	377
364	382
364	387
364	390
364	391
364	397
364	399
364	418
364	514
364	789
364	800
365	374
365	378
365	387
365	391
365	392
365	399
365	445
365	540
365	816
365	827
366	374
366	385
366	396
366	474
366	565
366	594
366	658
366	676
366	727
367	372
367	380
367	384
367	389
367	393
367	396
367	490
367	509
367	802
368	372
368	374
368	377
368	387
368	398
368	642
368	702
368	866
368	937
369	373
369	385
369	386
369	392
369	468
369	476
369	564
370	372
370	393
370	720
370	762
370	776
370	987
371	382
371	387
371	388
371	398
371	489
371	668
371	737
371	942
372	375
372	385
372	904
373	376
373	379
373	380
373	392
374	378
374	379
374	391
374	528
374	913
375	386
375	396
375	436
375	516
375	869
375	928
375	950
375	972
376	389
376	390
376	394
376	489
376	617
376	638
376	693
376	872
376	937
377	377
377	378
377	392
377	396
377	433
377	554
377	627
377	635
377	667
377	740
377	839
377	886
377	888
377	944
378	396
378	418
378	567
378	674
378	697
379	395
379	508
379	565
379	667
379	935
379	997
380	385
380	387
380	390
380	394
380	398
380	399
380	417
380	546
380	614
380	806
381	385
381	397
381	399
381	696
381	825
381	949
381	999
382	390
382	457
382	634
382	957
383	389
383	416
383	500
383	756
383	898
384	390
384	391
384	396
384	478
384	691
385	387
385	390
385	395
385	601
385	752
385	888
385	892
385	978
386	391
386	394
386	413
386	494
386	637
386	792
387	394
387	639
387	787
387	795
387	810
387	849
387	867
387	993
388	389
388	390
389	397
389	399
389	422
389	557
389	720
389	985
390	411
390	741
390	837
390	920
391	397
391	450
391	510
391	782
392	513
392	586
392	864
392	873
392	930
393	399
393	467
393	657
393	672
394	395
394	398
394	491
394	707
395	589
395	608
395	738
395	741
395	868
396	398
396	399
396	782
396	987
397	608
397	889
397	954
398	449
398	462
398	841
398	891
398	952
398	989
400	400
400	421
400	427
400	429
400	433
400	440
400	453
400	454
400	459
400	465
400	468
400	470
400	474
400	475
400	478
400	486
400	487
400	492
400	534
400	580
400	701
400	757
400	822
400	825
400	949
400	987
401	405
401	409
401	432
401	434
401	458
401	468
401	475
401	480
401	481
401	483
401	491
401	500
401	605
401	777
401	826
401	828
401	890
402	430
402	435
402	443
402	466
402	468
402	495
402	512
402	589
402	665
402	702
402	709
402	733
402	805
402	828
403	411
403	412
403	441
403	444
403	446
403	447
403	464
403	473
403	494
403	543
403	557
403	603
403	653
404	405
404	422
404	423
404	430
404	441
404	442
404	445
404	446
404	450
404	451
404	458
404	484
404	571
404	917
405	405
405	409
405	410
405	411
405	418
405	425
405	427
405	432
405	436
405	438
405	456
405	458
405	461
405	462
405	472
405	496
405	497
405	703
405	722
405	810
406	406
406	416
406	418
406	421
406	422
406	428
406	432
406	445
406	451
406	457
406	464
406	470
406	471
406	472
406	476
406	492
406	497
406	909
407	408
407	410
407	411
407	426
407	439
407	441
407	443
407	449
407	450
407	492
407	496
407	498
408	410
408	423
408	433
408	443
408	446
408	451
408	461
408	463
408	464
408	467
408	468
408	483
408	493
408	634
408	807
408	907
409	421
409	424
409	441
409	447
409	448
409	469
409	485
409	489
409	918
410	413
410	435
410	444
410	445
410	452
410	458
410	460
410	475
410	479
410	480
410	482
410	483
410	484
410	487
410	496
410	497
410	727
410	795
410	865
410	908
410	949
411	412
411	420
411	422
411	426
411	434
411	436
411	447
411	455
411	472
411	477
411	480
411	496
411	542
411	595
412	413
412	423
412	425
412	429
412	433
412	434
412	441
412	442
412	447
412	463
412	464
412	467
412	469
412	477
412	486
412	490
412	497
412	552
412	594
412	596
412	789
412	857
412	876
413	420
413	422
413	435
413	438
413	451
413	456
413	457
413	465
413	469
413	484
413	485
413	488
413	601
413	637
413	744
413	837
414	418
414	426
414	436
414	443
414	445
414	454
414	456
414	457
414	466
414	470
414	473
414	485
414	487
414	495
414	863
414	888
414	940
414	956
415	418
415	424
415	425
415	428
415	430
415	435
415	436
415	438
415	439
415	460
415	476
415	477
415	482
415	496
415	526
415	578
416	418
416	419
416	430
416	441
416	447
416	456
416	458
416	459
416	468
416	480
416	495
416	504
416	516
416	980
416	999
417	427
417	431
417	437
417	438
417	439
417	450
417	453
417	463
417	469
417	491
417	631
418	433
418	463
418	473
418	474
418	491
418	555
418	614
418	782
419	427
419	430
419	440
419	445
419	451
419	457
419	467
419	470
419	482
419	484
419	493
419	494
419	498
419	632
419	640
420	433
420	443
420	451
420	458
420	459
420	464
420	475
420	486
420	491
420	693
421	433
421	443
421	448
421	460
421	493
421	496
421	691
421	781
422	423
422	445
422	446
422	452
422	467
422	471
422	480
422	489
422	490
422	572
422	596
422	621
422	660
422	753
422	764
422	817
422	861
422	877
422	908
423	444
423	455
423	460
423	466
423	467
423	469
423	473
423	483
423	633
423	748
423	832
424	432
424	447
424	452
424	462
424	465
424	466
424	491
424	541
424	597
424	989
425	441
425	449
425	454
425	456
425	462
425	473
425	485
425	490
425	492
425	495
425	686
425	948
426	441
426	455
426	463
426	468
426	476
426	628
426	682
426	736
426	819
426	890
427	432
427	447
427	469
427	476
427	479
427	481
427	483
427	494
427	495
427	498
428	438
428	441
428	446
428	447
428	448
428	456
428	469
428	473
428	587
428	701
429	429
429	440
429	443
429	451
429	457
429	462
429	477
429	482
429	757
429	761
430	431
430	434
430	445
430	446
430	459
430	466
430	472
430	475
430	484
430	542
430	606
430	638
430	731
430	859
430	907
430	982
431	445
431	448
431	453
431	457
431	467
431	468
431	470
431	480
431	489
431	591
431	634
431	683
431	986
432	432
432	433
432	439
432	440
432	443
432	444
432	453
432	466
432	472
432	476
432	479
432	484
432	489
432	492
432	510
432	533
432	692
432	777
433	436
433	439
433	446
433	452
433	453
433	457
433	463
433	470
433	474
433	475
433	479
433	484
433	486
433	490
433	493
433	499
433	537
433	627
433	872
434	436
434	438
434	441
434	444
434	445
434	472
434	474
434	477
434	490
434	586
435	437
435	438
435	442
435	450
435	452
435	454
435	463
435	467
435	478
435	482
435	483
435	489
435	526
435	606
435	739
435	977
435	998
436	445
436	447
436	449
436	451
436	460
436	461
436	462
436	463
436	469
436	473
436	497
436	507
436	949
436	969
437	437
437	439
437	440
437	449
437	462
437	468
437	488
437	496
437	952
438	441
438	454
438	468
438	476
438	497
438	587
438	608
438	718
438	843
439	449
439	451
439	454
439	457
439	464
439	465
439	471
439	495
439	515
439	648
439	896
440	446
440	451
440	460
440	469
440	470
440	476
440	482
440	487
440	494
440	495
440	538
440	906
441	444
441	456
441	465
441	476
441	480
441	486
441	491
441	493
441	494
441	499
441	690
441	760
441	778
441	857
442	442
442	443
442	444
442	448
442	478
442	488
442	696
443	444
443	457
443	466
443	468
443	475
443	478
443	493
443	497
443	499
443	520
443	528
443	564
443	903
443	944
444	456
444	465
444	510
444	637
444	995
445	449
445	452
445	455
445	463
445	467
445	480
445	490
445	497
445	499
445	952
446	450
446	451
446	460
446	476
446	486
446	521
446	828
446	897
447	451
447	456
447	462
447	472
447	485
447	604
447	738
448	452
448	453
448	458
448	462
448	475
448	492
448	606
448	624
448	715
448	768
448	798
448	815
449	452
449	454
449	471
449	478
449	651
449	749
450	464
450	468
450	767
450	901
451	453
451	460
451	472
451	589
451	624
451	789
452	452
452	453
452	473
452	484
452	485
452	515
452	547
452	788
452	924
453	459
453	461
453	469
453	474
453	476
453	480
453	484
453	492
453	494
453	548
453	563
453	770
453	836
453	979
453	993
454	466
454	467
454	477
454	766
455	461
455	485
455	489
455	515
455	533
455	649
455	832
456	462
456	466
456	467
456	475
456	476
456	479
456	491
456	498
456	499
456	599
456	728
457	492
457	494
457	508
457	654
457	827
458	459
458	460
458	475
458	478
458	486
458	489
458	490
458	740
458	758
458	887
459	477
459	480
459	481
459	485
459	486
459	488
459	497
459	865
460	463
460	468
460	474
460	499
461	461
461	462
461	476
461	480
461	487
461	492
461	498
461	646
461	788
461	813
461	998
462	467
462	468
462	474
462	478
462	482
462	489
462	492
462	499
462	507
462	656
462	675
462	787
462	788
463	464
463	476
463	480
463	488
463	495
463	499
463	625
463	651
463	731
463	935
463	959
464	471
464	472
464	475
464	483
464	499
464	736
464	802
464	893
464	995
465	470
465	472
465	480
465	486
465	492
465	922
466	471
466	474
466	492
466	797
466	843
466	997
467	474
467	478
467	480
467	489
467	490
467	492
467	494
467	498
467	513
467	516
467	684
468	475
468	480
468	487
468	490
468	492
468	495
468	497
468	554
468	732
468	864
469	474
469	477
469	478
469	482
469	484
469	491
469	608
469	647
469	687
469	806
469	843
469	878
470	472
470	474
470	498
470	535
470	600
470	678
470	805
470	852
470	869
471	473
471	485
471	487
471	616
472	475
472	478
472	485
472	489
472	494
472	625
472	932
472	935
473	493
473	496
473	650
473	708
473	823
474	783
474	820
474	963
475	475
475	477
475	488
475	497
475	621
476	494
476	672
476	718
476	739
476	860
477	479
477	482
477	483
477	504
477	836
478	479
478	486
478	487
478	493
478	562
478	613
478	835
478	861
478	914
478	986
479	481
479	485
479	492
479	495
479	496
479	558
479	568
479	727
479	758
479	864
480	486
480	493
480	496
480	497
480	498
480	953
481	495
481	497
481	545
481	572
481	644
481	975
482	491
482	627
483	522
483	814
483	881
483	936
484	486
484	488
484	491
484	492
484	495
484	791
484	931
485	486
485	495
485	497
485	498
485	630
485	882
486	490
486	494
486	495
486	496
486	886
486	998
487	488
487	489
487	490
487	493
487	577
487	808
488	489
488	492
488	624
488	822
488	938
488	954
489	491
489	532
489	558
489	771
489	889
490	493
490	494
490	660
490	761
491	495
491	663
491	717
491	995
492	493
492	494
492	496
492	499
493	671
494	543
494	658
494	668
494	717
494	988
495	495
495	650
496	974
497	498
497	499
497	626
497	651
497	655
497	857
497	998
498	520
498	924
498	954
498	969
499	806
499	814
499	846
499	913
500	503
500	504
500	511
500	529
500	531
500	533
500	564
500	571
500	575
500	580
500	586
501	505
501	516
501	520
501	531
501	553
501	563
501	573
501	579
501	598
501	719
501	772
501	974
502	503
502	512
502	514
502	517
502	519
502	522
502	523
502	536
502	540
502	541
502	543
502	545
502	547
502	550
502	555
502	559
502	579
502	584
502	589
502	741
502	932
503	509
503	511
503	513
503	517
503	525
503	527
503	531
503	547
503	726
503	772
503	789
504	517
504	518
504	519
504	531
504	540
504	558
504	575
504	587
504	588
504	594
504	890
505	511
505	512
505	514
505	517
505	518
505	528
505	529
505	538
505	542
505	549
505	556
505	558
505	569
505	571
505	584
505	585
505	586
505	589
505	681
505	751
505	902
505	922
506	508
506	510
506	513
506	525
506	538
506	543
506	565
506	567
506	571
506	578
506	579
506	587
506	594
506	861
507	513
507	525
507	526
507	528
507	533
507	542
507	544
507	565
507	569
507	570
507	572
507	597
507	598
507	653
507	713
507	740
507	952
507	963
507	996
508	512
508	514
508	517
508	524
508	525
508	544
508	548
508	553
508	556
508	569
508	579
508	580
508	588
508	607
508	657
508	725
508	924
509	513
509	516
509	517
509	518
509	528
509	531
509	533
509	542
509	552
509	555
509	556
509	571
509	597
509	897
509	995
510	516
510	519
510	533
510	534
510	539
510	547
510	557
510	566
510	581
510	587
510	592
510	593
510	597
510	599
510	609
510	888
510	954
511	512
511	517
511	526
511	529
511	541
511	547
511	572
511	576
511	579
511	587
511	594
511	699
512	516
512	518
512	527
512	545
512	546
512	552
512	554
512	557
512	567
512	577
512	582
512	583
512	585
512	592
512	597
512	598
512	692
513	515
513	518
513	540
513	541
513	544
513	563
513	565
513	566
513	591
513	593
513	594
513	597
513	674
513	824
514	514
514	516
514	529
514	531
514	539
514	540
514	543
514	565
514	572
514	576
514	579
514	585
514	586
514	587
514	591
514	597
514	685
514	697
514	877
515	522
515	531
515	532
515	535
515	536
515	541
515	549
515	560
515	561
515	565
515	567
515	574
515	585
515	591
515	594
516	518
516	545
516	548
516	550
516	551
516	553
516	583
516	741
517	517
517	518
517	533
517	538
517	540
517	553
517	555
517	560
517	584
517	585
517	589
517	593
517	595
517	686
517	872
517	944
518	526
518	528
518	529
518	532
518	544
518	558
518	562
518	564
518	573
518	578
518	590
518	597
518	598
518	710
518	722
519	533
519	542
519	546
519	552
519	553
519	556
519	561
519	562
519	568
519	571
519	572
519	581
519	587
519	589
519	708
519	802
519	816
519	835
519	880
519	922
520	532
520	540
520	545
520	546
520	548
520	559
520	561
520	563
520	586
520	588
520	598
520	652
520	752
520	922
520	932
521	542
521	543
521	552
521	553
521	562
521	566
521	570
521	573
521	585
521	840
522	553
522	557
522	563
522	565
522	568
522	582
522	706
522	741
523	530
523	531
523	532
523	550
523	553
523	562
523	584
523	588
523	597
523	718
523	933
523	993
524	527
524	536
524	540
524	550
524	551
524	556
524	564
524	578
524	581
524	585
524	587
524	623
524	692
524	847
524	958
525	547
525	551
525	557
525	565
525	570
525	765
526	527
526	532
526	544
526	562
526	563
526	571
526	575
526	585
526	598
526	599
526	728
526	803
527	533
527	540
527	550
527	551
527	563
527	565
527	568
527	574
527	586
527	587
527	591
527	593
527	866
527	981
528	533
528	542
528	546
528	556
528	560
528	567
528	573
528	589
528	639
528	874
528	932
528	973
529	533
529	538
529	540
529	545
529	546
529	549
529	557
529	561
529	565
529	566
529	567
529	579
529	587
529	599
529	680
529	965
530	532
530	536
530	539
530	553
530	566
530	567
530	570
530	582
530	587
530	593
530	736
530	917
531	532
531	534
531	539
531	543
531	544
531	579
531	580
531	582
531	689
531	718
531	876
532	536
532	549
532	553
532	565
532	576
532	579
532	581
532	586
532	598
532	640
532	853
533	549
533	551
533	558
533	566
533	571
533	573
533	582
533	584
533	585
533	596
533	599
533	652
533	808
534	539
534	541
534	547
534	549
534	553
534	555
534	559
534	565
534	568
534	572
534	580
534	587
534	589
534	592
534	595
535	548
535	550
535	552
535	556
535	571
535	579
535	580
535	594
535	598
535	801
536	547
536	550
536	555
536	578
536	579
536	597
536	598
536	925
536	932
537	540
537	552
537	553
537	554
537	559
537	570
537	571
537	572
537	574
537	582
537	586
537	589
537	591
537	596
537	835
537	840
537	852
537	887
538	543
538	564
538	581
538	584
538	593
538	594
538	597
538	599
539	541
539	544
539	545
539	548
539	554
539	555
539	562
539	568
539	576
539	587
539	598
539	751
539	837
540	550
540	565
540	566
540	567
540	568
540	576
540	585
540	590
540	591
540	596
541	556
541	557
541	567
541	570
541	572
541	577
541	582
541	587
541	756
541	863
541	897
542	548
542	561
542	572
542	576
542	577
542	581
542	591
542	592
542	680
542	709
542	775
543	546
543	555
543	558
543	566
543	571
543	574
543	577
543	578
543	582
543	585
543	809
543	861
544	550
544	553
544	557
544	565
544	568
544	570
544	572
544	575
544	579
544	594
544	597
544	598
544	643
544	762
544	768
544	877
545	549
545	568
545	569
545	574
545	596
545	613
545	847
545	957
546	566
546	581
546	585
546	593
546	661
546	826
546	951
547	550
547	551
547	554
547	559
547	565
547	566
547	578
547	584
547	585
547	616
547	880
548	554
548	558
548	567
548	573
548	581
548	582
548	593
548	612
548	780
549	550
549	555
549	563
549	564
549	569
549	578
549	580
549	585
549	587
549	594
549	627
549	710
550	552
550	580
550	586
550	588
550	590
550	592
550	595
550	598
550	599
550	745
550	849
550	941
550	969
551	572
551	578
551	589
552	561
552	565
552	572
552	575
552	587
552	589
552	597
552	599
552	634
552	770
552	797
552	807
553	563
553	564
553	566
553	572
553	574
553	738
553	743
553	892
554	554
554	555
554	556
554	567
554	570
554	576
554	583
554	592
554	593
554	595
554	955
555	563
555	568
555	569
555	572
555	576
555	593
555	597
555	660
555	776
555	974
556	570
556	572
556	574
556	576
556	579
556	588
556	726
556	780
557	558
557	560
557	576
557	579
557	580
557	591
557	597
557	598
557	683
557	712
557	828
558	568
558	570
558	571
558	575
558	590
558	908
559	584
559	712
559	859
560	569
560	570
560	589
560	592
560	598
560	749
560	784
561	576
561	578
561	847
561	938
562	562
562	563
562	568
562	583
562	588
562	824
562	934
563	567
563	569
563	576
563	584
563	585
563	592
563	597
563	598
563	848
564	568
564	569
564	575
564	584
564	596
564	635
564	695
564	839
565	567
565	580
565	593
565	742
565	803
565	880
566	566
566	567
566	568
566	572
566	575
566	595
566	612
566	856
566	863
566	954
567	567
567	580
567	587
567	649
567	996
568	582
568	592
568	597
568	609
568	746
569	578
569	581
569	582
569	593
569	597
569	646
569	651
569	789
570	573
570	575
570	583
570	587
570	589
570	591
570	596
570	656
570	672
570	690
570	712
570	856
570	919
571	572
571	586
571	675
571	714
571	883
571	923
572	574
572	579
572	594
572	597
572	860
573	580
573	582
573	586
573	698
573	731
573	849
574	581
574	746
575	576
575	579
575	581
575	589
575	590
575	801
575	828
576	580
576	585
576	586
576	588
576	592
576	595
576	598
576	825
576	897
577	578
577	579
577	584
577	592
577	623
577	887
577	916
578	596
578	597
578	921
579	586
579	590
579	596
579	599
579	623
579	657
579	825
580	582
580	584
580	587
580	598
580	957
581	585
581	591
581	597
581	598
581	700
581	709
581	950
582	586
582	593
582	780
582	850
582	891
583	682
583	707
584	592
584	655
584	724
584	801
585	588
585	601
586	588
586	592
586	595
586	670
587	587
588	599
588	827
589	839
589	900
590	592
590	593
590	703
591	593
591	595
591	678
591	746
591	972
592	592
592	885
593	594
593	596
593	597
594	597
594	772
594	816
595	597
595	694
595	898
595	929
596	598
596	701
596	971
597	703
597	899
597	917
598	601
598	626
598	957
599	682
599	803
599	847
600	610
600	619
600	623
600	625
600	637
600	639
600	656
600	662
600	672
600	677
600	688
600	689
600	694
600	860
601	602
601	633
601	640
601	647
601	669
601	672
601	680
601	681
601	683
601	687
601	694
602	604
602	612
602	615
602	618
602	624
602	626
602	644
602	648
602	658
602	661
602	666
602	688
602	693
602	697
602	712
602	806
603	611
603	619
603	625
603	628
603	630
603	631
603	634
603	645
603	650
603	666
603	667
603	673
603	679
603	794
603	882
603	925
604	605
604	608
604	615
604	621
604	623
604	625
604	646
604	649
604	667
604	679
604	694
604	725
604	787
604	801
604	918
605	608
605	611
605	619
605	624
605	634
605	664
605	670
605	674
605	679
605	684
605	696
606	606
606	620
606	628
606	631
606	650
606	657
606	667
606	671
606	676
606	677
606	678
606	680
606	866
606	886
607	608
607	618
607	620
607	625
607	633
607	637
607	652
607	656
607	667
607	683
607	685
607	686
607	687
607	766
607	896
607	939
608	608
608	613
608	616
608	619
608	624
608	654
608	657
608	660
608	673
608	674
608	675
608	680
608	687
608	696
608	898
608	925
608	931
608	952
609	612
609	613
609	624
609	635
609	636
609	637
609	638
609	658
609	661
609	685
609	689
609	813
609	816
609	855
610	613
610	614
610	623
610	624
610	627
610	632
610	634
610	642
610	646
610	671
610	676
610	684
610	689
610	840
610	912
611	615
611	636
611	642
611	643
611	648
611	659
611	660
611	661
611	667
611	674
611	678
611	682
611	684
611	685
611	693
611	905
611	975
612	612
612	614
612	619
612	620
612	626
612	638
612	644
612	645
612	650
612	659
612	673
612	691
612	692
612	696
612	698
612	787
612	817
612	942
613	625
613	628
613	649
613	655
613	657
613	658
613	672
613	679
613	681
613	684
613	690
613	831
614	620
614	621
614	624
614	632
614	644
614	648
614	653
614	659
614	668
614	675
614	679
614	683
614	685
614	687
614	689
614	696
614	864
614	975
615	615
615	625
615	626
615	628
615	632
615	634
615	635
615	649
615	650
615	654
615	658
615	662
615	664
615	675
615	678
615	690
615	695
615	698
615	705
615	796
616	623
616	624
616	625
616	630
616	639
616	640
616	643
616	653
616	662
616	667
616	672
616	682
616	687
617	617
617	634
617	635
617	636
617	637
617	646
617	652
617	657
617	665
617	670
617	671
617	674
617	676
617	689
617	691
617	692
617	707
617	749
617	771
617	921
618	638
618	642
618	655
618	662
618	665
618	687
618	689
618	695
618	908
619	621
619	626
619	631
619	637
619	643
619	644
619	646
619	656
619	657
619	662
619	668
619	671
619	686
619	689
619	695
619	737
619	787
619	815
619	853
619	893
619	954
620	626
620	633
620	635
620	644
620	649
620	674
620	675
620	679
620	681
620	690
620	692
620	696
620	810
620	935
620	937
621	622
621	637
621	647
621	649
621	675
621	688
621	698
621	751
621	790
621	799
621	889
622	623
622	633
622	642
622	649
622	654
622	663
622	664
622	681
622	683
622	688
622	691
622	692
622	694
622	695
622	697
622	778
622	892
622	898
623	625
623	642
623	648
623	654
623	664
623	668
623	669
623	671
623	674
623	679
623	686
623	694
623	757
623	836
624	627
624	629
624	634
624	635
624	641
624	643
624	647
624	648
624	649
624	666
624	671
624	677
624	679
625	632
625	637
625	638
625	659
625	665
625	667
625	677
625	698
625	884
626	626
626	628
626	635
626	677
626	690
626	835
626	917
627	640
627	643
627	651
627	653
627	655
627	660
627	670
627	674
627	682
627	699
627	872
627	989
628	631
628	644
628	645
628	646
628	650
628	662
628	663
628	664
628	668
628	679
628	681
628	688
628	689
628	691
628	707
628	907
629	644
629	650
629	659
629	670
629	673
629	683
629	684
629	686
629	689
629	690
629	699
629	815
629	874
630	640
630	643
630	647
630	652
630	659
630	662
630	663
630	668
630	671
630	685
631	645
631	649
631	650
631	671
631	683
631	686
631	687
631	690
631	692
631	695
631	696
631	928
632	638
632	644
632	645
632	647
632	648
632	653
632	659
632	669
632	671
632	676
632	682
632	694
632	931
633	644
633	658
633	661
633	663
633	679
634	641
634	644
634	652
634	653
634	660
634	662
634	666
634	668
634	671
634	680
634	688
634	689
635	637
635	645
635	649
635	668
635	670
635	682
636	637
636	653
636	656
636	657
636	660
636	668
636	673
636	679
636	685
636	697
636	809
637	647
637	652
637	659
637	660
637	662
637	664
637	666
637	669
637	672
637	680
637	682
637	687
637	694
637	861
637	937
638	638
638	649
638	667
638	669
638	671
638	685
638	693
638	696
638	719
638	848
639	643
639	651
639	688
639	699
640	645
640	646
640	655
640	660
640	665
640	674
640	762
641	642
641	658
641	675
641	685
641	687
641	690
641	692
641	694
641	695
641	699
641	800
641	930
642	654
642	661
642	673
642	692
642	695
642	861
642	940
643	646
643	648
643	669
643	671
643	675
643	684
643	691
643	692
643	839
643	886
643	934
644	656
644	671
644	676
644	678
644	682
644	694
644	881
645	659
645	666
645	675
645	679
645	682
645	685
645	696
645	754
645	767
646	646
646	647
646	651
646	653
646	671
646	677
646	679
646	692
646	856
647	653
647	659
647	661
647	673
647	685
647	690
647	695
647	740
647	804
647	864
647	878
647	879
647	887
648	663
648	666
648	671
648	679
648	686
648	689
649	653
649	655
649	674
649	682
649	690
649	820
650	651
650	652
650	655
650	657
650	660
650	663
650	677
650	689
650	695
651	668
651	675
651	679
651	680
651	681
651	690
651	691
651	694
651	698
652	653
652	660
652	664
652	665
652	673
652	685
652	692
652	717
652	828
652	917
653	664
653	674
653	687
653	694
653	736
653	738
653	787
653	932
653	949
654	654
654	663
654	669
654	682
654	683
654	687
654	692
654	699
654	727
654	838
654	894
655	671
655	679
655	693
655	762
656	657
656	665
656	666
656	670
656	675
656	677
656	683
656	693
656	697
656	782
656	806
657	660
657	676
657	678
657	682
657	684
657	692
657	702
657	927
658	661
658	664
658	671
658	680
658	683
658	686
658	688
658	800
658	931
659	665
659	676
659	677
659	678
659	679
659	684
659	692
659	871
660	666
660	669
660	674
660	722
660	755
660	769
660	932
660	994
661	665
661	668
661	684
661	688
661	691
661	698
661	780
662	668
662	676
662	690
662	691
662	696
662	900
663	671
663	673
663	675
663	683
663	685
663	686
663	698
663	809
663	889
663	927
663	974
664	664
664	673
664	674
664	678
664	790
664	861
664	992
664	997
665	670
665	687
665	690
665	698
665	699
665	761
665	818
665	960
665	974
666	666
666	682
666	686
666	690
666	691
666	754
666	776
666	851
667	670
667	679
667	684
667	690
667	692
667	695
667	697
667	741
668	671
668	674
668	680
668	682
668	683
668	835
668	932
668	966
669	671
669	685
669	687
669	689
669	699
669	771
669	956
670	670
670	676
670	682
670	684
670	685
670	690
670	692
670	744
671	676
671	688
671	694
671	696
671	699
671	775
671	926
672	679
672	685
672	692
672	698
672	947
672	974
673	687
673	697
673	816
674	697
674	703
675	682
675	686
675	694
675	710
675	984
676	686
676	698
676	918
677	679
677	684
677	687
677	692
678	683
678	685
678	689
678	692
678	694
678	697
678	713
678	846
679	685
679	687
679	694
679	813
679	842
680	683
680	694
680	916
681	682
681	695
681	704
682	691
682	699
682	847
683	689
683	691
683	693
683	695
683	724
684	690
684	719
684	890
685	685
685	695
685	713
686	687
686	691
686	848
687	730
687	769
688	699
688	912
689	692
689	840
690	691
690	864
690	913
691	726
691	817
691	949
692	946
692	966
693	698
693	717
694	737
694	838
695	802
697	737
697	811
697	827
697	851
698	699
698	713
698	725
698	789
698	904
699	741
700	703
700	706
700	708
700	713
700	717
700	733
700	734
700	744
700	753
700	770
700	772
700	774
700	782
700	793
701	705
701	707
701	715
701	719
701	729
701	733
701	736
701	741
701	749
701	750
701	751
701	765
701	769
701	778
701	795
701	797
702	718
702	727
702	742
702	743
702	751
702	752
702	758
702	759
702	765
702	775
702	778
702	779
702	782
702	804
702	891
702	958
703	722
703	725
703	728
703	737
703	738
703	742
703	747
703	749
703	761
703	768
703	770
703	777
703	781
703	790
703	791
703	843
703	923
704	704
704	719
704	731
704	732
704	745
704	747
704	748
704	749
704	752
704	754
704	755
704	756
704	759
704	760
704	770
704	784
704	792
704	794
704	797
705	711
705	718
705	743
705	744
705	758
705	760
705	763
705	765
705	780
705	785
705	799
705	818
706	725
706	726
706	735
706	746
706	755
706	760
706	768
706	774
706	782
706	786
706	787
706	790
707	714
707	721
707	739
707	747
707	750
707	751
707	753
707	756
707	758
707	766
707	774
707	783
707	785
707	822
708	712
708	714
708	738
708	740
708	749
708	753
708	757
708	761
708	763
708	771
708	793
708	946
709	732
709	735
709	742
709	748
709	749
709	755
709	757
709	765
709	772
709	781
709	784
709	790
709	972
710	717
710	723
710	725
710	729
710	734
710	736
710	740
710	745
710	755
710	760
710	763
710	765
710	766
710	770
710	771
710	775
710	782
710	797
710	921
710	959
711	712
711	719
711	723
711	726
711	736
711	746
711	752
711	756
711	762
711	765
711	766
711	774
711	778
711	787
711	883
712	737
712	768
712	774
712	777
712	783
712	784
712	785
712	845
713	716
713	721
713	722
713	744
713	769
713	773
713	782
713	788
713	792
713	796
713	864
713	945
714	719
714	721
714	725
714	726
714	731
714	733
714	739
714	759
714	771
714	776
714	786
714	799
714	957
715	717
715	724
715	725
715	727
715	729
715	731
715	735
715	747
715	748
715	758
715	759
715	764
715	770
715	784
715	786
715	789
715	799
715	874
715	973
716	717
716	718
716	719
716	730
716	732
716	736
716	739
716	751
716	759
716	769
716	776
716	780
716	786
716	794
716	959
717	719
717	723
717	729
717	731
717	738
717	740
717	745
717	750
717	759
717	761
717	762
717	770
717	774
717	775
717	786
717	788
717	797
718	723
718	732
718	735
718	736
718	737
718	742
718	745
718	747
718	753
718	754
718	756
718	758
718	777
718	778
718	780
718	781
718	792
718	795
719	727
719	729
719	736
719	744
719	755
719	763
719	766
719	767
719	781
719	782
719	787
719	788
719	950
720	726
720	727
720	737
720	738
720	756
720	759
720	760
720	763
720	770
720	779
720	782
720	785
720	866
721	723
721	726
721	730
721	746
721	754
721	766
721	775
721	777
721	793
721	949
721	962
721	983
722	723
722	736
722	738
722	743
722	765
722	776
722	787
722	788
722	796
722	898
722	986
723	723
723	732
723	734
723	737
723	740
723	748
723	760
723	764
723	768
723	780
723	784
723	791
723	799
724	733
724	744
724	752
724	765
724	774
724	779
724	781
724	784
725	737
725	738
725	741
725	744
725	747
725	755
725	776
725	777
725	785
725	797
726	732
726	743
726	746
726	758
726	767
726	775
726	795
727	745
727	757
727	765
727	773
727	780
727	784
727	793
728	734
728	742
728	766
728	769
728	770
728	771
728	773
728	782
728	792
728	797
729	733
729	735
729	743
729	757
729	760
729	769
729	771
729	778
729	790
729	795
729	798
729	953
729	986
730	731
730	733
730	738
730	740
730	758
730	765
730	844
730	927
731	740
731	741
731	758
731	769
731	771
731	780
731	782
731	790
731	793
731	858
732	739
732	741
732	743
732	761
732	763
732	766
732	768
732	927
732	941
733	736
733	738
733	741
733	749
733	751
733	775
733	778
733	781
733	796
733	863
734	736
734	755
734	758
734	764
734	769
734	782
734	787
734	790
734	797
734	798
735	736
735	737
735	744
735	748
735	749
735	750
735	751
735	754
735	757
735	766
735	771
735	792
735	796
735	814
735	871
736	738
736	743
736	749
736	754
736	756
736	760
736	775
736	778
736	786
736	793
737	748
737	758
737	779
737	783
737	787
737	792
737	923
738	743
738	745
738	756
738	757
738	758
738	761
738	776
738	789
738	798
738	809
738	974
739	740
739	748
739	753
739	757
739	767
739	774
739	784
739	787
739	788
740	749
740	752
740	759
740	764
740	773
740	774
740	786
740	796
740	798
740	799
740	955
741	742
741	744
741	746
741	750
741	756
741	759
741	760
741	782
741	788
741	789
741	790
741	793
741	797
741	823
742	744
742	747
742	756
742	762
742	773
742	777
742	778
742	788
742	792
743	752
743	760
743	763
743	770
743	775
743	777
743	780
743	793
743	924
744	751
744	763
744	773
744	774
744	775
744	784
744	791
744	793
744	796
744	799
744	851
745	761
745	764
745	765
745	770
745	772
745	774
745	776
745	777
745	784
745	789
745	792
745	852
746	751
746	769
746	773
746	774
746	784
746	790
746	793
746	798
746	799
746	800
746	808
747	751
747	752
747	766
747	768
747	770
747	773
747	783
747	786
747	788
747	792
748	787
748	788
748	796
748	797
749	762
749	769
749	793
749	961
750	751
750	788
750	790
750	796
750	822
750	989
751	752
751	775
751	796
751	860
751	906
751	915
752	758
752	765
752	767
752	772
752	773
752	776
752	791
752	792
752	876
752	877
752	912
753	755
753	757
753	762
753	799
754	770
754	786
755	755
755	768
755	773
755	778
755	785
755	786
756	757
756	759
756	770
756	775
756	776
756	781
756	784
757	758
757	761
757	779
757	781
757	784
757	787
758	761
758	768
758	780
758	786
758	788
758	889
758	897
759	761
759	766
759	771
759	780
759	802
759	835
759	853
760	763
760	765
760	772
760	773
760	791
760	927
761	767
761	769
761	783
761	785
761	793
761	798
761	809
761	930
762	779
762	787
762	789
762	850
762	881
763	773
763	774
763	780
763	783
763	784
763	785
763	790
763	794
764	770
764	775
764	776
764	961
765	765
765	767
765	781
765	788
765	795
765	797
765	871
765	923
766	768
766	772
766	777
766	780
766	793
766	985
767	776
767	777
767	786
767	793
768	773
768	780
768	815
769	781
769	852
770	783
770	785
770	788
770	797
770	801
770	817
770	925
770	937
771	775
771	778
771	791
771	906
772	787
772	789
772	828
772	835
772	857
773	788
773	829
773	855
774	792
774	799
775	788
775	789
775	793
775	911
776	778
776	779
776	784
776	785
776	788
776	789
777	782
777	783
777	958
777	963
778	778
778	792
779	780
779	784
779	910
780	793
780	796
780	798
780	911
780	980
781	792
781	799
781	909
781	923
782	795
782	797
783	798
783	799
783	953
784	792
784	793
784	862
785	908
786	787
786	788
787	796
787	807
787	817
787	854
787	892
787	986
788	788
789	794
789	832
789	994
790	790
790	796
790	797
791	791
791	793
791	895
792	793
792	794
792	958
793	852
794	799
795	797
795	810
795	906
795	944
796	798
796	799
796	867
798	799
798	879
798	998
800	805
800	808
800	821
800	837
800	838
800	847
800	849
800	855
800	865
800	868
800	871
800	882
800	885
800	888
800	890
800	894
800	943
801	802
801	815
801	821
801	824
801	843
801	845
801	853
801	856
801	859
801	863
801	865
801	887
801	888
801	917
802	808
802	847
802	855
802	862
802	890
802	898
802	930
803	804
803	806
803	819
803	822
803	825
803	827
803	835
803	841
803	855
803	866
803	869
803	875
803	877
803	879
803	883
803	891
803	899
804	804
804	808
804	822
804	837
804	840
804	841
804	842
804	861
804	875
804	883
804	892
804	896
804	899
805	807
805	808
805	810
805	818
805	821
805	842
805	857
805	860
805	863
805	869
805	877
805	882
805	895
806	820
806	824
806	825
806	829
806	834
806	845
806	849
806	860
806	870
806	891
806	892
806	897
806	990
807	812
807	816
807	818
807	819
807	820
807	821
807	822
807	832
807	833
807	859
807	860
807	864
807	866
807	870
807	872
807	876
807	898
807	936
808	827
808	831
808	845
808	848
808	879
808	889
808	894
808	896
808	899
808	949
809	810
809	834
809	839
809	844
809	845
809	859
809	864
809	866
809	875
809	877
809	885
810	818
810	825
810	834
810	842
810	843
810	847
810	849
810	857
810	863
810	889
810	895
811	817
811	826
811	830
811	834
811	848
811	850
811	882
811	889
811	896
811	897
811	917
812	823
812	829
812	837
812	846
812	848
812	852
812	860
812	867
812	875
812	882
812	883
812	889
812	890
812	899
813	816
813	821
813	825
813	827
813	830
813	837
813	839
813	843
813	861
813	864
813	866
813	873
813	881
813	885
813	889
813	894
814	828
814	847
814	850
814	852
814	857
814	868
814	883
814	884
814	885
814	888
814	898
815	829
815	838
815	852
815	865
815	874
815	876
815	885
815	888
816	826
816	827
816	844
816	849
816	866
816	867
816	868
816	880
816	882
816	883
816	891
817	823
817	828
817	836
817	842
817	845
817	881
817	892
817	893
817	896
817	942
818	821
818	826
818	827
818	831
818	832
818	851
818	855
818	862
818	869
818	874
818	875
818	877
818	880
818	885
818	889
818	935
818	945
819	825
819	830
819	859
819	867
819	868
819	869
819	872
819	873
819	899
819	921
820	820
820	821
820	825
820	839
820	841
820	851
820	852
820	863
820	870
820	887
821	830
821	834
821	839
821	851
821	852
821	855
821	856
821	858
821	873
822	822
822	832
822	843
822	861
822	867
822	874
822	876
822	880
822	881
822	882
822	895
823	839
823	840
823	842
823	844
823	849
823	850
823	872
823	873
823	877
823	878
823	884
823	886
823	889
823	894
823	898
823	978
824	826
824	855
824	857
824	862
824	872
824	876
824	890
824	975
824	998
825	825
825	829
825	837
825	838
825	842
825	843
825	844
825	849
825	860
825	867
825	871
825	877
825	884
825	891
825	898
825	918
826	829
826	836
826	851
826	854
826	864
826	869
826	870
826	871
826	885
826	890
826	893
826	920
826	970
826	999
827	827
827	831
827	835
827	859
827	891
827	948
828	833
828	860
828	862
828	871
828	883
828	894
828	895
828	977
828	989
829	830
829	849
829	851
829	866
829	876
829	879
829	881
829	882
829	885
829	892
829	894
830	830
830	832
830	843
830	844
830	849
830	852
830	853
830	861
830	868
830	876
830	882
830	883
830	884
830	889
830	890
830	893
831	854
831	866
831	888
832	861
832	864
832	872
832	874
832	879
832	885
832	889
832	894
832	898
833	836
833	846
833	853
833	857
833	878
833	883
833	896
834	835
834	849
834	854
834	869
834	876
834	877
834	880
834	893
834	895
834	897
835	837
835	842
835	850
835	864
835	870
835	874
835	887
835	893
835	896
835	898
835	899
836	849
836	854
836	856
836	857
836	860
836	865
836	866
836	874
836	876
836	878
836	881
836	886
836	889
836	890
836	892
836	966
836	998
837	839
837	868
837	884
837	888
837	890
837	896
837	985
838	842
838	860
838	867
838	884
838	892
839	841
839	853
839	858
839	881
839	885
839	888
839	889
839	895
839	897
839	898
839	899
839	996
840	847
840	855
840	890
840	892
840	966
840	976
841	841
841	859
841	862
841	870
841	878
841	881
841	931
841	979
842	847
842	850
842	853
842	855
842	861
842	868
842	879
842	883
842	890
842	899
843	847
843	857
843	858
843	867
843	873
843	874
843	878
843	884
843	894
843	895
843	941
843	945
844	846
844	853
844	867
844	868
844	878
844	885
845	861
845	870
845	874
845	882
845	896
846	846
846	848
846	854
846	871
846	875
846	882
846	891
846	894
846	897
846	919
846	966
847	862
847	865
847	868
847	883
847	895
847	897
847	898
847	919
848	853
848	858
848	862
848	868
848	870
848	894
848	995
849	853
849	863
849	872
849	896
849	898
849	899
849	910
849	961
849	966
850	855
850	868
850	880
850	885
850	897
850	906
851	853
851	892
852	871
852	957
853	864
853	884
853	891
853	898
854	880
854	892
854	893
854	896
855	863
855	884
855	888
855	894
855	941
856	859
856	869
856	875
856	877
856	899
856	959
857	859
857	863
857	864
857	872
857	891
857	909
858	862
858	869
858	870
858	875
858	879
858	886
858	889
858	895
859	860
859	864
859	870
859	872
859	891
859	924
859	997
860	861
860	862
860	869
860	870
860	875
860	877
860	878
860	889
860	898
860	948
861	864
861	876
861	879
861	889
861	892
861	983
862	865
862	879
862	892
862	897
862	930
863	871
863	876
863	884
863	886
863	922
864	865
864	879
865	867
865	874
865	875
865	880
865	891
865	893
866	890
866	893
866	902
866	982
867	897
867	981
868	878
868	887
868	891
868	895
869	875
869	887
869	892
869	894
869	940
870	878
870	879
870	893
871	884
871	897
872	897
873	877
873	881
873	892
873	897
873	898
873	986
874	877
874	889
874	892
874	895
874	896
874	898
874	922
875	883
875	887
875	964
876	890
876	898
877	885
877	894
877	896
877	934
878	889
878	892
878	893
878	896
878	897
878	899
878	962
880	881
880	883
880	894
880	895
880	955
880	980
881	883
881	884
881	933
882	884
882	888
882	896
882	897
882	953
882	971
883	974
885	894
885	932
886	927
887	889
887	891
887	927
887	998
888	894
889	894
889	965
890	898
890	899
891	896
891	897
892	953
893	897
893	996
894	899
895	896
896	973
896	981
898	922
899	932
899	940
900	909
900	920
900	925
900	928
900	938
900	939
900	940
900	943
900	951
900	956
900	983
900	991
900	996
901	904
901	915
901	924
901	936
901	939
901	956
901	962
901	964
901	981
901	985
902	905
902	911
902	923
902	939
902	941
902	942
902	953
902	963
902	975
902	999
903	913
903	916
903	922
903	943
903	945
903	955
903	962
903	966
903	975
903	990
903	994
904	910
904	912
904	924
904	932
904	948
904	966
904	976
904	986
904	987
905	939
905	968
905	972
905	975
905	995
905	997
906	909
906	918
906	919
906	923
906	924
906	926
906	937
906	964
906	967
906	969
906	971
906	979
906	982
906	987
906	989
907	909
907	913
907	917
907	925
907	926
907	933
907	939
907	957
907	969
907	970
907	976
907	978
907	983
907	984
907	986
907	997
908	912
908	927
908	929
908	936
908	944
908	952
908	957
908	981
908	995
909	909
909	910
909	917
909	920
909	921
909	923
909	927
909	933
909	935
909	949
909	954
909	956
909	963
909	966
909	968
909	970
909	976
909	978
909	979
909	983
909	984
909	990
909	993
909	994
910	914
910	921
910	926
910	934
910	949
910	962
910	965
910	966
910	975
910	992
911	913
911	936
911	937
911	949
911	956
911	962
911	982
911	987
911	999
912	914
912	920
912	923
912	939
912	942
912	943
912	952
912	957
912	958
912	965
912	967
912	971
912	980
912	994
913	921
913	944
913	948
913	951
913	956
913	960
913	967
913	968
913	972
913	974
913	977
913	981
913	985
913	991
914	918
914	926
914	928
914	933
914	952
914	955
914	972
914	982
914	990
915	915
915	916
915	918
915	919
915	921
915	926
915	940
915	945
915	946
915	954
915	955
915	957
915	965
915	972
915	983
915	984
915	996
915	999
916	920
916	924
916	926
916	931
916	933
916	934
916	937
916	944
916	953
916	955
916	956
916	959
916	973
916	982
916	983
916	993
917	926
917	927
917	928
917	931
917	934
917	947
917	951
917	953
917	954
917	957
917	962
917	978
917	984
917	989
918	925
918	938
918	939
918	947
918	950
918	951
918	954
918	994
919	931
919	933
919	946
919	959
919	969
919	971
919	974
919	984
919	986
919	991
920	926
920	929
920	940
920	942
920	945
920	953
920	968
920	977
920	978
920	980
920	982
920	988
921	921
921	928
921	932
921	938
921	942
921	943
921	948
921	967
921	983
921	993
921	999
922	928
922	934
922	935
922	936
922	948
922	959
922	977
922	990
922	991
922	992
923	927
923	932
923	935
923	940
923	941
923	942
923	945
923	948
923	956
923	961
923	970
923	982
923	987
923	989
923	997
923	999
924	928
924	943
924	950
924	959
924	963
924	975
924	976
924	987
925	938
925	942
925	948
925	970
925	984
925	988
926	929
926	934
926	940
926	942
926	956
926	959
926	962
926	972
926	981
926	983
927	930
927	931
927	932
927	947
927	955
927	965
927	996
928	930
928	939
928	942
928	953
928	959
928	962
928	964
928	975
928	976
928	982
928	992
928	996
929	929
929	942
929	945
929	956
929	958
929	973
929	975
929	977
929	978
929	988
929	989
929	994
930	933
930	935
930	938
930	939
930	940
930	943
930	945
930	953
930	961
930	966
930	969
930	976
930	978
930	988
930	993
931	937
931	947
931	984
931	987
931	988
931	989
931	993
931	995
932	935
932	940
932	944
932	958
932	960
932	961
932	969
932	980
932	989
932	990
932	991
932	997
933	950
933	960
933	975
933	976
933	993
934	936
934	942
934	944
934	953
934	954
934	966
934	974
934	987
934	997
935	945
935	952
935	953
935	956
935	958
935	964
935	966
935	973
935	980
935	981
935	987
935	998
936	936
936	942
936	948
936	964
936	971
936	978
936	993
936	996
936	997
937	939
937	945
937	951
937	962
937	973
937	976
937	992
938	943
938	946
938	957
938	962
938	966
938	973
938	980
938	984
939	943
939	954
939	955
939	957
939	961
939	970
939	973
939	981
939	997
940	953
940	960
940	967
940	970
940	971
940	975
940	979
940	998
941	948
941	952
941	955
941	964
941	976
941	994
942	942
942	945
942	948
942	961
942	969
942	974
942	986
942	997
942	998
942	999
943	960
943	976
943	977
943	982
943	987
943	990
943	995
944	947
944	949
944	953
944	955
944	957
944	962
944	966
944	968
944	975
944	980
944	988
945	947
945	948
945	953
945	981
945	994
945	996
946	965
946	984
946	991
946	993
946	999
947	958
947	961
947	964
947	967
947	968
947	971
947	975
947	983
947	989
947	999
948	949
948	995
949	961
949	968
949	980
950	953
950	970
950	971
950	972
950	989
950	996
950	997
951	951
951	965
951	970
951	977
951	983
951	984
951	996
952	956
952	963
952	966
952	967
952	969
952	977
952	988
952	991
952	996
952	998
953	954
953	957
953	960
953	974
953	976
953	979
953	981
953	982
953	986
953	987
953	988
953	990
953	998
954	962
954	968
954	972
954	977
954	983
954	987
954	994
955	956
955	961
955	963
955	975
955	985
955	997
956	956
956	960
956	982
956	990
956	999
957	960
957	966
957	969
957	971
957	973
957	974
957	978
957	982
957	985
957	995
957	997
958	967
958	994
958	999
959	960
959	966
959	968
959	970
959	973
959	974
959	977
959	978
959	981
959	991
960	969
960	970
961	963
961	970
961	974
961	983
962	965
962	973
962	981
962	984
962	986
963	969
963	973
963	976
963	994
964	967
964	969
964	972
964	979
964	985
964	986
965	979
965	980
965	981
965	985
966	984
966	990
966	991
966	993
967	981
967	982
967	988
967	996
968	975
968	984
968	999
969	973
969	974
969	982
969	988
969	993
969	994
970	973
970	978
970	987
970	992
970	994
970	997
970	998
971	973
971	977
971	978
971	982
971	986
971	991
972	986
972	998
973	985
973	999
974	994
974	996
975	989
975	993
976	982
976	993
976	996
977	986
977	993
977	994
977	996
977	998
978	980
978	982
978	992
978	993
978	995
979	982
979	983
979	984
979	987
979	995
980	986
980	987
980	999
981	983
981	996
981	998
982	987
982	999
983	987
983	995
983	999
984	987
984	988
984	991
984	996
984	998
985	992
986	996
987	989
987	993
987	999
988	999
991	997
992	997
994	998
994	999
