0	4
0	72
0	79
0	82
0	133
0	154
0	256
0	298
0	310
0	408
0	443
0	706
0	734
0	790
0	889
1	6
1	33
1	65
1	115
1	117
1	128
1	248
1	279
1	288
1	305
1	431
1	504
1	526
1	529
1	557
1	742
1	771
1	809
1	952
2	3
2	19
2	27
2	28
2	38
2	41
2	47
2	51
2	62
2	73
2	78
2	81
2	148
2	151
2	194
2	255
2	305
2	379
2	408
2	469
2	591
2	648
2	747
2	870
2	904
2	986
3	7
3	49
3	51
3	65
3	82
3	172
3	227
3	299
3	388
3	466
3	678
3	694
3	818
3	863
3	918
4	9
4	13
4	14
4	17
4	18
4	38
4	40
4	55
4	56
4	67
4	72
4	151
4	272
4	359
4	436
4	464
4	532
4	536
4	601
4	607
4	626
4	642
4	680
4	716
4	860
4	895
4	925
5	6
5	20
5	28
5	51
5	69
5	74
5	141
5	227
5	358
5	416
5	431
5	574
5	670
5	689
5	716
5	792
5	887
5	948
5	967
6	15
6	16
6	23
6	40
6	108
6	147
6	179
6	234
6	370
6	402
6	451
6	460
6	473
6	496
6	576
6	672
6	700
6	763
6	798
6	864
6	882
6	908
6	927
6	951
6	993
7	82
7	88
7	96
7	186
7	218
7	220
7	278
7	283
7	437
7	450
7	530
7	614
7	671
7	772
7	783
7	796
7	798
7	803
7	854
7	868
8	13
8	19
8	25
8	33
8	36
8	43
8	47
8	52
8	79
8	80
8	83
8	93
8	187
8	251
8	343
8	372
8	415
8	477
8	528
8	600
8	693
8	701
8	762
8	768
8	789
8	813
8	967
9	14
9	16
9	23
9	26
9	42
9	43
9	46
9	68
9	87
9	95
9	122
9	175
9	194
9	294
9	334
9	353
9	361
9	377
9	453
9	486
9	618
9	669
9	675
9	802
9	826
9	831
9	889
10	16
10	33
10	40
10	56
10	78
10	81
10	134
10	137
10	166
10	224
10	379
10	442
10	455
10	607
10	693
10	786
10	945
11	28
11	59
11	85
11	89
11	115
11	196
11	268
11	311
11	421
11	432
11	472
11	493
11	511
11	552
11	607
11	608
11	665
11	707
11	723
11	775
11	817
11	925
11	982
12	16
12	39
12	118
12	153
12	176
12	274
12	275
12	392
12	554
12	564
12	614
12	635
12	638
12	687
12	737
12	786
12	908
13	14
13	33
13	46
13	75
13	95
13	165
13	204
13	257
13	319
13	347
13	503
13	548
13	626
13	704
13	879
13	945
13	992
14	20
14	43
14	59
14	76
14	78
14	80
14	243
14	272
14	280
14	326
14	338
14	643
14	685
14	941
15	25
15	71
15	99
15	111
15	134
15	243
15	307
15	320
15	382
15	393
15	418
15	463
15	528
15	600
15	768
15	831
15	857
16	54
16	59
16	70
16	87
16	88
16	99
16	153
16	193
16	214
16	216
16	253
16	256
16	306
16	317
16	343
16	423
16	428
16	439
16	452
16	461
16	467
16	490
16	534
16	550
16	553
16	574
16	609
16	647
16	690
17	56
17	65
17	143
17	249
17	367
17	412
17	448
17	461
17	621
17	746
17	751
17	877
17	906
17	957
18	45
18	191
18	192
18	291
18	312
18	355
18	648
18	697
18	774
18	780
18	840
18	912
19	27
19	51
19	150
19	154
19	196
19	273
19	283
19	294
19	313
19	379
19	419
19	448
19	460
19	497
19	601
19	760
19	802
19	949
20	34
20	37
20	62
20	63
20	88
20	349
20	444
20	528
20	532
20	560
20	585
20	624
20	949
21	48
21	85
21	86
21	88
21	93
21	125
21	340
21	499
21	573
21	578
21	599
21	706
21	822
21	887
21	943
22	24
22	44
22	50
22	59
22	60
22	97
22	107
22	112
22	195
22	236
22	341
22	360
22	366
22	424
22	485
22	715
22	777
22	799
22	854
22	856
22	885
22	913
22	942
22	953
23	50
23	79
23	84
23	172
23	183
23	304
23	336
23	428
23	544
23	633
23	635
23	716
23	745
23	774
23	780
23	905
23	927
23	993
24	39
24	51
24	76
24	81
24	86
24	96
24	155
24	174
24	208
24	268
24	389
24	426
24	526
24	528
24	563
24	578
24	604
24	605
24	610
24	620
24	625
24	709
24	711
24	732
24	740
24	811
24	956
25	83
25	276
25	293
25	328
25	332
25	454
25	476
25	524
25	785
25	846
25	849
25	852
25	867
26	27
26	47
26	67
26	75
26	76
26	88
26	98
26	133
26	174
26	339
26	428
26	500
26	533
26	624
26	775
26	786
26	893
26	901
26	903
27	37
27	76
27	85
27	86
27	87
27	97
27	269
27	273
27	353
27	367
27	389
27	396
27	400
27	518
27	563
27	768
27	810
27	812
27	824
27	932
27	951
27	986
28	47
28	67
28	91
28	285
28	468
28	524
28	537
28	659
28	690
28	704
28	730
28	806
28	813
28	853
28	923
28	927
28	942
28	993
29	50
29	54
29	56
29	85
29	188
29	211
29	294
29	341
29	351
29	489
29	496
29	587
29	593
29	602
29	710
29	725
29	758
29	793
29	801
29	815
29	866
29	971
30	35
30	82
30	238
30	258
30	285
30	338
30	348
30	385
30	546
30	609
30	630
30	730
30	745
30	785
30	904
30	913
30	943
30	966
31	43
31	59
31	73
31	80
31	86
31	91
31	197
31	257
31	281
31	393
31	466
31	545
31	571
31	635
31	653
31	660
31	723
31	763
31	775
31	791
31	799
31	811
31	825
31	842
31	908
31	934
31	996
32	33
32	38
32	48
32	57
32	110
32	163
32	220
32	270
32	298
32	322
32	425
32	426
32	568
32	602
32	604
32	708
32	752
32	839
32	871
32	896
32	918
33	35
33	40
33	42
33	67
33	69
33	85
33	102
33	202
33	220
33	285
33	297
33	359
33	461
33	534
33	555
33	852
33	856
33	976
33	978
33	981
34	50
34	54
34	61
34	72
34	86
34	179
34	195
34	276
34	315
34	321
34	431
34	435
34	551
34	639
34	642
34	660
34	669
34	683
34	710
34	743
34	749
34	809
34	831
34	880
34	943
35	39
35	84
35	94
35	149
35	187
35	268
35	321
35	353
35	450
35	479
35	517
35	591
35	633
35	721
35	833
35	842
35	898
35	937
35	948
36	48
36	69
36	79
36	84
36	93
36	170
36	181
36	194
36	254
36	620
36	677
36	710
36	759
36	831
36	902
36	947
37	77
37	83
37	187
37	202
37	341
37	360
37	445
37	492
37	691
37	754
38	44
38	62
38	94
38	102
38	226
38	233
38	246
38	275
38	388
38	473
38	489
38	494
38	518
38	559
38	720
38	766
38	770
38	785
38	835
38	842
38	844
38	848
39	49
39	88
39	128
39	323
39	325
39	401
39	564
39	590
39	638
39	655
39	658
39	691
39	733
39	763
39	791
39	823
39	923
39	961
39	990
40	70
40	93
40	95
40	187
40	331
40	335
40	437
40	656
40	730
40	733
40	922
40	971
40	975
41	44
41	76
41	110
41	188
41	205
41	226
41	240
41	306
41	310
41	389
41	519
41	709
41	733
41	840
41	934
41	946
42	74
42	78
42	135
42	136
42	200
42	251
42	317
42	403
42	406
42	411
42	498
42	520
42	525
42	636
42	731
42	737
43	51
43	56
43	61
43	73
43	86
43	192
43	337
43	445
43	473
43	489
43	506
43	565
43	667
43	743
43	797
43	804
43	870
43	891
43	906
43	976
44	46
44	83
44	124
44	157
44	203
44	250
44	252
44	298
44	318
44	399
44	538
44	550
44	553
44	624
44	652
44	664
44	693
44	808
44	869
44	967
44	979
45	47
45	73
45	121
45	181
45	307
45	502
45	597
45	671
45	707
45	768
45	775
45	842
45	847
45	853
45	912
45	932
45	935
45	945
45	948
45	982
46	87
46	180
46	225
46	290
46	387
46	397
46	554
46	590
46	612
46	625
46	712
46	771
46	773
46	800
46	855
46	895
46	960
46	962
47	72
47	80
47	95
47	167
47	288
47	363
47	395
47	481
47	512
47	531
47	534
47	588
47	626
47	751
47	831
47	883
47	900
47	912
47	949
48	55
48	86
48	112
48	165
48	318
48	402
48	453
48	456
48	536
48	666
48	814
48	906
48	925
48	935
49	54
49	64
49	128
49	154
49	165
49	237
49	262
49	420
49	436
49	595
49	764
50	67
50	89
50	106
50	268
50	280
50	449
50	455
50	574
50	659
50	681
50	729
50	775
50	901
50	968
50	978
51	74
51	85
51	116
51	228
51	273
51	295
51	358
51	436
51	520
51	533
51	588
51	607
51	671
51	673
51	687
51	861
51	894
51	899
52	229
52	283
52	285
52	342
52	614
52	633
52	666
53	111
53	244
53	282
53	466
53	485
53	505
53	511
53	597
53	755
53	772
53	774
53	803
53	852
53	877
54	61
54	93
54	283
54	331
54	360
54	435
54	442
54	468
54	486
54	496
54	519
54	727
54	849
54	937
55	67
55	146
55	218
55	349
55	440
55	442
55	477
55	481
55	641
55	653
55	674
55	724
55	826
55	893
55	895
55	905
55	968
56	70
56	88
56	183
56	231
56	397
56	415
56	450
56	490
56	494
56	557
56	563
56	579
56	723
56	799
56	904
56	948
56	987
57	72
57	73
57	75
57	99
57	106
57	116
57	128
57	172
57	289
57	308
57	322
57	383
57	422
57	439
57	468
57	478
57	625
57	709
57	722
57	901
58	211
58	235
58	264
58	278
58	468
58	539
58	554
58	753
58	811
58	818
58	826
58	965
59	75
59	90
59	136
59	142
59	167
59	247
59	317
59	369
59	419
59	447
59	458
59	502
59	532
59	538
59	671
59	715
59	975
59	986
60	69
60	92
60	101
60	164
60	250
60	322
60	341
60	376
60	485
60	529
60	564
60	936
61	64
61	82
61	101
61	188
61	215
61	224
61	301
61	541
61	545
61	664
61	678
61	824
61	909
61	916
61	975
62	68
62	87
62	94
62	122
62	136
62	164
62	233
62	270
62	467
62	481
62	528
62	591
62	629
62	660
62	674
62	686
62	699
62	775
62	933
62	952
63	69
63	72
63	159
63	245
63	279
63	296
63	314
63	366
63	394
63	756
63	759
63	867
63	888
63	942
63	976
63	988
63	995
64	64
64	87
64	96
64	135
64	142
64	190
64	213
64	378
64	534
64	553
64	656
64	844
64	865
64	871
64	883
64	954
64	981
64	995
65	70
65	93
65	115
65	233
65	237
65	240
65	291
65	337
65	388
65	432
65	455
65	525
65	530
65	571
65	716
65	899
65	901
65	967
66	82
66	94
66	164
66	178
66	195
66	247
66	287
66	349
66	355
66	484
66	488
66	564
66	604
66	620
66	761
66	763
66	811
67	89
67	148
67	204
67	208
67	310
67	318
67	321
67	341
67	376
67	437
67	520
67	595
67	736
67	762
67	789
67	825
67	919
67	940
67	994
68	88
68	201
68	218
68	220
68	240
68	285
68	296
68	383
68	399
68	432
68	528
68	550
68	617
68	681
68	711
68	869
68	894
68	968
68	978
68	984
69	74
69	87
69	94
69	97
69	130
69	199
69	315
69	324
69	411
69	422
69	443
69	480
69	520
69	690
69	764
69	803
69	855
69	891
69	895
70	75
70	96
70	208
70	267
70	456
70	559
70	604
70	608
70	612
70	625
70	725
70	726
70	782
70	879
71	97
71	140
71	189
71	298
71	308
71	450
71	485
71	495
71	512
71	565
71	637
71	748
71	834
71	844
71	905
71	994
72	133
72	214
72	296
72	328
72	359
72	393
72	400
72	422
72	453
72	469
72	557
72	672
72	720
72	728
72	771
72	868
72	904
72	921
73	170
73	332
73	365
73	371
73	581
73	632
73	797
73	812
73	850
73	984
74	84
74	93
74	180
74	228
74	334
74	387
74	522
74	526
74	564
74	578
74	838
74	845
75	81
75	134
75	167
75	176
75	198
75	455
75	466
75	527
75	601
75	683
75	699
75	802
75	813
75	908
75	909
76	88
76	160
76	182
76	192
76	244
76	272
76	304
76	432
76	435
76	437
76	442
76	461
76	508
76	673
76	690
76	789
76	830
76	893
76	899
76	952
77	196
77	212
77	223
77	302
77	333
77	361
77	392
77	412
77	616
77	625
77	727
77	731
77	747
77	753
77	774
77	980
78	80
78	208
78	294
78	343
78	497
78	559
78	638
78	778
78	869
78	940
78	959
78	966
79	201
79	211
79	243
79	355
79	369
79	425
79	655
79	727
79	754
79	813
79	919
79	922
79	999
80	93
80	112
80	142
80	264
80	293
80	315
80	334
80	341
80	454
80	504
80	648
80	676
80	737
80	814
80	886
80	958
80	979
81	84
81	95
81	118
81	221
81	246
81	248
81	345
81	437
81	479
81	487
81	563
81	742
81	753
81	770
81	852
81	954
81	959
82	371
82	487
82	601
82	623
82	669
82	714
82	722
82	745
82	751
82	927
82	950
82	965
82	967
83	90
83	96
83	131
83	144
83	193
83	202
83	243
83	250
83	293
83	350
83	361
83	385
83	473
83	549
83	578
83	605
83	656
83	914
84	237
84	397
84	425
84	543
84	546
84	595
84	665
84	770
84	806
84	836
84	881
84	971
85	145
85	222
85	412
85	534
85	617
85	691
85	701
85	710
85	737
85	764
85	860
85	930
85	967
86	152
86	201
86	236
86	322
86	323
86	396
86	414
86	420
86	442
86	547
86	567
86	746
86	753
86	796
86	868
86	891
86	921
86	933
86	943
86	997
87	94
87	121
87	163
87	179
87	360
87	491
87	524
87	554
87	648
87	775
87	818
87	834
87	880
87	941
88	94
88	129
88	137
88	179
88	249
88	250
88	304
88	341
88	615
88	652
88	660
88	743
88	817
88	888
88	901
88	910
89	90
89	229
89	237
89	288
89	355
89	422
89	469
89	494
89	498
89	547
89	704
89	976
89	978
90	269
90	282
90	338
90	379
90	421
90	422
90	436
90	614
90	703
90	807
90	832
90	878
90	883
90	934
91	110
91	192
91	232
91	412
91	474
91	616
91	662
91	670
91	803
91	968
92	126
92	143
92	153
92	182
92	415
92	500
92	702
92	861
92	870
92	899
92	990
93	99
93	111
93	135
93	143
93	215
93	230
93	268
93	281
93	296
93	321
93	343
93	486
93	562
93	609
93	623
93	702
93	743
93	758
93	889
94	97
94	121
94	124
94	127
94	144
94	202
94	232
94	338
94	345
94	428
94	469
94	476
94	514
94	593
94	599
94	813
94	863
94	869
94	903
94	920
95	95
95	195
95	205
95	281
95	376
95	433
95	595
95	711
95	854
95	965
96	200
96	363
96	383
96	392
96	417
96	506
96	622
96	773
96	818
96	998
97	147
97	162
97	172
97	321
97	360
97	394
97	437
97	457
97	460
97	482
97	510
97	551
97	697
97	824
97	932
98	128
98	225
98	291
98	516
98	667
98	759
98	963
99	100
99	318
99	370
99	526
99	558
99	610
99	700
99	718
99	730
99	808
99	851
99	951
99	965
100	108
100	140
100	169
100	177
100	179
100	189
100	194
100	240
100	243
100	431
100	459
100	606
100	624
100	673
100	772
100	824
100	826
100	859
100	867
100	874
100	925
101	104
101	106
101	116
101	135
101	157
101	175
101	188
101	216
101	219
101	222
101	397
101	420
101	552
101	559
101	650
101	661
101	868
101	884
101	975
102	160
102	164
102	229
102	287
102	328
102	330
102	487
102	542
102	592
102	611
102	650
102	713
102	734
102	783
102	849
102	891
102	925
102	926
102	933
102	979
102	987
103	148
103	157
103	170
103	218
103	247
103	270
103	430
103	433
103	438
103	442
103	579
103	679
103	833
103	995
104	116
104	139
104	141
104	142
104	145
104	146
104	161
104	166
104	184
104	185
104	189
104	195
104	231
104	242
104	348
104	589
104	602
104	736
104	750
104	775
104	800
104	829
104	961
105	115
105	148
105	162
105	170
105	174
105	181
105	188
105	227
105	326
105	343
105	492
105	549
105	570
105	582
105	848
106	166
106	187
106	192
106	205
106	236
106	288
106	373
106	415
106	531
106	635
106	655
106	744
106	764
106	768
106	785
106	846
106	967
107	131
107	153
107	155
107	178
107	181
107	199
107	233
107	377
107	407
107	409
107	451
107	682
107	727
107	808
107	886
107	961
108	114
108	132
108	134
108	145
108	156
108	174
108	191
108	269
108	304
108	358
108	528
108	589
108	658
108	661
108	712
108	714
108	744
108	759
108	803
108	960
109	120
109	121
109	126
109	144
109	161
109	169
109	205
109	221
109	228
109	240
109	340
109	385
109	432
109	541
109	643
109	684
109	687
109	792
109	821
109	824
109	982
110	121
110	123
110	220
110	240
110	393
110	426
110	438
110	441
110	473
110	559
110	585
110	658
110	951
111	113
111	121
111	144
111	173
111	193
111	203
111	205
111	212
111	223
111	257
111	259
111	373
111	384
111	437
111	453
111	484
111	500
111	519
111	542
111	681
111	789
111	920
111	955
112	113
112	137
112	140
112	146
112	194
112	251
112	271
112	273
112	297
112	400
112	478
112	517
112	519
112	537
112	714
112	734
112	796
112	826
112	883
112	907
112	913
112	958
113	118
113	121
113	122
113	134
113	177
113	179
113	189
113	193
113	261
113	303
113	360
113	465
113	477
113	511
113	517
113	577
113	601
113	617
113	759
113	766
113	811
113	964
114	137
114	189
114	197
114	375
114	378
114	403
114	407
114	562
114	698
114	713
114	723
114	760
114	770
114	888
114	893
114	897
115	115
115	134
115	219
115	266
115	286
115	427
115	445
115	450
115	458
115	497
115	545
115	557
115	588
115	607
115	642
115	644
115	677
115	679
115	685
115	696
115	732
115	734
115	888
115	899
115	911
115	926
115	988
115	990
116	127
116	141
116	153
116	156
116	169
116	180
116	183
116	283
116	310
116	324
116	385
116	427
116	465
116	518
116	526
116	527
116	606
116	608
116	660
116	719
116	724
116	739
116	870
116	937
117	122
117	123
117	124
117	131
117	133
117	137
117	142
117	145
117	151
117	154
117	155
117	555
117	628
117	654
117	825
117	871
117	889
117	901
118	125
118	143
118	152
118	184
118	228
118	284
118	297
118	551
118	610
118	618
118	682
118	760
118	768
118	794
118	806
118	812
118	815
118	822
118	860
118	927
118	955
118	961
119	142
119	148
119	161
119	162
119	407
119	416
119	419
119	579
119	580
119	593
119	661
119	662
119	748
119	828
119	875
119	912
119	953
120	135
120	136
120	140
120	171
120	241
120	276
120	285
120	334
120	340
120	363
120	482
120	610
120	649
120	824
120	857
120	883
120	950
120	954
120	969
121	122
121	136
121	166
121	192
121	220
121	324
121	396
121	404
121	503
121	533
121	539
121	625
121	683
121	737
121	901
121	941
122	162
122	188
122	236
122	300
122	414
122	441
122	453
122	458
122	483
122	630
122	648
122	730
122	820
122	841
122	884
122	953
122	958
122	980
122	991
123	182
123	193
123	205
123	246
123	253
123	381
123	549
123	610
123	652
123	653
123	694
123	804
123	807
124	130
124	152
124	171
124	188
124	221
124	237
124	268
124	377
124	451
124	479
124	527
124	635
124	699
124	744
124	791
124	809
124	843
124	866
124	890
124	898
124	910
124	964
125	125
125	128
125	133
125	141
125	169
125	238
125	286
125	360
125	375
125	403
125	483
125	559
125	568
125	603
125	604
125	658
125	711
125	752
125	754
125	785
125	814
125	854
125	935
125	967
126	129
126	137
126	145
126	148
126	157
126	167
126	174
126	183
126	187
126	209
126	259
126	331
126	333
126	459
126	465
126	476
126	504
126	507
126	526
126	669
126	671
126	729
126	749
126	753
126	840
126	925
127	131
127	162
127	171
127	196
127	277
127	283
127	510
127	560
127	607
127	624
127	691
127	750
127	824
127	863
127	868
127	987
128	141
128	160
128	168
128	219
128	248
128	344
128	541
128	645
128	706
128	855
128	912
128	995
129	139
129	159
129	172
129	205
129	229
129	269
129	287
129	295
129	458
129	472
129	478
129	516
129	584
129	592
129	610
129	734
129	799
129	958
130	135
130	143
130	151
130	172
130	192
130	194
130	195
130	315
130	882
130	886
130	895
130	909
130	941
131	150
131	195
131	209
131	262
131	400
131	493
131	530
131	541
131	560
131	693
131	736
131	870
131	938
132	151
132	155
132	158
132	171
132	341
132	428
132	451
132	515
132	521
132	523
132	609
132	635
132	700
132	744
132	791
132	888
132	989
133	145
133	171
133	180
133	184
133	193
133	222
133	340
133	352
133	385
133	426
133	472
133	523
133	545
133	643
133	692
133	806
133	833
133	854
133	883
133	909
133	987
134	176
134	181
134	237
134	357
134	363
134	571
134	664
134	735
134	754
134	989
134	993
135	174
135	179
135	193
135	196
135	265
135	278
135	280
135	397
135	422
135	453
135	481
135	538
135	605
135	679
135	769
135	849
135	940
135	983
136	140
136	148
136	149
136	165
136	245
136	291
136	304
136	328
136	365
136	371
136	372
136	378
136	382
136	524
136	747
136	761
136	829
136	925
136	970
137	180
137	193
137	267
137	277
137	297
137	384
137	461
137	482
137	622
137	659
137	783
137	795
137	800
137	821
137	842
137	932
137	975
137	977
138	146
138	152
138	168
138	174
138	209
138	229
138	244
138	252
138	304
138	330
138	390
138	492
138	612
138	746
138	898
139	156
139	188
139	261
139	365
139	384
139	616
139	686
139	714
139	747
139	808
139	946
139	967
139	970
140	158
140	161
140	184
140	188
140	245
140	490
140	505
140	541
140	617
140	645
140	646
140	688
140	728
140	739
141	230
141	273
141	291
141	353
141	412
141	454
141	459
141	526
141	556
141	591
141	655
141	798
141	847
141	917
141	918
141	932
141	953
142	145
142	150
142	181
142	186
142	202
142	351
142	375
142	434
142	455
142	485
142	532
142	673
142	721
142	809
142	818
142	847
142	871
142	888
143	144
143	166
143	171
143	234
143	281
143	351
143	358
143	459
143	553
143	578
143	579
143	604
143	616
143	755
143	761
143	844
143	893
143	896
143	903
143	943
144	159
144	172
144	179
144	186
144	194
144	277
144	289
144	312
144	331
144	395
144	426
144	652
144	810
144	822
144	830
144	862
144	875
144	954
145	191
145	193
145	432
145	438
145	482
145	487
145	574
145	638
145	646
145	659
145	718
145	762
145	787
145	799
146	160
146	162
146	254
146	327
146	378
146	478
146	537
146	545
146	588
146	600
146	606
146	659
146	693
146	710
147	163
147	176
147	214
147	258
147	299
147	308
147	387
147	445
147	457
147	493
147	515
147	769
147	847
148	156
148	185
148	190
148	191
148	439
148	547
148	617
148	667
148	698
148	785
148	860
148	977
149	220
149	223
149	367
149	394
149	404
149	409
149	460
149	561
149	584
149	632
149	812
149	843
149	905
150	173
150	240
150	254
150	264
150	363
150	473
150	802
150	846
150	861
150	891
150	926
150	957
151	155
151	156
151	172
151	182
151	188
151	197
151	267
151	275
151	276
151	444
151	471
151	472
151	504
151	598
151	611
151	653
151	733
151	753
151	769
151	802
151	803
151	870
151	927
151	978
152	180
152	195
152	289
152	290
152	296
152	343
152	514
152	575
152	591
152	607
152	715
152	757
152	799
153	199
153	208
153	257
153	281
153	323
153	476
153	533
153	648
153	657
153	687
153	766
153	771
153	792
153	804
153	807
153	840
153	871
153	890
153	985
154	165
154	197
154	259
154	269
154	391
154	413
154	565
154	592
154	595
154	610
154	612
154	760
154	771
154	784
154	831
154	885
154	972
155	265
155	352
155	381
155	416
155	457
155	531
155	602
155	630
155	697
155	704
155	852
155	901
155	927
156	165
156	196
156	348
156	351
156	500
156	540
156	741
156	767
156	770
156	785
156	795
156	846
156	868
156	918
156	968
157	159
157	258
157	311
157	446
157	465
157	581
157	630
157	644
157	656
157	698
157	780
157	788
157	792
157	794
157	857
157	900
157	937
157	977
157	997
158	164
158	178
158	196
158	221
158	227
158	238
158	259
158	282
158	372
158	413
158	422
158	427
158	432
158	545
158	633
158	792
158	817
158	834
158	865
158	875
158	933
159	162
159	184
159	198
159	271
159	297
159	349
159	400
159	456
159	484
159	577
159	601
159	786
159	835
159	900
159	924
159	969
160	183
160	191
160	236
160	535
160	603
160	615
160	682
160	754
160	783
160	855
160	916
161	236
161	298
161	394
161	464
161	465
161	516
161	636
161	696
161	711
161	859
161	939
161	966
162	165
162	169
162	368
162	435
162	441
162	537
162	576
162	669
162	728
162	789
162	863
162	910
162	919
162	955
162	997
163	195
163	217
163	230
163	281
163	439
163	450
163	491
163	670
163	734
163	788
163	795
163	844
163	997
164	164
164	176
164	439
164	446
164	617
164	627
164	667
164	669
164	673
164	749
164	823
164	911
164	915
164	987
165	191
165	193
165	263
165	311
165	401
165	583
165	585
165	610
165	709
165	843
165	864
165	929
165	937
165	969
165	972
165	981
165	983
165	985
166	180
166	196
166	200
166	245
166	275
166	341
166	349
166	371
166	443
166	470
166	471
166	667
166	765
166	840
166	874
166	875
166	885
166	914
166	944
167	175
167	226
167	247
167	287
167	444
167	488
167	508
167	849
167	967
168	177
168	181
168	183
168	193
168	213
168	375
168	404
168	448
168	451
168	471
168	497
168	532
168	541
168	563
168	664
168	699
168	711
168	829
168	847
168	855
168	921
168	963
169	303
169	510
169	544
169	577
169	659
169	702
169	715
169	722
169	742
169	837
169	911
170	173
170	182
170	192
170	194
170	219
170	279
170	300
170	419
170	581
170	597
170	625
170	661
170	775
170	844
170	863
170	888
170	959
171	200
171	354
171	429
171	472
171	581
171	609
171	709
171	725
171	736
171	749
171	769
171	783
171	860
171	931
171	956
171	964
172	174
172	178
172	190
172	193
172	379
172	417
172	479
172	558
172	645
172	701
172	711
172	779
172	816
172	918
172	943
172	983
172	998
173	184
173	229
173	340
173	472
173	473
173	505
173	567
173	646
173	654
173	705
173	885
173	897
173	918
174	218
174	219
174	301
174	394
174	405
174	411
174	597
174	600
174	785
174	800
174	945
174	969
175	184
175	195
175	197
175	402
175	446
175	457
175	469
175	495
175	634
175	684
175	704
175	762
175	864
175	883
175	886
176	200
176	332
176	458
176	466
176	652
176	653
176	775
176	777
176	861
176	865
177	180
177	187
177	242
177	287
177	308
177	410
177	533
177	632
177	653
177	707
177	719
177	778
177	890
177	891
177	927
178	181
178	186
178	252
178	322
178	331
178	444
178	490
178	551
178	624
178	644
178	824
178	854
178	888
178	947
179	262
179	271
179	314
179	339
179	373
179	441
179	635
179	761
179	854
179	902
179	913
179	981
180	186
180	188
180	205
180	211
180	273
180	376
180	432
180	472
180	574
180	652
180	704
180	764
180	778
180	780
180	863
180	873
181	183
181	187
181	348
181	468
181	612
181	652
181	726
181	807
181	869
181	891
181	914
181	922
182	339
182	423
182	478
182	524
182	571
182	591
182	602
182	610
182	663
182	748
182	831
182	853
183	219
183	273
183	328
183	383
183	509
183	563
183	622
183	662
183	680
183	681
183	733
183	846
184	192
184	224
184	354
184	420
184	575
184	577
184	619
184	641
184	743
184	748
184	776
184	785
184	861
184	914
184	993
185	187
185	192
185	195
185	241
185	248
185	261
185	357
185	384
185	424
185	527
185	696
185	740
185	754
185	856
185	908
185	947
185	963
186	256
186	279
186	348
186	354
186	361
186	380
186	398
186	467
186	541
186	586
186	696
186	758
186	830
186	909
187	217
187	279
187	280
187	304
187	337
187	366
187	367
187	463
187	479
187	650
187	656
187	726
187	832
187	892
187	909
187	924
188	327
188	386
188	437
188	516
188	522
188	687
188	755
188	779
188	797
188	839
188	864
188	883
188	921
188	952
188	994
189	237
189	304
189	412
189	537
189	546
189	637
189	722
189	794
189	967
190	265
190	267
190	308
190	392
190	438
190	537
190	662
190	694
190	736
190	757
190	826
190	867
190	883
190	915
190	945
191	195
191	198
191	240
191	267
191	291
191	356
191	389
191	434
191	544
191	551
191	553
191	554
191	640
191	712
191	752
191	758
191	920
191	985
192	227
192	235
192	312
192	331
192	341
192	348
192	397
192	424
192	478
192	487
192	700
192	820
192	854
192	856
192	925
193	234
193	373
193	385
193	437
193	490
193	582
193	620
193	672
193	745
193	860
193	861
193	899
193	999
194	231
194	233
194	435
194	482
194	513
194	532
194	589
194	629
194	667
194	699
194	729
194	816
194	899
194	958
194	975
194	978
195	198
195	248
195	253
195	266
195	305
195	393
195	421
195	554
195	563
195	587
195	596
195	622
195	671
195	793
195	809
195	878
195	910
195	941
195	964
196	197
196	209
196	351
196	474
196	559
196	600
196	665
196	672
196	854
197	318
197	370
197	464
197	487
197	537
197	681
197	780
197	808
197	817
197	848
197	885
198	223
198	310
198	318
198	319
198	472
198	530
198	630
198	632
198	637
198	708
198	728
198	760
198	796
198	909
198	951
199	261
199	312
199	424
199	470
199	495
199	706
199	712
199	739
199	747
199	759
199	850
199	893
199	933
199	936
200	226
200	234
200	245
200	259
200	274
200	308
200	362
200	424
200	425
200	452
200	502
200	523
200	653
200	692
200	760
200	769
200	773
200	788
200	796
200	819
201	210
201	231
201	244
201	267
201	284
201	298
201	332
201	369
201	447
201	653
201	823
201	828
201	849
201	863
201	896
202	220
202	242
202	265
202	292
202	344
202	357
202	398
202	414
202	512
202	896
202	930
203	259
203	268
203	291
203	327
203	359
203	365
203	487
203	574
203	588
203	827
203	899
203	903
204	213
204	215
204	252
204	254
204	256
204	259
204	267
204	294
204	363
204	385
204	525
204	538
204	557
204	596
204	688
204	723
204	728
204	777
204	805
204	891
204	957
204	977
204	988
205	209
205	218
205	220
205	250
205	295
205	344
205	512
205	535
205	565
205	570
205	581
205	587
205	644
205	770
205	796
205	950
205	961
205	989
206	207
206	223
206	234
206	292
206	322
206	340
206	400
206	451
206	549
206	685
206	817
206	865
206	958
207	208
207	219
207	229
207	234
207	235
207	241
207	261
207	288
207	344
207	346
207	453
207	469
207	482
207	752
207	754
207	789
207	803
207	828
207	893
207	926
207	938
207	940
207	965
208	236
208	240
208	288
208	317
208	388
208	526
208	587
208	622
208	635
208	894
208	922
208	984
208	998
209	219
209	232
209	237
209	259
209	295
209	328
209	446
209	577
209	635
209	645
209	706
209	711
209	716
209	819
209	848
209	976
210	213
210	243
210	251
210	306
210	381
210	409
210	603
210	660
210	715
210	788
210	871
210	897
211	213
211	243
211	255
211	264
211	269
211	276
211	282
211	315
211	494
211	510
211	556
211	835
211	853
211	865
211	893
211	952
211	973
212	247
212	257
212	298
212	309
212	347
212	558
212	581
212	584
212	624
212	655
212	679
212	726
212	750
212	893
212	974
212	978
213	220
213	226
213	230
213	271
213	334
213	402
213	424
213	598
213	639
213	770
213	787
213	875
213	879
213	921
213	963
213	989
214	222
214	232
214	241
214	244
214	287
214	307
214	345
214	506
214	679
214	784
214	810
214	823
214	873
214	946
215	226
215	253
215	276
215	294
215	296
215	297
215	488
215	559
215	569
215	585
215	593
215	629
215	692
215	743
215	793
215	900
215	916
215	991
216	227
216	244
216	264
216	270
216	287
216	288
216	306
216	332
216	401
216	409
216	414
216	544
216	627
216	642
216	723
216	826
216	838
216	881
216	898
216	940
216	993
217	235
217	253
217	268
217	273
217	281
217	289
217	292
217	293
217	320
217	336
217	349
217	378
217	446
217	501
217	524
217	709
217	821
217	845
217	863
217	872
217	873
217	878
217	930
217	963
218	224
218	247
218	286
218	287
218	331
218	363
218	486
218	494
218	577
218	646
218	714
218	746
218	749
218	772
218	786
219	299
219	346
219	376
219	428
219	523
219	945
220	257
220	280
220	284
220	415
220	585
220	594
220	718
220	751
220	811
220	893
220	921
220	987
221	222
221	228
221	241
221	242
221	256
221	263
221	288
221	308
221	404
221	538
221	557
221	587
221	602
221	831
221	952
221	953
221	978
221	994
222	253
222	276
222	285
222	287
222	319
222	353
222	390
222	619
222	700
222	729
222	792
222	880
222	888
222	973
223	249
223	264
223	332
223	342
223	375
223	470
223	502
223	507
223	510
223	523
223	526
223	542
223	547
223	675
223	686
223	729
223	985
224	252
224	268
224	295
224	371
224	372
224	607
224	715
224	721
224	745
224	749
224	769
224	828
224	840
224	870
224	973
224	978
224	983
225	239
225	248
225	267
225	271
225	287
225	366
225	395
225	422
225	498
225	565
225	600
225	623
225	691
225	728
225	740
225	819
226	264
226	284
226	409
226	420
226	421
226	467
226	479
226	531
226	584
226	644
226	718
226	766
226	777
226	787
226	789
226	885
226	919
226	956
226	959
226	992
227	232
227	238
227	260
227	270
227	286
227	320
227	321
227	354
227	388
227	415
227	536
227	612
227	680
227	711
227	759
227	767
228	246
228	255
228	279
228	317
228	318
228	456
228	520
228	707
228	761
228	770
228	915
228	936
228	977
229	230
229	239
229	249
229	257
229	259
229	282
229	293
229	314
229	334
229	585
229	627
229	634
229	637
229	688
229	700
229	722
229	908
230	231
230	262
230	274
230	391
230	513
230	543
230	689
230	755
230	792
230	851
230	880
231	276
231	379
231	452
231	487
231	532
231	538
231	539
231	633
231	659
231	750
231	790
231	814
231	842
231	985
232	240
232	245
232	278
232	283
232	287
232	300
232	359
232	476
232	491
232	496
232	545
232	696
232	894
232	920
232	998
233	239
233	267
233	281
233	308
233	312
233	392
233	415
233	441
233	454
233	498
233	501
233	525
233	580
233	627
233	694
233	815
233	859
233	924
233	934
234	265
234	269
234	297
234	564
234	589
234	593
234	623
234	738
234	751
234	773
234	804
234	877
234	880
234	904
234	908
234	940
235	247
235	254
235	280
235	301
235	487
235	494
235	569
235	599
235	608
235	654
235	661
235	677
235	697
235	802
235	813
235	972
236	253
236	271
236	299
236	356
236	431
236	433
236	444
236	523
236	589
236	621
236	715
236	795
236	845
237	239
237	250
237	294
237	297
237	398
237	497
237	531
237	570
237	615
237	815
237	838
237	844
237	906
237	981
238	267
238	288
238	347
238	474
238	505
238	573
238	607
238	833
238	963
239	250
239	252
239	260
239	261
239	345
239	399
239	448
239	472
239	595
239	605
239	624
239	751
239	884
239	923
239	966
240	251
240	259
240	278
240	461
240	462
240	468
240	521
240	583
240	661
240	705
240	711
240	749
240	764
240	895
240	932
240	996
241	295
241	336
241	467
241	579
241	709
241	757
241	767
241	994
242	253
242	273
242	648
242	670
242	688
242	731
242	734
242	785
242	791
242	834
242	899
243	258
243	289
243	298
243	406
243	515
243	625
243	664
243	669
243	726
243	750
243	870
243	988
244	264
244	287
244	289
244	391
244	503
244	540
244	551
244	558
244	639
244	659
244	713
244	727
244	739
244	792
244	818
244	857
244	911
244	949
244	958
244	963
245	253
245	259
245	283
245	317
245	422
245	437
245	575
245	614
245	652
245	662
245	693
245	748
245	780
245	815
245	870
245	915
246	347
246	651
246	686
246	713
246	801
246	897
246	918
246	969
246	992
247	265
247	268
247	288
247	306
247	370
247	379
247	485
247	647
247	664
247	666
247	751
248	254
248	299
248	534
248	539
248	729
248	736
248	737
248	738
248	867
248	924
248	969
248	986
248	992
249	269
249	283
249	316
249	319
249	387
249	498
249	544
249	547
249	554
249	560
249	621
249	630
249	713
249	800
249	831
249	968
250	276
250	322
250	398
250	471
250	496
250	543
250	637
250	721
250	786
250	807
250	811
251	253
251	274
251	322
251	364
251	377
251	385
251	526
251	739
251	832
251	872
252	266
252	269
252	280
252	283
252	349
252	366
252	402
252	440
252	454
252	578
252	633
252	642
252	696
252	742
252	744
252	748
252	769
252	904
252	941
252	978
252	989
252	996
253	264
253	277
253	287
253	294
253	308
253	340
253	378
253	598
253	661
253	667
253	675
253	685
253	717
253	845
253	846
253	918
253	944
253	977
254	271
254	290
254	295
254	296
254	321
254	326
254	371
254	430
254	436
254	440
254	451
254	547
254	576
254	635
254	702
254	787
254	793
254	834
255	255
255	271
255	275
255	310
255	327
255	390
255	614
255	660
255	836
255	917
256	296
256	308
256	353
256	422
256	630
256	643
256	699
256	842
256	866
256	984
257	259
257	292
257	394
257	499
257	607
257	615
257	660
257	684
257	915
258	284
258	290
258	492
258	533
258	548
258	627
258	769
258	789
258	799
258	812
258	897
258	950
259	261
259	263
259	271
259	292
259	313
259	349
259	365
259	377
259	428
259	437
259	581
259	763
259	805
259	925
259	958
259	978
260	284
260	298
260	419
260	421
260	467
260	599
260	672
260	677
260	758
260	819
260	827
260	933
260	992
261	289
261	295
261	298
261	311
261	381
261	442
261	526
261	806
261	851
261	884
262	266
262	273
262	280
262	393
262	450
262	567
262	623
262	759
262	760
262	801
262	832
262	882
262	959
263	266
263	274
263	318
263	323
263	384
263	474
263	693
263	707
263	854
263	881
263	962
263	994
264	315
264	339
264	400
264	449
264	453
264	472
264	654
264	708
264	736
264	752
264	853
264	885
264	897
264	996
265	279
265	417
265	607
265	783
265	907
266	271
266	288
266	297
266	357
266	433
266	452
266	531
266	550
266	628
266	800
266	872
266	937
266	939
266	976
267	268
267	277
267	298
267	325
267	421
267	455
267	519
267	544
267	595
267	599
267	626
267	676
267	695
267	855
267	857
267	914
268	303
268	352
268	422
268	435
268	681
268	682
268	686
268	718
268	850
268	911
268	994
269	289
269	412
269	428
269	457
269	512
269	563
269	637
269	717
269	718
269	733
269	772
270	605
270	613
270	759
270	854
270	880
271	281
271	291
271	292
271	293
271	307
271	574
271	616
271	631
271	693
271	702
271	747
271	772
271	939
271	957
272	275
272	285
272	290
272	450
272	488
272	497
272	686
272	717
272	752
272	774
272	811
272	933
272	935
272	952
273	446
273	478
273	521
273	527
273	565
273	667
273	672
273	687
273	736
273	808
273	810
273	823
273	856
273	873
273	930
274	420
274	495
274	514
274	516
274	533
274	537
274	572
274	795
274	816
274	963
275	294
275	318
275	370
275	391
275	469
275	474
275	495
275	535
275	731
275	890
275	900
276	277
276	281
276	297
276	386
276	488
276	502
276	632
276	662
276	702
276	722
276	752
276	772
276	793
276	813
276	866
276	983
277	289
277	464
277	593
277	613
277	712
277	764
277	893
277	955
277	970
278	350
278	352
278	407
278	510
278	529
278	642
278	702
278	758
279	281
279	322
279	340
279	382
279	424
279	468
279	564
279	586
279	660
279	728
279	917
279	951
279	977
279	995
280	301
280	363
280	380
280	513
280	540
280	553
280	737
280	942
281	288
281	297
281	429
281	439
281	456
281	459
281	493
281	559
281	627
281	641
281	792
281	910
282	288
282	303
282	462
282	498
282	561
282	568
282	597
282	616
282	676
282	721
282	819
282	831
282	863
282	901
282	915
282	920
283	287
283	303
283	364
283	371
283	429
283	441
283	492
283	544
283	569
283	678
283	687
283	725
283	879
283	919
283	947
283	957
284	287
284	290
284	292
284	478
284	492
284	539
284	585
284	676
284	706
284	851
284	873
284	881
285	345
285	398
285	441
285	535
285	655
285	665
285	682
285	690
285	756
285	978
286	323
286	358
286	369
286	403
286	445
286	642
286	796
286	852
286	954
286	998
287	305
287	527
287	626
287	655
287	711
287	814
287	928
287	983
288	291
288	298
288	321
288	392
288	488
288	541
288	567
288	595
288	616
288	671
288	676
288	746
288	875
288	941
289	323
289	520
289	534
289	553
289	673
289	720
289	736
289	748
289	862
289	870
289	929
290	347
290	400
290	487
290	564
290	737
290	803
290	917
291	354
291	415
291	668
291	703
291	813
291	849
291	898
292	298
292	388
292	496
292	544
292	602
292	614
292	817
292	853
292	861
292	936
293	341
293	358
293	370
293	414
293	427
293	636
293	648
293	664
293	673
293	763
293	870
293	984
294	343
294	389
294	460
294	525
294	566
294	573
294	601
294	633
294	661
294	677
294	787
294	802
294	873
294	969
295	342
295	359
295	416
295	504
295	695
295	791
295	863
295	876
296	346
296	352
296	386
296	451
296	470
296	519
296	604
296	655
296	666
296	773
296	828
296	933
296	986
297	297
297	373
297	381
297	535
297	582
297	620
297	628
297	721
297	762
297	917
298	419
298	509
298	522
298	611
298	620
298	652
298	668
298	752
298	773
298	780
298	804
298	925
298	930
298	948
298	964
299	305
299	630
299	720
299	785
299	813
299	844
299	917
299	922
299	930
299	945
300	313
300	331
300	388
300	393
300	521
300	559
300	627
300	654
300	694
300	724
300	809
300	843
300	875
301	309
301	310
301	311
301	337
301	347
301	360
301	367
301	369
301	398
301	412
301	413
301	470
301	639
301	667
301	710
301	765
301	777
301	790
301	804
301	841
301	955
302	305
302	310
302	314
302	317
302	339
302	343
302	350
302	351
302	362
302	393
302	421
302	455
302	478
302	490
302	533
302	538
302	555
302	608
302	667
302	675
302	684
302	720
302	742
302	800
302	849
302	853
302	936
302	996
303	305
303	308
303	320
303	321
303	325
303	330
303	333
303	336
303	341
303	356
303	391
303	395
303	419
303	514
303	550
303	589
303	643
303	649
303	759
303	781
303	855
303	862
303	977
304	338
304	351
304	376
304	389
304	399
304	591
304	615
304	642
304	675
304	701
304	777
304	787
304	793
304	823
304	860
304	915
304	921
304	980
305	310
305	315
305	329
305	384
305	397
305	494
305	517
305	575
305	702
305	837
305	935
305	972
306	334
306	335
306	346
306	378
306	379
306	392
306	402
306	507
306	649
306	731
306	793
306	831
306	843
306	929
306	947
307	315
307	350
307	419
307	458
307	459
307	476
307	521
307	597
307	825
307	866
307	880
307	952
307	991
308	376
308	438
308	523
308	605
308	619
308	663
308	751
308	804
309	355
309	369
309	376
309	388
309	452
309	485
309	643
309	673
309	695
309	766
309	875
310	330
310	340
310	351
310	374
310	375
310	383
310	397
310	469
310	525
310	564
310	684
310	729
310	848
310	926
311	312
311	318
311	324
311	333
311	430
311	467
311	504
311	706
311	757
311	796
311	858
311	862
311	876
311	916
312	351
312	377
312	381
312	383
312	441
312	442
312	519
312	616
312	634
312	654
312	763
312	796
312	810
312	888
312	920
312	928
312	956
313	313
313	329
313	350
313	375
313	378
313	395
313	403
313	444
313	477
313	485
313	494
313	613
313	621
313	691
313	693
313	711
313	742
313	813
313	830
313	858
313	866
313	869
313	910
314	321
314	342
314	382
314	429
314	545
314	854
314	908
314	940
314	942
314	984
315	332
315	336
315	341
315	350
315	430
315	449
315	454
315	516
315	599
315	640
315	672
315	694
316	349
316	359
316	375
316	384
316	578
316	597
316	614
316	728
316	729
316	866
316	897
316	906
316	925
316	990
317	342
317	531
317	579
317	644
317	659
317	894
317	932
317	998
318	318
318	323
318	333
318	354
318	363
318	374
318	618
318	625
318	649
319	348
319	355
319	366
319	420
319	458
319	554
319	600
319	647
319	714
319	716
319	736
319	737
319	796
319	836
319	900
319	915
319	955
319	962
319	990
320	322
320	324
320	340
320	350
320	381
320	477
320	480
320	497
320	558
320	564
320	615
320	641
320	644
320	725
321	328
321	331
321	336
321	338
321	339
321	340
321	345
321	356
321	362
321	389
321	555
321	614
321	679
321	744
321	853
321	919
321	936
321	973
321	999
322	333
322	340
322	350
322	361
322	385
322	393
322	434
322	472
322	501
322	541
322	620
322	702
322	800
322	977
323	356
323	360
323	368
323	376
323	398
323	417
323	451
323	462
323	486
323	521
323	566
323	575
323	584
323	598
323	660
323	664
323	667
323	709
323	816
323	841
324	324
324	340
324	362
324	427
324	513
324	527
324	599
324	690
324	705
324	757
324	906
324	970
324	997
325	332
325	334
325	340
325	352
325	361
325	374
325	384
325	401
325	637
325	742
325	774
325	782
325	793
325	859
325	904
325	906
325	954
325	973
325	990
326	343
326	347
326	429
326	563
326	579
326	598
326	664
326	677
326	707
326	794
326	842
326	860
326	939
327	361
327	364
327	383
327	542
327	617
327	695
327	722
327	734
327	769
327	774
327	806
327	901
328	335
328	375
328	408
328	443
328	476
328	479
328	533
328	561
328	606
328	736
328	751
328	821
328	842
328	917
328	924
328	969
329	330
329	345
329	375
329	478
329	479
329	500
329	502
329	703
329	735
329	916
330	405
330	409
330	442
330	455
330	604
330	711
330	926
331	350
331	378
331	408
331	453
331	469
331	471
331	528
331	566
331	583
331	642
331	646
331	653
331	811
331	847
331	906
331	921
332	338
332	339
332	369
332	374
332	383
332	390
332	399
332	431
332	501
332	555
332	581
332	592
332	646
332	668
332	670
332	686
332	758
332	777
332	781
332	976
332	985
333	381
333	651
333	732
333	736
333	755
333	783
333	841
333	878
333	905
333	920
334	351
334	374
334	611
334	687
334	705
334	718
334	722
334	770
334	779
334	818
334	892
334	909
334	929
335	356
335	376
335	529
335	583
335	595
335	622
335	634
335	866
336	339
336	358
336	383
336	405
336	421
336	468
336	512
336	521
336	581
336	583
336	776
336	784
336	824
336	989
337	355
337	365
337	452
337	534
337	545
337	589
337	890
337	929
338	340
338	353
338	387
338	388
338	391
338	394
338	542
338	572
338	711
338	755
338	789
338	871
338	907
338	939
339	342
339	365
339	374
339	381
339	384
339	396
339	398
339	406
339	411
339	538
339	553
339	560
339	704
339	780
339	784
339	931
340	346
340	349
340	353
340	379
340	387
340	591
340	599
340	603
340	622
340	948
340	957
341	591
341	616
341	781
341	782
341	898
342	348
342	377
342	385
342	389
342	393
342	416
342	453
342	483
342	548
342	657
342	672
342	686
342	698
342	700
342	854
342	977
343	379
343	398
343	481
343	504
343	510
343	544
343	683
343	713
343	766
343	886
343	891
343	898
343	938
343	993
344	360
344	383
344	404
344	502
344	640
344	648
344	778
344	875
344	943
344	965
344	989
345	346
345	348
345	361
345	392
345	458
345	487
345	664
345	668
345	694
345	711
345	745
345	849
345	876
345	877
345	904
346	356
346	367
346	407
346	547
346	725
346	840
347	357
347	372
347	387
347	449
347	554
347	565
347	630
347	704
347	821
347	905
348	397
348	524
348	608
348	728
348	736
348	855
348	918
348	946
349	377
349	390
349	393
349	394
349	504
349	526
349	674
349	710
349	724
349	814
349	895
349	933
349	985
350	378
350	396
350	423
350	534
350	555
350	601
350	687
350	735
350	752
350	803
350	806
351	355
351	363
351	386
351	397
351	498
351	527
351	564
351	576
351	638
351	643
351	687
351	777
351	785
351	910
351	969
351	980
352	353
352	371
352	616
352	643
352	666
352	680
352	748
352	806
352	825
352	864
353	366
353	385
353	427
353	505
353	508
353	527
353	629
353	635
353	644
353	683
353	684
353	729
353	755
353	772
353	824
353	875
353	915
354	368
354	371
354	403
354	449
354	462
354	475
354	579
354	617
354	626
354	654
354	662
354	690
354	693
354	748
354	799
354	815
354	860
354	953
354	984
355	366
355	390
355	439
355	500
355	613
355	656
355	671
355	675
355	696
355	789
355	838
355	888
356	359
356	380
356	516
356	562
356	565
356	571
356	587
356	660
356	727
356	814
356	858
356	901
356	953
356	963
357	370
357	375
357	444
357	495
357	521
357	696
357	990
358	363
358	365
358	369
358	378
358	384
358	460
358	462
358	570
358	593
358	727
358	955
359	376
359	385
359	390
359	423
359	535
359	555
359	562
359	758
359	787
359	908
359	937
359	939
359	970
360	391
360	398
360	434
360	455
360	503
360	693
360	926
360	947
361	361
361	391
361	504
361	599
361	610
361	627
361	644
361	659
361	700
361	735
361	992
362	365
362	368
362	395
362	460
362	544
362	630
362	685
362	727
362	748
362	882
362	892
362	917
362	930
362	993
363	399
363	458
363	486
363	489
363	536
363	725
363	751
363	826
363	858
364	370
364	372
364	396
364	399
364	442
364	569
364	622
364	774
364	790
364	805
364	946
365	372
365	392
365	424
365	429
365	548
365	669
365	779
365	788
365	795
365	832
365	930
365	956
365	959
366	380
366	395
366	539
366	654
366	667
366	738
366	765
366	827
367	371
367	387
367	487
367	529
367	584
367	732
367	741
367	796
367	968
367	985
368	375
368	378
368	386
368	402
368	469
368	547
368	609
368	787
368	798
368	901
369	379
369	472
369	473
369	567
369	602
369	690
369	704
369	841
369	954
369	974
369	999
370	374
370	380
370	384
370	470
370	534
370	694
370	720
370	794
370	820
370	909
370	911
371	379
371	450
371	471
371	546
371	634
371	741
371	784
371	831
371	889
371	930
372	377
372	381
372	410
372	492
372	513
372	554
372	619
372	630
372	682
372	705
372	795
372	880
372	917
373	396
373	444
373	456
373	488
373	493
373	506
373	514
373	539
373	546
373	611
373	670
373	671
373	674
373	697
373	799
373	900
373	939
374	379
374	403
374	518
374	572
374	585
374	596
374	628
374	644
374	677
374	692
374	698
374	875
374	922
374	928
374	935
374	948
375	722
375	742
375	775
375	778
375	794
375	903
375	943
375	953
375	966
376	426
376	431
376	435
376	439
376	611
376	667
376	682
376	697
376	748
376	803
376	828
376	934
377	584
377	589
377	621
377	680
377	831
377	833
377	855
377	886
377	887
377	994
378	436
378	556
378	766
379	380
379	391
379	581
379	635
379	694
379	726
379	768
379	781
379	793
379	824
379	886
379	891
379	912
379	965
379	978
380	384
380	385
380	386
380	404
380	538
380	555
380	876
380	897
380	912
380	949
380	950
381	381
381	424
381	604
381	625
381	703
381	757
381	968
381	979
382	383
382	387
382	424
382	525
382	531
382	674
382	748
382	810
382	943
382	983
383	391
383	559
383	572
383	753
383	836
383	890
383	940
383	982
384	387
384	399
384	423
384	460
384	466
384	472
384	477
384	698
384	749
384	786
384	825
384	946
384	963
385	496
385	521
385	544
385	567
385	615
385	698
385	726
385	794
386	398
386	401
386	487
386	502
386	503
386	555
386	743
386	870
386	945
386	974
387	389
387	406
387	495
387	500
387	545
387	631
387	636
387	638
387	689
387	715
387	760
387	798
387	822
387	845
387	846
387	904
388	390
388	394
388	401
388	516
388	543
388	618
388	629
388	691
388	770
388	792
388	841
388	861
388	875
388	899
388	914
389	442
389	465
389	569
389	669
389	692
389	697
389	825
389	856
389	877
389	930
389	971
389	982
390	439
390	460
390	477
390	594
390	762
390	863
391	395
391	467
391	469
391	815
391	868
391	978
391	991
391	994
392	454
392	475
392	625
392	671
392	691
392	723
393	485
393	494
393	573
393	626
393	715
393	742
393	805
393	856
393	922
393	957
394	395
394	410
394	426
394	548
394	563
394	602
394	639
394	667
394	820
394	847
394	880
394	954
395	407
395	422
395	454
395	511
395	547
395	645
395	791
396	431
396	492
396	499
396	579
396	593
396	596
396	763
396	851
396	893
397	476
397	587
397	620
397	656
397	738
397	775
397	803
397	896
397	943
397	957
398	430
398	438
398	575
398	636
398	715
398	896
398	968
398	990
399	409
399	456
399	493
399	537
399	592
399	605
399	623
399	829
399	861
399	866
399	912
399	917
399	926
399	938
399	951
400	437
400	455
400	460
400	467
400	662
400	686
400	728
400	751
400	929
400	973
401	413
401	419
401	420
401	453
401	455
401	466
401	480
401	484
401	492
401	507
401	518
401	560
401	583
401	696
401	766
401	856
401	872
401	977
402	407
402	417
402	420
402	458
402	476
402	492
402	589
402	619
402	620
402	691
402	728
402	744
402	760
402	854
402	888
402	908
402	966
403	445
403	497
403	665
403	745
403	798
403	827
403	982
403	986
403	995
404	448
404	476
404	481
404	482
404	486
404	487
404	494
404	540
404	558
404	630
404	704
404	878
404	920
404	948
405	420
405	437
405	450
405	458
405	470
405	478
405	481
405	537
405	600
405	636
405	638
405	971
406	409
406	452
406	462
406	598
406	717
406	761
406	794
406	869
406	870
406	918
406	959
407	418
407	419
407	424
407	432
407	444
407	445
407	454
407	485
407	486
407	494
407	576
407	646
407	713
407	782
407	853
407	913
407	923
407	955
407	989
407	994
408	414
408	419
408	425
408	454
408	490
408	595
408	597
408	635
408	696
408	706
408	738
408	918
409	417
409	435
409	450
409	468
409	470
409	534
409	637
409	704
409	733
409	765
409	928
409	935
409	942
410	459
410	462
410	465
410	470
410	472
410	487
410	530
410	595
410	616
410	818
410	879
410	880
410	894
410	898
410	921
410	946
410	947
410	965
410	984
411	412
411	415
411	468
411	536
411	589
411	598
411	604
411	622
411	753
411	985
412	443
412	465
412	477
412	491
412	519
412	544
412	547
412	640
412	790
412	971
413	421
413	422
413	423
413	443
413	475
413	481
413	482
413	573
413	602
413	641
413	660
413	741
413	817
413	910
413	950
413	966
414	420
414	436
414	444
414	448
414	463
414	560
414	662
414	674
414	726
414	731
414	870
414	879
414	926
415	426
415	428
415	488
415	494
415	506
415	512
415	613
415	621
415	643
415	692
415	753
415	794
415	845
415	989
416	456
416	472
416	486
416	498
416	618
416	643
416	696
416	703
416	722
416	759
416	813
416	906
416	921
417	434
417	489
417	508
417	513
417	537
417	579
417	588
417	631
417	672
417	935
417	954
417	970
418	432
418	466
418	468
418	469
418	494
418	498
418	499
418	507
418	517
418	526
418	542
418	561
418	671
418	737
418	928
418	958
418	962
419	423
419	451
419	585
419	717
419	835
419	864
419	941
419	988
420	445
420	467
420	484
420	496
420	544
420	615
420	683
420	744
420	762
420	836
420	852
420	940
420	952
421	426
421	429
421	432
421	444
421	489
421	494
421	498
421	521
421	551
421	662
421	669
421	709
421	710
421	714
421	833
421	851
421	896
421	958
421	974
422	428
422	435
422	445
422	452
422	475
422	482
422	483
422	492
422	606
422	639
422	699
422	718
422	804
422	820
422	860
422	907
423	431
423	440
423	462
423	468
423	477
423	483
423	565
423	575
423	851
423	973
423	999
424	424
424	443
424	447
424	448
424	449
424	481
424	539
424	572
424	611
424	654
424	667
424	709
424	750
424	770
424	771
424	860
424	977
425	436
425	439
425	443
425	452
425	453
425	455
425	456
425	457
425	468
425	476
425	489
425	792
425	853
425	876
425	942
425	988
425	992
426	427
426	446
426	454
426	466
426	478
426	552
426	655
426	710
426	745
426	761
426	775
426	792
426	807
426	810
426	815
426	913
427	477
427	479
427	525
427	688
427	769
427	790
427	797
427	869
427	953
427	963
428	435
428	440
428	442
428	457
428	503
428	541
428	607
428	608
428	662
428	664
428	678
428	743
428	763
428	814
428	826
428	838
428	985
429	443
429	456
429	482
429	483
429	485
429	486
429	496
429	518
429	574
429	583
429	773
429	894
429	906
429	965
429	987
430	475
430	478
430	623
430	800
430	806
430	882
430	899
431	445
431	452
431	475
431	483
431	581
431	717
431	826
431	862
431	917
431	927
431	928
431	990
432	449
432	465
432	473
432	474
432	479
432	484
432	495
432	501
432	545
432	587
432	781
432	813
432	882
432	952
432	959
433	462
433	471
433	473
433	497
433	522
433	587
433	614
433	745
433	844
433	854
433	917
433	950
433	969
433	975
434	447
434	451
434	541
434	579
434	604
434	608
434	615
434	686
434	721
434	753
434	779
434	885
434	907
435	521
435	623
435	624
435	685
435	823
435	892
435	966
436	443
436	444
436	447
436	460
436	476
436	477
436	480
436	589
436	642
436	808
436	824
436	865
437	467
437	488
437	530
437	566
437	575
437	665
437	736
437	966
437	979
438	479
438	480
438	491
438	678
438	723
438	816
438	892
439	465
439	475
439	525
439	588
439	619
439	675
439	880
439	915
439	935
439	987
440	443
440	462
440	479
440	496
440	639
440	646
440	708
440	755
440	788
440	901
440	979
441	484
441	491
441	493
441	502
441	679
441	745
441	810
441	870
441	884
441	956
442	453
442	518
442	564
442	724
442	734
442	835
442	957
442	978
442	991
443	463
443	483
443	488
443	510
443	511
443	536
443	615
443	659
443	692
443	777
443	969
444	497
444	591
444	675
444	726
444	742
444	777
444	799
444	800
445	445
445	460
445	461
445	493
445	496
445	544
445	566
445	588
445	643
445	760
445	793
445	821
445	843
445	876
445	937
446	449
446	455
446	459
446	460
446	467
446	474
446	484
446	491
446	562
446	601
446	684
446	693
446	762
446	874
446	880
447	452
447	463
447	478
447	508
447	514
447	606
447	647
447	674
447	761
447	778
447	813
447	863
447	876
447	907
447	953
447	968
448	450
448	456
448	473
448	491
448	500
448	537
448	584
448	619
448	640
448	703
448	777
448	919
449	458
449	483
449	524
449	571
449	602
449	676
449	688
449	788
449	800
449	814
449	913
449	973
449	986
450	491
450	509
450	658
450	682
450	696
450	839
450	851
450	983
450	993
451	470
451	478
451	486
451	491
451	494
451	507
451	538
451	560
451	572
451	626
451	671
451	689
451	734
451	810
451	843
451	977
451	981
452	462
452	470
452	490
452	506
452	513
452	538
452	578
452	602
452	605
452	671
453	454
453	455
453	459
453	463
453	486
453	487
453	626
453	640
453	687
453	823
453	990
454	469
454	493
454	627
454	686
454	767
454	783
454	805
454	829
454	836
454	843
454	875
454	956
455	464
455	524
455	598
455	771
455	775
455	841
455	942
455	955
456	474
456	642
456	647
456	794
456	846
457	479
457	517
457	660
457	665
457	667
457	688
457	726
457	841
457	860
457	931
457	966
458	491
458	557
458	594
458	618
458	626
458	692
458	717
458	732
458	960
458	972
459	570
459	581
459	586
459	747
459	751
459	763
459	804
459	812
459	824
459	829
459	891
459	907
459	933
460	469
460	477
460	523
460	540
460	606
460	607
460	784
460	826
460	828
460	878
460	971
460	983
461	486
461	492
461	527
461	569
461	582
461	649
461	689
461	744
461	813
461	866
461	871
461	873
461	902
461	934
461	944
461	986
462	742
462	895
462	944
463	469
463	482
463	489
463	511
463	532
463	540
463	668
463	730
463	744
463	754
463	828
463	834
463	962
464	480
464	563
464	624
464	692
464	752
464	807
464	919
464	968
465	467
465	471
465	476
465	533
465	567
465	592
465	729
465	819
465	826
465	850
465	961
465	970
466	469
466	474
466	589
466	617
466	700
466	844
466	869
466	879
466	914
466	937
467	469
467	561
467	637
467	692
467	719
467	910
467	960
467	962
467	981
468	468
468	471
468	493
468	494
468	497
468	602
468	626
468	765
468	805
468	940
469	496
469	525
469	773
469	964
469	977
470	480
470	491
470	583
470	624
470	641
470	764
470	771
470	880
470	920
470	955
470	965
471	475
471	492
471	506
471	511
471	523
471	629
471	689
471	886
471	958
471	975
472	498
472	565
472	567
472	593
472	646
472	685
472	699
472	713
472	763
472	835
472	921
473	490
473	523
473	612
473	621
473	648
473	684
473	719
473	721
473	788
473	925
474	476
474	479
474	482
474	498
474	549
474	659
474	721
474	753
474	778
474	802
474	816
474	921
474	949
475	489
475	490
475	504
475	530
475	592
475	681
475	693
475	766
475	781
475	874
475	963
476	483
476	493
476	668
476	675
476	875
476	885
476	997
477	794
477	836
477	849
477	951
477	968
478	563
478	585
478	892
478	895
479	551
479	555
479	951
480	493
480	644
480	732
480	769
480	840
480	858
480	883
480	992
481	587
481	610
481	677
481	925
481	942
481	970
481	977
482	485
482	498
482	499
482	530
482	576
482	595
482	660
482	662
482	665
482	816
482	830
483	624
483	786
483	944
483	948
483	982
484	544
484	580
484	660
484	708
484	738
484	793
484	895
484	931
484	959
484	960
484	982
484	999
485	495
485	503
485	845
485	972
486	495
486	505
486	513
486	521
486	547
486	582
486	676
486	683
486	748
486	811
486	921
486	941
486	973
486	989
487	583
487	595
487	616
487	770
487	865
487	893
487	923
487	970
487	994
488	489
488	496
488	498
488	513
488	585
488	603
488	645
488	726
488	775
488	799
489	490
489	493
489	509
489	600
489	613
489	873
489	889
490	499
490	566
490	613
490	661
490	680
490	863
490	949
490	953
490	954
491	501
491	594
491	598
491	624
491	665
491	668
491	705
491	901
491	964
492	572
492	591
492	612
492	723
492	824
492	826
492	907
492	922
492	963
493	498
493	540
493	647
493	683
493	736
493	748
493	786
493	890
493	930
493	950
494	498
494	552
494	613
494	622
494	724
494	880
494	924
494	971
495	513
495	533
495	555
495	638
495	676
495	680
495	711
495	725
495	826
495	851
495	919
495	930
496	541
496	658
496	751
496	778
496	954
496	999
497	497
497	628
497	646
497	752
497	826
497	892
497	982
497	997
497	999
498	500
498	526
498	618
498	666
498	688
498	829
498	854
498	907
498	911
499	515
499	531
499	559
499	579
499	600
499	620
499	659
499	682
499	740
499	748
499	749
499	754
499	987
500	518
500	531
500	538
500	597
500	603
500	676
500	716
500	717
500	728
500	769
500	937
500	969
501	503
501	528
501	570
501	577
501	701
501	718
501	806
501	861
501	903
501	921
501	951
502	528
502	535
502	557
502	564
502	572
502	575
502	579
502	581
502	601
502	714
502	818
502	832
502	911
503	513
503	522
503	526
503	560
503	561
503	687
503	749
503	788
503	811
503	879
503	903
503	975
503	977
504	506
504	515
504	519
504	537
504	545
504	586
504	627
504	637
504	651
504	676
504	738
504	768
504	847
504	908
504	943
504	967
505	518
505	520
505	525
505	551
505	576
505	597
505	613
505	657
505	762
505	806
505	828
505	841
505	881
505	897
505	901
505	998
506	506
506	530
506	586
506	614
506	642
506	659
506	678
506	763
506	818
506	846
506	886
506	972
507	512
507	549
507	593
507	607
507	684
507	685
507	695
507	709
507	736
507	783
507	809
507	888
507	940
508	509
508	517
508	526
508	534
508	546
508	563
508	569
508	573
508	618
508	647
508	667
508	693
508	705
508	724
508	768
508	803
508	833
508	851
509	513
509	525
509	536
509	538
509	563
509	598
509	676
509	702
509	765
509	848
510	512
510	524
510	528
510	529
510	530
510	546
510	552
510	590
510	599
510	602
510	689
510	691
510	720
510	793
510	817
510	833
510	869
511	524
511	528
511	555
511	590
511	610
511	670
511	692
511	722
511	740
511	860
512	533
512	542
512	543
512	558
512	579
512	587
512	745
512	790
512	808
512	910
513	530
513	535
513	544
513	563
513	566
513	595
513	596
513	654
513	673
513	714
513	772
513	803
514	517
514	540
514	560
514	576
514	589
514	599
514	638
514	832
514	878
514	969
514	970
515	528
515	550
515	561
515	571
515	577
515	590
515	644
515	656
515	723
515	789
515	824
515	866
516	517
516	521
516	523
516	529
516	544
516	606
516	643
516	694
516	754
516	759
516	781
516	871
517	523
517	528
517	535
517	599
517	635
517	670
517	724
517	758
517	954
518	533
518	544
518	546
518	596
518	743
518	871
518	995
519	557
519	558
519	593
519	596
519	624
519	637
519	651
519	662
519	814
519	888
519	992
520	549
520	554
520	557
520	580
520	611
520	639
520	652
520	708
520	775
520	935
521	546
521	571
521	572
521	574
521	577
521	744
521	745
521	754
521	912
522	577
522	583
522	616
522	782
522	876
522	924
522	968
523	527
523	567
523	575
523	588
523	593
523	634
523	682
523	879
523	909
523	917
524	528
524	531
524	561
524	579
524	587
524	599
524	615
524	627
524	657
524	682
524	711
524	732
524	981
525	552
525	582
525	586
525	806
525	837
525	997
526	571
526	594
526	598
526	652
526	688
526	741
526	774
526	818
526	822
526	893
526	927
526	935
527	678
527	707
527	813
527	853
527	878
527	960
527	964
528	537
528	547
528	576
528	590
528	785
528	890
528	926
528	941
529	546
529	554
529	557
529	561
529	565
529	586
529	596
529	745
529	783
529	889
529	914
529	986
530	531
530	533
530	534
530	539
530	547
530	564
530	573
530	587
530	680
530	753
530	805
530	810
530	857
530	940
530	956
530	973
531	561
531	565
531	574
531	580
531	582
531	598
531	640
531	648
531	649
531	678
531	688
531	724
531	766
531	920
531	945
532	535
532	543
532	545
532	547
532	575
532	638
532	674
532	756
532	838
532	878
533	558
533	563
533	637
533	681
533	735
533	837
534	542
534	571
534	581
534	599
534	634
534	723
534	740
534	857
534	882
534	998
535	558
535	602
535	640
535	688
536	573
536	617
536	681
536	764
536	787
536	800
536	893
536	924
536	925
536	944
537	558
537	575
537	582
537	592
537	605
537	643
537	705
537	721
537	736
537	749
537	768
537	769
537	777
537	781
538	544
538	560
538	575
538	577
538	578
538	591
538	594
538	742
538	767
538	855
538	865
538	870
538	948
539	564
539	574
539	579
539	596
539	597
539	631
539	644
539	680
539	696
539	756
539	805
539	868
539	918
539	942
540	560
540	568
540	569
540	578
540	643
540	725
540	799
540	827
540	879
540	928
541	558
541	565
541	575
541	884
542	557
542	562
542	673
542	711
542	821
542	825
542	937
542	984
543	543
543	573
543	595
543	710
543	725
543	781
543	855
543	944
544	586
544	598
544	651
544	654
544	778
544	790
544	813
544	824
545	579
545	586
545	595
545	599
545	773
545	792
545	802
545	899
546	583
546	584
546	590
546	614
546	676
546	702
546	810
546	891
546	994
546	995
547	563
547	606
547	635
547	672
547	725
547	806
547	827
547	929
547	954
548	587
548	599
548	664
548	729
548	771
548	794
548	840
549	559
549	584
549	626
549	639
549	641
549	657
549	737
549	769
549	798
549	833
549	935
549	961
549	970
550	571
550	577
550	581
550	588
550	615
550	640
550	650
550	735
550	831
550	890
550	910
551	558
551	560
551	583
551	632
551	766
551	776
551	849
552	583
552	586
552	603
552	659
552	682
552	722
552	797
552	816
552	925
552	930
552	962
553	826
553	830
553	893
553	909
553	944
553	945
553	977
554	558
554	567
554	579
554	586
554	618
554	641
554	654
554	718
554	722
554	779
554	822
554	944
554	999
555	561
555	567
555	581
555	591
555	636
555	640
555	695
555	741
555	761
555	782
555	802
555	835
555	852
555	853
555	877
555	897
555	978
556	599
556	726
556	755
556	770
556	820
556	864
556	871
556	937
556	976
556	983
556	998
557	576
557	592
557	637
557	652
557	979
557	985
558	597
558	753
558	920
558	987
559	578
559	589
559	621
559	639
559	649
559	686
559	691
559	723
560	567
560	599
560	684
560	782
560	866
560	902
560	928
561	565
561	570
561	696
561	759
561	798
561	827
561	890
561	912
561	981
562	562
562	596
562	608
562	706
562	837
562	884
562	964
562	984
563	571
563	588
563	591
563	603
563	636
563	649
563	658
563	897
563	983
564	573
564	584
564	587
564	738
564	896
564	990
565	574
565	575
565	648
565	729
565	732
565	747
565	796
565	809
565	879
565	893
565	988
566	568
566	760
566	777
566	795
566	938
566	956
567	582
567	643
567	923
567	980
568	569
568	573
568	591
568	665
568	743
568	822
568	833
568	959
568	964
569	582
569	595
569	733
569	760
569	926
569	941
570	591
570	854
570	876
570	888
570	950
571	583
571	587
571	590
571	649
571	939
572	592
572	635
572	740
572	771
572	782
572	842
572	870
572	883
572	987
573	582
573	583
573	740
573	914
573	918
573	949
574	579
574	593
574	600
574	669
574	753
574	790
574	817
574	900
574	982
575	582
575	597
575	692
575	848
575	982
576	591
576	600
576	764
576	985
577	597
577	696
577	803
577	963
578	605
578	687
578	744
578	793
578	910
578	961
579	596
579	701
579	726
579	763
579	787
579	861
579	889
580	588
580	589
580	647
580	690
580	702
580	831
580	858
580	879
580	914
580	978
581	598
581	608
581	667
581	699
581	734
581	760
581	786
581	804
581	896
581	934
581	975
581	992
581	998
582	598
582	618
582	883
582	895
583	595
583	776
583	788
583	797
583	839
583	931
583	956
584	598
584	671
584	682
584	761
584	802
584	830
584	854
584	904
584	942
584	966
585	590
585	701
585	753
585	773
586	633
586	755
586	797
586	805
586	852
586	864
587	595
587	627
587	984
588	602
588	675
588	828
588	867
588	931
588	955
588	959
588	994
589	656
589	715
589	750
589	949
590	597
590	689
590	701
590	792
590	935
590	991
591	841
591	855
592	593
592	779
592	784
592	826
592	828
592	867
592	927
593	596
593	720
593	762
593	815
593	880
593	881
593	885
593	940
594	616
594	636
594	667
594	735
594	810
594	819
594	850
594	956
595	725
595	898
596	751
596	791
596	912
596	943
597	720
597	793
597	820
597	858
597	994
598	599
598	606
598	823
598	824
598	849
598	879
598	882
598	933
598	983
599	629
599	630
599	802
599	859
599	875
599	907
600	604
600	627
600	657
600	664
600	698
600	747
600	780
600	790
600	843
600	851
600	904
600	912
600	925
601	603
601	672
601	709
601	713
601	741
601	789
601	812
601	821
601	829
602	619
602	622
602	643
602	694
602	699
602	709
602	760
602	828
603	606
603	616
603	622
603	659
603	673
603	683
603	741
603	756
603	804
603	854
603	939
603	974
603	978
604	644
604	827
604	845
604	993
605	606
605	625
605	643
605	656
605	657
605	664
605	668
605	711
605	715
605	814
605	945
606	622
606	645
606	668
606	688
606	696
606	829
606	880
606	891
606	903
607	614
607	623
607	626
607	641
607	653
607	661
607	674
607	760
607	826
607	829
607	835
607	889
607	995
608	617
608	642
608	647
608	648
608	650
608	659
608	665
608	676
608	754
608	796
608	832
608	837
608	956
608	967
608	970
609	613
609	630
609	631
609	684
609	685
609	692
609	698
609	858
609	991
610	611
610	642
610	651
610	667
610	684
610	870
610	897
610	907
610	913
610	976
611	612
611	630
611	633
611	635
611	657
611	665
611	837
611	868
611	963
611	976
612	622
612	625
612	629
612	653
612	655
612	802
612	866
612	911
612	914
612	946
612	947
612	971
613	625
613	648
613	651
613	666
613	690
613	698
613	775
613	900
613	982
613	989
614	979
614	987
615	649
615	658
615	671
615	672
615	687
615	724
615	729
615	758
615	864
615	873
615	943
616	619
616	621
616	628
616	801
616	807
616	877
616	880
616	998
617	621
617	774
617	792
617	828
617	851
618	696
618	769
618	774
618	889
618	892
618	913
619	627
619	638
619	645
619	660
619	680
619	706
619	830
619	834
619	912
619	916
620	643
620	663
620	667
620	671
620	672
620	674
620	703
620	729
620	733
620	763
620	851
620	874
620	946
621	634
621	651
621	655
621	669
621	671
621	721
621	731
621	850
621	904
622	642
622	687
622	833
622	841
622	982
622	987
623	651
623	652
623	660
623	684
623	686
623	717
623	724
623	747
623	798
623	982
624	640
624	654
624	657
624	659
624	665
624	685
624	692
624	701
624	803
624	815
624	899
624	917
624	996
625	652
625	672
625	783
625	829
625	857
625	908
625	920
625	946
625	993
626	641
626	643
626	658
626	662
626	671
626	687
626	850
626	871
626	966
627	665
627	666
627	670
627	763
627	777
627	784
627	824
627	859
627	883
627	901
627	955
627	969
628	667
628	701
628	722
628	764
628	768
628	901
628	991
629	669
629	676
629	696
629	709
629	776
629	788
630	651
630	681
630	687
630	747
630	804
630	876
630	886
630	928
630	955
630	963
630	985
631	634
631	644
631	648
631	654
631	680
631	782
631	819
631	920
631	949
631	999
632	669
632	671
632	764
632	786
632	791
632	808
632	842
632	910
632	951
633	680
633	865
633	883
633	887
634	647
634	665
634	672
634	695
634	702
634	721
634	778
634	799
634	802
634	806
634	841
634	867
634	998
635	663
635	664
635	669
635	671
635	687
635	699
635	726
635	798
635	899
635	922
635	924
636	687
636	789
636	849
637	665
637	690
637	731
637	744
637	772
637	781
637	807
637	860
637	915
637	951
638	654
638	666
638	670
638	681
638	768
638	823
638	839
638	852
638	882
638	942
638	965
638	967
638	986
639	659
639	672
639	691
639	694
639	695
639	703
639	996
640	648
640	748
640	821
640	836
640	849
640	930
640	957
641	641
641	648
641	660
641	689
641	800
641	837
641	903
641	905
641	981
642	761
642	918
642	987
643	675
643	684
643	685
643	763
643	799
643	872
643	885
643	923
643	944
643	952
643	962
644	647
644	650
644	676
644	690
644	703
644	733
644	757
644	759
644	784
644	789
644	910
644	925
644	972
645	653
645	685
645	688
645	731
645	759
645	880
645	942
645	947
645	991
646	761
646	782
646	877
646	923
647	648
647	659
647	663
647	688
647	697
647	758
647	864
647	902
648	800
648	831
648	857
648	940
649	655
649	659
649	682
649	719
649	753
649	848
649	969
649	987
650	673
650	679
650	736
650	804
650	814
650	889
651	653
651	655
651	661
651	712
651	812
651	862
651	867
651	922
651	965
652	666
652	796
652	800
652	925
652	928
653	697
653	704
653	725
653	735
653	883
654	677
654	690
654	703
654	706
654	787
654	789
654	791
654	822
654	852
655	675
655	685
655	695
655	712
655	766
655	789
655	797
655	864
655	951
655	969
655	970
656	660
656	672
656	695
656	739
656	756
656	785
656	819
656	827
656	902
657	660
657	667
657	749
657	905
658	679
658	683
658	744
658	834
658	925
658	963
659	660
659	663
659	690
659	696
659	764
659	782
659	821
659	827
659	870
659	891
659	924
659	963
660	667
660	743
660	857
660	905
661	671
661	723
661	736
661	753
661	810
661	913
661	933
661	937
662	692
662	711
662	733
662	854
662	880
662	881
662	911
662	939
663	689
663	732
663	733
663	904
664	688
664	693
664	733
664	737
664	741
664	768
664	800
664	892
664	940
665	699
665	749
665	756
665	804
665	861
665	863
665	897
665	945
666	678
666	686
666	704
666	862
667	694
667	758
667	763
667	803
667	835
667	848
667	934
667	943
667	955
668	669
668	736
668	737
668	902
668	950
668	961
668	962
668	983
669	688
669	693
669	705
669	719
669	780
669	789
669	893
669	950
670	697
670	698
670	740
670	750
670	784
670	824
671	690
671	725
671	740
671	759
671	760
672	678
672	767
672	843
672	870
672	938
672	990
673	732
673	885
673	986
674	677
674	688
674	691
674	745
674	790
674	821
674	889
674	972
675	731
675	766
675	800
675	841
675	934
676	753
676	852
676	901
676	939
676	971
677	718
677	740
677	762
677	802
678	683
678	692
678	813
678	881
678	895
678	956
678	987
679	699
679	873
679	893
679	974
680	724
680	772
680	859
680	983
681	823
681	848
681	904
681	987
682	688
682	694
682	696
682	720
682	772
682	783
682	818
682	831
682	940
683	700
683	716
683	986
684	693
684	949
685	702
685	712
685	767
685	927
685	931
685	942
686	695
686	696
686	697
686	781
686	789
686	886
686	959
687	723
687	809
687	945
687	971
687	980
687	997
688	700
688	875
688	990
689	766
689	883
689	896
689	935
689	938
689	963
689	983
690	693
690	776
690	855
690	924
690	932
691	736
691	770
691	857
691	867
691	923
691	931
691	959
692	698
692	772
692	782
692	811
692	827
693	735
693	743
693	760
693	911
693	928
693	968
694	704
694	733
694	740
694	808
694	860
694	885
694	903
694	911
694	963
695	728
695	742
695	754
695	808
695	814
695	828
695	934
696	755
696	882
697	860
698	835
698	845
699	705
699	745
699	763
699	810
699	984
700	702
700	707
700	741
700	752
700	771
700	776
700	779
700	780
700	809
700	856
701	702
701	712
701	713
701	746
701	776
701	783
701	799
701	939
702	738
702	757
702	791
702	883
702	996
703	720
703	723
703	746
703	791
703	893
704	719
704	755
704	782
704	785
704	867
705	733
705	783
705	796
705	892
705	972
706	757
706	770
706	786
706	789
706	822
706	873
706	877
706	889
706	895
707	719
707	731
707	743
707	756
707	771
707	781
707	793
707	815
707	908
707	944
707	978
708	728
708	739
708	755
708	778
708	781
708	787
708	840
708	908
708	959
708	963
708	969
709	710
709	722
709	732
709	869
709	990
709	999
710	711
710	728
710	731
710	749
710	767
710	770
710	778
710	797
710	812
710	840
710	874
710	904
710	963
711	723
711	744
711	782
711	786
711	798
711	927
711	947
711	987
712	720
712	737
712	746
712	749
712	916
713	722
713	736
713	781
713	787
713	794
713	816
713	971
713	996
714	714
714	728
714	744
714	786
714	795
714	817
714	819
714	881
714	889
714	916
715	733
715	744
715	747
715	763
715	784
715	790
715	796
715	818
715	975
715	993
716	718
716	723
716	729
716	731
716	755
716	791
716	842
717	741
717	750
717	770
717	780
717	863
717	945
717	981
717	988
718	721
718	733
718	736
718	752
718	755
718	756
718	893
718	917
719	768
719	769
719	796
719	900
719	913
719	935
719	993
720	720
720	761
720	762
720	798
720	965
720	997
721	732
721	733
721	747
721	777
721	781
721	794
721	824
721	837
721	839
721	923
722	777
722	827
722	833
722	855
722	907
722	933
722	940
723	724
723	726
723	728
723	749
723	788
723	876
723	899
723	966
724	743
724	755
724	792
724	794
724	839
724	861
724	880
724	927
724	959
724	975
724	998
725	730
725	737
725	761
725	768
725	776
725	887
725	888
726	729
726	732
726	738
726	744
726	757
726	792
726	866
726	870
726	936
726	946
726	963
726	985
727	736
727	781
727	850
727	932
727	955
727	974
728	746
728	763
728	775
728	790
728	793
728	898
728	902
728	927
728	970
728	974
729	757
729	778
729	840
729	844
729	938
729	997
730	736
730	763
730	781
730	798
730	865
730	921
730	960
730	963
730	983
730	996
731	737
731	753
731	816
731	948
731	965
731	972
731	983
732	741
732	746
732	796
732	963
732	993
733	737
733	740
733	748
733	760
733	762
733	777
733	804
733	914
734	735
734	913
735	742
735	772
735	782
735	821
735	895
735	927
735	948
736	741
736	750
736	767
736	771
736	774
736	786
736	794
736	875
737	749
737	756
737	784
737	825
737	843
737	923
737	925
737	932
738	759
738	766
738	772
738	789
738	855
738	868
738	892
738	943
738	961
738	962
739	739
739	758
739	789
739	795
739	799
739	867
739	902
739	928
740	742
740	746
740	780
740	904
740	922
740	932
740	939
741	745
741	755
741	772
741	783
741	852
741	903
742	743
742	746
742	761
742	766
742	769
742	770
742	773
742	797
742	989
743	751
743	753
743	763
743	769
743	791
743	792
743	818
743	829
743	844
743	868
743	887
743	954
744	772
744	774
744	799
744	826
744	839
744	934
744	940
744	952
744	976
745	747
745	751
745	761
745	767
745	769
745	784
745	873
745	884
745	915
745	982
746	769
746	772
746	791
746	792
746	794
746	861
746	880
746	932
746	943
747	751
747	757
747	808
747	843
747	890
747	906
748	776
748	786
748	787
748	806
748	980
749	763
749	799
749	838
749	879
749	885
749	909
749	927
749	945
750	752
750	783
750	790
750	791
750	824
750	850
750	888
750	920
750	932
750	980
750	989
751	754
751	768
751	795
751	798
751	800
751	802
751	807
751	971
752	770
752	780
752	806
752	807
752	883
752	906
752	997
753	767
753	786
753	791
753	797
753	877
753	908
753	913
754	771
754	791
754	817
754	897
754	996
755	760
755	771
755	777
755	920
755	929
755	931
756	761
756	768
756	796
757	778
757	805
757	925
757	979
757	997
758	841
758	850
758	885
758	915
758	997
760	797
760	800
760	919
760	941
760	948
761	775
761	780
761	785
761	820
761	860
761	929
761	995
762	780
762	797
762	838
762	881
762	890
762	898
762	936
762	964
762	989
763	781
763	784
763	842
763	897
764	768
764	791
764	856
764	912
764	923
765	776
765	777
765	841
765	878
766	789
766	807
766	845
766	848
766	952
766	995
767	799
767	804
767	865
767	896
767	913
767	958
768	830
768	874
768	918
768	947
768	984
769	839
769	867
770	772
770	780
770	809
770	847
770	870
770	946
770	951
771	978
772	858
772	873
772	964
773	779
773	863
773	922
773	936
774	798
774	819
774	825
774	934
774	991
775	789
775	800
775	802
776	844
776	857
776	933
777	787
777	791
777	813
777	814
777	870
777	952
777	981
778	783
778	930
779	786
779	814
779	822
779	831
779	845
779	917
779	946
780	788
780	794
780	831
780	863
780	883
780	890
780	932
780	954
781	788
781	843
781	905
781	940
782	795
782	811
782	889
782	893
782	944
783	784
783	785
783	794
783	803
783	893
783	898
783	920
784	885
785	787
785	798
785	988
786	788
786	917
786	955
786	957
786	963
787	818
787	995
788	935
789	793
789	849
789	966
790	797
790	817
790	875
790	993
791	793
791	897
792	833
792	880
792	967
792	990
793	803
793	859
793	957
793	965
794	796
794	798
794	809
794	813
795	803
795	819
795	968
795	987
796	804
796	833
796	858
796	869
796	957
797	830
797	835
797	881
797	910
797	919
798	808
798	905
798	934
799	869
799	896
800	807
800	834
800	853
800	868
800	889
800	897
800	915
800	951
800	979
801	818
801	820
801	840
801	856
801	859
801	860
801	887
801	894
801	958
802	836
802	841
802	847
802	895
802	930
802	977
803	830
803	850
803	854
803	857
803	919
803	975
803	997
804	808
804	834
804	844
804	849
804	883
804	887
804	892
804	907
804	955
804	972
805	865
805	867
805	876
805	879
805	884
805	887
806	814
806	824
806	838
806	849
806	866
806	871
806	877
806	921
806	989
807	811
807	816
807	856
807	860
807	867
807	878
807	886
808	815
808	847
808	864
808	865
808	868
808	871
808	872
808	882
808	884
808	889
808	952
808	966
809	841
809	845
809	850
809	864
809	865
809	869
809	879
809	911
810	823
810	832
810	878
810	898
810	936
811	815
811	816
811	923
812	814
812	823
812	841
812	885
812	891
812	897
813	821
813	826
813	859
813	878
813	896
813	899
813	901
813	950
814	816
814	820
814	822
814	835
814	869
814	891
814	947
814	952
815	823
815	850
815	864
815	868
815	873
815	890
815	917
815	950
815	961
816	849
816	892
816	901
817	819
817	824
817	829
817	845
817	863
817	880
817	900
817	920
817	922
818	834
818	842
818	851
818	861
818	865
818	871
818	905
818	907
819	831
819	845
819	861
819	889
819	936
819	955
820	833
820	877
820	896
821	854
821	879
821	884
821	906
821	966
821	987
822	824
822	826
822	869
822	888
822	892
822	929
822	933
822	945
823	855
823	869
823	892
823	939
823	962
824	978
825	831
825	842
825	852
825	859
825	861
825	862
825	865
825	866
825	871
825	891
825	943
825	955
825	972
826	869
826	880
826	884
826	910
827	832
827	872
827	882
827	897
827	905
827	936
827	939
827	961
827	977
828	828
828	836
828	851
828	887
828	890
829	847
829	899
829	903
829	949
830	838
830	847
830	995
831	839
831	849
831	884
831	890
832	851
832	856
832	860
832	866
832	872
832	882
832	887
832	893
832	928
832	979
832	987
833	852
833	877
833	880
833	929
834	835
834	850
834	880
834	897
834	905
834	944
835	874
835	879
835	927
835	975
836	849
836	863
836	869
836	874
836	897
837	839
837	842
837	861
837	877
837	901
837	977
838	840
838	849
838	855
838	873
838	905
839	845
839	852
839	916
839	951
839	977
840	849
840	872
840	910
840	942
840	990
841	857
841	862
841	865
841	866
841	882
841	891
841	956
841	995
842	855
842	857
842	887
842	918
843	873
843	875
843	885
843	886
843	909
843	928
843	966
843	967
844	847
844	851
845	849
845	866
845	870
845	879
845	913
845	979
845	989
846	846
846	883
846	991
847	852
847	860
847	871
847	878
847	887
847	930
847	969
848	853
848	872
848	943
848	956
849	868
849	979
851	871
851	872
851	879
851	885
851	888
851	895
852	899
852	911
852	922
852	984
853	874
853	888
853	889
853	932
853	962
854	855
854	947
855	860
855	916
855	939
856	872
856	976
856	980
857	895
857	908
857	955
857	960
858	869
858	882
858	883
858	925
858	934
858	952
858	986
859	863
859	938
860	881
860	888
860	897
860	962
860	972
861	872
861	873
861	881
861	890
861	897
861	920
861	969
861	982
862	887
862	888
862	915
863	880
863	885
863	903
863	962
863	973
863	990
864	869
864	870
864	909
865	882
865	930
865	933
866	867
866	872
866	944
866	975
866	998
867	870
867	891
867	969
868	891
868	932
868	987
869	980
870	932
871	873
871	895
871	896
871	927
872	879
872	892
872	898
873	919
873	983
873	988
874	897
874	903
874	955
875	879
875	941
876	879
876	884
876	892
876	911
876	959
876	966
877	895
878	879
878	892
878	906
878	984
879	891
880	881
880	912
881	982
881	992
882	937
882	990
882	993
883	902
884	895
884	899
884	984
885	895
885	898
885	926
886	891
886	892
886	930
886	986
887	969
887	970
888	984
889	902
889	936
890	893
890	956
891	981
892	898
892	900
892	916
892	925
892	951
892	969
892	974
893	953
893	969
893	988
894	920
894	963
894	988
895	897
895	900
895	905
895	914
896	997
897	998
899	976
900	902
900	910
900	915
900	919
901	906
901	916
901	922
901	927
901	959
901	966
901	986
902	955
902	957
902	970
902	973
902	977
902	979
903	932
903	935
903	951
903	960
903	990
903	994
904	928
904	953
904	971
904	984
904	990
905	966
905	974
906	920
906	934
906	947
906	953
906	982
907	923
907	944
907	962
907	973
907	978
907	991
907	992
907	997
908	937
908	966
908	979
909	920
909	924
909	944
909	962
909	968
909	972
910	956
910	964
911	943
911	977
911	983
912	959
912	966
912	991
912	992
913	958
913	960
913	965
913	967
913	991
914	954
914	967
914	969
914	977
914	986
915	950
915	973
916	920
916	946
917	926
917	941
917	947
917	976
918	972
919	922
919	944
919	955
919	964
920	933
920	951
920	962
920	991
920	992
921	926
921	931
921	933
921	951
921	975
921	981
921	997
922	968
922	969
922	978
923	958
923	973
923	986
924	927
924	935
924	952
924	958
924	993
925	946
925	952
925	961
926	980
926	981
926	985
926	994
927	933
927	936
927	946
927	949
927	954
927	989
928	974
928	975
928	992
929	935
929	938
929	967
929	975
929	987
930	967
930	974
930	985
930	990
931	977
931	991
931	994
931	999
932	933
932	936
932	971
932	988
932	992
933	968
933	994
934	940
934	999
935	996
936	969
937	974
937	977
937	984
937	989
938	942
938	961
938	967
938	979
938	992
939	942
939	951
939	974
939	985
939	991
940	950
940	975
940	985
940	994
940	996
941	957
941	984
941	991
942	978
942	983
943	967
943	971
944	963
944	989
944	993
945	957
945	964
945	974
945	983
946	970
946	996
947	952
947	961
947	973
947	984
947	986
947	992
948	958
948	962
948	976
948	992
949	957
949	985
950	954
950	961
950	967
950	978
951	960
951	962
951	985
952	985
953	986
953	990
954	988
955	956
955	969
955	988
956	962
956	982
956	994
957	984
958	959
958	983
959	961
960	965
961	996
962	963
962	966
962	984
963	970
963	986
963	990
964	966
964	976
964	980
965	999
966	984
966	987
966	993
967	974
968	975
968	981
968	994
969	999
971	989
972	973
972	987
974	984
974	987
975	995
976	988
976	997
978	980
978	981
979	980
979	996
980	982
980	991
982	993
982	996
983	999
984	990
985	990
986	990
988	988
988	992
988	994
988	995
988	999
999	999
