0	5
0	12
0	31
0	37
0	58
0	75
0	153
0	275
0	294
0	353
0	372
0	586
0	588
0	595
0	660
0	690
0	746
0	773
0	794
0	817
0	840
0	880
0	896
0	951
1	32
1	64
1	103
1	104
1	120
1	304
1	305
1	321
1	362
1	367
1	393
1	407
1	617
1	634
1	680
1	795
1	914
1	945
1	977
1	989
2	9
2	31
2	91
2	120
2	206
2	246
2	288
2	301
2	325
2	445
2	447
2	452
2	546
2	707
2	715
2	729
2	900
3	52
3	69
3	91
3	196
3	325
3	349
3	419
3	510
3	536
3	537
3	597
3	611
3	662
3	671
3	674
3	836
3	854
3	909
4	29
4	43
4	47
4	66
4	82
4	93
4	151
4	182
4	210
4	318
4	326
4	357
4	360
4	383
4	586
4	624
4	659
4	665
4	688
4	758
4	781
4	868
4	876
4	890
4	891
4	991
5	6
5	8
5	12
5	19
5	176
5	259
5	305
5	331
5	335
5	342
5	360
5	396
5	414
5	443
5	560
5	563
5	583
5	597
5	632
5	646
5	661
5	708
5	720
5	825
5	829
5	930
6	17
6	42
6	59
6	154
6	189
6	249
6	408
6	744
6	938
6	945
6	953
7	9
7	164
7	211
7	216
7	240
7	241
7	249
7	288
7	301
7	311
7	325
7	448
7	496
7	499
7	542
7	554
7	659
7	673
7	950
7	968
8	45
8	72
8	78
8	95
8	108
8	202
8	250
8	322
8	412
8	459
8	483
8	514
8	515
8	537
8	652
8	738
8	863
8	898
8	904
8	964
8	994
9	25
9	49
9	81
9	86
9	92
9	176
9	338
9	357
9	452
9	512
9	582
9	596
9	610
9	631
9	660
9	661
9	669
9	734
9	813
9	919
9	921
9	926
9	936
10	35
10	44
10	51
10	60
10	119
10	171
10	200
10	230
10	280
10	477
10	489
10	568
10	678
10	768
10	778
10	789
10	857
10	867
10	958
11	50
11	90
11	108
11	166
11	422
11	433
11	470
11	471
11	732
11	760
11	792
11	813
11	830
11	886
11	921
11	944
11	971
12	36
12	47
12	51
12	53
12	67
12	114
12	255
12	362
12	409
12	417
12	487
12	588
12	608
12	619
12	626
12	680
12	709
12	738
12	750
12	765
12	771
12	870
12	902
12	948
13	14
13	44
13	84
13	89
13	98
13	133
13	263
13	282
13	348
13	398
13	400
13	418
13	440
13	511
13	583
13	600
13	648
13	668
13	762
13	885
13	986
14	98
14	121
14	169
14	181
14	192
14	218
14	227
14	394
14	412
14	423
14	509
14	538
14	618
14	673
14	675
14	732
14	794
14	832
14	903
14	913
14	971
15	36
15	210
15	239
15	255
15	267
15	332
15	355
15	394
15	397
15	508
15	649
15	653
15	658
15	707
15	711
15	765
15	810
15	842
15	856
16	25
16	33
16	38
16	80
16	136
16	142
16	184
16	323
16	356
16	429
16	439
16	474
16	634
16	698
16	720
16	817
16	875
16	900
16	912
16	973
17	31
17	72
17	93
17	96
17	150
17	161
17	173
17	203
17	247
17	347
17	423
17	460
17	664
17	666
17	736
17	830
17	850
17	855
17	868
17	875
17	943
17	953
17	976
17	998
18	41
18	53
18	72
18	76
18	78
18	161
18	166
18	194
18	201
18	232
18	243
18	244
18	535
18	604
18	654
18	673
18	680
18	708
18	929
19	20
19	54
19	73
19	170
19	227
19	256
19	386
19	423
19	456
19	528
19	733
19	889
19	932
19	934
19	987
20	65
20	106
20	144
20	161
20	206
20	293
20	353
20	413
20	455
20	532
20	587
20	617
20	657
20	769
20	789
20	888
21	42
21	66
21	103
21	253
21	269
21	342
21	377
21	437
21	513
21	525
21	553
21	559
21	598
21	825
22	38
22	70
22	97
22	162
22	196
22	210
22	221
22	248
22	304
22	354
22	372
22	414
22	569
22	579
22	622
22	668
22	795
22	807
22	893
23	81
23	85
23	91
23	160
23	250
23	269
23	277
23	301
23	312
23	345
23	354
23	376
23	411
23	654
23	676
23	760
23	773
23	779
23	821
23	822
23	895
23	911
23	950
24	53
24	82
24	93
24	132
24	207
24	211
24	212
24	372
24	473
24	699
24	707
24	708
24	732
24	772
24	852
24	865
24	876
24	946
24	957
24	959
25	49
25	69
25	76
25	88
25	129
25	139
25	200
25	243
25	446
25	476
25	500
25	523
25	584
25	671
25	735
25	765
25	877
25	956
26	46
26	109
26	115
26	346
26	465
26	469
26	520
26	521
26	540
26	634
26	644
26	831
26	847
26	900
26	921
26	993
27	37
27	38
27	44
27	95
27	96
27	204
27	209
27	324
27	326
27	335
27	444
27	607
27	678
27	709
27	716
27	846
27	929
27	985
28	40
28	199
28	278
28	408
28	438
28	525
28	541
28	614
28	616
28	744
28	820
28	861
28	869
28	898
28	899
28	964
29	55
29	61
29	65
29	80
29	81
29	125
29	202
29	261
29	322
29	411
29	433
29	470
29	555
29	588
29	613
29	835
29	872
29	937
30	90
30	118
30	183
30	385
30	388
30	477
30	649
30	746
30	784
30	812
30	820
30	853
30	919
30	963
31	78
31	94
31	95
31	120
31	199
31	401
31	438
31	491
31	524
31	527
31	542
31	558
31	673
31	686
31	756
31	848
31	956
32	73
32	88
32	139
32	187
32	356
32	373
32	429
32	497
32	508
32	537
32	685
32	697
32	810
32	862
32	918
32	944
33	162
33	178
33	310
33	410
33	447
33	465
33	498
33	574
33	606
33	678
33	778
33	798
33	812
33	840
33	930
34	58
34	169
34	174
34	200
34	348
34	352
34	483
34	533
34	562
34	577
34	606
34	618
34	776
34	780
34	923
34	996
35	49
35	73
35	99
35	107
35	197
35	199
35	282
35	354
35	375
35	399
35	424
35	632
35	732
35	902
35	903
35	914
36	49
36	56
36	67
36	96
36	120
36	262
36	327
36	454
36	476
36	580
36	633
36	701
36	773
36	841
36	941
36	956
37	48
37	89
37	91
37	114
37	137
37	142
37	264
37	305
37	383
37	392
37	445
37	508
37	527
37	625
37	664
37	690
37	754
37	797
37	992
38	46
38	57
38	60
38	85
38	142
38	145
38	207
38	285
38	316
38	427
38	438
38	457
38	477
38	479
38	506
38	697
38	806
38	849
39	57
39	83
39	91
39	109
39	184
39	326
39	364
39	412
39	425
39	461
39	498
39	549
39	606
39	651
39	669
39	688
39	754
39	761
39	912
39	950
40	72
40	79
40	129
40	140
40	230
40	285
40	429
40	497
40	508
40	542
40	657
40	715
40	777
40	848
40	930
41	57
41	118
41	210
41	285
41	313
41	436
41	508
41	564
41	607
41	695
41	713
41	717
41	776
41	841
41	865
41	868
41	918
41	937
41	944
41	971
42	57
42	73
42	80
42	82
42	99
42	159
42	195
42	200
42	340
42	346
42	510
42	589
42	616
42	619
42	729
42	776
42	789
42	880
43	47
43	53
43	55
43	63
43	65
43	66
43	119
43	139
43	146
43	174
43	196
43	316
43	332
43	609
43	707
43	709
43	717
43	743
43	903
43	909
43	977
44	137
44	200
44	202
44	296
44	365
44	402
44	731
44	782
44	830
44	917
44	967
45	46
45	67
45	69
45	203
45	242
45	269
45	286
45	321
45	333
45	368
45	520
45	577
45	598
45	628
45	803
45	804
45	827
45	928
46	84
46	317
46	343
46	359
46	386
46	395
46	533
46	556
46	657
46	720
46	726
46	819
46	826
46	884
46	940
46	953
47	112
47	198
47	236
47	267
47	362
47	388
47	433
47	437
47	469
47	566
47	623
47	625
47	662
47	695
47	710
47	779
47	810
47	867
47	869
47	964
48	64
48	66
48	75
48	85
48	217
48	295
48	351
48	463
48	488
48	492
48	511
48	702
48	845
48	858
48	915
48	960
49	73
49	87
49	114
49	183
49	192
49	196
49	272
49	332
49	371
49	451
49	469
49	549
49	637
49	691
49	859
49	966
50	92
50	95
50	148
50	211
50	249
50	300
50	364
50	581
50	585
50	598
50	644
50	730
50	744
50	750
50	840
50	870
50	953
50	985
51	62
51	201
51	213
51	316
51	318
51	462
51	494
51	564
51	566
51	765
51	807
51	816
52	66
52	73
52	102
52	164
52	238
52	362
52	497
52	568
52	633
52	641
52	661
52	678
52	818
52	900
53	60
53	63
53	74
53	88
53	129
53	181
53	225
53	256
53	490
53	547
53	637
53	649
53	694
53	753
53	760
53	815
53	855
53	907
53	914
53	990
54	73
54	80
54	250
54	256
54	349
54	354
54	393
54	402
54	444
54	454
54	462
54	507
54	529
54	558
54	607
54	631
54	706
54	826
54	937
54	962
54	987
55	57
55	84
55	92
55	96
55	168
55	325
55	334
55	531
55	545
55	594
55	654
55	656
55	704
55	767
55	803
55	898
55	928
56	59
56	215
56	263
56	275
56	331
56	391
56	395
56	399
56	412
56	413
56	414
56	453
56	455
56	614
56	695
56	803
57	78
57	81
57	169
57	324
57	502
57	522
57	574
57	578
57	636
57	694
57	722
57	754
57	876
57	882
57	889
57	895
57	946
57	979
57	999
58	92
58	110
58	136
58	209
58	267
58	279
58	281
58	318
58	323
58	457
58	492
58	496
58	516
58	553
58	623
58	627
58	651
58	669
58	687
58	777
58	877
58	960
59	60
59	176
59	218
59	246
59	439
59	567
59	581
59	598
59	647
59	659
59	694
59	711
59	717
59	831
59	948
60	76
60	89
60	95
60	102
60	250
60	465
60	526
60	533
60	565
60	569
60	725
60	806
60	827
60	872
60	911
60	958
60	965
61	77
61	105
61	123
61	379
61	416
61	467
61	504
61	545
61	744
61	757
61	844
61	874
61	900
61	977
61	992
62	113
62	144
62	270
62	390
62	478
62	549
62	652
62	724
62	735
63	63
63	201
63	218
63	222
63	273
63	313
63	354
63	609
63	632
63	701
63	787
63	793
63	803
63	817
63	825
63	833
63	834
63	921
64	92
64	122
64	201
64	254
64	290
64	295
64	306
64	320
64	442
64	459
64	463
64	710
64	780
64	849
64	889
64	912
64	944
64	960
65	105
65	122
65	155
65	192
65	250
65	326
65	407
65	429
65	445
65	517
65	560
65	569
65	733
65	809
65	911
65	933
65	968
66	112
66	161
66	270
66	289
66	392
66	397
66	398
66	414
66	437
66	692
66	695
66	766
66	787
66	868
66	877
66	896
66	925
66	934
67	199
67	289
67	297
67	463
67	486
67	562
67	564
67	571
67	601
67	667
67	712
67	763
67	858
67	862
68	83
68	95
68	240
68	270
68	309
68	374
68	440
68	581
68	822
68	846
68	856
68	886
69	81
69	90
69	144
69	230
69	361
69	405
69	494
69	501
69	542
69	543
69	563
69	579
69	610
69	662
69	722
69	724
69	750
69	765
69	770
69	780
69	994
70	166
70	173
70	187
70	253
70	264
70	276
70	295
70	348
70	444
70	461
70	589
70	630
70	681
70	692
70	719
70	729
70	913
70	961
71	158
71	173
71	240
71	246
71	287
71	299
71	334
71	543
71	593
71	617
71	712
71	750
71	819
71	821
71	860
71	880
71	908
71	967
71	986
72	87
72	169
72	228
72	244
72	290
72	319
72	401
72	408
72	420
72	439
72	442
72	512
72	617
72	644
72	696
72	703
72	781
72	783
72	821
72	823
72	933
73	75
73	92
73	95
73	97
73	103
73	107
73	143
73	160
73	162
73	252
73	299
73	341
73	378
73	397
73	464
73	489
73	587
73	684
73	775
73	815
74	74
74	105
74	151
74	160
74	225
74	226
74	254
74	374
74	451
74	459
74	469
74	542
74	544
74	559
74	637
74	714
74	741
74	781
74	807
74	907
74	933
74	938
75	126
75	198
75	265
75	278
75	334
75	336
75	392
75	424
75	425
75	571
75	627
75	631
75	640
75	711
75	756
75	776
75	799
75	800
75	874
75	988
76	88
76	195
76	209
76	310
76	376
76	483
76	487
76	626
76	821
76	994
77	86
77	122
77	202
77	351
77	366
77	371
77	480
77	631
77	681
77	685
77	709
77	718
77	777
77	928
77	968
77	973
77	993
77	997
78	121
78	459
78	510
78	519
78	640
78	671
78	715
78	807
78	811
78	901
78	992
79	93
79	205
79	267
79	272
79	463
79	464
79	528
79	572
79	612
79	637
79	676
79	779
79	864
80	93
80	126
80	145
80	162
80	166
80	198
80	200
80	285
80	293
80	732
80	763
80	766
81	88
81	274
81	381
81	395
81	463
81	605
81	659
81	703
81	857
81	958
81	974
82	120
82	142
82	173
82	236
82	254
82	263
82	265
82	284
82	334
82	345
82	379
82	432
82	475
82	507
82	553
82	608
82	635
82	662
82	666
82	878
82	936
83	238
83	253
83	282
83	356
83	430
83	469
83	541
83	628
83	631
83	681
83	732
83	804
83	861
83	963
83	994
84	89
84	110
84	134
84	217
84	245
84	301
84	348
84	430
84	558
84	587
84	636
84	637
84	680
84	700
84	811
84	830
84	858
84	904
84	961
84	975
85	85
85	97
85	109
85	131
85	247
85	271
85	583
85	596
85	644
85	668
85	769
85	781
85	826
85	872
85	898
85	941
86	226
86	238
86	251
86	267
86	348
86	368
86	416
86	478
86	562
86	698
86	765
86	768
86	847
86	886
87	90
87	132
87	196
87	203
87	278
87	295
87	334
87	414
87	422
87	480
87	503
87	698
87	720
87	724
87	733
87	746
87	888
87	902
87	905
87	923
87	953
87	989
88	91
88	122
88	254
88	262
88	360
88	396
88	411
88	463
88	623
88	686
88	700
88	746
88	819
88	910
89	161
89	189
89	223
89	288
89	390
89	501
89	538
89	541
89	643
89	681
89	690
89	779
89	892
90	103
90	109
90	111
90	117
90	133
90	194
90	233
90	297
90	369
90	379
90	405
90	417
90	431
90	461
90	467
90	581
90	589
90	593
90	603
90	615
90	640
90	852
90	853
90	864
90	936
90	946
91	218
91	272
91	346
91	360
91	396
91	455
91	553
91	556
91	636
91	690
91	736
91	892
91	927
91	979
92	129
92	174
92	184
92	285
92	308
92	326
92	573
92	579
92	719
92	735
92	756
92	841
92	882
92	978
93	109
93	139
93	228
93	315
93	319
93	390
93	430
93	530
93	581
93	727
94	178
94	180
94	514
94	519
94	555
94	562
94	714
94	759
94	795
94	817
94	918
94	949
94	966
95	98
95	112
95	162
95	230
95	258
95	280
95	384
95	431
95	539
95	673
95	694
95	758
95	764
95	785
95	792
95	885
95	933
96	139
96	210
96	234
96	250
96	417
96	437
96	468
96	472
96	605
97	137
97	191
97	249
97	253
97	280
97	312
97	345
97	460
97	512
97	567
97	621
97	624
97	680
97	716
97	771
97	816
97	824
97	945
98	124
98	134
98	154
98	168
98	204
98	221
98	314
98	393
98	405
98	712
98	723
98	743
98	768
98	843
98	885
98	913
98	977
99	107
99	112
99	137
99	189
99	255
99	271
99	280
99	303
99	321
99	357
99	377
99	388
99	429
99	472
99	480
99	524
99	592
99	605
99	624
99	644
99	699
99	758
99	788
99	850
99	884
99	891
99	903
99	924
99	994
100	127
100	177
100	187
100	190
100	200
100	300
100	303
100	343
100	363
100	418
100	475
100	520
100	549
100	606
100	640
100	641
100	737
100	751
100	843
100	948
100	968
101	142
101	152
101	160
101	217
101	297
101	319
101	332
101	347
101	363
101	476
101	520
101	525
101	556
101	567
101	657
101	665
101	737
101	775
101	808
101	924
101	939
101	961
101	976
102	140
102	161
102	205
102	247
102	398
102	407
102	433
102	453
102	554
102	587
102	630
102	633
102	678
102	753
102	788
102	896
102	960
102	968
102	987
103	338
103	343
103	347
103	378
103	392
103	444
103	458
103	489
103	493
103	505
103	531
103	567
103	624
103	652
103	741
103	814
103	958
104	145
104	149
104	173
104	176
104	192
104	228
104	281
104	375
104	382
104	602
104	905
104	935
105	125
105	137
105	276
105	390
105	397
105	514
105	546
105	605
105	670
105	741
105	822
105	854
105	864
105	884
105	958
105	987
106	137
106	194
106	249
106	335
106	405
106	444
106	488
106	619
106	636
106	707
106	753
106	781
106	791
106	871
106	891
106	941
106	986
107	122
107	192
107	219
107	221
107	505
107	570
107	595
107	669
107	915
107	919
107	943
107	953
107	971
108	155
108	396
108	503
108	613
108	714
108	935
109	168
109	215
109	230
109	237
109	305
109	322
109	356
109	365
109	415
109	516
109	600
109	652
109	656
109	716
109	769
109	811
109	836
109	855
109	861
109	936
109	945
109	956
109	963
109	986
109	999
110	128
110	166
110	183
110	318
110	326
110	406
110	437
110	586
110	591
110	594
110	630
110	659
110	707
110	761
110	870
110	998
111	130
111	163
111	191
111	237
111	316
111	326
111	337
111	342
111	389
111	505
111	550
111	587
111	683
111	753
111	765
111	769
111	921
111	987
111	991
112	116
112	138
112	167
112	185
112	200
112	203
112	273
112	278
112	399
112	462
112	508
112	668
112	859
112	866
112	928
112	968
112	973
112	994
113	139
113	161
113	175
113	196
113	219
113	340
113	353
113	390
113	504
113	550
113	637
113	651
113	656
113	731
113	922
113	940
113	979
114	133
114	244
114	334
114	346
114	364
114	366
114	374
114	516
114	651
114	776
114	920
114	941
114	948
114	955
115	156
115	174
115	181
115	201
115	228
115	246
115	252
115	260
115	342
115	395
115	417
115	441
115	487
115	502
115	668
115	755
115	870
116	202
116	507
116	541
116	578
116	632
116	650
116	782
116	861
117	159
117	246
117	434
117	519
117	682
117	721
117	731
117	736
117	794
117	796
117	814
117	928
117	934
117	981
117	995
118	126
118	127
118	153
118	338
118	349
118	374
118	410
118	468
118	477
118	485
118	495
118	517
118	543
118	602
118	700
118	810
118	881
118	954
119	130
119	210
119	354
119	390
119	458
119	525
119	528
119	597
119	648
119	684
119	714
119	717
119	739
119	767
119	876
119	921
120	153
120	348
120	387
120	510
120	549
120	559
120	719
120	775
121	128
121	184
121	329
121	330
121	522
121	546
121	615
121	631
121	639
121	688
121	723
121	733
121	737
121	759
121	874
121	983
122	126
122	128
122	154
122	175
122	251
122	288
122	317
122	325
122	365
122	403
122	476
122	494
122	550
122	609
122	621
122	629
122	694
122	709
122	720
122	925
122	935
122	967
123	125
123	129
123	185
123	188
123	319
123	322
123	333
123	435
123	442
123	507
123	514
123	543
123	639
123	644
123	657
123	722
123	748
123	782
123	810
123	814
123	850
123	851
123	863
123	904
123	907
124	144
124	171
124	244
124	262
124	283
124	361
124	586
124	661
124	681
124	912
124	915
124	969
125	161
125	227
125	369
125	387
125	463
125	494
125	579
125	619
125	661
125	718
125	726
125	805
125	843
125	925
125	972
126	164
126	312
126	330
126	336
126	379
126	472
126	549
126	626
126	631
126	675
126	714
126	744
126	839
126	933
126	963
126	966
127	178
127	196
127	240
127	245
127	316
127	331
127	335
127	347
127	415
127	456
127	464
127	508
127	618
127	709
127	712
127	765
127	780
127	919
128	153
128	202
128	235
128	240
128	260
128	306
128	500
128	549
128	591
128	638
128	659
128	740
128	783
128	796
128	830
128	861
128	873
128	936
128	978
129	159
129	208
129	269
129	396
129	441
129	462
129	520
129	610
129	649
129	671
129	673
129	690
129	767
129	785
129	797
129	834
129	857
129	905
129	939
130	130
130	138
130	155
130	159
130	189
130	280
130	354
130	362
130	410
130	428
130	481
130	490
130	576
130	581
130	606
130	610
130	622
130	762
130	887
130	950
131	155
131	242
131	252
131	288
131	296
131	366
131	376
131	460
131	531
131	578
131	581
131	622
131	664
131	669
131	700
131	857
131	901
131	949
132	139
132	157
132	172
132	187
132	232
132	267
132	381
132	441
132	448
132	566
132	568
132	585
132	629
132	676
132	768
132	789
132	799
132	814
132	816
132	910
132	941
133	189
133	192
133	212
133	218
133	262
133	272
133	290
133	342
133	390
133	530
133	568
133	569
133	577
133	694
133	696
133	752
133	762
133	770
133	803
133	806
133	829
133	933
133	993
133	995
133	999
134	168
134	194
134	203
134	229
134	281
134	337
134	347
134	437
134	500
134	545
134	572
134	642
134	655
134	672
134	698
134	800
134	832
134	835
134	850
134	856
134	861
134	948
134	987
135	183
135	197
135	258
135	263
135	264
135	296
135	337
135	339
135	429
135	687
135	869
135	929
135	961
135	965
136	140
136	179
136	192
136	232
136	281
136	350
136	435
136	466
136	483
136	524
136	646
136	714
136	808
136	858
136	919
137	137
137	162
137	163
137	166
137	177
137	209
137	313
137	431
137	455
137	496
137	514
137	537
137	540
137	586
137	615
137	672
137	673
137	684
137	717
137	740
137	819
137	836
137	943
137	955
137	971
138	140
138	143
138	173
138	284
138	296
138	351
138	382
138	392
138	540
138	629
138	661
138	715
138	724
138	751
138	780
138	815
138	827
138	906
138	909
138	918
138	927
138	939
139	189
139	190
139	404
139	422
139	437
139	603
139	650
139	676
139	761
139	853
139	881
139	971
140	146
140	155
140	162
140	193
140	198
140	240
140	327
140	362
140	366
140	397
140	481
140	548
140	657
140	705
140	740
140	785
140	796
140	898
140	958
141	160
141	164
141	195
141	241
141	256
141	277
141	318
141	340
141	412
141	448
141	463
141	472
141	475
141	551
141	573
141	590
141	637
141	641
141	702
141	764
141	813
141	947
142	193
142	195
142	208
142	313
142	379
142	386
142	518
142	523
142	528
142	613
142	628
142	759
142	825
142	853
142	878
142	886
142	970
143	169
143	192
143	232
143	296
143	413
143	612
143	643
143	748
143	840
143	863
143	867
143	993
144	164
144	187
144	195
144	220
144	339
144	358
144	366
144	532
144	573
144	618
144	678
144	685
144	709
144	732
144	811
144	955
144	967
145	152
145	290
145	393
145	433
145	455
145	500
145	505
145	520
145	545
145	549
145	577
145	605
145	625
145	741
145	754
145	779
145	883
145	936
146	148
146	435
146	458
146	470
146	517
146	569
146	725
146	764
146	788
146	793
146	843
146	881
146	966
146	974
146	979
147	149
147	183
147	231
147	380
147	393
147	511
147	571
147	635
147	665
147	690
147	692
147	712
147	998
148	170
148	221
148	251
148	297
148	298
148	333
148	348
148	459
148	618
148	791
148	820
148	832
148	843
148	882
148	906
148	919
148	936
149	157
149	171
149	205
149	242
149	256
149	257
149	348
149	375
149	437
149	471
149	612
149	707
149	850
149	929
149	948
149	965
149	993
149	996
150	181
150	199
150	231
150	355
150	438
150	493
150	515
150	572
150	731
150	778
150	815
150	954
151	162
151	175
151	187
151	193
151	238
151	294
151	429
151	447
151	525
151	565
151	581
151	667
151	821
151	823
151	858
151	874
151	926
151	968
152	189
152	195
152	255
152	336
152	471
152	509
152	521
152	617
152	672
152	824
152	837
152	845
152	867
152	887
152	996
153	340
153	369
153	404
153	484
153	558
153	623
153	653
153	747
153	805
153	890
153	932
153	943
154	159
154	214
154	338
154	471
154	502
154	528
154	562
154	690
154	708
154	724
154	752
154	772
154	893
154	952
154	994
155	176
155	198
155	285
155	394
155	584
155	594
155	600
155	704
155	814
155	938
156	170
156	190
156	192
156	205
156	500
156	569
156	582
156	590
156	665
156	712
156	717
156	719
156	745
156	816
156	836
156	867
156	960
157	186
157	215
157	289
157	365
157	415
157	504
157	508
157	545
157	575
157	608
157	700
157	718
157	719
157	921
157	924
158	195
158	221
158	327
158	368
158	503
158	506
158	554
158	573
158	579
158	644
158	761
158	784
158	925
158	932
158	957
159	173
159	190
159	347
159	384
159	397
159	505
159	540
159	669
159	710
159	718
159	726
159	832
159	847
159	891
160	161
160	167
160	205
160	270
160	278
160	325
160	362
160	428
160	441
160	473
160	515
160	526
160	542
160	566
160	596
160	684
160	690
160	696
160	738
160	743
160	796
160	837
160	885
160	893
160	972
161	165
161	172
161	200
161	359
161	383
161	415
161	516
161	545
161	668
161	715
161	750
161	760
161	966
161	992
162	300
162	335
162	379
162	395
162	422
162	467
162	537
162	603
162	653
162	694
162	731
162	737
162	801
162	817
163	174
163	222
163	227
163	233
163	268
163	369
163	417
163	449
163	453
163	562
163	664
163	753
163	784
163	815
163	922
163	939
163	997
164	466
164	557
164	741
164	796
164	852
164	906
165	303
165	376
165	392
165	470
165	493
165	497
165	576
165	629
165	648
165	729
165	828
165	844
165	955
165	996
166	169
166	257
166	262
166	264
166	336
166	352
166	475
166	491
166	561
166	622
166	661
166	826
166	883
166	942
166	956
167	170
167	199
167	221
167	281
167	293
167	309
167	337
167	350
167	393
167	450
167	469
167	747
167	852
167	873
167	896
168	185
168	296
168	302
168	311
168	320
168	342
168	385
168	460
168	469
168	478
168	500
168	561
168	579
168	607
168	688
168	723
168	758
169	172
169	185
169	193
169	210
169	313
169	328
169	350
169	352
169	371
169	372
169	532
169	629
169	636
169	644
169	685
169	720
169	721
169	753
169	882
169	911
169	926
169	929
169	944
169	982
170	319
170	338
170	374
170	406
170	443
170	549
170	638
170	707
170	751
170	809
170	855
170	907
170	924
170	930
170	949
170	966
170	984
171	271
171	340
171	410
171	478
171	483
171	542
171	671
171	822
171	876
171	880
171	893
172	285
172	381
172	521
172	625
172	636
172	808
172	840
172	885
172	905
172	958
172	971
172	986
173	245
173	275
173	277
173	390
173	470
173	480
173	558
173	574
173	587
173	614
173	636
173	696
173	741
173	828
173	887
173	945
173	998
174	216
174	366
174	392
174	476
174	518
174	588
174	594
174	661
174	783
174	840
174	873
174	906
175	191
175	269
175	334
175	408
175	423
175	552
175	592
175	692
175	810
175	826
175	845
175	955
176	177
176	179
176	264
176	267
176	392
176	395
176	436
176	464
176	480
176	590
176	597
176	698
176	769
176	791
177	444
177	563
177	677
177	808
178	181
178	200
178	241
178	243
178	256
178	271
178	359
178	396
178	412
178	421
178	464
178	544
178	700
178	739
178	830
178	831
178	848
179	199
179	221
179	252
179	287
179	294
179	404
179	414
179	489
179	549
179	639
179	667
179	782
179	786
179	791
179	810
179	819
179	939
179	987
180	199
180	310
180	337
180	390
180	416
180	417
180	421
180	456
180	554
180	563
180	703
180	706
180	795
180	805
180	853
180	880
180	922
180	945
180	965
180	973
180	975
180	979
181	351
181	369
181	498
181	644
181	689
181	712
181	841
181	843
181	963
181	968
181	996
182	191
182	246
182	276
182	310
182	368
182	385
182	453
182	537
182	556
182	576
182	621
182	670
182	736
182	755
182	821
182	841
182	844
182	878
182	891
182	945
182	965
183	191
183	399
183	442
183	506
183	639
183	662
183	672
183	743
183	777
183	906
184	191
184	193
184	283
184	353
184	361
184	405
184	408
184	495
184	507
184	569
184	636
184	690
184	693
184	756
184	828
185	195
185	198
185	204
185	290
185	357
185	529
185	545
185	559
185	570
185	578
185	583
185	675
185	696
185	804
185	817
185	890
185	926
185	949
186	224
186	285
186	290
186	377
186	416
186	455
186	467
186	520
186	539
186	613
186	683
186	688
186	765
186	770
186	802
186	863
186	871
186	891
186	900
186	928
187	247
187	259
187	346
187	395
187	452
187	453
187	526
187	544
187	584
187	590
187	607
187	639
187	735
187	739
187	740
187	782
187	816
187	823
188	259
188	262
188	354
188	388
188	497
188	502
188	519
188	534
188	683
188	726
188	755
188	805
188	813
188	838
188	840
188	886
188	889
189	248
189	277
189	302
189	359
189	377
189	427
189	428
189	562
189	604
189	620
189	686
189	772
189	795
189	816
189	817
189	861
189	958
190	198
190	262
190	293
190	321
190	324
190	356
190	365
190	488
190	506
190	540
190	723
190	776
190	796
190	851
190	892
190	916
190	925
190	969
191	199
191	227
191	293
191	297
191	300
191	558
191	593
191	678
191	703
191	769
191	801
192	209
192	274
192	402
192	436
192	447
192	453
192	462
192	469
192	472
192	501
192	576
192	695
192	741
192	849
192	854
192	899
192	952
192	986
193	390
193	459
193	466
193	557
193	594
193	610
193	615
193	818
193	859
193	919
193	953
194	266
194	275
194	408
194	524
194	622
194	701
194	722
194	791
194	973
195	371
195	404
195	424
195	428
195	697
195	837
196	197
196	209
196	272
196	314
196	331
196	353
196	354
196	358
196	359
196	465
196	635
196	798
196	838
196	840
196	930
197	217
197	232
197	335
197	345
197	348
197	368
197	421
197	600
197	676
197	771
197	803
197	815
197	951
198	263
198	337
198	356
198	371
198	400
198	419
198	472
198	530
198	539
198	641
198	683
198	713
198	739
198	755
198	786
198	836
198	888
198	942
199	343
199	408
199	460
199	541
199	559
199	594
199	680
199	688
199	722
199	843
199	883
199	959
200	214
200	219
200	220
200	226
200	231
200	271
200	273
200	282
200	292
200	390
200	402
200	509
200	516
200	572
200	625
200	637
200	657
200	726
200	912
200	915
200	918
201	207
201	210
201	257
201	271
201	311
201	349
201	513
201	564
201	752
201	859
201	875
201	919
202	203
202	260
202	262
202	278
202	292
202	296
202	368
202	392
202	398
202	408
202	455
202	541
202	554
202	611
202	633
202	677
202	745
202	767
202	872
202	980
203	209
203	225
203	259
203	276
203	357
203	421
203	517
203	521
203	551
203	589
203	594
203	652
203	695
203	735
203	760
203	785
203	849
203	879
203	916
203	926
204	220
204	248
204	350
204	373
204	410
204	426
204	436
204	461
204	473
204	510
204	590
204	673
204	728
204	748
204	850
204	882
204	884
204	886
204	949
205	216
205	224
205	232
205	236
205	239
205	247
205	259
205	380
205	469
205	492
205	514
205	518
205	686
205	707
205	714
205	723
205	820
205	901
206	208
206	221
206	223
206	267
206	326
206	356
206	389
206	408
206	483
206	591
206	604
206	608
206	618
206	687
206	706
206	758
206	847
206	864
206	889
206	977
207	238
207	257
207	259
207	281
207	355
207	368
207	415
207	439
207	613
207	664
207	884
207	913
207	923
207	931
207	978
207	988
208	225
208	292
208	337
208	438
208	468
208	499
208	569
208	609
208	636
208	781
208	784
208	789
208	820
208	839
208	885
208	947
208	962
208	999
209	245
209	292
209	486
209	572
209	661
209	694
209	716
209	731
209	841
209	875
209	952
210	253
210	288
210	323
210	387
210	393
210	413
210	521
210	632
210	657
210	692
210	815
210	829
210	872
210	895
210	991
211	218
211	273
211	313
211	316
211	373
211	462
211	464
211	566
211	597
211	625
211	683
211	726
211	760
211	860
211	895
211	973
211	983
212	376
212	414
212	435
212	442
212	475
212	563
212	827
212	839
212	842
212	873
212	890
212	976
213	230
213	241
213	243
213	251
213	316
213	378
213	435
213	451
213	611
213	620
213	691
213	700
213	728
213	832
213	878
213	914
214	234
214	268
214	269
214	273
214	390
214	646
214	668
214	701
214	709
214	744
214	788
214	792
214	855
214	971
214	972
215	240
215	243
215	250
215	280
215	296
215	321
215	345
215	397
215	454
215	455
215	489
215	516
215	533
215	534
215	604
215	638
215	649
215	707
215	758
215	823
215	864
215	867
215	984
216	226
216	286
216	297
216	483
216	581
216	628
216	646
216	695
216	873
216	902
216	922
217	267
217	380
217	396
217	516
217	530
217	611
217	746
217	825
217	883
217	888
217	915
218	256
218	262
218	302
218	327
218	351
218	564
218	638
218	680
218	687
218	716
218	875
219	231
219	264
219	279
219	305
219	339
219	383
219	401
219	431
219	613
219	650
219	658
219	684
219	828
219	902
219	930
219	960
220	229
220	233
220	280
220	336
220	366
220	370
220	439
220	488
220	508
220	526
220	532
220	574
220	578
220	582
220	695
220	714
220	782
220	824
220	863
220	983
221	233
221	238
221	239
221	265
221	282
221	306
221	336
221	366
221	502
221	540
221	579
221	678
221	680
221	758
221	772
221	904
221	993
222	266
222	373
222	414
222	594
222	715
222	722
222	788
222	923
222	945
223	233
223	242
223	247
223	259
223	281
223	284
223	292
223	306
223	403
223	431
223	450
223	457
223	536
223	538
223	576
223	579
223	774
223	777
223	782
223	851
223	861
223	889
223	898
223	901
223	908
223	990
224	244
224	284
224	320
224	388
224	420
224	488
224	567
224	618
224	643
224	733
224	752
224	829
224	858
224	920
225	261
225	266
225	325
225	365
225	384
225	394
225	418
225	457
225	459
225	501
225	538
225	562
225	614
225	822
225	893
225	951
225	973
226	255
226	290
226	291
226	390
226	504
226	505
226	510
226	519
226	658
226	689
226	785
226	790
226	846
226	854
226	927
226	929
227	242
227	261
227	305
227	369
227	434
227	601
227	603
227	634
227	831
227	918
227	952
228	282
228	459
228	464
228	506
228	523
228	576
228	697
228	751
228	839
228	860
228	862
228	936
229	267
229	311
229	338
229	352
229	394
229	426
229	529
229	556
229	634
229	906
229	922
229	937
230	252
230	339
230	361
230	398
230	417
230	443
230	493
230	505
230	615
230	618
230	662
230	722
230	894
230	953
230	973
230	974
231	247
231	262
231	271
231	275
231	284
231	336
231	368
231	514
231	518
231	695
231	704
231	743
231	764
231	823
231	886
231	958
232	275
232	285
232	329
232	371
232	376
232	385
232	397
232	419
232	441
232	481
232	558
232	565
232	601
232	611
232	673
232	685
232	760
232	820
232	828
232	903
232	915
232	920
232	947
233	285
233	306
233	322
233	369
233	374
233	402
233	448
233	532
233	556
233	634
233	676
233	708
233	739
233	793
233	868
233	984
234	244
234	255
234	258
234	274
234	279
234	379
234	430
234	458
234	534
234	568
234	575
234	589
234	637
234	644
234	682
234	789
234	891
234	898
234	908
234	936
234	947
234	961
235	246
235	264
235	280
235	282
235	289
235	344
235	375
235	465
235	534
235	571
235	602
235	621
235	688
235	765
235	779
235	782
235	910
235	925
236	237
236	299
236	404
236	485
236	490
236	536
236	591
236	647
236	728
236	750
236	755
236	826
236	831
237	243
237	274
237	290
237	296
237	297
237	299
237	336
237	345
237	403
237	420
237	477
237	521
237	716
237	798
237	848
237	850
238	241
238	265
238	440
238	477
238	479
238	491
238	501
238	504
238	544
238	561
238	586
238	589
238	629
238	727
238	790
238	828
238	855
239	264
239	286
239	303
239	356
239	450
239	539
239	591
239	601
239	637
239	770
239	792
239	797
239	808
239	903
240	245
240	279
240	407
240	429
240	465
240	624
240	634
240	659
240	798
240	997
241	244
241	271
241	273
241	312
241	392
241	423
241	490
241	518
241	539
241	550
241	584
241	650
241	749
241	827
241	830
241	867
241	915
241	983
242	261
242	299
242	337
242	523
242	541
242	542
242	553
242	602
242	704
242	713
242	855
242	889
242	946
242	991
243	248
243	274
243	449
243	520
243	530
243	540
243	663
243	701
243	721
243	726
243	734
243	795
243	837
243	892
243	956
244	279
244	285
244	295
244	351
244	437
244	487
244	503
244	589
244	608
244	633
244	767
244	796
244	806
244	862
244	877
244	893
244	968
244	986
245	245
245	265
245	286
245	287
245	291
245	334
245	341
245	359
245	360
245	361
245	425
245	428
245	518
245	551
245	570
245	580
245	595
245	674
245	682
245	735
245	744
245	775
245	825
245	894
245	936
245	949
246	250
246	336
246	425
246	463
246	481
246	493
246	518
246	575
246	620
246	699
246	774
246	819
246	878
246	894
246	998
247	250
247	269
247	276
247	418
247	496
247	512
247	553
247	581
247	586
247	638
247	649
247	758
247	759
247	844
247	934
247	937
248	398
248	421
248	470
248	532
248	542
248	583
248	600
248	608
248	752
248	808
248	845
248	965
248	970
249	287
249	291
249	301
249	400
249	415
249	435
249	454
249	470
249	537
249	548
249	552
249	570
249	581
249	606
249	686
249	730
249	805
249	855
250	302
250	383
250	397
250	416
250	448
250	598
250	601
250	691
250	804
250	819
250	905
250	956
251	270
251	275
251	324
251	342
251	363
251	418
251	423
251	429
251	485
251	507
251	535
251	560
251	580
251	700
251	740
251	748
251	760
251	777
251	830
251	843
252	256
252	281
252	339
252	414
252	418
252	446
252	464
252	531
252	614
252	673
252	708
252	793
252	874
252	928
252	950
253	260
253	280
253	328
253	336
253	345
253	492
253	519
253	568
253	611
253	629
253	678
253	853
254	290
254	346
254	450
254	466
254	515
254	778
254	824
254	894
254	914
254	985
254	987
255	310
255	314
255	420
255	523
255	529
255	689
255	726
255	860
255	910
256	283
256	294
256	348
256	376
256	470
256	487
256	539
256	595
256	735
256	751
256	884
256	888
257	361
257	390
257	405
257	452
257	469
257	492
257	588
257	617
257	657
257	735
257	738
257	870
257	968
258	292
258	327
258	331
258	334
258	344
258	452
258	627
258	659
258	663
258	764
258	767
258	775
258	821
259	263
259	270
259	278
259	288
259	340
259	446
259	573
259	677
259	681
259	689
259	750
259	874
259	886
259	967
260	289
260	407
260	426
260	435
260	460
260	638
260	762
260	833
260	856
260	859
260	869
260	875
260	881
260	898
260	949
261	349
261	352
261	510
261	530
261	741
261	987
262	325
262	341
262	414
262	476
262	491
262	496
262	520
262	560
262	690
262	709
262	717
262	760
262	768
262	774
262	805
262	810
263	318
263	484
263	499
263	554
263	568
263	596
263	623
263	645
263	699
263	833
263	851
263	868
263	895
263	964
264	274
264	278
264	302
264	378
264	397
264	416
264	423
264	493
264	535
264	539
264	644
264	708
264	922
264	981
265	279
265	299
265	362
265	374
265	390
265	430
265	481
265	588
265	618
265	701
265	730
265	742
265	813
265	814
265	870
265	909
265	924
265	987
266	339
266	371
266	403
266	431
266	485
266	512
266	535
266	564
266	584
266	641
266	670
266	686
266	709
266	760
266	783
266	798
266	815
266	820
266	838
267	309
267	322
267	326
267	353
267	361
267	600
267	672
267	715
267	716
267	797
267	831
267	841
267	895
267	973
267	998
268	284
268	334
268	348
268	371
268	397
268	421
268	496
268	545
268	550
268	556
268	714
268	750
268	825
268	827
268	951
269	276
269	327
269	364
269	408
269	415
269	479
269	492
269	497
269	498
269	589
269	700
269	763
269	786
269	813
269	946
270	292
270	300
270	333
270	410
270	516
270	574
270	720
270	721
270	741
270	811
270	815
270	832
270	995
271	273
271	276
271	296
271	319
271	377
271	432
271	438
271	499
271	500
271	562
271	595
271	613
271	974
271	991
272	315
272	348
272	407
272	409
272	412
272	713
272	740
272	894
273	357
273	389
273	390
273	503
273	580
273	586
273	659
273	721
273	738
273	756
274	349
274	488
274	497
274	600
274	626
274	674
274	709
274	766
274	813
274	905
274	939
275	296
275	349
275	382
275	426
275	681
275	684
275	711
275	725
275	729
275	823
275	830
275	954
276	320
276	345
276	366
276	402
276	471
276	477
276	480
276	568
276	634
276	812
276	828
276	831
276	847
276	848
276	882
277	371
277	535
277	549
277	558
277	608
277	612
277	615
277	661
277	757
277	775
277	892
277	969
277	991
278	289
278	328
278	342
278	445
278	470
278	545
278	578
278	603
278	654
278	712
278	732
278	739
278	745
278	829
278	897
278	916
278	987
279	295
279	303
279	347
279	357
279	422
279	462
279	466
279	505
279	506
279	601
279	907
279	941
280	329
280	338
280	362
280	415
280	423
280	446
280	499
280	505
280	540
280	621
280	657
280	728
280	860
280	916
280	927
280	936
280	990
281	363
281	491
281	518
281	536
281	636
281	715
281	866
281	908
281	912
281	921
281	939
282	282
282	332
282	484
282	576
282	696
282	773
282	792
282	818
282	824
282	959
282	985
283	374
283	445
283	494
283	542
283	563
283	699
283	740
283	752
283	784
283	891
283	895
283	908
284	290
284	291
284	339
284	346
284	421
284	451
284	503
284	587
284	597
284	679
284	685
284	712
284	779
284	787
284	791
284	881
284	992
285	288
285	349
285	419
285	427
285	548
285	581
285	740
285	746
285	900
285	901
285	907
286	312
286	369
286	374
286	430
286	447
286	516
286	589
286	657
286	668
286	672
286	778
286	805
286	901
286	945
287	296
287	564
287	576
287	592
287	605
287	766
287	783
287	831
287	896
287	903
287	923
287	969
288	402
288	525
288	680
288	824
288	957
288	972
288	989
289	295
289	376
289	421
289	473
289	493
289	496
289	629
289	791
289	903
289	904
289	941
290	417
290	437
290	468
290	499
290	515
290	516
290	526
290	604
290	736
290	811
290	850
290	880
290	955
291	295
291	307
291	319
291	362
291	463
291	466
291	488
291	498
291	554
291	633
291	699
291	728
291	904
291	953
291	975
292	314
292	411
292	472
292	677
292	697
292	712
292	744
292	790
292	816
292	824
292	846
292	872
292	873
293	350
293	474
293	513
293	532
293	545
293	649
293	668
293	687
293	725
293	865
293	978
293	991
294	325
294	357
294	362
294	385
294	402
294	403
294	462
294	527
294	542
294	543
294	559
294	652
294	677
294	697
294	699
294	709
294	797
294	843
294	854
294	893
294	895
295	323
295	346
295	459
295	588
295	590
295	667
295	693
295	741
295	803
295	870
295	874
295	918
295	988
296	348
296	445
296	454
296	532
296	596
296	746
296	812
296	813
296	883
296	917
296	927
296	964
296	996
297	306
297	431
297	466
297	505
297	549
297	596
297	752
297	768
297	941
298	300
298	323
298	400
298	414
298	425
298	572
298	603
298	620
298	672
298	689
298	834
298	847
298	888
299	383
299	456
299	469
299	567
299	568
299	583
299	636
299	657
299	686
299	745
299	776
299	783
299	843
299	903
299	941
300	300
300	303
300	317
300	341
300	397
300	429
300	513
300	558
300	582
300	585
300	903
300	992
301	339
301	372
301	391
301	443
301	454
301	508
301	679
301	735
301	747
301	891
301	928
302	312
302	318
302	327
302	343
302	366
302	471
302	501
302	605
302	656
302	658
302	668
302	702
302	744
302	781
302	851
302	928
303	320
303	348
303	386
303	387
303	389
303	397
303	413
303	522
303	567
303	677
303	751
303	906
303	965
303	967
304	319
304	323
304	334
304	373
304	397
304	499
304	515
304	587
304	590
304	654
304	798
304	821
304	837
304	902
305	346
305	348
305	368
305	410
305	451
305	457
305	556
305	690
305	709
305	735
305	846
305	863
305	945
306	310
306	350
306	370
306	382
306	468
306	620
306	651
306	675
306	757
306	776
306	780
306	839
306	852
306	853
306	920
306	928
306	930
306	951
306	973
306	989
307	331
307	344
307	363
307	390
307	415
307	435
307	461
307	498
307	527
307	545
307	584
307	602
307	605
307	662
307	756
307	831
307	847
308	320
308	334
308	371
308	397
308	438
308	453
308	474
308	492
308	543
308	558
308	602
308	690
308	702
308	759
308	859
308	862
308	875
308	969
308	987
309	321
309	328
309	366
309	429
309	437
309	453
309	502
309	698
309	806
309	811
309	867
309	883
309	906
309	913
309	935
309	998
310	330
310	339
310	369
310	449
310	484
310	488
310	514
310	538
310	614
310	655
310	689
310	808
310	826
311	349
311	352
311	373
311	506
311	831
311	884
311	926
312	359
312	440
312	588
312	640
312	709
312	716
312	722
312	728
312	743
312	754
312	864
312	922
312	935
312	967
313	327
313	348
313	357
313	360
313	451
313	477
313	579
313	588
313	606
313	616
313	636
313	653
313	669
313	757
313	770
313	772
313	900
314	325
314	353
314	381
314	387
314	399
314	415
314	418
314	457
314	644
314	731
314	780
314	793
314	839
314	902
315	417
315	440
315	490
315	588
315	594
315	600
315	611
315	625
315	626
315	656
315	676
315	695
315	737
315	820
315	825
315	828
315	883
315	897
315	944
315	980
316	327
316	339
316	340
316	351
316	355
316	362
316	369
316	381
316	542
316	784
316	795
316	796
316	939
316	962
317	329
317	341
317	410
317	421
317	438
317	469
317	487
317	500
317	544
317	678
317	728
317	741
317	780
317	972
317	990
318	319
318	336
318	338
318	362
318	369
318	406
318	422
318	431
318	432
318	434
318	553
318	582
318	690
318	692
318	693
318	725
318	786
318	800
318	801
318	863
318	869
319	343
319	352
319	355
319	380
319	508
319	553
319	643
319	783
319	818
319	847
319	905
320	322
320	417
320	519
320	591
320	643
320	738
320	811
320	904
320	930
321	322
321	327
321	363
321	392
321	446
321	497
321	558
321	576
321	837
321	962
321	977
321	979
322	367
322	396
322	462
322	523
322	550
322	592
322	606
322	628
322	683
322	731
322	751
322	940
322	942
323	350
323	422
323	454
323	546
323	729
323	925
324	358
324	362
324	367
324	416
324	510
324	628
324	673
324	689
324	766
324	788
324	846
324	883
325	347
325	352
325	361
325	364
325	394
325	442
325	448
325	475
325	513
325	521
325	696
325	772
325	819
325	991
326	386
326	457
326	479
326	552
326	649
326	651
326	654
326	668
326	675
326	676
326	747
326	811
326	813
327	347
327	351
327	436
327	457
327	466
327	521
327	648
327	680
327	697
327	852
327	999
328	341
328	346
328	405
328	410
328	437
328	552
328	570
328	597
328	610
328	612
328	625
328	705
328	737
328	846
328	945
329	332
329	420
329	434
329	490
329	723
329	741
329	853
329	870
329	882
330	350
330	371
330	381
330	411
330	426
330	597
330	606
330	634
330	704
330	725
330	892
330	912
330	934
330	990
331	362
331	381
331	386
331	389
331	409
331	437
331	467
331	502
331	516
331	526
331	654
331	663
331	697
331	749
331	810
331	811
331	953
332	350
332	366
332	375
332	409
332	415
332	575
332	607
332	609
332	626
332	673
332	802
332	858
332	888
332	986
333	347
333	352
333	388
333	391
333	404
333	418
333	459
333	471
333	513
333	609
333	723
333	795
333	981
334	350
334	351
334	364
334	371
334	404
334	415
334	426
334	537
334	568
334	583
334	663
334	980
335	383
335	424
335	481
335	595
335	612
335	617
335	633
335	635
335	680
335	756
335	786
335	788
336	359
336	372
336	386
336	395
336	444
336	474
336	534
336	764
336	887
336	896
336	918
336	957
336	971
337	339
337	394
337	594
337	595
337	613
337	637
337	671
337	691
337	692
337	707
337	723
337	790
337	967
338	358
338	367
338	374
338	381
338	397
338	639
338	660
338	815
338	854
338	917
338	923
339	341
339	342
339	350
339	367
339	370
339	373
339	384
339	395
339	438
339	492
339	660
339	709
339	725
339	839
339	842
339	843
339	855
339	887
339	900
339	928
339	993
339	995
340	359
340	394
340	397
340	548
340	581
340	585
340	598
340	610
340	616
340	661
340	728
340	733
340	747
340	782
340	787
340	791
340	915
340	983
341	344
341	369
341	405
341	445
341	456
341	485
341	540
341	544
341	562
341	622
341	659
341	771
341	776
341	939
341	961
342	371
342	374
342	413
342	459
342	521
342	529
342	606
342	673
342	676
342	726
342	832
342	847
342	927
343	434
343	448
343	450
343	457
343	497
343	523
343	604
343	640
343	669
343	767
343	848
343	886
343	932
343	979
343	986
344	410
344	420
344	466
344	486
344	526
344	529
344	563
344	618
344	667
344	720
344	740
344	800
344	857
344	982
345	359
345	531
345	574
345	614
345	634
345	670
345	673
345	687
345	799
345	824
345	969
346	363
346	382
346	385
346	407
346	453
346	458
346	524
346	526
346	617
346	626
346	744
346	796
346	799
346	814
346	850
346	869
346	880
346	885
346	984
346	987
347	358
347	368
347	374
347	384
347	388
347	530
347	538
347	581
347	640
347	662
347	668
347	749
347	829
347	834
347	873
347	915
348	523
348	560
348	582
348	700
348	762
348	855
348	905
348	973
349	355
349	534
349	537
349	556
349	591
349	692
349	874
349	884
349	967
350	358
350	371
350	423
350	512
350	517
350	557
350	576
350	648
350	708
350	791
350	806
350	827
350	906
351	365
351	370
351	378
351	383
351	490
351	492
351	673
351	763
351	819
351	885
351	899
351	920
351	936
352	362
352	371
352	394
352	412
352	445
352	506
352	622
352	727
352	778
352	829
352	834
352	900
353	370
353	374
353	398
353	650
353	756
353	852
353	930
353	937
354	359
354	374
354	388
354	458
354	666
354	689
354	699
354	921
355	371
355	424
355	555
355	572
355	590
355	669
355	717
355	718
355	763
356	358
356	373
356	374
356	429
356	440
356	444
356	466
356	736
356	740
356	759
356	764
356	766
356	806
356	839
356	853
356	877
356	902
356	952
356	979
357	497
357	568
357	604
357	664
357	743
357	745
357	779
357	781
357	790
357	795
357	800
357	872
357	951
358	362
358	366
358	370
358	374
358	394
358	455
358	472
358	485
358	586
358	593
358	664
358	723
358	753
358	838
358	845
358	850
359	375
359	407
359	495
359	522
359	564
359	571
359	793
359	814
359	837
359	892
359	910
359	961
360	364
360	365
360	453
360	521
360	524
360	540
360	595
360	623
360	709
360	790
360	838
360	908
360	955
361	389
361	522
361	699
361	784
361	814
361	865
361	906
362	369
362	378
362	382
362	383
362	406
362	498
362	510
362	573
362	588
362	608
362	669
362	692
362	728
362	758
362	763
362	778
362	825
362	839
362	887
362	905
362	911
362	938
363	373
363	399
363	409
363	484
363	495
363	502
363	520
363	548
363	580
363	605
363	641
363	664
363	727
363	729
363	739
363	783
363	808
363	814
363	855
364	397
364	439
364	550
364	588
364	604
364	606
364	668
364	685
364	727
364	779
364	903
365	513
365	540
365	552
365	571
365	577
365	602
365	615
365	687
365	796
365	805
365	815
366	376
366	387
366	429
366	548
366	549
366	564
366	575
366	660
366	683
366	707
366	730
366	780
366	855
366	989
367	396
367	398
367	418
367	437
367	438
367	450
367	456
367	475
367	537
367	583
367	686
367	699
367	758
367	782
367	822
367	828
367	829
367	837
367	905
367	916
367	968
368	369
368	484
368	536
368	537
368	552
368	646
368	682
368	710
368	800
368	841
368	891
369	391
369	411
369	561
369	638
369	652
369	702
369	921
370	377
370	394
370	407
370	469
370	509
370	686
370	705
370	832
370	877
370	889
370	963
370	990
371	585
371	680
371	681
371	747
371	760
371	790
371	842
371	921
371	949
371	988
372	401
372	640
372	741
372	783
372	871
372	906
372	947
372	975
373	384
373	387
373	397
373	541
373	544
373	577
373	722
373	730
373	772
373	783
373	853
374	374
374	389
374	396
374	445
374	491
374	537
374	553
375	437
375	445
375	448
375	503
375	557
375	565
375	675
375	739
375	870
375	874
375	887
375	891
375	931
375	968
376	395
376	425
376	440
376	453
376	484
376	492
376	501
376	625
376	645
376	825
376	864
376	980
376	996
377	462
377	561
377	583
377	628
377	631
377	671
377	684
377	798
377	800
377	838
377	852
377	856
377	974
378	468
378	616
378	733
378	735
378	895
378	994
379	382
379	407
379	457
379	595
379	740
379	761
379	767
379	904
379	911
379	942
379	948
380	393
380	424
380	478
380	561
380	564
380	696
380	717
380	773
380	810
380	830
380	865
380	869
381	448
381	518
381	525
381	556
381	571
381	625
381	635
381	674
381	837
381	872
382	386
382	436
382	608
382	626
382	679
382	718
382	742
382	748
382	751
382	783
382	822
382	831
382	869
382	889
382	909
383	392
383	397
383	474
383	514
383	517
383	565
383	642
383	719
383	777
383	789
383	809
383	895
383	961
384	398
384	509
384	654
384	664
384	707
384	921
385	397
385	404
385	462
385	483
385	501
385	526
385	571
385	572
385	620
385	682
385	728
385	769
385	794
385	928
385	932
386	398
386	605
386	619
386	660
386	734
386	791
386	844
386	866
386	890
386	924
386	944
387	395
387	444
387	492
387	503
387	549
387	772
387	822
387	834
387	835
387	849
387	862
387	875
388	396
388	457
388	625
388	825
388	858
388	861
388	998
389	417
389	462
389	470
389	499
389	550
389	564
389	656
389	692
389	769
389	982
390	458
390	683
390	735
390	745
390	818
390	883
390	912
390	916
391	396
391	427
391	569
391	615
391	746
391	819
391	891
391	991
391	992
392	392
392	426
392	474
392	781
392	849
392	860
392	896
392	938
392	997
393	444
393	488
393	536
393	569
393	682
393	719
393	968
393	976
393	980
393	994
394	396
394	399
394	450
394	489
394	560
394	704
394	856
394	984
394	997
395	414
395	415
395	420
395	516
395	713
395	902
396	398
396	487
396	488
396	531
396	621
396	789
396	836
396	905
396	908
396	921
396	932
397	399
397	556
397	838
397	850
397	867
397	921
398	414
398	517
398	563
398	582
398	604
398	681
398	692
398	693
398	819
398	896
398	939
398	943
398	958
398	988
398	990
398	992
399	418
399	421
399	431
399	478
399	520
399	663
399	683
399	687
399	739
399	771
399	833
399	870
399	903
399	916
399	922
400	425
400	435
400	576
400	624
400	647
400	677
400	721
400	724
400	752
400	784
400	831
400	888
401	432
401	437
401	446
401	457
401	472
401	594
401	653
401	767
401	921
401	971
401	984
402	413
402	499
402	555
402	584
402	691
402	739
402	772
402	894
402	972
403	409
403	423
403	447
403	458
403	463
403	471
403	475
403	523
403	550
403	727
403	747
403	787
403	872
403	943
403	952
404	433
404	443
404	447
404	457
404	459
404	501
404	598
404	658
404	686
404	722
404	867
404	922
405	428
405	440
405	444
405	455
405	467
405	483
405	557
405	594
405	598
405	630
405	660
405	711
405	879
405	964
406	503
406	529
406	541
406	713
406	762
406	773
406	970
406	972
407	426
407	454
407	496
407	628
407	633
407	643
407	650
407	654
407	721
407	736
407	819
407	859
407	879
407	950
407	988
407	998
408	458
408	516
408	527
408	530
408	806
408	974
409	416
409	495
409	690
409	736
409	760
409	765
409	772
409	798
409	890
409	914
410	445
410	460
410	523
410	525
410	558
410	653
410	664
410	713
410	743
410	877
410	880
410	936
411	429
411	430
411	440
411	481
411	485
411	506
411	571
411	670
411	706
411	734
411	800
411	813
411	864
411	880
411	948
412	413
412	424
412	466
412	472
412	492
412	538
412	564
412	606
412	712
412	768
412	891
412	912
413	454
413	489
413	789
413	823
413	852
413	878
413	909
413	972
414	497
414	499
414	517
414	521
414	647
414	672
414	679
414	719
414	724
414	817
414	849
414	897
414	991
415	430
415	470
415	479
415	553
415	696
415	759
415	762
415	783
415	802
415	848
415	867
415	883
415	959
415	996
416	432
416	448
416	486
416	488
416	548
416	551
416	625
416	735
416	829
416	920
416	958
416	979
417	465
417	470
417	517
417	526
417	529
417	667
417	753
417	790
417	809
418	445
418	454
418	466
418	469
418	506
418	551
418	589
418	606
418	609
418	646
418	762
418	851
418	920
418	938
419	423
419	438
419	452
419	462
419	464
419	471
419	477
419	516
419	531
419	564
419	589
419	674
419	726
419	745
419	757
419	789
419	865
419	967
419	982
420	431
420	440
420	564
420	660
420	667
420	699
420	787
420	806
420	812
420	848
420	856
420	866
420	889
420	925
421	432
421	599
421	659
421	670
421	782
421	856
421	876
421	892
422	460
422	493
422	494
422	612
422	620
422	627
422	657
422	820
422	834
422	875
422	910
423	429
423	676
423	766
423	815
423	926
424	441
424	442
424	453
424	477
424	547
424	612
424	665
424	801
424	846
424	869
424	922
424	934
425	440
425	488
425	493
425	528
425	535
425	557
425	670
425	681
425	701
425	714
425	777
425	921
425	932
425	957
425	967
425	994
426	439
426	457
426	463
426	481
426	515
426	569
426	632
426	671
426	727
426	749
426	768
426	823
426	838
426	857
426	922
426	940
427	453
427	464
427	543
427	692
427	718
427	728
427	936
427	940
427	951
427	952
427	963
427	974
427	975
428	451
428	482
428	494
428	521
428	559
428	681
428	718
428	732
428	740
428	833
428	881
428	939
429	442
429	722
429	847
429	996
430	436
430	450
430	466
430	486
430	496
430	543
430	727
430	781
430	789
430	856
430	862
430	976
430	991
431	473
431	489
431	557
431	582
431	630
431	684
431	716
431	784
431	915
431	924
431	973
431	975
432	452
432	475
432	485
432	541
432	636
432	646
432	706
432	895
432	919
433	461
433	490
433	646
433	685
433	842
433	847
433	919
434	449
434	450
434	454
434	465
434	471
434	570
434	600
434	648
434	689
434	734
434	849
434	971
435	463
435	650
435	661
435	666
435	717
435	724
435	751
435	764
435	787
435	889
435	910
436	488
436	529
436	673
436	735
436	765
436	846
436	968
436	999
437	511
437	588
437	787
437	861
437	879
437	978
438	440
438	627
438	652
438	734
438	821
439	483
439	553
439	569
439	576
439	603
439	604
439	818
439	847
439	892
439	962
439	973
440	470
440	484
440	492
440	525
440	592
440	642
440	662
440	674
440	749
440	817
440	913
441	474
441	478
441	483
441	565
441	568
441	577
441	648
441	720
441	721
441	771
441	774
441	810
441	832
441	839
441	937
441	995
442	446
442	476
442	490
442	510
442	635
442	660
442	670
442	707
442	818
442	855
442	876
443	462
443	531
443	537
443	596
443	605
443	730
443	879
443	938
443	984
444	459
444	468
444	485
444	503
444	518
444	533
444	589
444	608
444	625
444	700
444	714
444	723
444	755
444	846
444	863
444	923
445	456
445	469
445	522
445	539
445	722
445	771
445	816
446	495
446	550
446	622
446	715
446	740
446	816
446	855
446	903
446	980
447	473
447	488
447	491
447	564
447	586
447	650
447	687
447	741
447	777
447	792
447	808
447	839
448	477
448	507
448	513
448	550
448	576
448	616
448	681
448	699
448	723
448	758
448	764
448	793
448	818
448	832
448	857
449	454
449	497
449	534
449	545
449	582
449	610
449	618
449	695
449	737
449	790
449	795
449	807
449	808
449	819
449	884
450	451
450	454
450	455
450	475
450	560
450	592
450	643
450	750
450	751
450	762
450	782
450	811
450	832
450	847
451	477
451	660
451	738
451	810
451	853
451	869
451	984
452	490
452	523
452	533
452	573
452	906
452	931
452	940
452	960
452	971
452	982
453	456
453	479
453	589
453	593
453	622
453	693
453	695
453	723
453	738
453	740
453	751
453	758
453	808
454	475
454	500
454	502
454	646
454	652
454	665
454	668
454	721
454	812
454	818
454	882
455	594
455	686
455	689
455	704
455	799
455	981
456	708
456	999
457	541
457	597
457	625
457	690
457	698
457	763
457	774
457	875
457	877
457	943
457	956
458	768
458	821
458	839
458	925
458	929
458	986
458	989
459	470
459	520
459	549
459	564
459	573
459	624
459	694
459	701
459	806
459	822
459	876
459	878
460	473
460	489
460	495
460	531
460	573
460	671
460	724
460	778
460	986
461	534
461	595
461	623
461	732
461	938
461	948
461	959
461	980
462	476
462	523
462	563
462	564
462	639
462	664
462	684
462	854
462	970
463	612
463	699
463	742
463	765
463	823
463	852
463	894
463	960
464	469
464	476
464	528
464	533
464	691
464	753
464	755
464	868
464	888
464	938
464	958
465	650
465	665
465	754
465	855
465	856
465	928
465	964
465	973
465	983
466	469
466	497
466	709
466	712
466	846
467	630
467	656
467	756
467	834
467	881
468	496
468	586
468	635
468	680
468	711
468	715
468	723
469	530
469	532
469	621
469	650
469	753
469	761
469	776
469	797
469	856
469	883
469	943
470	603
470	654
470	736
470	756
470	761
470	782
470	790
470	852
470	885
470	929
470	959
471	479
471	539
471	554
471	611
471	655
471	816
471	907
471	915
471	971
471	979
471	997
472	516
472	625
472	766
472	777
472	806
472	834
472	958
473	528
473	592
473	668
473	825
473	936
473	963
474	484
474	489
474	553
474	558
474	654
474	661
474	671
474	680
474	705
474	714
474	761
474	781
474	835
474	888
474	958
475	498
475	500
475	584
475	600
475	630
475	702
475	802
475	841
475	860
475	878
475	993
476	552
476	606
476	624
476	765
476	767
476	866
477	492
477	524
477	572
477	648
477	730
477	745
477	803
477	873
477	959
478	566
478	589
478	593
478	644
478	656
478	684
478	729
478	796
478	811
478	885
478	951
478	982
478	987
478	990
479	481
479	491
479	567
479	611
479	639
479	669
479	691
479	720
479	752
479	772
479	872
479	897
479	974
480	600
480	825
480	842
480	851
480	891
480	925
481	488
481	494
481	497
481	548
481	549
481	701
481	747
481	772
481	854
482	571
482	595
482	660
482	689
482	829
482	889
483	532
483	574
483	635
483	806
483	876
483	951
483	965
483	989
484	492
484	493
484	828
484	833
484	984
484	992
485	910
485	931
486	513
486	604
486	634
486	836
486	868
486	920
486	937
486	995
487	499
487	601
487	641
487	644
487	758
487	779
487	810
487	826
487	876
487	885
488	523
488	528
488	538
488	545
488	564
488	569
488	718
488	758
488	790
488	874
488	896
488	912
488	923
488	982
488	996
489	510
489	529
489	532
489	597
489	636
489	637
489	640
489	768
489	770
489	789
489	828
489	862
489	877
489	966
490	654
490	675
490	693
490	704
490	727
490	863
490	920
490	975
490	983
490	992
491	519
491	674
491	686
491	769
491	776
491	801
491	839
491	863
491	876
491	926
492	511
492	602
492	637
492	697
492	733
492	854
492	957
492	979
493	497
493	501
493	559
493	617
493	668
493	685
493	831
493	862
493	878
493	893
493	896
493	899
493	910
493	931
494	494
494	496
494	723
494	778
495	517
495	556
495	572
495	696
495	805
495	807
495	938
496	572
496	765
496	767
496	775
496	794
496	872
496	924
496	996
496	997
497	534
497	562
497	604
497	608
497	640
497	765
497	866
497	875
498	529
498	539
498	648
498	757
498	898
498	975
499	518
499	687
499	727
499	883
499	895
499	932
500	522
500	538
500	539
500	586
500	646
500	684
500	771
500	780
500	808
500	828
500	866
500	909
501	514
501	658
501	667
501	741
501	795
501	907
501	938
502	505
502	553
502	603
502	674
502	690
502	833
503	510
503	519
503	526
503	528
503	578
503	667
503	708
504	537
504	540
504	586
504	588
504	599
504	618
504	640
504	705
504	710
504	793
504	857
504	887
504	920
504	955
505	542
505	546
505	555
505	568
505	664
505	690
505	843
505	925
506	510
506	513
506	517
506	543
506	547
506	555
506	556
506	575
506	593
506	629
506	790
506	842
507	527
507	556
507	563
507	584
507	650
507	745
507	753
507	770
507	847
507	887
507	915
507	933
508	535
508	536
508	543
508	632
508	737
508	806
508	826
508	837
508	852
508	898
508	909
508	924
508	928
508	931
508	932
509	552
509	554
509	568
509	575
509	595
509	603
509	639
509	746
509	810
509	832
510	586
510	596
510	600
510	611
510	737
510	771
510	789
510	800
510	807
510	821
510	882
510	963
511	530
511	542
511	553
511	659
511	759
511	773
511	804
511	931
512	557
512	567
512	636
512	695
512	782
512	828
512	851
513	530
513	575
513	720
513	774
513	801
513	826
513	841
513	935
513	949
513	987
514	523
514	588
514	664
514	676
514	760
514	765
514	838
514	887
514	896
514	972
515	531
515	589
515	591
515	699
515	716
515	733
515	754
515	780
515	840
515	890
515	915
515	997
516	591
516	619
516	646
516	773
516	776
516	864
516	958
517	530
517	545
517	585
517	613
517	652
517	737
517	812
517	895
517	909
517	964
517	975
518	543
518	578
518	580
518	681
518	696
518	700
518	734
518	925
518	937
518	994
519	578
519	631
519	792
519	837
519	962
520	531
520	555
520	589
520	653
520	800
520	825
520	871
520	899
520	922
521	532
521	557
521	577
521	588
521	592
521	692
521	749
521	797
521	805
521	849
521	913
522	692
522	744
522	766
522	834
522	878
522	942
522	943
523	523
523	527
523	532
523	537
523	540
523	581
523	791
523	874
523	922
523	944
523	969
523	977
524	545
524	583
524	605
524	680
524	789
524	794
524	797
524	852
524	856
524	868
524	902
524	916
525	528
525	534
525	549
525	626
525	700
525	757
525	795
525	851
525	866
525	956
526	540
526	735
526	899
526	975
527	629
527	634
527	776
527	790
527	835
527	927
527	961
528	536
528	562
528	588
528	635
528	728
528	740
528	788
528	855
528	932
528	947
529	535
529	570
529	772
529	795
529	830
529	834
529	838
529	843
529	896
529	934
530	533
530	584
530	588
530	674
530	698
530	723
530	840
530	851
530	853
530	870
530	929
531	542
531	616
531	661
531	887
531	909
531	916
531	952
531	985
531	992
532	559
532	578
532	626
532	762
532	864
532	886
532	944
533	561
533	565
533	581
533	606
533	619
533	643
533	695
533	707
533	745
533	754
533	773
533	813
533	860
533	910
533	984
534	551
534	648
534	694
534	875
534	909
534	975
534	982
535	552
535	569
535	573
535	675
535	724
535	748
535	806
535	882
535	932
536	537
536	539
536	542
536	945
537	549
537	563
537	567
537	592
537	624
537	710
537	711
537	820
537	901
538	568
538	608
538	662
538	712
538	740
538	901
538	914
538	968
539	545
539	614
539	620
539	667
539	752
539	945
540	547
540	582
540	712
540	786
540	887
540	896
540	916
541	698
541	781
541	809
541	856
541	900
541	902
542	544
542	571
542	575
542	593
542	614
542	764
542	792
542	826
542	847
542	849
542	967
542	989
543	572
543	574
543	605
543	636
543	689
543	723
543	751
543	781
543	901
543	904
543	919
544	550
544	551
544	558
544	563
544	601
544	691
544	696
544	843
544	873
544	897
544	949
545	562
545	632
545	637
545	659
545	673
545	723
545	767
545	808
545	836
545	905
545	968
546	589
546	839
546	856
546	918
547	562
547	591
547	594
547	620
547	666
547	779
547	781
547	814
547	907
547	927
548	549
548	653
548	654
548	700
548	721
548	737
548	792
548	997
549	550
549	601
549	699
549	780
549	820
549	934
549	964
549	981
550	563
550	571
550	590
550	743
550	881
550	898
550	919
551	568
551	582
551	604
551	627
551	709
551	733
551	760
551	896
551	942
552	582
552	635
552	659
552	966
553	665
553	675
553	723
553	802
553	818
553	839
553	896
553	935
553	949
553	973
554	602
554	643
554	776
554	811
554	839
554	934
554	937
554	942
554	962
555	572
555	592
555	626
555	849
555	897
555	900
555	943
555	988
556	627
556	628
556	653
556	654
556	669
556	699
556	746
556	769
556	852
556	885
556	925
556	950
557	633
557	702
557	815
557	857
557	910
557	948
558	637
558	645
558	667
558	731
558	738
558	769
558	784
558	793
558	845
558	938
558	957
558	980
559	589
559	616
559	638
559	660
559	695
559	728
559	848
559	891
559	898
559	940
560	658
560	662
560	667
560	721
560	897
560	924
560	960
561	716
561	725
561	732
561	760
561	952
562	571
562	629
562	737
562	898
563	733
563	738
563	769
563	857
563	890
563	895
563	903
564	632
564	746
564	831
564	834
564	891
564	914
564	917
564	940
565	578
565	584
565	587
565	635
565	724
565	734
565	854
565	871
565	882
565	963
566	595
566	614
566	702
566	955
566	973
566	997
567	577
567	579
567	622
567	628
567	670
567	690
567	697
567	706
567	761
567	790
568	582
568	592
568	739
568	794
568	898
568	981
569	572
569	625
569	710
569	737
569	789
569	793
569	797
569	820
569	849
569	862
569	957
570	572
570	647
570	715
570	860
570	962
570	997
571	588
571	622
571	638
571	657
571	735
571	771
571	787
571	792
571	803
571	904
571	988
572	576
572	662
572	716
572	732
572	766
572	803
572	889
572	915
572	920
572	952
572	990
572	991
573	576
573	583
573	730
573	739
573	765
573	812
573	892
573	913
573	916
574	597
574	671
574	820
574	854
574	958
574	973
574	974
575	623
575	655
575	685
575	799
575	805
575	879
576	594
576	630
576	663
576	669
576	754
576	761
576	778
576	806
576	830
576	841
577	587
577	620
577	695
577	708
577	749
577	784
577	925
577	974
577	982
578	591
578	667
578	698
578	874
578	909
578	924
578	983
579	608
579	631
579	681
579	709
579	767
579	786
579	804
579	840
579	862
579	926
579	962
579	985
580	589
580	675
580	677
580	696
580	734
580	772
580	784
580	821
580	865
580	899
580	914
581	745
581	786
581	935
581	951
582	617
582	628
582	692
582	843
582	863
582	877
582	895
582	911
583	654
583	657
583	679
583	710
583	739
583	830
583	885
583	909
584	654
584	715
584	721
584	730
584	769
584	775
584	797
584	807
584	873
584	884
585	635
585	664
585	867
585	991
586	597
586	669
586	720
586	766
586	778
586	822
586	850
586	862
586	975
587	666
587	684
587	704
587	727
587	728
587	746
587	804
587	820
588	592
588	716
588	827
588	948
588	984
589	745
589	826
589	856
589	884
589	903
589	929
589	946
589	981
590	613
590	716
590	730
590	765
590	918
590	962
591	608
591	688
591	806
591	959
591	974
592	623
592	640
592	887
592	898
592	964
593	718
593	735
593	868
593	929
593	935
593	966
594	655
594	662
594	666
594	757
594	859
594	881
594	894
594	916
595	697
595	699
595	809
596	610
596	624
596	627
596	681
596	778
596	849
596	891
596	924
596	939
596	984
597	642
597	669
597	695
597	796
597	832
597	878
597	889
597	898
597	913
597	917
597	962
597	981
598	693
598	827
598	944
598	946
598	954
599	695
599	731
599	767
599	776
599	997
600	609
600	640
600	643
600	644
600	667
600	693
600	773
600	964
601	604
601	642
601	643
601	652
601	657
601	686
601	719
601	944
601	959
602	612
602	637
602	825
602	849
602	851
602	921
602	954
602	995
603	621
603	624
603	647
603	660
603	661
603	667
603	669
603	674
603	693
603	695
603	696
603	698
603	783
603	849
603	943
603	971
603	997
604	643
604	650
604	740
604	880
604	897
604	919
605	609
605	624
605	633
605	679
605	692
605	781
605	794
605	811
605	823
605	896
606	876
606	881
606	952
607	749
607	791
607	826
607	864
607	867
607	868
607	885
607	906
607	938
608	618
608	648
608	659
608	662
608	675
608	696
608	708
608	754
608	788
608	803
608	841
608	869
608	982
609	632
609	710
609	844
609	902
609	932
609	943
610	735
611	702
611	754
611	791
611	827
611	829
611	921
611	926
611	932
611	941
611	983
611	992
612	797
612	833
612	924
612	937
612	982
612	994
613	643
613	646
613	653
613	680
613	682
613	850
613	924
613	980
614	636
614	659
614	664
614	692
614	721
614	760
614	874
614	894
614	895
614	991
615	879
615	903
615	945
615	946
615	958
616	621
616	651
616	771
616	785
616	824
616	914
616	940
617	622
617	625
617	635
617	698
617	713
618	659
618	667
618	691
618	758
618	879
618	939
618	985
618	987
619	722
619	773
619	822
619	851
620	627
620	635
620	657
620	698
620	703
620	726
620	815
620	908
620	928
621	633
621	655
621	733
621	839
621	904
622	637
622	642
622	698
622	712
622	733
622	749
622	761
622	976
623	675
623	703
623	888
623	905
623	928
623	983
624	629
624	639
624	666
624	685
624	729
624	742
624	745
624	807
624	829
624	967
624	994
625	656
625	664
625	816
625	868
625	945
626	638
626	659
626	693
626	722
626	760
626	827
626	866
626	940
627	629
627	664
627	694
627	717
627	732
627	768
627	799
627	874
627	915
627	916
627	985
628	640
628	678
628	719
628	743
628	903
628	970
629	643
629	713
629	716
629	740
629	748
629	782
629	795
629	804
629	864
629	915
629	958
630	675
630	708
630	804
630	874
630	881
631	681
631	692
631	773
631	783
631	807
631	852
631	987
632	633
632	664
632	679
632	700
632	742
632	762
632	828
632	936
633	637
633	657
633	680
633	745
633	884
633	922
633	934
634	646
634	666
634	719
634	746
634	849
634	951
634	978
634	990
635	650
635	679
635	685
635	727
635	819
635	856
635	980
636	643
636	695
636	750
636	785
636	818
636	852
636	995
636	999
637	656
637	659
637	897
637	905
637	951
637	979
638	645
638	658
638	662
638	666
638	680
638	696
638	715
638	757
638	759
638	761
638	787
638	815
638	998
639	849
639	932
639	975
639	993
640	712
640	938
641	694
641	695
641	722
641	771
641	792
641	850
641	883
641	952
641	970
641	984
642	682
642	687
642	688
642	725
642	779
642	790
642	808
642	820
642	881
642	945
642	978
642	990
642	997
643	661
643	662
643	673
643	703
643	764
643	781
643	874
643	890
643	941
644	692
644	761
644	763
644	768
644	801
644	870
644	908
645	697
645	720
645	827
645	831
646	665
646	672
646	680
646	751
646	792
646	824
646	826
646	850
646	871
646	983
647	661
647	677
647	770
647	796
647	828
647	837
647	964
648	675
648	717
648	720
648	762
648	827
648	839
648	937
648	979
649	650
649	652
649	657
649	659
649	690
649	706
649	737
649	773
649	790
649	811
649	820
649	855
649	875
649	897
649	899
649	978
650	663
650	666
650	677
650	852
650	861
650	871
650	949
650	960
650	983
651	689
651	831
651	863
651	898
652	739
652	843
652	846
652	914
652	947
652	970
652	995
653	683
653	690
653	735
653	765
653	927
654	659
654	686
654	698
654	801
654	819
654	861
654	889
654	938
655	660
655	675
655	694
655	791
655	799
655	841
655	954
656	673
656	678
656	683
656	686
656	687
656	733
656	802
656	803
656	817
656	841
656	847
656	870
656	919
657	664
657	686
657	986
658	715
658	780
658	782
658	937
658	962
658	988
659	665
659	767
659	785
659	787
659	914
659	917
659	920
660	668
660	669
660	672
660	698
660	844
660	881
660	953
661	735
662	696
662	699
662	703
662	707
662	842
662	923
662	937
662	971
662	985
662	993
663	682
663	696
663	904
664	667
664	676
664	754
664	805
664	822
664	968
665	677
665	689
665	772
665	827
665	861
665	919
666	684
666	913
666	946
667	674
667	677
667	701
667	715
667	719
667	722
667	736
667	795
667	819
667	835
667	844
667	896
667	943
668	672
668	726
668	823
668	826
668	842
668	861
668	883
668	912
668	915
668	967
668	982
669	691
669	697
669	777
669	790
669	813
669	970
670	681
670	690
670	722
670	829
670	875
670	887
670	903
670	934
671	697
671	702
671	725
671	729
671	806
671	873
671	876
671	900
671	990
672	685
672	694
672	739
672	784
672	802
672	860
672	861
672	976
673	685
673	693
673	753
673	788
673	852
673	857
673	866
673	883
673	887
674	723
674	774
674	814
674	874
674	948
674	975
674	983
675	681
675	832
675	913
675	985
676	680
676	682
676	715
676	780
676	912
676	930
676	932
677	815
677	829
677	847
677	986
677	996
678	817
678	825
678	876
679	700
679	752
679	770
679	804
679	981
679	997
680	680
680	724
680	733
680	769
680	789
680	831
680	837
680	893
680	898
680	948
681	718
681	766
682	832
682	897
682	900
682	920
682	950
682	956
683	689
683	716
683	741
683	784
683	801
683	841
683	987
684	695
684	768
684	825
684	835
684	855
684	904
685	696
685	716
685	725
685	773
685	848
685	963
685	983
686	691
686	788
686	818
686	969
687	694
687	709
687	722
687	726
687	750
687	802
687	816
687	818
687	960
688	748
688	961
688	979
688	997
689	725
689	806
689	844
689	857
689	888
689	931
689	992
689	996
690	696
690	763
690	847
690	882
690	923
690	944
691	706
691	772
691	796
691	894
692	700
692	719
692	721
692	747
692	905
692	968
692	977
693	785
693	802
693	808
693	829
693	946
693	961
694	700
694	760
694	777
694	788
694	825
694	906
694	974
695	797
695	838
695	864
696	724
696	740
696	752
696	846
696	876
696	926
696	956
697	756
697	776
697	814
697	828
698	721
698	770
698	781
698	805
698	919
698	923
698	936
698	957
699	717
699	836
699	862
699	911
699	925
699	929
700	730
700	737
700	766
700	813
700	856
700	862
700	905
700	934
700	945
700	997
701	725
701	883
701	904
701	923
702	713
702	797
702	890
702	933
702	966
703	704
703	745
703	764
703	778
703	782
703	863
703	884
703	943
703	960
703	962
703	994
704	720
704	730
704	750
704	755
704	791
704	836
704	848
704	857
704	893
704	894
704	981
704	988
705	726
705	752
705	753
705	768
705	887
705	961
705	981
706	716
706	740
706	749
706	758
706	801
706	830
706	935
706	957
707	752
707	756
707	765
707	796
707	915
708	718
708	744
708	760
708	798
708	826
708	843
708	912
708	917
708	923
709	712
709	731
709	755
709	950
710	713
710	717
710	774
710	876
710	971
711	715
711	747
711	773
711	791
711	864
711	907
711	929
712	739
712	749
712	770
712	817
712	844
712	864
712	926
712	947
713	725
713	759
713	762
713	763
713	785
713	790
713	830
713	957
713	975
714	781
714	782
714	791
714	844
714	902
715	756
715	775
715	798
715	858
715	944
716	731
716	735
716	784
716	791
716	972
716	984
717	720
717	789
717	872
718	727
718	734
718	895
718	897
718	935
718	948
718	985
719	757
719	776
719	789
719	843
719	889
719	907
719	948
719	967
719	968
720	723
720	774
720	778
720	794
720	871
721	743
721	794
721	884
721	938
721	979
722	734
722	739
722	791
722	803
722	867
723	724
723	771
723	819
723	889
723	952
723	983
724	728
724	841
724	882
724	887
724	959
725	733
725	753
725	754
725	769
725	777
725	829
725	842
725	900
725	969
726	746
726	747
726	756
726	764
726	765
726	794
726	815
726	829
726	874
726	928
726	930
726	931
726	992
726	997
727	745
727	781
727	835
727	871
728	736
728	773
728	793
728	795
728	798
728	834
728	953
728	968
728	976
729	739
729	852
729	875
729	882
729	928
730	741
730	754
730	760
730	796
730	851
730	975
731	810
731	926
732	855
732	878
732	889
732	923
732	956
732	975
733	756
733	762
733	763
733	905
734	747
734	761
734	774
734	776
734	795
734	848
734	856
734	865
734	891
734	906
735	765
735	849
735	914
735	923
735	944
735	977
736	761
736	777
736	789
736	936
737	832
737	852
738	761
738	845
738	928
738	957
738	996
739	739
739	743
739	753
739	853
739	895
739	991
740	761
740	773
740	790
740	794
740	841
740	879
740	914
741	768
741	790
741	816
741	829
741	832
741	907
741	914
742	784
742	785
742	791
742	850
742	893
742	899
742	978
743	833
743	929
743	975
744	779
744	790
745	769
745	793
745	871
745	892
745	945
745	973
746	747
746	809
746	812
746	844
746	895
747	750
747	757
747	792
747	842
747	980
748	751
748	824
748	969
749	776
749	953
749	966
750	819
750	832
750	963
750	997
751	754
751	788
751	929
752	754
752	757
752	761
752	783
752	791
752	808
752	859
752	876
752	881
752	911
752	978
752	991
753	775
753	803
753	832
753	864
753	872
753	907
754	770
755	766
755	781
755	829
755	905
755	907
756	773
756	923
756	935
757	767
757	900
757	956
757	985
758	758
758	784
758	786
758	993
759	797
759	881
760	791
760	811
760	862
760	880
760	886
760	923
760	946
760	956
761	779
761	812
761	861
761	906
762	763
762	798
762	891
762	950
762	976
763	773
763	775
763	918
764	788
764	902
764	905
764	915
765	795
765	798
765	808
765	953
765	969
765	997
766	780
766	975
766	987
768	970
769	791
769	796
770	771
770	784
770	787
770	789
770	839
770	871
770	906
771	775
771	783
771	785
771	786
771	852
771	853
772	814
772	827
772	969
773	797
773	861
773	942
774	776
774	886
775	843
776	797
776	827
776	878
776	900
777	817
777	883
777	902
777	903
777	934
777	976
778	924
779	855
779	872
779	908
779	926
779	975
780	819
780	958
781	782
781	890
781	902
782	792
782	848
782	920
783	803
783	892
783	945
783	979
783	983
784	804
784	899
784	919
784	924
784	969
785	797
785	858
785	912
786	792
786	978
787	906
787	919
788	909
788	915
788	922
788	940
788	970
788	973
788	992
789	821
789	837
789	868
789	928
789	954
789	981
790	823
790	990
791	856
792	947
792	981
793	839
793	842
793	848
793	913
793	996
794	798
794	817
794	937
794	955
794	960
795	873
795	882
795	893
795	933
796	810
796	852
796	916
796	970
797	801
797	804
797	863
797	962
799	834
799	913
799	990
800	824
800	848
800	870
800	881
800	999
801	805
801	830
801	834
801	886
801	934
801	960
802	810
802	818
802	842
802	859
802	863
802	930
803	807
803	838
803	899
803	926
803	995
804	847
804	867
804	889
804	901
804	928
804	959
805	834
805	838
805	878
805	880
805	929
805	993
806	833
806	882
806	956
806	966
807	821
807	827
807	911
807	938
807	963
808	890
808	906
808	908
808	916
808	964
808	965
808	982
809	869
809	914
809	919
810	865
810	886
810	891
811	814
811	827
811	829
811	957
811	960
811	976
811	983
812	818
812	845
812	870
812	928
813	826
813	876
813	947
813	964
814	852
814	862
814	890
814	899
814	913
814	976
815	837
815	851
815	855
815	917
816	826
816	896
816	934
817	824
817	893
817	901
818	843
818	859
818	884
818	889
818	974
818	993
818	996
819	829
819	897
819	902
819	984
819	987
820	897
820	898
820	945
821	821
821	847
821	859
821	862
821	868
821	869
822	838
822	851
822	880
822	893
822	905
822	920
823	861
823	897
823	926
823	999
824	849
824	852
824	857
824	866
824	920
824	926
825	837
825	849
825	870
825	902
826	866
826	887
826	894
826	910
826	917
826	935
826	952
826	954
826	964
826	993
826	998
827	831
827	841
827	862
827	875
827	893
828	837
828	875
828	876
828	880
828	884
828	896
828	925
829	835
829	836
829	879
829	885
829	888
829	911
829	940
829	952
829	957
830	849
830	917
830	936
830	962
831	855
831	893
831	907
831	917
831	938
831	944
831	945
831	962
832	857
832	860
832	908
832	929
833	863
833	927
833	947
834	843
834	868
834	880
834	918
835	846
835	853
835	945
835	988
835	992
836	845
836	878
836	905
837	974
838	847
838	855
838	863
838	877
838	888
838	900
838	941
838	949
839	844
839	863
839	889
839	957
840	883
840	900
840	905
840	908
840	917
840	922
840	947
840	955
840	973
840	989
841	854
841	859
841	863
841	867
841	871
841	875
841	912
841	999
842	943
842	977
842	994
843	885
843	895
843	896
843	911
844	855
844	876
844	878
844	936
844	943
845	846
845	969
845	975
845	977
846	856
846	857
846	881
846	915
846	945
846	959
846	965
848	849
848	940
848	970
849	897
850	851
850	883
850	898
850	937
851	859
851	863
851	872
851	934
852	952
853	871
853	959
853	994
854	931
854	973
855	909
855	930
855	954
856	872
856	922
857	864
857	880
857	920
858	987
859	865
859	883
860	939
860	943
861	863
861	870
861	890
861	917
862	928
862	963
862	981
863	879
863	882
863	889
863	892
863	922
863	986
864	932
864	975
865	871
865	932
866	881
866	900
866	905
867	874
867	894
867	899
867	991
868	892
868	911
868	926
869	872
869	880
870	913
872	876
872	980
872	984
873	895
873	903
873	908
873	970
873	980
874	878
874	889
874	944
874	968
875	965
876	878
876	884
876	888
876	995
877	954
877	955
878	882
878	911
878	937
878	991
878	993
879	946
879	986
879	988
880	882
880	884
880	908
880	935
880	994
881	893
881	968
882	902
882	935
883	889
883	908
883	929
884	950
885	900
885	945
885	951
885	972
887	897
887	956
887	970
888	942
888	987
889	897
889	934
889	940
890	957
891	917
892	931
892	942
892	953
894	899
895	915
895	949
896	904
896	980
896	982
898	905
898	908
898	946
899	906
900	910
900	926
900	928
900	953
901	902
901	926
901	931
901	998
902	926
902	936
902	948
902	968
902	997
903	909
903	917
903	925
903	934
903	939
903	976
904	920
904	924
904	934
904	946
905	924
905	941
905	957
905	960
906	916
906	962
906	969
906	976
906	979
907	953
907	958
907	966
907	998
908	915
908	937
908	950
909	929
909	980
910	911
910	913
910	916
910	934
910	941
910	963
910	967
911	912
911	949
911	953
911	990
911	993
912	929
912	930
912	945
912	951
912	962
912	982
912	987
913	929
913	941
913	971
914	935
914	966
914	995
914	999
915	921
916	931
916	933
916	945
917	961
917	987
918	939
918	979
919	930
919	967
919	993
920	922
920	970
920	980
920	989
921	932
921	984
921	985
922	935
922	957
922	990
923	950
923	981
923	992
923	998
924	940
924	945
924	955
924	991
925	949
925	978
925	982
925	990
926	938
926	946
926	947
926	952
927	948
927	990
928	946
928	948
928	960
928	979
928	999
929	950
929	962
929	994
930	936
930	996
931	940
931	963
931	975
931	980
931	984
931	990
932	935
932	985
933	946
933	951
933	987
933	988
933	992
933	996
933	997
934	943
934	960
935	938
935	955
936	973
936	987
937	962
937	990
937	992
938	969
938	985
938	989
938	990
938	996
939	953
939	997
940	968
940	975
940	977
941	977
942	960
942	977
943	965
943	969
945	951
946	976
946	978
946	984
947	994
948	964
948	998
949	981
949	984
951	998
953	974
954	990
955	965
955	972
955	998
956	959
956	965
956	976
956	994
958	966
958	984
958	988
960	964
960	979
961	972
962	980
963	996
965	994
966	980
967	995
970	982
971	998
972	975
972	978
975	987
976	980
976	992
976	996
978	990
979	982
979	991
981	983
984	993
987	999
988	991
991	997
994	995
995	999
996	996
