0	34
0	65
0	78
0	87
0	153
0	256
0	311
0	355
0	487
0	508
0	525
0	532
0	546
0	653
0	844
0	871
0	900
1	26
1	64
1	66
1	75
1	80
1	87
1	191
1	220
1	254
1	288
1	421
1	559
1	578
1	590
1	667
1	706
1	813
1	825
1	928
2	20
2	24
2	26
2	46
2	52
2	79
2	82
2	191
2	292
2	380
2	409
2	435
2	454
2	534
2	568
2	602
2	645
2	693
2	730
2	787
2	826
2	898
3	60
3	75
3	80
3	185
3	211
3	225
3	264
3	282
3	348
3	394
3	428
3	461
3	491
3	566
3	667
3	810
3	863
3	935
4	6
4	17
4	19
4	39
4	45
4	50
4	85
4	95
4	166
4	198
4	267
4	278
4	289
4	354
4	388
4	431
4	465
4	592
4	598
4	628
4	690
4	822
4	828
4	837
4	843
4	988
5	26
5	50
5	58
5	81
5	87
5	201
5	252
5	470
5	529
5	552
5	559
5	647
6	32
6	53
6	65
6	77
6	279
6	536
6	612
6	904
7	13
7	22
7	29
7	34
7	46
7	94
7	97
7	238
7	364
7	428
7	449
7	498
7	500
7	568
7	592
7	595
7	648
7	752
7	809
7	827
7	847
8	13
8	20
8	67
8	82
8	98
8	108
8	185
8	310
8	405
8	456
8	802
8	805
8	895
8	909
9	49
9	54
9	77
9	81
9	302
9	499
9	526
9	546
9	820
9	866
9	902
10	27
10	36
10	37
10	47
10	56
10	63
10	65
10	95
10	96
10	106
10	302
10	332
10	337
10	355
10	412
10	471
10	501
10	593
10	613
10	741
10	771
10	774
10	821
10	864
10	960
11	12
11	16
11	31
11	33
11	36
11	38
11	42
11	85
11	130
11	150
11	254
11	267
11	317
11	319
11	498
11	504
11	757
11	767
11	818
12	48
12	76
12	83
12	215
12	258
12	290
12	342
12	386
12	387
12	489
12	508
12	603
12	649
12	698
12	734
12	778
12	821
12	851
12	931
13	33
13	41
13	43
13	54
13	68
13	73
13	78
13	81
13	86
13	93
13	117
13	125
13	215
13	233
13	238
13	246
13	342
13	350
13	358
13	413
13	422
13	529
13	566
13	570
13	659
13	669
13	697
13	790
13	833
13	850
13	857
13	903
14	18
14	20
14	23
14	49
14	60
14	74
14	77
14	91
14	107
14	234
14	322
14	421
14	516
14	645
14	719
14	727
14	730
14	735
14	835
14	950
14	971
15	25
15	26
15	42
15	59
15	66
15	67
15	72
15	74
15	98
15	112
15	127
15	321
15	360
15	414
15	542
15	558
15	664
15	759
15	783
15	807
15	808
15	908
15	950
15	972
15	997
16	22
16	46
16	48
16	78
16	80
16	96
16	141
16	170
16	223
16	409
16	410
16	432
16	451
16	453
16	570
16	711
16	801
16	856
17	23
17	28
17	40
17	407
17	578
17	695
17	752
17	767
17	920
17	932
17	934
17	979
18	19
18	58
18	97
18	182
18	204
18	208
18	262
18	292
18	293
18	309
18	387
18	402
18	440
18	605
18	608
18	731
18	759
18	770
18	805
18	811
18	888
18	935
19	23
19	31
19	72
19	73
19	78
19	370
19	570
19	595
19	641
19	790
19	815
19	816
19	862
20	27
20	28
20	31
20	71
20	82
20	89
20	117
20	129
20	179
20	226
20	294
20	332
20	390
20	416
20	576
20	697
20	746
20	859
21	42
21	80
21	85
21	95
21	96
21	119
21	144
21	153
21	180
21	478
21	535
21	605
21	691
21	702
21	736
21	786
21	931
21	945
21	956
22	38
22	42
22	53
22	86
22	93
22	304
22	505
22	541
22	693
22	701
22	744
22	766
22	809
22	931
23	36
23	45
23	56
23	59
23	93
23	96
23	347
23	376
23	556
23	636
23	729
23	742
23	744
23	820
23	826
23	887
23	957
24	41
24	46
24	82
24	87
24	90
24	151
24	186
24	377
24	557
24	586
24	590
24	644
24	653
24	682
24	839
24	904
24	957
24	988
25	27
25	30
25	61
25	71
25	93
25	101
25	157
25	183
25	343
25	366
25	382
25	390
25	546
25	557
25	562
25	591
25	600
25	620
25	641
25	723
25	860
26	29
26	35
26	54
26	57
26	86
26	259
26	378
26	478
26	598
26	606
26	892
26	900
26	944
26	958
27	33
27	37
27	221
27	226
27	266
27	273
27	346
27	348
27	352
27	356
27	473
27	534
27	549
27	617
27	720
27	824
27	946
27	972
28	34
28	39
28	42
28	49
28	50
28	62
28	69
28	98
28	135
28	352
28	360
28	472
28	473
28	498
28	535
28	671
28	700
29	29
29	32
29	39
29	123
29	125
29	127
29	273
29	348
29	448
29	456
29	460
29	509
29	681
29	747
29	784
29	803
29	812
29	825
29	877
29	894
30	40
30	45
30	54
30	88
30	367
30	370
30	431
30	496
30	497
30	593
30	623
30	632
30	666
30	712
30	842
30	880
30	914
30	920
31	37
31	46
31	53
31	65
31	70
31	86
31	98
31	106
31	146
31	199
31	279
31	302
31	307
31	514
31	598
31	701
31	757
31	779
31	865
31	872
32	73
32	92
32	140
32	302
32	380
32	413
32	460
32	507
32	758
32	814
33	40
33	44
33	57
33	79
33	156
33	210
33	211
33	272
33	313
33	316
33	411
33	621
33	705
33	728
33	821
33	986
34	43
34	74
34	94
34	224
34	272
34	344
34	400
34	404
34	406
34	515
34	590
34	608
34	635
34	707
34	777
34	839
34	885
35	48
35	64
35	110
35	169
35	337
35	383
35	410
35	483
35	495
35	533
35	539
35	627
35	710
35	714
35	734
35	752
35	868
35	959
36	39
36	65
36	72
36	81
36	194
36	211
36	428
36	536
36	578
36	599
36	657
36	677
36	683
36	713
36	841
37	53
37	62
37	82
37	92
37	109
37	189
37	212
37	302
37	340
37	362
37	479
37	498
37	636
38	147
38	215
38	362
38	400
38	414
38	504
38	514
38	516
38	651
38	700
38	888
38	948
38	965
39	48
39	53
39	54
39	84
39	174
39	239
39	470
39	512
39	538
39	604
39	672
39	716
39	901
39	922
39	929
39	944
39	953
40	58
40	97
40	98
40	228
40	258
40	426
40	520
40	672
40	704
40	740
40	784
40	848
40	861
41	47
41	62
41	67
41	78
41	84
41	85
41	126
41	216
41	270
41	277
41	360
41	398
41	426
41	434
41	482
41	570
41	662
41	797
41	868
41	981
42	43
42	44
42	223
42	286
42	329
42	420
42	427
42	454
42	551
42	631
42	646
42	728
42	805
42	823
42	864
42	930
42	942
43	46
43	66
43	77
43	79
43	171
43	315
43	360
43	368
43	499
43	684
43	928
44	46
44	52
44	82
44	185
44	396
44	680
44	721
44	766
45	63
45	81
45	104
45	127
45	164
45	241
45	302
45	381
45	409
45	475
45	499
45	668
45	674
45	718
45	858
45	861
45	893
45	917
46	68
46	83
46	94
46	95
46	153
46	173
46	210
46	219
46	237
46	238
46	260
46	271
46	335
46	340
46	413
46	493
46	571
46	573
46	641
46	821
46	907
47	50
47	67
47	85
47	117
47	314
47	365
47	404
47	441
47	445
47	552
47	776
47	844
47	905
47	969
48	235
48	436
48	513
48	540
48	616
48	621
48	853
48	883
48	959
49	68
49	103
49	109
49	163
49	202
49	228
49	385
49	561
49	581
49	634
49	699
49	791
49	848
49	850
49	993
50	53
50	59
50	64
50	135
50	136
50	148
50	228
50	271
50	326
50	374
50	767
50	827
50	921
51	54
51	73
51	88
51	91
51	187
51	197
51	257
51	292
51	383
51	463
51	516
51	528
51	545
51	628
51	729
51	853
51	910
52	240
52	261
52	279
52	332
52	446
52	520
52	695
52	702
52	710
52	823
52	842
52	857
52	929
53	86
53	99
53	110
53	124
53	152
53	171
53	187
53	275
53	290
53	327
53	360
53	453
53	474
53	572
53	656
53	739
53	777
53	806
53	932
53	938
53	939
53	940
54	55
54	108
54	183
54	225
54	246
54	257
54	277
54	477
54	627
54	673
54	847
54	944
55	58
55	62
55	69
55	71
55	89
55	157
55	185
55	263
55	279
55	499
55	537
55	582
55	761
55	778
55	900
55	981
56	73
56	99
56	269
56	369
56	496
56	542
56	657
56	670
56	723
56	954
57	76
57	88
57	89
57	90
57	93
57	119
57	149
57	425
57	575
57	830
57	993
58	75
58	86
58	172
58	189
58	274
58	288
58	296
58	379
58	435
58	460
58	582
58	749
59	70
59	78
59	185
59	239
59	262
59	267
59	335
59	347
59	720
59	783
60	66
60	159
60	192
60	237
60	325
60	387
60	397
60	430
60	585
60	872
60	873
60	875
60	915
60	964
61	63
61	81
61	196
61	285
61	348
61	433
61	572
61	709
61	821
61	856
61	951
61	956
62	63
62	252
62	268
62	381
62	444
62	568
62	695
62	943
62	970
62	985
63	72
63	91
63	200
63	270
63	305
63	356
63	389
63	459
63	666
63	705
64	82
64	84
64	90
64	362
64	426
64	459
64	718
64	736
64	784
64	992
65	73
65	88
65	93
65	98
65	151
65	181
65	220
65	239
65	271
65	386
65	867
65	930
66	68
66	74
66	91
66	99
66	113
66	169
66	189
66	212
66	262
66	397
66	426
66	430
66	623
66	685
66	693
66	924
66	982
67	79
67	256
67	338
67	520
67	530
67	560
67	617
67	718
67	779
67	824
68	87
68	93
68	414
68	418
68	563
68	611
68	664
68	857
68	880
68	961
68	962
69	88
69	147
69	177
69	223
69	276
69	442
69	513
69	531
69	534
69	578
69	597
69	932
69	996
70	75
70	76
70	136
70	207
70	209
70	306
70	335
70	382
70	439
70	616
70	742
70	760
70	821
71	73
71	90
71	123
71	303
71	449
71	470
71	511
71	579
71	762
71	779
71	982
72	78
72	142
72	233
72	236
72	246
72	360
72	404
72	405
72	627
72	665
72	741
72	794
72	821
72	898
72	903
73	84
73	95
73	97
73	98
73	249
73	369
73	544
73	608
73	830
73	945
73	948
73	954
73	984
74	94
74	98
74	122
74	123
74	262
74	375
74	451
74	560
74	639
74	670
74	886
75	78
75	81
75	152
75	185
75	202
75	329
75	358
75	392
75	438
75	441
75	516
75	534
75	577
75	646
75	715
75	797
75	966
76	81
76	87
76	98
76	189
76	374
76	445
76	585
76	651
76	704
76	841
76	854
76	892
76	909
76	910
77	83
77	87
77	93
77	135
77	263
77	266
77	280
77	341
77	454
77	476
77	478
77	499
77	641
77	756
77	774
77	826
77	945
78	113
78	292
78	420
78	459
78	504
78	512
78	548
78	576
78	607
78	717
78	778
78	798
78	884
78	970
78	989
78	990
79	120
79	155
79	157
79	236
79	249
79	341
79	494
79	530
79	724
79	735
79	851
79	874
79	912
79	952
79	997
80	96
80	367
80	401
80	515
80	551
80	607
80	692
80	752
80	773
80	779
80	877
80	908
80	911
80	914
80	949
80	951
81	100
81	120
81	258
81	266
81	304
81	349
81	356
81	458
81	575
81	607
81	688
81	832
81	916
81	970
81	987
82	133
82	159
82	204
82	361
82	465
82	478
82	569
82	583
82	584
82	789
82	915
83	95
83	572
83	638
83	678
83	683
83	766
83	788
83	847
83	859
83	866
83	877
83	903
84	98
84	142
84	182
84	263
84	328
84	357
84	381
84	517
84	534
84	673
84	675
84	797
84	819
84	872
84	998
85	153
85	230
85	291
85	292
85	423
85	454
85	456
85	564
85	573
85	621
85	722
85	813
85	865
85	921
86	218
86	299
86	317
86	527
86	537
86	584
86	690
86	887
87	193
87	261
87	395
87	412
87	416
87	424
87	485
87	486
87	604
87	692
87	710
87	755
87	921
87	939
87	972
88	97
88	163
88	290
88	345
88	421
88	628
88	640
88	774
88	776
88	809
88	811
88	995
89	96
89	348
89	446
89	830
89	889
89	896
90	159
90	287
90	348
90	734
90	746
90	785
90	907
90	919
91	93
91	282
91	391
91	484
91	649
91	663
91	685
91	692
91	745
91	819
92	123
92	146
92	253
92	344
92	474
92	481
92	485
92	593
92	625
92	645
92	669
92	731
92	872
92	914
93	95
93	99
93	168
93	301
93	310
93	316
93	347
93	354
93	360
93	384
93	393
93	404
93	428
93	561
93	627
93	634
93	668
93	699
93	765
93	821
93	892
93	993
94	126
94	264
94	294
94	623
94	958
95	96
95	206
95	300
95	456
95	544
95	618
95	756
95	841
95	868
95	932
95	936
95	970
96	98
96	315
96	532
96	540
96	606
96	732
96	772
96	785
96	811
96	821
97	144
97	261
97	263
97	423
97	617
97	695
97	732
97	753
97	797
97	873
97	881
97	938
97	961
97	988
98	146
98	171
98	211
98	220
98	274
98	483
98	486
98	748
98	812
98	871
98	896
98	910
99	161
99	266
99	319
99	356
99	365
99	444
99	459
99	471
99	533
99	641
99	679
99	727
99	757
99	828
99	844
99	959
99	999
100	119
100	125
100	133
100	137
100	153
100	159
100	162
100	197
100	258
100	390
100	433
100	577
100	690
100	729
100	889
100	911
100	942
100	953
101	130
101	138
101	159
101	161
101	162
101	170
101	176
101	219
101	256
101	282
101	302
101	402
101	407
101	440
101	488
101	714
101	761
101	787
101	847
101	874
101	875
102	103
102	121
102	138
102	157
102	175
102	183
102	193
102	197
102	198
102	223
102	227
102	466
102	484
102	656
102	730
102	835
102	901
102	928
102	952
102	961
103	105
103	133
103	147
103	176
103	229
103	241
103	336
103	345
103	357
103	374
103	486
103	517
103	554
103	573
103	636
103	665
103	746
103	806
103	913
103	923
103	933
104	112
104	113
104	123
104	149
104	154
104	169
104	170
104	172
104	192
104	196
104	206
104	266
104	309
104	380
104	450
104	573
104	640
104	736
104	808
104	817
104	971
105	113
105	135
105	140
105	146
105	156
105	164
105	180
105	255
105	362
105	496
105	522
105	531
105	538
105	595
105	666
105	753
105	791
105	808
105	871
105	987
106	123
106	151
106	168
106	177
106	254
106	315
106	457
106	502
106	605
106	760
106	766
106	814
107	115
107	119
107	136
107	156
107	172
107	174
107	177
107	191
107	253
107	391
107	535
107	581
107	733
107	741
107	745
107	938
107	991
108	114
108	128
108	148
108	180
108	190
108	286
108	452
108	502
108	678
108	696
108	699
108	737
108	796
108	860
109	137
109	164
109	179
109	189
109	191
109	198
109	212
109	251
109	293
109	413
109	473
109	775
109	809
109	994
110	134
110	144
110	161
110	195
110	235
110	325
110	327
110	333
110	411
110	525
110	631
110	655
110	774
110	801
110	802
110	816
110	844
111	115
111	117
111	123
111	147
111	153
111	163
111	165
111	183
111	187
111	242
111	292
111	368
111	442
111	559
111	662
111	672
111	686
111	746
111	824
111	910
111	922
112	118
112	138
112	147
112	151
112	154
112	163
112	183
112	185
112	216
112	239
112	288
112	465
112	568
112	613
112	839
112	923
113	114
113	131
113	165
113	171
113	184
113	186
113	195
113	196
113	197
113	293
113	375
113	446
113	503
113	544
113	553
113	569
113	612
113	659
113	829
113	927
113	957
114	126
114	165
114	187
114	195
114	384
114	444
114	516
114	627
114	675
114	687
114	713
114	732
114	871
114	961
115	118
115	119
115	124
115	141
115	157
115	175
115	179
115	199
115	316
115	370
115	609
115	644
115	670
115	708
115	756
115	764
115	805
115	806
115	964
115	996
116	120
116	128
116	130
116	145
116	151
116	166
116	175
116	192
116	194
116	200
116	334
116	416
116	436
116	473
116	483
116	749
116	759
116	801
116	808
116	809
116	827
116	829
116	854
116	948
116	950
117	137
117	142
117	158
117	162
117	169
117	175
117	188
117	217
117	287
117	303
117	306
117	536
117	622
117	630
117	662
117	805
117	933
117	987
118	127
118	198
118	241
118	243
118	272
118	383
118	502
118	559
118	606
118	650
118	703
118	722
118	731
118	737
118	747
118	766
118	827
118	867
118	941
119	122
119	162
119	166
119	187
119	194
119	352
119	500
119	555
119	626
119	713
119	721
119	812
119	953
119	997
120	132
120	133
120	152
120	175
120	176
120	247
120	257
120	263
120	382
120	383
120	478
120	493
120	595
120	674
120	725
120	787
120	788
120	889
121	235
121	396
121	412
121	450
121	528
121	570
121	814
121	851
122	125
122	144
122	156
122	168
122	182
122	190
122	191
122	195
122	266
122	306
122	355
122	359
122	434
122	549
122	583
122	762
122	837
122	893
122	964
123	130
123	138
123	158
123	178
123	298
123	342
123	417
123	434
123	623
123	741
123	833
123	838
123	900
123	916
123	942
124	140
124	147
124	173
124	184
124	222
124	243
124	326
124	361
124	372
124	384
124	389
124	493
124	500
124	515
124	804
124	850
124	863
125	131
125	134
125	136
125	154
125	155
125	166
125	168
125	494
125	510
125	582
125	595
125	604
125	630
125	786
125	887
125	901
125	941
125	984
126	147
126	152
126	174
126	188
126	192
126	195
126	256
126	514
126	527
126	729
126	739
126	866
126	920
126	933
127	146
127	150
127	157
127	166
127	174
127	183
127	188
127	196
127	234
127	268
127	323
127	392
127	399
127	414
127	442
127	544
127	654
127	677
127	754
127	966
128	162
128	170
128	184
128	230
128	448
128	474
129	138
129	142
129	177
129	184
129	245
129	386
129	416
129	458
129	497
129	646
129	650
129	693
129	810
129	924
130	145
130	147
130	149
130	151
130	153
130	182
130	184
130	193
130	270
130	545
130	647
130	657
130	673
130	684
130	728
130	751
130	766
130	794
130	795
130	804
130	926
130	961
130	994
131	147
131	148
131	151
131	157
131	162
131	170
131	182
131	198
131	233
131	236
131	240
131	290
131	303
131	386
131	511
131	705
131	729
131	827
131	876
131	980
131	985
132	136
132	163
132	181
132	223
132	264
132	364
132	459
132	478
132	490
132	510
132	632
132	649
132	665
132	709
132	831
132	844
132	850
132	879
132	887
132	915
132	917
133	135
133	156
133	158
133	167
133	218
133	249
133	273
133	299
133	365
133	468
133	494
133	672
133	684
133	722
133	726
133	884
133	886
133	927
133	987
134	145
134	147
134	162
134	168
134	176
134	236
134	347
134	482
134	603
135	190
135	205
135	311
135	319
135	565
135	611
135	668
135	700
135	742
135	844
135	877
135	886
135	958
135	978
136	144
136	159
136	163
136	169
136	172
136	173
136	379
136	538
136	708
136	733
136	734
136	737
136	818
136	858
136	888
136	934
136	968
136	986
137	140
137	158
137	177
137	183
137	184
137	195
137	437
137	448
137	504
137	773
137	922
138	144
138	172
138	174
138	188
138	189
138	199
138	324
138	452
138	474
138	476
138	496
138	647
138	719
138	751
138	765
138	773
138	824
138	845
138	853
138	889
138	891
138	943
139	189
139	324
139	331
139	487
139	618
139	853
139	923
139	964
139	985
140	147
140	152
140	155
140	163
140	165
140	172
140	173
140	176
140	189
140	198
140	398
140	406
140	441
140	490
140	600
140	632
140	657
140	753
140	805
140	866
140	910
140	912
140	964
141	148
141	154
141	156
141	235
141	251
141	264
141	296
141	332
141	450
141	518
141	533
141	580
141	593
141	915
142	146
142	155
142	177
142	192
142	207
142	290
142	322
142	518
142	634
142	698
142	813
142	930
143	175
143	181
143	193
143	240
143	252
143	266
143	318
143	413
143	487
143	489
143	500
143	523
143	587
143	601
143	682
143	875
143	938
144	144
144	148
144	150
144	167
144	181
144	303
144	307
144	384
144	402
144	581
144	642
144	933
144	954
144	968
145	145
145	155
145	173
145	174
145	184
145	203
145	322
145	359
145	373
145	458
145	558
145	704
145	899
145	907
145	952
145	988
146	160
146	175
146	177
146	226
146	234
146	297
146	510
146	548
146	621
146	739
146	774
146	832
146	878
146	903
146	971
146	985
147	151
147	214
147	245
147	320
147	367
147	467
147	567
147	619
147	778
147	837
147	938
147	989
148	184
148	190
148	196
148	214
148	288
148	358
148	496
148	644
148	669
148	872
148	935
149	287
149	360
149	447
149	468
149	597
149	664
149	795
149	856
149	917
149	964
150	151
150	156
150	187
150	194
150	308
150	325
150	333
150	421
150	439
150	647
150	742
150	807
150	857
150	926
151	168
151	174
151	186
151	368
151	471
151	550
151	627
151	629
151	759
151	820
151	875
151	914
151	947
152	186
152	215
152	458
152	504
152	507
152	512
152	518
152	543
152	602
152	678
152	800
152	886
152	909
152	931
152	960
153	188
153	196
153	230
153	307
153	324
153	346
153	503
153	537
153	565
153	737
153	982
154	191
154	315
154	516
154	538
154	573
154	602
154	613
154	713
154	894
155	155
155	164
155	172
155	184
155	201
155	301
155	390
155	418
155	524
155	530
155	940
156	159
156	160
156	163
156	181
156	182
156	330
156	416
156	543
156	877
156	922
157	162
157	182
157	188
157	193
157	195
157	232
157	417
157	456
157	469
157	492
157	499
157	683
157	765
157	771
157	777
157	816
157	839
157	970
157	976
158	166
158	332
158	398
158	509
158	611
158	723
158	818
158	833
158	913
158	956
158	961
158	968
159	166
159	174
159	186
159	238
159	258
159	336
159	486
159	524
159	669
159	721
159	799
159	812
159	836
159	901
160	163
160	177
160	197
160	402
160	428
160	468
160	507
160	579
160	623
160	656
160	695
160	706
160	769
160	798
160	910
161	165
161	195
161	204
161	254
161	283
161	380
161	703
161	738
161	814
161	841
162	186
162	258
162	274
162	327
162	394
162	456
162	492
162	496
162	610
162	616
162	629
162	750
162	784
163	251
163	351
163	380
163	399
163	523
163	566
163	633
163	692
163	791
163	799
163	986
164	196
164	203
164	289
164	295
164	356
164	439
164	442
164	457
164	512
164	558
164	911
164	961
165	199
165	211
165	216
165	253
165	280
165	378
165	458
165	459
165	578
165	633
165	646
165	671
165	795
165	834
166	175
166	212
166	249
166	373
166	428
166	429
166	501
166	717
166	732
166	739
166	747
166	928
166	969
167	180
167	191
167	339
167	417
167	470
167	560
167	601
167	774
167	956
168	168
168	179
168	183
168	187
168	243
168	286
168	595
168	647
168	814
168	838
168	988
169	184
169	189
169	198
169	217
169	268
169	302
169	411
169	439
169	595
169	612
169	727
169	819
169	861
169	890
169	908
170	175
170	177
170	180
170	196
170	224
170	274
170	394
170	410
170	509
170	556
170	578
170	633
170	679
170	821
170	838
170	859
170	872
170	894
171	172
171	178
171	192
171	263
171	277
171	279
171	437
171	538
171	542
171	915
171	923
171	943
171	990
172	179
172	183
172	191
172	195
172	206
172	290
172	320
172	443
172	568
172	580
172	621
172	713
172	853
172	867
172	872
172	962
173	235
173	267
173	303
173	320
173	327
173	340
173	456
173	460
173	528
173	658
173	666
173	751
173	767
173	831
173	842
173	875
173	887
173	910
173	958
174	222
174	307
174	336
174	420
174	466
174	478
174	627
174	666
174	693
174	794
174	802
174	878
174	912
175	291
175	304
175	417
175	521
175	757
175	765
175	794
175	801
176	184
176	187
176	194
176	211
176	325
176	355
176	432
176	512
176	745
176	781
176	791
176	793
176	809
176	823
176	825
176	860
176	888
177	197
177	300
177	340
177	428
177	440
177	482
177	651
177	682
177	717
177	833
177	837
177	985
178	180
178	227
178	282
178	436
178	503
178	540
178	556
178	560
178	664
178	674
178	694
178	848
178	933
178	955
179	416
179	480
179	547
179	663
179	906
179	907
179	993
179	995
180	186
180	191
180	193
180	206
180	292
180	438
180	699
180	741
180	876
180	877
181	195
181	199
181	311
181	569
181	639
181	677
182	194
182	262
182	379
182	414
182	425
182	506
182	541
182	560
182	572
182	706
182	712
182	778
182	806
182	836
182	928
182	969
183	192
183	198
183	199
183	223
183	247
183	342
183	367
183	429
183	703
183	721
183	852
183	883
183	918
183	943
184	202
184	293
184	296
184	487
184	589
184	607
184	624
184	650
184	868
184	976
185	189
185	194
185	271
185	324
185	346
185	377
185	407
185	447
185	522
185	544
185	565
185	617
185	620
185	709
185	780
185	922
185	969
186	526
186	549
186	678
186	682
186	688
186	745
186	786
187	187
187	194
187	196
187	232
187	235
187	237
187	255
187	303
187	313
187	353
187	407
187	450
187	475
187	549
187	724
187	759
187	909
188	209
188	226
188	310
188	389
188	439
188	444
188	499
188	502
188	509
188	538
188	616
188	629
188	640
188	725
188	848
188	884
188	921
188	966
188	993
189	232
189	347
189	353
189	365
189	413
189	427
189	523
189	724
190	193
190	198
190	240
190	244
190	375
190	387
190	609
190	622
190	780
190	870
190	921
190	944
191	341
191	417
191	438
191	480
191	519
191	598
191	653
191	681
191	683
191	694
191	724
191	762
191	785
191	802
191	828
191	862
191	877
192	193
192	195
192	239
192	335
192	421
192	426
192	571
192	598
192	698
192	747
192	752
192	908
192	936
193	283
193	287
193	404
193	485
193	518
193	583
193	593
193	633
193	643
193	679
193	680
193	732
193	765
193	836
194	197
194	205
194	207
194	324
194	372
194	477
194	799
194	827
194	916
194	927
194	951
194	968
195	242
195	251
195	328
195	374
195	400
195	546
195	549
195	596
195	698
195	751
195	769
195	815
195	824
195	891
195	918
195	944
195	949
196	328
196	335
196	389
196	411
196	422
196	433
196	461
196	463
196	544
196	582
196	650
196	685
196	779
196	809
196	972
197	257
197	286
197	327
197	708
197	775
197	900
197	986
198	256
198	305
198	474
198	517
198	555
198	592
198	794
198	847
199	216
199	291
199	350
199	352
199	438
199	816
199	817
199	903
199	930
199	974
199	998
200	221
200	237
200	240
200	246
200	251
200	261
200	269
200	278
200	286
200	299
200	324
200	396
200	481
200	495
200	632
200	839
200	960
200	993
201	226
201	227
201	237
201	261
201	264
201	284
201	331
201	388
201	397
201	534
201	541
201	623
201	685
201	959
202	263
202	281
202	288
202	301
202	327
202	401
202	409
202	477
202	508
202	511
202	524
202	582
202	592
202	598
202	627
202	659
202	699
202	783
202	900
202	926
202	988
203	223
203	255
203	266
203	270
203	274
203	296
203	331
203	391
203	420
203	578
203	767
203	852
203	918
203	991
204	210
204	245
204	262
204	275
204	290
204	297
204	670
204	756
204	757
204	784
204	795
205	214
205	232
205	234
205	256
205	269
205	270
205	283
205	336
205	389
205	423
205	530
205	570
205	579
205	653
205	658
205	675
205	820
205	886
205	927
205	952
206	220
206	246
206	278
206	281
206	282
206	394
206	534
206	583
206	663
206	715
206	768
206	824
206	962
207	238
207	254
207	259
207	263
207	268
207	284
207	294
207	308
207	374
207	494
207	507
207	616
207	785
207	859
207	933
207	960
208	234
208	235
208	250
208	257
208	272
208	292
208	327
208	366
208	377
208	753
208	771
208	843
208	877
208	879
209	210
209	215
209	227
209	273
209	287
209	365
209	404
209	439
209	452
209	498
209	521
209	559
209	577
209	623
209	636
209	644
209	860
209	930
209	996
210	222
210	226
210	235
210	293
210	468
210	488
210	652
210	700
210	716
210	756
210	853
211	213
211	215
211	222
211	235
211	248
211	250
211	269
211	421
211	478
211	482
211	637
211	694
211	731
211	738
211	749
211	798
211	971
211	978
212	230
212	234
212	269
212	270
212	287
212	351
212	447
212	540
212	630
212	639
212	671
212	736
212	789
212	883
213	240
213	247
213	263
213	266
213	269
213	272
213	289
213	294
213	458
213	671
213	835
213	847
213	857
213	869
213	985
214	218
214	230
214	231
214	252
214	255
214	270
214	294
214	296
214	344
214	364
214	366
214	404
214	414
214	533
214	658
214	829
214	934
215	220
215	237
215	247
215	290
215	365
215	666
215	745
216	236
216	260
216	278
216	517
216	531
216	546
216	570
216	847
216	997
217	217
217	220
217	221
217	242
217	249
217	259
217	290
217	295
217	345
217	385
217	490
217	517
217	578
217	689
217	690
217	740
217	748
217	833
217	843
217	903
217	917
218	248
218	256
218	259
218	265
218	293
218	339
218	347
218	371
218	404
218	573
218	626
218	663
218	722
218	726
218	895
218	940
219	247
219	263
219	270
219	282
219	295
219	298
219	332
219	396
219	408
219	433
219	490
219	554
219	565
219	618
219	671
219	682
219	756
219	767
219	790
219	800
219	869
219	903
220	239
220	250
220	265
220	267
220	275
220	281
220	293
220	350
220	496
220	547
220	750
220	777
220	956
221	223
221	242
221	248
221	258
221	273
221	281
221	282
221	289
221	312
221	457
221	539
221	613
221	619
221	704
221	731
221	751
221	828
221	846
221	855
222	224
222	231
222	242
222	279
222	376
222	423
222	518
222	520
222	554
222	570
222	619
222	655
222	674
222	872
222	889
222	962
223	225
223	248
223	267
223	273
223	276
223	430
223	529
223	629
223	728
223	745
223	901
223	933
223	979
223	994
224	232
224	262
224	263
224	281
224	283
224	333
224	351
224	390
224	609
224	632
224	650
224	676
224	767
224	808
224	877
224	878
225	225
225	235
225	257
225	267
225	275
225	284
225	310
225	354
225	391
225	502
225	505
225	634
225	705
225	731
225	733
225	829
225	867
225	907
226	233
226	290
226	293
226	392
226	486
226	647
226	649
226	728
226	733
226	771
226	785
227	235
227	257
227	278
227	280
227	295
227	306
227	518
227	651
227	718
227	863
227	951
228	229
228	234
228	237
228	244
228	264
228	278
228	398
228	446
228	466
228	552
228	621
228	622
228	733
228	749
228	798
228	808
228	882
228	890
229	251
229	260
229	269
229	271
229	272
229	286
229	299
229	301
229	378
229	397
229	512
229	720
229	728
229	762
229	766
229	900
229	944
229	978
230	231
230	254
230	297
230	428
230	459
230	475
230	508
230	563
230	612
230	681
230	702
230	703
230	743
230	921
230	944
230	965
231	244
231	246
231	257
231	268
231	273
231	288
231	292
231	317
231	367
231	375
231	393
231	549
231	570
231	575
231	673
231	783
231	803
231	830
231	868
231	907
231	933
231	957
231	975
231	976
232	233
232	244
232	253
232	258
232	267
232	294
232	295
232	323
232	331
232	350
232	391
232	563
232	701
232	704
232	795
232	809
232	894
232	901
232	977
232	985
233	241
233	270
233	272
233	278
233	288
233	297
233	394
233	426
233	445
233	470
233	510
233	537
233	541
233	629
233	668
233	684
233	806
233	931
233	997
234	244
234	262
234	263
234	286
234	294
234	424
234	500
234	542
234	675
234	737
234	743
234	747
235	241
235	245
235	257
235	290
235	294
235	295
235	427
235	616
235	620
235	644
235	790
235	812
235	829
235	854
235	878
235	901
235	967
235	977
236	258
236	279
236	291
236	292
236	297
236	385
236	438
236	488
236	649
236	898
236	901
236	953
237	237
237	248
237	260
237	267
237	280
237	293
237	295
237	297
237	308
237	359
237	408
237	493
237	627
237	753
237	850
237	914
237	944
237	971
237	974
237	977
238	251
238	263
238	272
238	280
238	286
238	288
238	297
238	308
238	333
238	347
238	350
238	351
238	446
238	499
238	657
238	850
238	889
238	975
238	979
239	243
239	296
239	306
239	320
239	349
239	468
239	510
239	518
239	567
239	635
239	794
239	834
239	886
239	896
239	904
239	910
239	945
239	987
240	252
240	258
240	297
240	362
240	370
240	460
240	502
240	506
240	617
240	726
240	834
240	876
240	930
241	241
241	243
241	268
241	278
241	317
241	387
241	425
241	445
241	453
241	475
241	528
241	625
241	763
241	921
241	927
241	993
242	243
242	261
242	273
242	276
242	292
242	300
242	454
242	473
242	516
242	521
242	616
242	621
242	673
242	737
242	760
242	766
242	929
242	996
243	254
243	271
243	280
243	291
243	292
243	336
243	362
243	363
243	369
243	389
243	444
243	494
243	551
243	552
243	568
244	268
244	275
244	278
244	407
244	419
244	431
244	576
244	656
244	679
244	798
244	810
244	868
244	915
244	920
245	268
245	297
245	319
245	337
245	346
245	350
245	545
245	670
245	764
245	879
245	950
245	958
245	997
246	246
246	265
246	268
246	282
246	285
246	291
246	349
246	381
246	392
246	675
246	782
246	801
246	864
246	936
247	281
247	290
247	448
247	497
247	505
247	548
247	558
247	650
247	680
247	683
247	704
247	708
247	863
247	887
247	919
248	272
248	414
248	460
248	581
248	592
248	792
248	829
248	902
248	956
249	256
249	286
249	293
249	320
249	343
249	350
249	515
249	545
249	606
249	751
249	762
249	786
249	807
249	812
249	836
249	980
250	254
250	261
250	271
250	286
250	289
250	538
250	549
250	553
250	574
250	647
250	985
251	258
251	277
251	313
251	324
251	363
251	401
251	405
251	419
251	432
251	763
251	836
251	842
251	874
252	260
252	264
252	297
252	329
252	336
252	458
252	538
252	715
252	754
252	969
253	264
253	266
253	381
253	940
253	977
254	261
254	296
254	298
254	317
254	395
254	447
254	451
254	596
254	757
254	767
254	850
254	971
255	266
255	292
255	296
255	334
255	429
255	497
255	718
255	764
255	766
255	840
255	846
255	893
255	908
255	978
255	994
256	262
256	267
256	277
256	280
256	352
256	682
256	716
256	794
256	824
256	837
256	863
256	889
256	894
257	293
257	414
257	472
257	561
257	733
257	898
257	908
257	917
257	967
258	298
258	318
258	456
258	510
258	548
258	613
258	776
258	907
258	931
259	263
259	285
259	453
259	573
259	660
259	695
259	876
259	952
260	279
260	280
260	288
260	291
260	330
260	420
260	443
260	448
260	633
260	770
260	815
260	944
260	959
260	980
260	989
261	265
261	267
261	268
261	274
261	329
261	341
261	455
261	486
261	493
261	732
261	811
261	942
261	949
261	987
262	292
262	300
262	338
262	363
262	394
262	447
262	469
262	497
262	607
262	631
262	662
262	689
262	731
262	826
262	985
263	268
263	276
263	282
263	309
263	567
263	581
263	669
263	680
263	698
263	844
263	926
263	939
263	940
264	269
264	273
264	286
264	290
264	294
264	403
264	495
264	502
264	609
264	757
264	911
265	267
265	276
265	281
265	290
265	400
265	505
265	616
265	617
265	644
265	663
265	782
265	859
265	871
265	877
265	929
265	997
266	268
266	281
266	292
266	293
266	297
266	302
266	311
266	400
266	409
266	417
266	448
266	450
266	836
266	915
267	271
267	277
267	459
267	505
267	562
267	626
267	679
267	681
267	790
267	927
267	961
268	286
268	289
268	313
268	407
268	490
268	539
268	619
268	710
268	738
268	749
268	798
268	930
269	278
269	378
269	603
269	612
269	673
269	746
269	828
269	910
269	959
270	278
270	279
270	302
270	321
270	346
270	410
270	419
270	533
270	658
270	670
270	795
270	846
270	887
270	914
271	281
271	287
271	336
271	437
271	498
271	533
271	563
271	837
271	848
271	864
271	868
271	883
271	903
272	275
272	276
272	293
272	313
272	343
272	376
272	423
272	665
272	669
272	701
272	750
272	838
272	942
272	975
273	282
273	284
273	291
273	438
273	538
273	620
273	719
273	786
273	969
273	971
274	277
274	293
274	358
274	366
274	445
274	599
274	614
274	635
274	794
275	276
275	288
275	310
275	497
275	542
275	716
275	939
275	979
276	286
276	445
276	489
276	538
276	603
276	650
276	991
277	279
277	372
277	432
277	539
277	575
277	600
277	631
277	882
277	939
277	997
278	290
278	298
278	299
278	306
278	370
278	411
278	418
278	501
278	595
278	614
278	627
278	685
278	921
278	943
278	948
278	993
279	283
279	365
279	373
279	549
279	566
279	613
279	884
279	927
279	930
280	287
280	324
280	327
280	418
280	534
280	695
280	753
280	783
280	805
280	814
281	284
281	288
281	291
281	329
281	421
281	480
281	520
281	538
281	564
281	568
281	571
281	611
281	628
281	685
281	719
281	746
281	774
281	879
282	300
282	350
282	357
282	411
282	474
282	500
282	632
282	660
282	674
282	849
283	295
283	296
283	537
283	616
283	672
283	706
283	965
284	431
284	495
284	595
284	643
284	794
285	733
285	788
285	857
286	411
286	518
286	558
286	576
286	595
286	698
286	737
286	854
286	865
286	924
287	293
287	425
287	567
287	590
287	611
287	663
287	681
287	764
287	794
287	850
287	911
288	356
288	386
288	415
288	535
288	543
288	606
288	641
288	671
288	729
288	987
288	992
289	310
289	417
289	451
289	473
289	545
289	564
289	700
289	719
289	921
289	961
289	973
290	298
290	317
290	330
290	343
290	364
290	412
290	467
290	472
290	488
290	652
290	700
290	756
290	759
290	809
290	951
291	292
291	299
291	314
291	330
291	377
291	557
291	672
291	687
291	713
291	745
291	804
291	832
291	927
292	491
292	553
292	565
292	645
292	685
292	696
292	798
292	810
293	449
293	496
293	918
294	607
294	615
294	826
294	831
294	994
295	581
295	610
295	641
295	678
295	696
295	898
295	904
295	932
295	968
295	983
295	995
296	537
296	543
296	588
296	636
296	663
296	856
296	942
296	987
297	374
297	401
297	445
297	562
297	693
297	742
297	783
297	989
298	299
298	308
298	336
298	406
298	524
298	664
298	695
298	708
298	750
298	870
298	929
298	941
299	319
299	453
299	556
299	761
299	890
299	914
300	301
300	307
300	324
300	394
300	549
300	615
300	626
300	627
300	669
300	684
300	788
300	817
300	882
300	886
300	912
300	970
301	305
301	316
301	317
301	336
301	364
301	381
301	383
301	387
301	410
301	478
301	544
301	626
301	740
301	750
301	803
301	853
301	991
302	306
302	336
302	342
302	343
302	345
302	350
302	356
302	367
302	378
302	397
302	497
302	503
302	553
302	597
302	651
302	663
302	770
302	794
302	949
302	950
303	371
303	513
303	537
303	552
303	583
303	593
303	597
303	665
303	759
303	877
303	951
303	982
304	306
304	315
304	321
304	366
304	379
304	392
304	573
304	629
304	690
304	750
304	816
304	910
305	320
305	332
305	344
305	347
305	359
305	374
305	379
305	390
305	399
305	606
305	682
305	726
305	751
305	806
305	847
306	312
306	366
306	381
306	389
306	430
306	516
306	567
306	639
306	684
306	707
306	774
306	852
306	878
307	309
307	315
307	322
307	337
307	346
307	354
307	360
307	361
307	363
307	370
307	378
307	395
307	398
307	477
307	564
307	596
307	630
307	696
307	716
307	793
307	844
307	913
307	979
307	987
308	343
308	352
308	368
308	381
308	475
308	480
308	483
308	755
308	952
308	991
309	344
309	356
309	357
309	367
309	385
309	433
309	439
309	492
309	502
309	584
309	686
309	908
309	990
310	314
310	346
310	420
310	502
310	528
310	556
310	557
310	635
310	661
310	782
311	320
311	341
311	349
311	351
311	377
311	380
311	386
311	388
311	392
311	504
311	533
311	597
311	695
311	855
311	965
312	313
312	318
312	341
312	352
312	353
312	374
312	508
312	637
312	665
312	688
312	785
312	800
312	807
312	855
312	857
312	890
312	955
312	985
313	321
313	329
313	341
313	362
313	368
313	390
313	395
313	518
313	561
313	819
313	822
313	923
313	947
314	323
314	339
314	341
314	342
314	376
314	381
314	385
314	580
314	619
314	678
314	708
314	730
314	749
314	765
314	799
314	915
314	939
315	363
315	383
315	514
315	662
315	802
315	818
315	843
315	895
315	903
315	906
316	356
316	369
316	375
316	455
316	478
316	501
316	718
316	918
317	325
317	333
317	370
317	384
317	399
317	400
317	490
317	531
317	789
317	925
317	977
317	981
318	319
318	338
318	341
318	354
318	378
318	388
318	398
318	406
318	486
318	509
318	562
318	641
318	711
318	747
319	342
319	381
319	431
319	448
319	453
319	585
319	619
319	649
319	663
319	670
319	900
320	336
320	337
320	343
320	348
320	361
320	372
320	381
320	394
320	398
320	411
320	521
320	592
320	775
320	829
320	917
321	345
321	350
321	368
321	388
321	399
321	473
321	567
321	712
321	739
321	935
321	964
322	323
322	354
322	377
322	384
322	549
322	586
322	597
322	638
322	927
323	330
323	340
323	375
323	381
323	382
323	505
323	519
323	521
323	541
323	662
323	837
323	912
323	935
323	996
324	350
324	367
324	375
324	382
324	398
324	412
324	498
324	514
324	584
324	617
324	672
324	701
324	897
324	930
325	329
325	332
325	336
325	338
325	361
325	389
325	657
325	698
325	720
325	778
325	855
325	861
325	878
325	964
325	976
326	347
326	351
326	358
326	359
326	364
326	367
326	382
326	390
326	608
326	708
326	732
326	756
326	914
326	951
326	959
326	963
327	339
327	347
327	371
327	376
327	410
327	412
327	428
327	433
327	477
327	599
327	684
327	690
327	706
327	716
327	731
327	775
327	852
327	861
327	967
328	344
328	351
328	354
328	366
328	370
328	383
328	390
328	478
328	534
328	749
328	751
328	828
328	855
328	942
328	996
329	332
329	372
329	374
329	377
329	605
329	814
329	860
329	894
329	967
330	341
330	362
330	372
330	374
330	376
330	381
330	382
330	385
330	399
330	608
330	933
331	337
331	340
331	357
331	358
331	369
331	397
331	403
331	775
331	812
331	905
332	358
332	369
332	398
332	597
332	602
332	632
332	638
332	657
332	782
332	857
332	997
333	334
333	390
333	439
333	465
333	591
333	688
333	757
333	952
333	972
334	335
334	355
334	367
334	368
334	392
334	393
334	396
334	397
334	446
334	566
334	578
334	637
334	746
334	915
335	343
335	346
335	351
335	358
335	365
335	370
335	389
335	483
335	509
335	575
335	636
335	648
335	663
335	741
335	774
335	880
335	891
335	898
335	954
335	981
335	988
335	999
336	371
336	376
336	418
336	519
336	577
336	590
336	703
336	720
336	844
336	883
336	973
337	374
337	393
337	394
337	469
337	919
337	925
337	929
337	950
337	991
338	341
338	346
338	378
338	390
338	394
338	395
338	419
338	475
338	606
338	707
338	827
338	915
338	924
338	967
339	342
339	343
339	345
339	356
339	376
339	396
339	483
339	499
339	512
339	599
339	633
339	637
339	840
339	860
339	923
339	924
339	967
340	366
340	368
340	377
340	383
340	384
340	430
340	608
340	795
340	936
340	942
340	948
340	977
340	991
341	357
341	359
341	398
341	411
341	435
341	464
341	534
341	550
341	645
341	664
341	891
342	383
342	410
342	527
342	728
342	741
342	869
342	939
343	349
343	351
343	360
343	368
343	435
343	468
343	512
343	644
343	663
343	788
343	874
343	992
344	346
344	377
344	384
344	389
344	489
344	503
344	776
344	842
344	899
344	907
345	349
345	366
345	369
345	512
345	539
345	540
345	572
345	703
345	715
345	884
345	903
346	353
346	372
346	375
346	376
346	399
346	424
346	462
346	506
346	619
346	624
346	804
346	822
346	829
346	895
346	947
346	993
347	392
347	397
347	402
347	520
347	527
347	606
347	640
347	706
347	804
347	836
347	844
348	358
348	381
348	692
348	705
348	933
349	362
349	379
349	387
349	521
349	591
349	732
349	858
349	908
349	917
349	947
350	354
350	494
350	637
350	645
350	650
350	754
350	755
350	878
350	892
350	952
351	354
351	363
351	364
351	374
351	529
351	534
351	774
351	834
351	940
351	998
352	397
352	398
352	454
352	567
352	575
352	870
352	969
353	382
353	406
353	574
353	756
353	762
353	878
353	896
353	943
353	993
353	995
353	996
354	380
354	425
354	426
354	499
354	640
354	740
354	793
354	836
354	884
354	887
354	941
354	970
355	357
355	379
355	388
355	391
355	470
355	481
355	551
355	614
355	690
355	693
355	771
355	830
355	845
355	846
355	903
355	934
356	357
356	377
356	395
356	459
356	482
356	555
356	594
356	743
356	810
356	860
356	928
357	361
357	378
357	395
357	474
357	521
357	626
357	735
357	772
357	774
357	830
358	391
358	409
358	551
358	575
358	665
358	732
358	747
358	750
358	771
358	780
358	947
359	372
359	427
359	505
359	523
359	666
359	857
359	858
359	862
359	878
359	913
359	984
360	392
360	526
360	686
360	737
360	834
360	865
360	916
361	396
361	443
361	569
361	662
362	367
362	373
362	375
362	376
362	387
362	399
362	405
362	413
362	436
362	451
362	584
362	628
362	637
362	638
362	667
362	708
362	786
362	798
362	993
363	369
363	372
363	395
363	397
363	449
363	563
363	585
363	613
363	751
363	965
363	983
363	987
364	371
364	373
364	425
364	525
364	557
364	752
364	855
364	884
364	896
365	366
365	370
365	380
365	389
365	460
365	470
365	523
365	567
365	673
365	716
365	761
365	780
365	812
365	839
366	369
366	377
366	386
366	403
366	407
366	410
366	444
366	538
366	550
366	741
366	800
366	801
366	866
366	872
366	988
367	370
367	388
367	467
367	474
367	629
367	770
367	872
367	916
367	924
368	388
368	396
368	503
368	565
368	690
368	696
368	796
368	819
368	974
369	374
369	382
369	638
369	664
369	832
370	374
370	382
370	457
370	467
370	550
370	552
370	591
370	664
370	724
370	767
371	378
371	387
371	446
371	529
371	562
371	596
371	655
371	701
371	762
371	788
371	838
371	845
371	927
371	945
371	964
371	996
372	384
372	444
372	534
372	618
372	647
372	887
372	892
372	934
373	377
373	390
373	394
373	415
373	440
373	617
373	621
373	647
373	733
373	752
373	788
373	812
373	831
373	853
373	945
373	983
374	375
374	383
374	385
374	394
374	395
374	398
374	533
374	738
375	383
375	384
375	385
375	389
375	392
375	580
375	627
375	644
375	714
375	875
375	930
375	963
375	966
376	385
376	415
376	424
376	442
376	475
376	481
376	683
376	795
377	381
377	383
377	387
377	388
377	455
377	473
377	685
377	731
377	774
377	814
377	888
377	893
377	940
377	990
378	387
378	404
378	424
378	440
378	442
378	484
378	510
378	610
378	678
378	693
378	694
378	735
378	754
378	811
378	888
379	666
379	671
379	755
379	770
379	779
379	793
379	797
379	870
379	880
379	894
379	946
380	434
380	489
380	501
380	520
380	674
380	684
380	711
380	722
380	921
381	385
381	393
381	398
381	415
381	502
381	547
381	576
381	682
381	799
381	880
381	919
381	946
382	399
382	487
382	618
382	624
382	896
382	908
382	953
382	963
383	524
383	644
383	779
383	866
383	922
384	551
384	563
384	628
384	656
384	674
384	730
384	754
384	760
385	389
385	408
385	455
385	553
385	647
385	686
385	865
385	976
386	395
386	396
386	562
386	567
386	674
386	765
386	817
386	829
386	872
386	883
386	931
386	988
387	435
387	541
387	544
387	576
387	614
387	855
387	940
388	457
388	459
388	505
388	586
388	638
388	751
388	803
388	868
389	390
389	553
389	583
389	733
389	744
389	790
389	904
389	906
389	960
390	394
390	481
390	494
390	571
390	735
390	813
390	903
390	920
391	392
391	394
391	527
391	589
391	640
391	659
391	686
391	881
391	969
392	400
392	443
392	648
392	655
393	441
393	469
393	486
393	576
393	646
393	662
393	798
393	809
393	927
394	497
394	533
394	600
394	630
394	802
394	813
394	838
394	864
394	914
395	396
395	580
395	616
395	621
395	733
395	738
395	767
395	866
395	886
395	889
396	397
396	716
396	807
396	947
396	973
396	983
397	554
397	605
397	616
397	625
397	688
397	747
397	815
397	820
397	836
397	904
397	974
398	753
398	897
399	408
399	478
399	596
399	666
399	732
399	775
399	798
399	840
399	871
399	990
400	404
400	419
400	422
400	442
400	458
400	466
400	469
400	477
400	509
400	588
400	731
400	738
400	747
400	819
400	840
400	870
400	888
400	918
401	409
401	427
401	453
401	467
401	473
401	477
401	505
401	520
401	570
401	737
401	744
401	757
401	787
401	833
401	855
401	918
401	952
402	443
402	461
402	475
402	482
402	487
402	623
402	682
402	723
402	792
402	908
402	967
402	992
403	403
403	439
403	478
403	489
403	527
403	581
403	850
403	876
403	881
403	920
403	953
403	955
403	983
404	422
404	431
404	432
404	459
404	595
404	612
404	919
405	416
405	452
405	463
405	476
405	483
405	492
405	494
405	498
405	522
405	584
405	764
405	775
405	809
405	832
405	911
405	945
406	415
406	428
406	446
406	451
406	467
406	478
406	482
406	522
406	569
406	571
406	588
406	603
406	660
406	714
406	760
406	843
406	899
407	410
407	418
407	419
407	420
407	447
407	450
407	493
407	494
407	497
407	513
407	561
407	645
407	683
407	730
407	784
407	810
407	847
407	902
407	941
408	419
408	458
408	476
408	481
408	498
408	499
408	508
408	520
408	599
408	608
408	645
408	799
408	858
408	872
409	414
409	440
409	443
409	448
409	450
409	465
409	483
409	492
409	525
409	586
409	645
409	665
409	696
409	767
409	785
409	817
409	862
409	944
409	971
410	414
410	419
410	435
410	441
410	457
410	460
410	465
410	521
410	577
410	634
410	670
410	684
410	717
410	737
410	804
410	880
410	917
410	919
411	415
411	417
411	426
411	428
411	462
411	478
411	481
411	486
411	620
411	629
411	807
411	899
411	927
412	415
412	428
412	436
412	453
412	481
412	488
412	494
412	677
412	724
412	759
412	790
412	947
413	432
413	433
413	437
413	491
413	686
413	703
413	729
413	750
413	797
413	847
413	957
414	416
414	428
414	431
414	436
414	454
414	457
414	466
414	488
414	490
414	496
414	498
414	594
414	642
414	653
414	798
414	867
414	876
414	981
415	420
415	424
415	425
415	426
415	433
415	445
415	467
415	484
415	489
415	585
415	609
415	652
415	662
415	726
415	845
415	896
415	963
415	971
416	420
416	450
416	472
416	483
416	486
416	611
416	647
416	748
416	792
416	807
416	815
416	858
417	464
417	465
417	467
417	470
417	479
417	483
417	484
417	488
417	600
417	714
417	933
418	440
418	446
418	452
418	463
418	484
418	737
418	889
418	960
419	452
419	457
419	465
419	471
419	484
419	590
419	594
419	712
419	913
420	425
420	427
420	450
420	455
420	463
420	479
420	633
420	807
420	907
420	917
421	442
421	443
421	472
421	475
421	485
421	487
421	489
421	599
421	737
421	749
421	913
422	468
422	471
422	485
422	489
422	490
422	491
422	533
422	537
422	680
422	692
422	744
422	750
422	834
422	854
422	934
422	954
422	975
423	432
423	457
423	459
423	481
423	485
423	494
423	569
423	675
423	678
423	798
423	803
423	899
424	454
424	461
424	467
424	495
424	621
424	668
424	702
424	706
424	770
424	775
424	812
424	998
425	461
425	464
425	489
425	490
425	491
425	493
425	681
425	705
425	765
425	814
425	849
426	427
426	454
426	459
426	471
426	485
426	506
426	759
426	810
426	910
427	439
427	466
427	474
427	481
427	482
427	675
427	732
427	820
427	892
427	969
428	437
428	438
428	456
428	457
428	465
428	467
428	484
428	485
428	623
428	672
428	692
428	756
428	775
428	857
428	928
428	984
429	498
429	593
429	615
429	622
429	644
429	734
429	743
429	758
429	828
429	865
429	909
429	990
430	457
430	499
430	521
430	625
430	641
430	664
430	962
431	433
431	476
431	484
431	678
431	844
432	433
432	466
432	468
432	486
432	492
432	542
432	919
432	925
432	985
433	449
433	457
433	458
433	459
433	489
433	573
433	575
433	584
433	650
433	672
433	821
433	832
434	442
434	461
434	479
434	482
434	488
434	490
434	503
434	516
434	579
434	651
434	655
434	669
434	742
434	745
434	767
434	800
434	924
434	958
435	435
435	444
435	463
435	466
435	478
435	541
435	583
435	721
435	801
435	889
435	913
436	438
436	480
436	806
436	822
436	860
436	918
436	935
436	972
437	440
437	443
437	448
437	451
437	457
437	494
437	498
437	547
437	741
437	803
437	877
437	997
438	448
438	453
438	459
438	463
438	470
438	471
438	476
438	497
438	518
438	536
438	596
438	703
438	752
438	788
438	972
439	445
439	447
439	458
439	462
439	485
439	488
439	550
439	627
439	671
439	697
439	745
439	796
439	857
440	441
440	445
440	450
440	497
440	638
440	646
440	698
440	713
440	829
440	844
440	864
440	958
441	446
441	462
441	475
441	548
441	589
441	597
441	672
441	733
441	803
441	854
441	860
441	935
442	459
442	487
442	502
442	549
442	697
442	745
442	749
442	844
442	920
442	927
443	458
443	488
443	496
443	542
443	550
443	601
443	781
443	845
443	983
444	472
444	489
444	492
444	538
444	607
444	613
444	656
444	779
444	815
444	832
444	931
444	975
444	994
445	449
445	457
445	466
445	481
445	492
445	629
445	674
445	765
445	791
445	842
445	849
445	906
445	925
446	456
446	458
446	473
446	480
446	484
446	487
446	489
446	498
446	546
446	757
446	782
446	868
446	962
446	966
447	474
447	488
447	493
447	499
447	580
447	709
447	735
447	759
447	814
447	830
447	862
447	865
447	948
447	977
447	998
448	470
448	473
448	489
448	560
448	598
448	629
448	710
448	781
448	788
448	898
448	922
449	455
449	459
449	472
449	475
449	477
449	501
449	561
449	565
449	571
449	584
449	627
449	654
449	659
449	753
449	815
450	451
450	489
450	498
450	499
450	587
450	625
450	648
450	771
450	806
450	813
450	907
450	950
450	957
451	455
451	463
451	465
451	475
451	477
451	535
451	607
451	628
451	757
451	903
451	998
452	462
452	476
452	496
452	542
452	568
452	575
452	637
452	664
452	747
452	857
452	957
452	973
453	484
453	497
453	499
453	611
453	651
453	652
453	825
453	854
453	952
454	468
454	481
454	489
454	531
454	579
454	681
454	886
454	904
454	948
454	954
454	958
455	556
455	601
455	602
455	675
455	751
455	771
455	845
455	914
456	459
456	463
456	465
456	558
456	560
456	636
456	644
456	905
457	473
457	479
457	483
457	491
457	517
457	531
457	647
457	658
457	663
457	708
457	763
457	767
457	772
457	856
457	959
458	463
458	512
458	559
458	641
458	682
458	722
458	796
458	876
458	995
459	460
459	467
459	475
459	481
459	485
459	496
459	499
459	571
459	589
459	626
459	665
459	673
459	703
459	711
459	767
459	791
459	794
459	799
459	890
459	959
460	460
460	481
460	483
460	495
460	499
460	671
460	678
460	690
460	763
460	797
460	828
460	888
460	919
461	461
461	481
461	483
461	490
461	502
461	544
461	549
461	576
461	618
461	640
461	697
461	705
461	787
461	817
461	882
461	891
461	907
462	477
462	496
462	706
462	794
462	848
462	949
463	485
463	488
463	687
463	715
463	744
463	776
464	476
464	491
464	497
464	531
464	551
464	554
464	562
464	582
464	649
464	829
464	891
465	536
465	544
465	546
465	554
465	589
465	722
465	789
465	795
465	926
465	968
465	996
466	467
466	474
466	484
466	497
466	527
466	596
466	687
466	927
467	471
467	572
467	665
467	708
467	752
467	834
467	852
467	879
468	471
468	491
468	493
468	603
468	618
468	853
468	906
468	938
468	939
468	944
468	997
469	477
469	487
469	576
469	577
469	609
469	664
469	741
469	842
469	901
470	472
470	475
470	480
470	483
470	495
470	582
470	675
470	698
470	899
470	955
471	706
471	802
471	884
472	473
472	490
472	491
472	715
472	731
472	885
472	923
473	489
473	493
473	495
473	509
473	527
473	529
473	592
473	741
473	761
473	787
473	834
473	835
473	850
473	875
474	488
474	710
474	836
474	894
474	900
475	492
475	517
475	527
475	540
475	544
475	567
475	584
475	662
475	782
475	865
475	950
475	989
476	480
476	503
476	634
476	681
476	766
476	824
476	836
476	902
476	910
476	932
477	609
477	630
477	699
477	721
477	792
477	902
477	936
477	973
477	974
477	983
478	489
478	556
478	587
478	594
478	774
478	801
478	806
478	962
478	976
478	994
479	497
479	537
479	579
479	620
479	758
479	784
479	794
479	800
479	850
479	864
479	952
479	981
480	490
480	517
480	536
480	826
481	487
481	505
481	542
481	600
481	801
481	837
481	880
481	940
481	984
482	488
482	503
482	574
482	591
482	699
482	906
482	907
483	498
483	539
483	582
483	622
483	676
483	705
483	721
483	847
483	872
483	978
483	986
484	574
484	588
484	629
484	763
484	888
484	919
485	486
485	499
485	647
485	732
485	802
485	888
485	920
485	932
485	939
486	580
486	607
486	619
486	784
486	907
487	497
487	509
487	590
487	689
487	707
487	741
487	846
487	966
488	498
488	615
488	633
488	868
488	886
488	928
488	937
489	514
489	601
489	673
489	727
489	909
489	983
490	497
490	508
490	513
490	539
490	682
490	824
490	868
490	891
490	922
490	944
490	979
491	589
491	838
491	965
491	991
492	498
492	550
492	552
492	624
492	649
492	738
492	799
492	802
493	642
493	692
493	769
493	843
493	848
493	986
494	501
494	520
494	769
494	790
494	850
494	882
494	888
495	526
495	664
495	728
495	736
495	753
495	900
495	931
495	959
496	551
496	571
496	754
496	792
496	818
496	882
496	904
496	927
496	951
497	545
497	706
497	787
497	908
497	926
497	927
498	529
498	595
498	680
498	694
498	733
498	813
498	968
499	524
499	574
499	679
499	880
499	900
499	980
499	981
500	501
500	502
500	517
500	519
500	526
500	582
500	585
500	593
500	601
500	711
500	805
500	806
501	525
501	535
501	547
501	559
501	562
501	564
501	579
501	581
501	583
501	585
501	654
501	664
501	749
501	778
501	811
501	906
502	514
502	516
502	530
502	553
502	563
502	586
502	630
502	694
502	745
502	750
502	776
502	780
502	950
502	956
503	522
503	523
503	524
503	547
503	555
503	559
503	569
503	586
503	589
503	606
503	614
503	680
503	738
503	752
503	753
503	794
503	821
503	857
503	912
503	919
503	935
504	510
504	515
504	524
504	549
504	560
504	572
504	960
505	505
505	541
505	551
505	554
505	557
505	562
505	566
505	568
505	592
505	718
505	821
505	843
505	883
505	921
506	521
506	529
506	533
506	558
506	585
506	593
506	594
506	598
506	599
506	775
506	981
507	509
507	512
507	514
507	539
507	540
507	568
507	651
507	697
507	736
507	797
508	512
508	517
508	534
508	539
508	558
508	595
508	662
508	700
508	746
508	779
508	792
508	817
508	896
509	511
509	514
509	522
509	536
509	546
509	549
509	555
509	564
509	566
509	567
509	578
509	585
509	596
509	599
509	670
509	680
509	730
509	734
509	899
509	912
509	968
509	993
510	524
510	546
510	553
510	565
510	605
510	625
510	849
510	905
511	529
511	535
511	548
511	552
511	554
511	558
511	579
511	587
511	647
511	890
512	515
512	517
512	527
512	553
512	562
512	573
512	583
512	587
512	597
512	655
512	660
512	662
512	877
512	945
513	526
513	535
513	566
513	578
513	584
513	693
513	718
513	828
513	885
513	928
513	939
514	517
514	534
514	543
514	556
514	567
514	580
514	585
514	590
514	642
514	643
514	651
514	747
514	847
514	976
515	523
515	528
515	530
515	553
515	570
515	582
515	583
515	595
515	637
515	682
515	685
515	772
515	801
515	911
516	551
516	563
516	657
516	674
516	728
516	741
516	744
516	808
516	843
516	916
516	959
517	523
517	533
517	541
517	550
517	552
517	596
517	744
517	755
517	759
517	925
518	548
518	558
518	560
518	567
518	574
518	582
518	584
518	605
518	756
518	830
518	851
518	938
519	521
519	546
519	564
519	567
519	571
519	572
519	577
519	586
519	588
519	598
519	664
519	710
519	718
519	725
519	797
519	831
519	868
519	964
520	539
520	553
520	595
520	643
520	860
520	875
520	908
520	949
520	955
521	523
521	526
521	536
521	579
521	591
521	689
521	693
521	720
521	736
521	740
521	745
521	812
521	970
521	978
521	997
522	540
522	584
522	796
522	834
522	853
522	861
522	986
523	533
523	545
523	550
523	552
523	562
523	597
523	602
523	663
523	712
523	849
523	853
523	857
523	899
523	939
523	984
524	525
524	532
524	550
524	551
524	567
524	575
524	586
524	596
524	752
524	766
524	835
524	947
525	544
525	554
525	567
525	570
525	600
525	702
525	814
525	939
526	535
526	540
526	546
526	576
526	718
526	935
526	992
527	543
527	544
527	557
527	566
527	667
527	698
527	941
527	959
528	532
528	543
528	592
528	600
528	615
528	686
528	707
528	747
528	978
528	983
529	533
529	556
529	580
529	588
529	642
529	648
529	667
529	673
529	739
529	964
530	565
530	578
530	589
530	651
530	665
530	848
530	856
530	873
530	901
530	983
531	531
531	536
531	540
531	554
531	555
531	559
531	560
531	575
531	593
531	598
531	643
531	666
531	913
531	973
532	534
532	545
532	555
532	563
532	657
532	696
532	745
532	764
532	823
532	942
533	571
533	583
533	587
533	636
533	675
533	710
533	748
533	949
534	547
534	575
534	615
535	536
535	553
535	576
535	587
535	593
535	613
535	688
535	703
535	860
535	867
535	889
535	913
536	553
536	555
536	557
536	562
536	588
536	637
536	701
536	739
536	793
536	944
536	951
537	586
537	590
537	595
537	631
537	653
537	705
537	773
537	818
537	896
537	948
538	542
538	579
538	637
538	641
538	672
538	816
539	548
539	559
539	562
539	563
539	594
539	598
539	745
539	781
539	953
540	561
540	562
540	592
540	698
541	544
541	584
541	684
541	818
541	844
541	866
541	884
541	954
541	982
542	551
542	555
542	574
542	579
542	580
542	642
542	934
543	548
543	557
543	574
543	575
543	610
543	615
543	727
543	765
543	840
543	955
543	981
544	565
544	569
544	609
544	670
544	674
544	841
544	935
545	546
545	551
545	565
545	582
545	590
545	594
545	597
545	641
545	658
545	723
545	820
545	854
546	552
546	571
546	578
546	600
546	734
546	814
546	818
546	915
547	559
547	584
547	592
547	616
547	908
547	925
547	966
548	560
548	564
548	567
548	589
548	647
548	725
548	928
548	953
548	977
548	999
549	550
549	565
549	570
549	579
549	580
549	647
549	709
549	722
549	753
549	761
549	831
549	926
550	568
550	596
550	618
550	640
550	824
550	913
551	572
551	575
551	580
551	597
551	616
551	654
551	694
551	707
551	745
551	881
552	565
552	569
552	577
552	597
552	602
552	899
553	561
553	640
553	686
553	691
553	733
553	765
553	849
553	947
554	570
554	572
554	589
554	590
554	608
554	640
554	642
554	719
554	750
554	839
554	877
554	914
555	573
555	581
555	590
555	657
555	737
555	886
555	953
555	980
556	559
556	579
556	665
556	838
556	941
557	579
557	581
557	584
557	652
557	684
557	703
557	718
557	753
557	754
557	771
557	787
557	808
557	945
557	959
557	995
558	573
558	593
558	790
558	847
558	899
558	936
559	563
559	589
559	592
559	693
559	747
559	888
560	562
560	568
560	660
560	739
560	786
560	837
560	911
561	567
561	578
561	681
561	722
561	767
561	822
561	849
561	910
561	927
561	940
561	961
562	583
562	586
562	743
562	883
562	897
562	995
562	998
563	564
563	575
563	580
563	594
563	765
563	793
563	803
563	963
564	613
564	632
564	689
564	707
564	874
564	930
564	980
564	995
565	588
565	592
565	597
565	838
565	976
566	567
566	578
566	581
566	724
566	808
566	852
566	877
566	943
566	944
566	951
567	570
567	579
567	591
567	595
567	610
567	634
567	814
567	918
567	989
567	993
568	585
568	640
568	746
568	775
568	777
568	829
568	964
569	598
569	622
569	731
569	765
569	789
569	813
569	881
569	987
569	991
570	597
570	638
570	649
570	735
570	755
570	797
570	802
570	823
570	835
570	883
571	583
571	652
571	678
571	779
571	802
571	827
571	853
571	983
571	987
572	573
572	791
572	841
572	846
572	993
573	580
573	599
573	632
573	633
573	641
573	731
573	748
573	801
573	861
573	920
573	934
573	984
573	986
574	577
574	586
574	657
574	741
574	766
574	807
574	838
574	878
575	584
575	590
575	726
575	942
575	944
575	947
575	955
576	593
576	691
576	735
576	770
576	837
576	963
577	605
577	625
577	641
577	651
577	796
577	831
577	907
578	590
578	593
578	594
578	669
578	767
578	845
578	922
578	963
579	583
579	594
579	667
579	740
579	809
579	853
579	937
580	583
580	785
580	902
580	913
581	586
581	629
581	696
581	783
581	825
581	832
581	938
581	969
582	585
582	589
582	677
582	770
582	794
582	816
582	851
582	926
582	991
583	587
583	596
583	597
583	636
583	713
583	753
583	862
583	865
583	935
584	586
584	588
584	763
584	774
584	777
584	801
584	932
584	944
585	588
585	597
585	845
585	879
585	927
585	939
585	942
585	979
586	599
586	631
586	683
586	752
586	774
586	994
587	640
587	725
587	963
587	975
587	984
588	617
588	680
588	695
588	746
588	845
588	859
588	890
588	931
589	594
589	909
590	635
590	711
590	865
590	884
590	931
590	947
591	598
591	697
591	733
591	919
591	928
592	693
592	811
592	833
593	656
593	691
593	775
593	816
593	836
594	595
594	610
594	626
594	777
594	810
594	839
595	786
595	845
595	878
595	940
595	972
596	625
596	663
596	716
596	735
596	830
596	893
596	939
596	955
597	598
597	614
597	621
597	776
597	781
597	859
597	860
597	878
597	890
598	694
598	724
599	790
599	856
599	887
599	956
599	977
600	604
600	610
600	613
600	617
600	628
600	644
600	650
600	663
600	676
600	678
600	695
600	708
600	755
600	806
600	895
600	916
601	620
601	625
601	641
601	666
601	679
601	681
602	619
602	621
602	673
602	682
602	690
602	692
602	696
602	706
602	767
603	608
603	612
603	622
603	627
603	693
603	743
603	905
604	646
604	678
604	686
604	717
604	812
604	854
605	619
605	666
605	680
605	690
605	702
605	822
605	830
605	999
606	680
606	687
606	690
606	699
606	706
606	834
606	932
607	620
607	645
607	659
607	743
607	753
607	758
607	769
607	876
607	994
608	654
608	663
608	664
608	667
608	675
608	688
608	696
608	697
608	702
608	797
608	850
608	889
609	626
609	628
609	651
609	657
609	660
609	662
609	665
609	697
609	730
609	774
609	788
609	904
609	941
609	946
609	998
610	617
610	622
610	624
610	634
610	638
610	650
610	660
610	664
610	687
610	689
610	782
610	802
611	613
611	629
611	631
611	665
611	678
611	690
611	695
611	800
611	817
611	931
612	639
612	643
612	648
612	653
612	665
612	773
612	806
612	815
612	836
612	883
612	901
612	919
612	996
613	632
613	633
613	671
613	673
613	681
613	692
613	697
613	724
613	811
613	815
614	631
614	676
614	680
614	722
614	820
614	834
614	865
614	870
614	898
614	911
615	615
615	627
615	633
615	639
615	658
615	671
615	695
615	809
615	877
615	976
616	626
616	649
616	650
616	651
616	653
616	654
616	656
616	657
616	658
616	661
616	666
616	668
616	669
616	671
616	686
616	692
616	698
616	830
616	831
616	833
616	982
617	633
617	648
617	698
617	784
617	796
617	896
618	622
618	629
618	630
618	675
618	677
618	685
618	690
618	729
618	787
618	822
618	912
618	918
618	922
618	978
619	627
619	677
619	691
619	720
619	788
619	789
619	817
619	963
620	646
620	660
620	669
620	670
620	671
620	681
620	682
620	683
620	686
620	690
620	698
620	769
620	883
621	627
621	635
621	647
621	659
621	674
621	683
621	738
621	955
621	971
622	627
622	629
622	634
622	635
622	637
622	653
622	657
622	662
622	682
622	692
622	694
622	729
622	734
622	767
622	822
622	826
622	866
622	904
622	976
623	626
623	630
623	633
623	636
623	642
623	646
623	657
623	675
623	684
623	694
623	746
623	748
623	757
623	795
623	802
623	839
623	878
623	884
624	636
624	670
624	859
624	976
625	629
625	645
625	648
625	657
625	678
625	686
625	693
625	812
625	839
625	947
625	961
625	982
626	633
626	655
626	662
626	665
626	678
626	688
626	689
626	693
626	697
626	720
626	924
627	628
627	633
627	677
627	693
627	695
627	947
628	638
628	641
628	645
628	671
628	693
628	735
628	855
628	893
628	995
629	663
629	680
629	683
629	686
629	706
629	771
629	836
629	889
629	918
629	986
629	987
629	994
630	685
630	686
630	757
630	787
630	882
630	932
631	636
631	641
631	656
631	668
631	669
631	689
631	690
631	698
631	731
631	823
632	657
632	668
632	673
632	674
632	692
632	706
632	712
632	788
632	798
633	640
633	649
633	650
633	653
633	660
633	699
633	749
633	967
634	641
634	649
634	815
634	910
635	662
635	668
635	760
635	766
635	975
636	639
636	672
636	675
636	684
636	691
636	697
636	699
636	841
636	926
637	642
637	663
637	681
637	690
637	752
637	758
637	828
637	847
638	644
638	649
638	651
638	658
638	660
638	667
638	698
638	879
638	882
638	905
638	924
639	648
639	659
639	661
639	671
639	683
639	817
639	862
639	922
639	925
640	651
640	656
640	771
640	904
640	913
641	641
641	664
641	934
642	647
642	652
642	657
642	681
642	686
642	687
642	697
642	728
642	760
642	916
643	646
643	662
643	679
643	681
643	692
643	768
643	827
644	649
644	662
644	663
644	682
644	781
644	846
644	991
645	657
645	659
645	673
645	693
645	698
645	699
645	948
646	669
646	676
646	677
646	684
646	759
646	773
646	794
646	942
647	650
647	659
647	665
647	666
647	667
647	668
647	670
647	701
647	823
647	993
648	654
648	659
648	696
648	715
648	747
648	852
649	650
649	658
649	671
649	682
649	691
649	694
649	697
649	736
649	823
649	842
649	854
649	891
650	654
650	676
650	699
650	705
650	768
651	675
651	677
651	966
652	658
652	696
652	763
652	908
653	662
653	677
653	686
653	838
653	849
654	689
654	690
654	692
654	737
654	900
654	934
655	671
655	819
655	908
655	917
655	995
655	997
656	662
656	671
656	677
656	679
656	686
656	688
656	696
656	756
656	838
656	859
657	667
657	668
657	684
657	685
657	691
657	696
657	764
657	950
658	659
658	667
658	671
658	673
658	678
658	751
658	813
658	831
658	888
658	892
658	994
659	690
659	692
659	693
659	696
659	732
659	749
659	927
660	690
660	717
660	729
660	908
660	953
660	978
661	700
661	750
661	771
661	794
661	832
661	890
661	990
662	674
662	698
662	891
662	901
662	915
663	667
663	670
663	674
663	690
663	728
663	919
663	930
664	672
664	674
664	690
664	709
664	752
664	929
664	973
664	981
665	675
665	676
665	685
665	690
665	712
665	792
665	824
665	853
665	912
666	670
666	681
666	695
666	804
666	941
666	966
667	671
667	694
667	705
667	715
667	747
667	847
667	848
668	682
668	687
668	699
668	779
668	882
668	902
669	768
669	775
669	841
669	928
669	979
670	680
670	883
670	950
671	700
671	743
671	933
672	679
672	686
672	696
672	760
672	873
673	688
673	697
673	727
673	728
673	795
673	871
673	903
673	936
673	986
674	677
674	680
674	681
674	685
674	687
674	764
674	836
674	896
674	927
674	941
674	943
675	677
675	679
675	695
675	727
675	816
675	828
675	986
675	991
676	680
676	693
676	725
676	735
676	779
676	895
677	743
677	929
677	982
677	984
677	999
678	697
678	802
678	835
678	849
678	890
678	913
678	996
679	684
679	695
679	696
679	790
679	805
679	887
680	732
680	762
680	764
680	844
680	881
680	948
680	980
681	716
681	752
681	758
681	841
681	991
682	699
682	705
682	724
682	794
682	934
683	688
683	993
684	687
684	786
684	865
684	998
685	697
685	700
685	914
685	923
685	931
686	687
686	731
686	742
686	772
687	834
687	878
687	908
688	768
688	933
688	934
688	949
689	699
689	732
689	770
689	789
689	891
690	739
690	779
690	814
690	859
690	891
690	902
690	944
691	694
691	706
691	953
692	696
692	714
692	764
692	853
692	969
692	995
693	699
693	942
694	747
694	775
694	855
694	857
694	878
694	879
694	995
694	998
695	811
695	872
695	875
695	877
695	929
696	698
696	850
696	967
696	989
697	762
697	872
697	877
697	969
698	722
698	759
698	786
698	865
698	894
699	715
699	727
699	875
699	923
700	717
700	720
700	743
700	763
700	797
700	799
701	709
701	732
701	736
701	747
701	761
701	767
701	771
701	784
701	942
702	746
702	752
702	764
702	769
702	787
702	793
702	942
703	721
703	724
703	749
703	757
703	797
703	804
703	911
703	951
704	715
704	720
704	730
704	734
704	735
704	751
704	763
704	769
704	775
704	776
704	789
704	792
704	843
704	911
704	992
705	711
705	716
705	728
705	737
705	749
705	750
705	757
705	760
705	821
705	904
706	712
706	744
706	748
706	760
706	792
706	797
706	821
706	842
706	918
706	936
707	713
707	740
707	750
707	763
707	783
707	836
707	983
708	714
708	758
708	767
708	776
708	777
708	788
708	936
709	724
709	726
709	774
709	780
709	805
709	903
710	723
710	727
710	737
710	747
710	748
710	751
710	768
710	772
710	782
710	786
710	879
711	717
711	723
711	728
711	730
711	762
711	771
711	777
711	786
711	789
711	823
711	825
711	901
711	935
711	942
711	962
711	998
712	719
712	728
712	735
712	760
712	763
712	767
712	929
713	723
713	787
713	788
713	794
713	854
714	724
714	728
714	744
714	770
714	772
714	773
714	782
714	786
714	788
714	793
714	798
714	999
715	718
715	757
715	787
715	796
715	935
715	939
715	971
716	718
716	721
716	746
716	758
716	761
716	768
716	769
716	796
716	936
716	989
716	997
717	726
717	731
717	737
717	757
717	773
717	781
717	784
717	794
717	872
717	895
717	908
717	951
718	727
718	755
718	761
718	777
718	792
718	812
718	944
719	731
719	751
719	759
719	772
719	795
719	862
719	890
719	924
719	946
720	746
720	752
720	760
720	773
720	785
720	786
720	804
720	958
720	986
721	722
721	724
721	737
721	766
721	768
721	777
721	779
721	787
721	794
721	799
721	850
721	957
722	724
722	726
722	742
722	762
722	771
722	793
722	866
722	906
722	952
723	735
723	741
723	765
723	766
723	774
723	788
723	789
723	832
723	892
723	988
724	725
724	760
724	785
724	786
724	790
724	936
724	985
724	993
725	746
725	784
725	795
725	849
725	896
725	911
725	983
726	734
726	752
726	753
726	771
726	778
726	798
726	863
727	744
727	748
727	760
727	772
727	776
727	793
727	798
727	854
727	862
727	897
727	978
727	990
728	754
728	765
728	768
728	863
728	921
728	994
729	735
729	736
729	750
729	758
729	760
729	778
729	793
729	894
729	987
729	998
730	732
730	739
730	749
730	752
730	761
730	767
730	779
730	783
730	787
730	898
730	899
731	741
731	750
731	767
731	784
731	789
731	797
731	969
731	972
731	974
732	742
732	754
732	762
732	799
732	963
733	775
733	791
733	934
733	954
733	984
734	743
734	748
734	768
734	984
734	995
735	753
735	757
735	773
735	779
735	784
735	792
735	844
735	855
735	942
735	949
736	741
736	749
736	784
736	788
736	789
736	907
737	752
737	762
737	771
737	779
737	796
737	801
737	841
737	904
738	750
738	800
738	820
738	909
738	954
738	976
739	751
739	783
739	842
739	869
739	981
740	796
740	889
740	932
741	741
741	742
741	746
741	756
741	762
741	797
741	888
742	743
742	755
742	771
742	787
742	880
742	887
742	905
742	921
742	954
743	754
743	757
743	775
743	792
743	793
743	794
743	815
743	954
744	764
744	789
744	814
744	875
744	955
744	993
745	750
745	775
745	788
745	825
745	954
746	761
746	762
746	767
746	831
746	879
746	899
746	913
747	765
747	776
747	780
747	785
747	962
748	794
748	797
748	894
748	968
749	766
749	774
749	785
749	794
749	949
749	976
749	977
750	766
750	793
750	801
750	850
750	868
750	876
750	921
750	932
750	940
750	985
750	992
751	752
751	755
751	757
751	765
751	767
751	785
751	787
751	790
751	806
751	837
752	763
752	764
752	774
752	799
752	913
753	764
753	766
753	772
753	780
753	797
753	817
753	824
753	907
753	945
753	955
754	755
754	762
754	787
754	789
754	844
754	847
754	872
754	883
754	922
755	774
755	775
755	784
755	795
755	797
755	805
755	957
756	769
756	778
756	811
756	842
756	851
756	856
756	858
756	869
756	960
757	763
757	771
757	790
757	795
757	805
757	839
757	961
757	977
758	762
758	792
758	794
758	797
758	803
758	806
758	827
758	887
759	795
759	821
760	779
760	782
760	823
760	909
761	778
762	765
762	775
762	795
763	863
763	879
763	900
763	937
763	975
763	984
764	793
764	798
764	807
764	851
764	894
764	998
765	767
765	770
765	777
765	795
765	797
765	799
765	949
765	967
766	778
766	854
767	790
767	793
767	831
767	858
767	913
768	789
769	771
769	776
769	777
769	792
769	846
769	984
770	775
770	782
770	784
770	935
770	962
770	963
770	964
770	989
771	788
771	819
771	862
771	982
772	776
772	777
772	788
772	798
772	875
773	857
774	780
774	842
774	846
774	850
774	974
774	982
775	790
775	815
775	816
775	825
775	837
775	868
775	978
776	783
776	805
776	850
776	860
776	864
776	958
777	784
777	805
777	890
777	912
778	856
778	866
778	893
779	782
779	786
779	792
779	850
779	893
779	986
780	793
780	802
780	827
780	875
780	931
780	999
781	787
781	794
781	810
781	853
781	973
782	786
782	842
783	791
783	878
783	901
783	904
784	786
784	798
784	931
785	797
785	798
785	824
785	842
786	945
786	962
786	995
787	794
787	839
787	950
787	952
788	789
788	794
788	799
788	898
788	921
789	793
789	962
790	792
790	895
791	876
791	909
791	966
792	793
792	794
792	919
792	921
793	881
793	928
794	865
794	938
794	994
795	798
795	829
795	865
795	948
796	837
796	917
797	980
798	816
798	831
798	897
798	904
798	947
799	837
799	909
799	952
800	800
800	813
800	844
800	857
800	864
800	899
800	984
800	991
801	805
801	828
801	840
801	862
801	878
801	887
802	804
802	847
802	861
802	888
802	966
803	806
803	836
803	838
803	842
803	847
803	853
803	860
803	865
803	878
803	879
803	885
804	809
804	831
804	887
804	893
805	806
805	808
805	820
805	821
805	842
805	863
805	871
805	872
805	880
805	901
805	999
806	815
806	860
806	931
806	959
807	812
807	828
807	835
807	845
807	849
807	874
807	882
807	888
807	891
807	914
808	831
808	837
808	856
808	864
808	874
808	877
809	833
809	836
809	853
809	873
809	911
809	922
809	990
810	848
810	850
810	867
810	894
811	814
811	816
811	831
811	855
811	857
811	861
811	874
811	882
811	896
811	978
812	815
812	837
812	842
812	844
812	855
812	860
812	862
812	866
812	868
812	875
812	877
812	885
812	887
812	896
812	899
812	949
813	823
813	826
813	830
813	848
813	861
813	882
813	892
813	939
814	815
814	847
814	849
814	865
814	866
814	886
814	898
814	932
814	964
815	828
815	831
815	846
815	851
815	855
815	863
815	875
815	886
815	891
815	894
815	896
815	972
816	818
816	821
816	841
816	842
816	855
816	861
816	865
816	878
816	895
817	844
817	886
817	894
817	895
817	962
817	989
818	824
818	828
818	835
818	847
818	885
818	920
818	979
819	835
819	836
819	840
819	846
819	868
819	886
819	890
819	894
819	988
820	832
820	835
820	845
820	870
820	881
820	885
820	898
821	824
821	834
821	837
821	841
821	850
821	878
821	879
821	883
821	981
822	862
822	863
822	867
822	878
822	881
822	924
823	830
823	855
823	892
823	912
823	913
824	834
824	857
824	870
824	880
824	912
824	927
824	981
824	984
825	840
825	852
825	871
825	887
825	897
826	827
826	871
826	872
826	889
826	896
827	871
827	885
827	990
828	856
828	859
828	869
828	877
828	892
828	932
829	831
829	853
829	859
829	865
829	883
829	901
829	980
830	836
830	837
830	838
830	839
830	855
830	861
830	877
830	890
831	853
831	883
831	974
832	837
832	891
832	897
833	841
833	851
833	893
833	896
833	897
833	975
833	981
834	843
834	863
834	873
834	898
834	980
835	846
835	860
835	882
835	894
835	937
836	840
836	868
836	886
836	887
836	896
836	971
836	991
837	848
837	859
837	897
838	852
838	873
838	933
838	938
838	956
839	858
839	880
839	882
839	992
840	866
840	872
840	876
840	877
840	886
840	898
840	914
840	932
840	964
841	853
841	866
841	877
841	880
841	883
841	884
841	890
841	927
842	845
842	848
842	997
843	866
843	868
843	889
844	860
844	886
844	899
844	910
845	849
845	871
845	880
845	894
845	910
846	857
846	858
846	867
846	887
846	891
846	897
846	904
846	961
847	850
847	855
847	861
847	957
847	991
848	862
848	871
848	874
848	875
848	935
848	941
849	854
849	862
849	875
850	854
850	862
850	864
850	895
850	921
851	867
851	886
851	897
851	901
851	991
852	868
852	882
852	943
853	865
853	866
853	868
853	981
854	858
854	878
854	887
854	941
854	987
854	991
855	867
855	876
855	879
855	882
855	895
855	920
856	886
856	893
857	889
857	897
857	933
857	960
858	882
858	925
858	965
859	861
860	991
861	978
862	879
862	881
862	892
862	894
862	895
862	896
863	887
863	890
863	893
864	880
864	884
864	897
864	927
864	977
864	981
865	929
865	948
865	961
865	993
866	869
866	882
866	894
866	944
866	976
867	881
867	886
867	890
867	976
868	877
868	897
868	910
868	949
868	981
868	985
869	871
870	872
870	886
870	889
870	897
870	899
870	920
871	872
871	884
871	893
871	895
871	978
872	884
872	887
872	899
873	891
873	893
874	890
874	892
874	897
874	973
875	884
876	884
876	928
876	961
877	883
877	884
877	914
878	879
878	889
878	943
879	886
879	928
880	908
880	922
880	925
881	884
881	885
881	886
881	887
881	894
881	896
881	907
881	909
882	894
882	991
883	927
883	992
884	888
884	913
885	893
885	924
886	911
887	891
887	897
888	898
888	999
889	999
890	988
890	996
891	938
891	950
892	896
892	898
892	911
892	923
892	941
892	993
892	997
893	894
893	970
893	982
893	983
894	941
894	973
895	897
895	997
896	898
896	983
896	998
897	901
897	933
897	949
898	916
898	990
900	916
900	934
900	935
900	947
900	977
900	989
900	994
901	911
901	939
901	960
901	975
902	917
902	918
902	959
902	961
902	963
902	970
902	973
903	909
903	918
903	933
903	941
903	948
903	953
903	954
903	964
903	988
904	934
904	971
904	973
904	983
905	937
905	940
905	949
905	951
905	962
905	984
905	987
905	991
905	995
905	997
906	939
906	968
906	973
906	974
906	986
907	924
907	934
907	952
907	954
907	956
907	976
907	978
907	983
907	997
908	910
908	911
908	913
908	920
908	922
908	939
908	941
908	971
908	982
908	986
908	987
908	988
908	996
909	911
909	914
909	920
909	936
909	975
909	978
910	912
910	919
910	942
910	944
910	945
910	948
910	969
910	971
910	979
910	995
911	924
911	937
911	939
911	943
911	974
911	992
911	993
911	998
912	920
912	927
912	938
912	940
912	949
912	980
913	916
913	936
913	960
913	982
913	991
914	920
914	951
914	964
914	968
914	972
915	916
915	917
915	918
915	930
915	934
915	982
915	996
916	953
916	969
916	974
916	977
917	920
917	922
917	933
917	970
917	978
918	939
918	971
918	988
918	995
919	943
919	946
919	967
919	975
919	982
920	922
920	924
920	930
920	971
921	923
921	924
921	942
921	960
921	977
921	985
921	987
921	995
922	943
922	970
922	973
922	979
922	989
922	990
923	923
923	931
923	935
923	939
924	929
924	946
924	950
924	957
924	968
924	975
924	980
924	989
925	929
925	941
925	969
925	979
925	987
925	990
926	940
926	975
926	976
926	977
926	996
927	927
927	932
927	933
927	956
927	966
927	990
928	930
928	937
928	949
928	950
928	954
928	964
928	971
928	992
928	995
929	931
929	961
929	971
929	973
929	979
929	992
930	932
930	943
930	979
930	987
931	949
931	950
931	995
932	956
932	961
932	972
932	978
932	991
932	995
932	998
933	943
933	950
933	962
933	963
933	965
933	966
933	984
933	987
933	990
933	992
933	995
933	996
934	956
934	963
934	996
935	936
935	937
935	947
935	953
935	955
935	964
935	987
936	964
936	966
936	979
936	980
936	984
936	990
937	939
937	950
937	954
937	977
937	980
938	944
938	948
938	961
938	962
938	992
939	958
940	949
940	986
940	995
941	958
941	964
941	976
941	977
941	999
942	964
942	980
943	953
943	954
943	968
943	975
944	949
944	958
944	967
944	968
944	988
944	996
945	946
945	948
945	961
946	962
946	970
946	971
947	962
947	963
948	955
948	958
948	963
948	976
948	978
949	954
949	957
949	967
949	988
949	991
949	992
949	994
950	964
950	986
951	952
951	995
952	986
953	976
953	979
954	960
954	964
954	988
954	992
955	956
956	972
956	982
956	992
958	968
959	961
959	963
959	967
959	984
960	974
960	976
960	977
961	969
961	971
962	963
962	981
963	996
964	966
964	971
964	977
964	991
964	993
965	973
965	978
965	983
965	985
966	980
966	983
967	973
968	983
968	997
969	981
969	983
969	987
969	997
970	983
970	984
971	983
971	986
971	989
972	982
972	990
973	985
974	977
974	981
974	982
974	985
976	987
977	982
977	990
979	980
979	988
979	999
980	980
980	986
980	992
981	995
981	996
982	983
982	985
982	998
983	991
983	995
984	996
984	999
985	987
985	989
985	991
986	994
988	999
989	992
989	996
990	997
991	996
992	996
993	999
