0	1
0	8
0	9
0	18
0	20
0	24
0	25
0	29
0	37
0	44
0	48
0	54
0	70
0	74
0	80
0	87
0	91
0	92
0	125
0	133
0	165
0	255
0	622
0	655
0	745
1	3
1	11
1	42
1	70
1	72
1	75
1	82
1	94
1	97
1	126
1	365
1	420
1	582
1	719
1	812
1	886
2	6
2	10
2	23
2	25
2	34
2	45
2	53
2	63
2	66
2	70
2	71
2	72
2	73
2	82
2	88
2	98
2	146
2	164
2	213
2	262
2	356
2	560
3	7
3	12
3	18
3	24
3	27
3	51
3	53
3	58
3	76
3	80
3	87
3	89
3	95
3	179
3	203
3	232
3	255
3	296
3	470
3	852
3	935
4	12
4	14
4	21
4	27
4	30
4	32
4	33
4	37
4	47
4	48
4	62
4	70
4	91
4	94
4	135
4	282
4	287
4	359
4	493
4	758
4	815
4	895
4	958
5	15
5	22
5	24
5	36
5	38
5	46
5	57
5	62
5	71
5	76
5	96
5	97
5	99
5	428
5	536
5	806
5	919
6	10
6	11
6	59
6	63
6	70
6	71
6	94
6	299
6	408
6	424
6	428
6	491
6	538
6	604
6	663
6	815
6	847
6	996
7	15
7	20
7	27
7	36
7	51
7	52
7	56
7	63
7	67
7	70
7	77
7	96
7	136
7	261
7	290
7	516
7	746
7	753
7	837
7	899
7	986
8	9
8	42
8	43
8	45
8	49
8	53
8	73
8	88
8	91
8	93
8	121
8	194
8	200
8	490
8	554
8	609
8	722
8	733
8	807
8	992
9	26
9	32
9	48
9	50
9	52
9	54
9	64
9	73
9	99
9	515
9	570
9	750
9	796
10	14
10	40
10	67
10	78
10	80
10	86
10	97
10	287
10	415
10	548
10	550
10	593
11	17
11	19
11	22
11	28
11	31
11	50
11	67
11	81
11	85
11	91
11	92
11	234
11	277
11	371
11	636
11	822
11	948
12	15
12	20
12	22
12	33
12	40
12	45
12	50
12	51
12	57
12	78
12	86
12	190
12	229
12	390
12	391
12	773
12	814
12	934
13	20
13	50
13	65
13	133
13	147
13	365
13	651
13	661
13	744
14	18
14	22
14	52
14	53
14	58
14	60
14	66
14	74
14	78
14	80
14	83
14	94
14	98
14	479
14	667
15	21
15	36
15	45
15	49
15	51
15	53
15	62
15	68
15	72
15	74
15	77
15	79
15	85
15	94
15	548
15	571
15	913
16	21
16	24
16	35
16	53
16	59
16	65
16	74
16	86
16	87
16	90
16	93
16	141
16	240
16	588
16	590
16	784
16	907
16	922
17	19
17	32
17	38
17	42
17	45
17	53
17	59
17	89
17	94
17	205
17	411
18	22
18	29
18	37
18	45
18	58
18	65
18	81
18	92
18	98
18	355
18	477
18	524
18	555
18	645
18	770
18	783
18	834
18	837
18	892
18	995
19	79
19	81
19	99
19	338
19	372
19	374
19	450
19	492
19	587
19	683
19	732
19	784
19	815
20	24
20	27
20	39
20	54
20	59
20	61
20	74
20	78
20	81
20	89
20	117
20	128
20	535
20	658
20	721
20	832
21	21
21	22
21	24
21	31
21	43
21	54
21	56
21	59
21	75
21	86
21	94
21	161
21	310
21	435
21	539
21	848
22	24
22	36
22	47
22	50
22	62
22	83
22	114
22	189
22	336
22	558
22	619
22	625
22	902
23	24
23	29
23	30
23	41
23	44
23	73
23	76
23	92
23	193
23	355
23	434
23	458
23	738
23	801
23	823
24	36
24	37
24	39
24	53
24	69
24	76
24	80
24	166
24	176
24	193
24	236
24	432
24	576
24	623
24	745
24	752
24	778
24	829
25	28
25	37
25	74
25	79
25	85
25	88
25	91
25	93
25	96
25	98
25	294
25	448
25	556
25	590
25	700
25	945
26	34
26	36
26	37
26	48
26	53
26	74
26	90
26	93
26	98
26	123
26	137
26	442
26	458
26	480
26	542
26	689
26	691
27	29
27	46
27	63
27	70
27	72
27	75
27	78
27	80
27	88
27	164
27	295
27	448
27	487
27	584
27	619
27	641
27	658
27	852
27	918
27	967
28	32
28	55
28	80
28	85
28	288
28	301
28	343
28	418
28	424
28	457
28	515
28	558
28	720
28	799
28	990
28	996
29	32
29	33
29	46
29	54
29	58
29	64
29	67
29	74
29	78
29	80
29	82
29	87
29	90
29	327
29	453
29	605
29	641
29	705
29	819
30	40
30	53
30	57
30	61
30	65
30	83
30	95
30	132
30	248
30	320
30	380
30	530
30	684
30	915
31	47
31	52
31	57
31	61
31	65
31	70
31	84
31	85
31	89
31	349
31	364
31	698
31	933
32	32
32	47
32	48
32	63
32	68
32	70
32	71
32	72
32	73
32	96
32	231
32	423
32	427
32	560
32	630
32	634
32	703
32	727
32	842
32	843
33	33
33	34
33	41
33	54
33	65
33	69
33	72
33	81
33	92
33	97
33	209
33	415
33	582
33	774
34	45
34	53
34	58
34	59
34	68
34	76
34	77
34	98
34	222
34	729
34	790
35	37
35	40
35	42
35	63
35	66
35	79
35	87
35	90
35	92
35	95
35	253
35	484
35	640
35	803
36	39
36	53
36	71
36	74
36	75
36	89
36	92
36	128
36	245
36	360
36	377
36	391
36	616
36	670
36	671
36	874
36	984
37	45
37	46
37	52
37	70
37	72
37	74
37	75
37	248
37	262
37	730
37	858
37	953
38	39
38	43
38	53
38	62
38	65
38	77
38	86
38	91
38	93
38	322
38	587
38	617
38	657
38	689
38	699
38	717
38	912
39	55
39	60
39	64
39	65
39	81
39	83
39	94
39	95
39	238
39	339
39	382
39	421
39	641
39	986
40	60
40	70
40	76
40	164
40	185
40	188
40	850
41	56
41	66
41	73
41	76
41	81
41	90
41	92
41	123
41	192
41	461
41	500
41	583
41	634
41	666
41	672
41	761
41	832
42	44
42	49
42	57
42	68
42	71
42	75
42	79
42	98
42	117
42	222
42	454
42	607
42	612
42	662
43	51
43	63
43	65
43	68
43	76
43	77
43	89
43	99
43	151
43	158
43	286
43	301
43	841
43	933
44	83
44	88
44	97
44	178
44	265
44	333
44	358
44	461
44	462
44	505
44	615
44	639
44	708
44	725
44	866
44	935
45	45
45	59
45	62
45	65
45	66
45	67
45	74
45	85
45	94
45	98
45	403
45	419
45	480
45	541
45	751
45	847
45	863
45	898
45	967
46	46
46	50
46	55
46	80
46	85
46	94
46	199
46	408
46	480
46	595
46	603
46	922
47	60
47	69
47	77
47	78
47	87
47	239
47	518
47	537
47	606
47	798
48	61
48	78
48	87
48	370
48	377
48	448
48	692
48	754
48	917
49	52
49	82
49	85
49	86
49	87
49	159
49	239
49	726
49	843
49	874
49	885
50	57
50	63
50	65
50	73
50	81
50	226
50	259
50	342
50	378
50	510
50	539
50	614
50	702
50	712
50	866
50	898
50	912
50	969
51	55
51	56
51	57
51	60
51	67
51	86
51	96
51	98
51	222
51	234
51	411
51	550
51	875
51	911
52	52
52	72
52	73
52	79
52	96
52	97
52	108
52	458
52	511
52	659
52	900
53	56
53	58
53	61
53	65
53	71
53	76
53	92
53	422
53	636
53	650
53	651
53	698
53	846
54	58
54	63
54	68
54	78
54	82
54	85
54	92
54	95
54	212
54	255
54	377
54	381
54	422
54	456
54	462
54	493
54	706
54	761
54	784
55	165
55	235
55	380
55	488
55	547
55	568
55	906
56	58
56	63
56	64
56	73
56	76
56	89
56	98
56	110
56	210
56	615
56	618
56	644
56	652
56	767
56	861
57	71
57	75
57	76
57	80
57	83
57	90
57	123
57	146
57	271
57	424
57	442
57	617
57	757
57	955
58	61
58	87
58	92
58	125
58	232
58	392
58	458
58	648
58	703
58	773
58	847
58	883
58	892
59	68
59	75
59	86
59	93
59	104
59	113
59	136
59	200
59	202
59	460
59	523
59	540
59	574
59	675
59	825
59	878
59	880
60	80
60	143
60	316
60	361
60	440
60	517
60	787
60	808
60	827
60	902
61	73
61	76
61	78
61	79
61	90
61	91
61	93
61	146
61	205
61	268
61	320
61	342
61	364
61	434
61	528
61	599
61	931
62	72
62	73
62	75
62	93
62	270
62	291
62	738
62	954
62	966
62	991
63	70
63	77
63	80
63	90
63	125
63	174
63	448
63	471
63	650
63	843
63	945
64	65
64	91
64	96
64	229
64	490
64	689
64	786
65	68
65	71
65	72
65	85
65	88
65	90
65	97
65	98
65	215
65	279
65	578
65	631
66	83
66	99
66	113
66	166
66	276
66	290
66	293
66	319
67	74
67	77
67	83
67	84
67	106
67	218
67	221
67	814
67	849
67	883
68	79
68	97
68	121
68	598
69	76
69	77
69	80
69	86
69	97
69	361
69	415
69	463
69	467
69	472
69	492
69	618
69	638
69	661
69	869
69	882
69	977
69	988
70	72
70	80
70	82
70	85
70	98
70	138
70	184
70	286
70	449
70	582
70	967
71	91
71	92
71	349
71	369
71	384
71	488
71	682
71	778
71	834
72	73
72	76
72	80
72	87
72	88
72	191
72	221
72	367
72	485
72	652
72	767
72	870
72	947
72	985
73	73
73	240
73	248
73	290
73	428
73	508
73	572
73	910
73	946
74	85
74	90
74	97
74	143
74	321
74	466
74	784
74	894
74	896
75	95
75	149
75	168
75	291
75	363
75	653
75	857
75	882
76	96
76	158
76	199
76	213
76	235
76	250
76	267
76	678
76	740
77	79
77	221
77	574
77	710
77	727
77	802
77	878
77	897
78	80
78	89
78	204
78	492
78	735
79	93
79	94
79	98
79	286
79	593
79	727
79	879
80	85
80	99
80	161
80	500
80	540
80	636
80	785
80	934
80	958
81	85
81	95
81	98
81	229
81	381
81	385
81	523
81	893
81	898
82	411
82	617
82	658
82	663
82	772
82	791
82	943
82	956
83	88
83	89
83	219
83	243
83	376
83	460
83	503
83	513
83	519
83	522
83	560
83	661
83	767
83	883
84	92
84	94
84	154
84	218
84	313
84	368
84	436
84	503
84	725
84	729
84	770
84	796
85	87
85	92
85	438
85	484
85	894
86	91
86	92
86	98
86	219
86	432
86	828
86	843
86	874
86	947
87	89
87	95
87	98
87	248
87	283
87	446
87	504
87	689
88	94
88	95
88	335
88	346
88	387
88	397
88	537
88	564
88	570
88	624
88	675
88	727
89	98
89	104
89	305
89	671
90	97
90	264
90	269
90	368
90	506
90	513
90	534
90	558
90	686
90	801
91	96
91	106
91	113
91	373
91	378
91	674
91	777
91	856
92	92
92	99
92	116
92	161
92	198
92	389
92	400
92	420
92	592
92	916
92	990
93	94
93	97
93	467
93	568
93	776
94	146
94	389
94	398
94	573
94	579
94	672
94	755
94	811
94	916
95	196
95	310
95	342
95	573
95	617
95	655
95	742
95	865
95	915
95	948
96	455
96	511
96	568
96	690
96	768
96	793
96	845
96	876
96	974
97	191
97	251
97	532
97	602
97	842
97	882
98	337
98	571
98	839
98	870
99	851
99	952
99	981
100	108
100	113
100	117
100	141
100	142
100	143
100	145
100	175
100	184
100	194
100	507
100	510
100	629
100	647
100	724
100	731
100	770
100	946
100	998
101	112
101	115
101	148
101	150
101	151
101	160
101	169
101	177
101	183
101	196
101	251
101	291
101	542
101	673
101	692
101	835
101	867
102	103
102	105
102	107
102	117
102	118
102	122
102	130
102	149
102	153
102	162
102	164
102	190
102	662
102	804
103	107
103	116
103	134
103	137
103	142
103	151
103	168
103	184
103	194
103	196
103	641
103	919
104	105
104	111
104	138
104	149
104	150
104	152
104	158
104	159
104	160
104	163
104	173
104	196
104	308
104	506
104	539
104	627
104	640
104	657
104	747
104	840
104	845
104	973
105	109
105	110
105	115
105	129
105	138
105	140
105	144
105	163
105	164
105	182
105	186
105	192
105	196
105	198
105	277
105	359
105	937
106	113
106	117
106	122
106	125
106	126
106	131
106	133
106	144
106	147
106	170
106	190
106	263
106	269
106	270
106	311
106	376
106	415
106	842
107	110
107	120
107	132
107	144
107	146
107	148
107	161
107	167
107	179
107	185
107	194
107	318
107	666
107	704
107	898
107	978
108	113
108	123
108	130
108	155
108	165
108	180
108	195
108	507
108	558
108	583
108	602
108	791
108	824
108	862
108	921
108	948
108	997
109	117
109	123
109	124
109	145
109	146
109	151
109	157
109	297
109	405
109	456
109	678
109	951
109	969
110	110
110	121
110	140
110	141
110	146
110	149
110	188
110	192
110	315
110	380
110	468
110	708
110	905
111	129
111	132
111	144
111	182
111	187
111	196
111	197
111	198
111	199
111	315
111	367
111	693
111	794
111	896
111	915
112	120
112	121
112	126
112	145
112	147
112	157
112	161
112	195
112	284
112	290
112	297
112	519
112	579
112	591
112	757
112	814
112	974
113	124
113	131
113	132
113	136
113	138
113	142
113	146
113	150
113	178
113	188
113	194
113	286
113	348
113	371
113	379
113	382
113	584
113	797
113	830
113	834
113	897
113	941
114	125
114	139
114	142
114	144
114	148
114	151
114	155
114	161
114	167
114	169
114	175
114	176
114	179
114	198
114	224
114	259
114	273
114	353
114	395
114	443
114	590
114	591
114	602
114	617
114	922
115	119
115	122
115	123
115	127
115	142
115	159
115	176
115	183
115	195
115	222
115	380
115	487
116	140
116	141
116	152
116	160
116	161
116	180
116	190
116	194
116	245
116	255
116	366
116	376
116	478
116	987
117	139
117	146
117	156
117	158
117	161
117	171
117	193
117	259
117	476
117	558
117	759
117	842
117	846
117	850
118	122
118	123
118	139
118	150
118	157
118	164
118	172
118	173
118	175
118	176
118	182
118	196
118	286
118	437
118	540
118	737
119	130
119	141
119	148
119	169
119	172
119	178
119	185
119	187
119	188
119	195
119	197
119	199
119	238
119	668
119	748
120	126
120	127
120	128
120	138
120	155
120	162
120	191
120	311
120	713
120	805
120	990
121	131
121	137
121	146
121	149
121	152
121	155
121	170
121	181
121	186
121	338
121	370
121	415
121	431
121	496
121	670
121	785
121	901
121	906
122	128
122	132
122	134
122	135
122	139
122	143
122	148
122	149
122	159
122	164
122	169
122	175
122	180
122	189
122	190
122	191
122	196
122	198
122	199
122	257
122	369
122	436
122	546
122	595
122	801
123	124
123	126
123	127
123	135
123	136
123	141
123	149
123	153
123	167
123	174
123	186
123	191
123	245
123	366
123	424
123	559
123	569
123	578
123	959
123	983
124	130
124	144
124	147
124	152
124	153
124	158
124	161
124	177
124	185
124	189
124	199
124	219
124	452
124	492
124	550
124	624
124	754
125	125
125	141
125	145
125	158
125	164
125	172
125	175
125	178
125	185
125	192
125	197
125	198
125	199
125	260
125	301
125	377
125	784
125	803
126	146
126	153
126	174
126	179
126	186
126	187
126	192
126	196
126	236
126	545
126	626
126	752
126	821
126	945
127	133
127	141
127	144
127	158
127	159
127	161
127	177
127	184
127	187
127	190
127	192
127	197
127	275
127	338
127	447
127	499
127	515
127	606
127	645
127	686
127	694
127	768
127	781
128	146
128	150
128	158
128	173
128	179
128	197
128	236
128	363
128	748
128	861
128	920
129	131
129	137
129	161
129	167
129	168
129	171
129	178
129	188
129	189
129	203
129	292
130	130
130	131
130	138
130	140
130	160
130	167
130	176
130	178
130	180
130	188
130	192
130	386
130	490
130	587
130	729
130	743
130	932
131	136
131	139
131	141
131	172
131	174
131	183
131	188
131	193
131	252
131	260
131	329
131	351
131	502
131	579
131	727
131	729
131	864
131	968
132	132
132	134
132	142
132	143
132	151
132	179
132	181
132	229
132	230
132	239
132	249
132	275
132	387
132	429
132	444
132	470
132	692
132	854
132	886
132	941
133	134
133	136
133	193
133	198
133	199
133	233
133	304
133	940
133	947
133	988
134	145
134	146
134	168
134	177
134	184
134	186
134	188
134	670
134	695
134	699
134	883
134	969
135	144
135	146
135	147
135	150
135	155
135	157
135	192
135	244
135	350
135	367
135	427
135	461
135	563
135	579
135	744
135	806
135	864
135	920
136	147
136	158
136	170
136	173
136	177
136	191
136	193
136	194
136	228
136	229
136	376
136	381
136	388
136	471
136	490
136	741
136	773
136	989
137	159
137	165
137	176
137	188
137	194
137	280
137	498
137	888
138	141
138	142
138	149
138	153
138	159
138	162
138	164
138	180
138	193
138	204
138	262
138	448
138	516
138	807
138	818
138	826
139	141
139	154
139	160
139	163
139	172
139	175
139	179
139	184
139	193
139	379
139	477
139	599
139	654
139	672
139	733
139	741
139	823
139	953
140	147
140	157
140	165
140	179
140	198
140	548
140	575
140	849
141	147
141	153
141	168
141	172
141	181
141	758
141	780
142	148
142	168
142	177
142	267
142	398
142	455
142	470
142	548
142	789
142	804
142	920
143	146
143	150
143	154
143	157
143	158
143	163
143	170
143	188
143	198
143	213
143	355
143	447
143	951
143	988
143	991
143	996
144	147
144	165
144	168
144	178
144	185
144	187
144	197
144	463
144	488
144	708
144	887
144	916
145	154
145	165
145	174
145	175
145	192
145	199
145	506
145	557
145	687
145	777
146	150
146	157
146	165
146	168
146	170
146	175
146	194
146	197
146	199
146	310
146	358
146	817
147	175
147	182
147	185
147	195
147	401
147	509
147	798
148	156
148	162
148	169
148	174
148	185
148	187
148	191
148	197
148	204
148	301
148	357
148	474
148	487
149	166
149	169
149	170
149	179
149	180
149	185
149	186
149	189
149	190
149	192
149	196
149	337
149	410
149	564
149	654
149	768
149	780
149	868
150	153
150	170
150	180
150	183
150	191
150	480
150	752
150	763
151	171
151	173
151	178
151	179
151	181
151	182
151	192
151	196
151	502
151	523
151	562
151	602
151	722
151	810
151	856
151	992
152	157
152	171
152	174
152	177
152	179
152	182
152	507
152	531
152	811
152	844
152	887
152	955
153	154
153	173
153	174
153	175
153	192
153	210
153	327
153	337
153	824
153	842
154	159
154	180
154	186
154	187
154	192
154	197
154	199
154	213
154	516
154	579
154	808
155	160
155	165
155	169
155	181
155	184
155	187
155	189
155	197
155	198
155	310
155	342
155	362
155	425
155	737
155	882
155	933
155	959
156	183
156	184
156	192
156	195
156	230
156	398
156	573
156	725
156	788
156	930
157	164
157	167
157	184
157	450
157	537
157	688
157	808
157	829
157	932
157	953
158	166
158	256
158	513
158	646
158	682
158	698
158	742
158	887
158	896
158	964
158	973
159	169
159	172
159	174
159	176
159	184
159	188
159	195
159	198
159	199
159	297
159	407
159	427
159	478
159	631
159	751
159	779
160	163
160	171
160	177
160	188
160	597
160	672
160	835
160	884
160	977
160	994
161	184
161	185
161	190
161	415
161	428
161	493
161	543
161	783
161	886
161	889
161	892
161	969
161	977
161	995
162	164
162	166
162	167
162	171
162	173
162	174
162	180
162	185
162	195
162	346
162	393
162	422
162	681
162	827
162	928
163	169
163	180
163	192
163	206
163	303
163	450
163	608
163	716
163	840
163	846
163	952
164	168
164	171
164	175
164	322
164	498
164	540
164	546
164	676
164	702
164	981
165	169
165	185
165	186
165	195
165	196
165	268
165	359
165	389
165	451
165	630
165	774
165	923
165	936
166	167
166	221
166	356
166	614
166	659
166	744
166	942
167	175
167	187
167	195
167	232
167	253
167	660
167	723
167	903
168	173
168	350
168	384
168	967
169	176
169	187
169	188
169	199
169	302
169	365
169	428
169	637
169	739
169	793
169	813
169	888
169	973
169	992
170	176
170	182
170	183
170	189
170	192
170	198
170	199
170	232
170	296
170	409
170	509
170	680
170	689
170	708
170	714
170	820
170	971
170	976
171	176
171	186
171	250
171	290
171	299
171	303
171	437
171	579
171	590
172	188
172	189
172	190
172	337
172	395
172	484
172	713
172	940
172	942
172	985
172	986
172	990
173	177
173	187
173	199
173	247
173	294
173	582
173	609
174	190
174	192
174	199
174	279
174	351
174	627
174	662
174	751
174	811
174	812
174	825
174	879
174	943
175	241
175	515
175	686
175	730
175	952
176	179
176	189
176	332
176	392
176	426
176	510
176	529
176	585
176	724
177	178
177	179
177	180
177	280
177	317
177	331
177	337
177	396
177	682
177	766
177	784
178	179
178	187
178	199
178	659
178	959
179	179
179	198
179	409
179	570
179	724
179	809
179	828
180	190
180	191
180	192
180	263
180	284
180	484
180	659
180	715
180	782
180	786
180	911
180	959
181	182
181	187
181	188
181	195
181	390
181	453
181	456
181	622
181	680
181	730
181	766
181	862
182	183
182	248
182	266
182	340
182	396
182	404
182	417
182	497
182	599
182	818
182	853
182	865
183	187
183	194
183	198
183	326
183	335
183	413
183	492
183	499
183	505
183	616
183	741
184	296
184	373
184	547
184	849
184	955
185	188
185	190
185	198
185	269
185	303
185	329
185	357
185	655
185	678
185	829
185	839
185	861
185	945
186	193
186	194
186	246
186	346
186	461
186	464
186	850
187	199
187	328
187	396
187	428
187	456
187	630
187	922
188	264
188	361
188	375
188	490
188	514
188	528
188	801
189	194
189	377
189	379
189	599
189	768
189	861
189	903
189	941
190	190
190	299
190	351
190	483
190	597
190	610
190	815
190	927
191	193
191	196
191	409
191	503
191	627
191	675
191	679
191	715
192	193
192	195
192	217
192	273
192	279
192	297
192	752
192	756
192	770
193	194
193	413
193	972
193	996
194	204
194	247
194	325
194	335
194	347
194	952
194	960
195	196
195	352
195	380
195	452
195	589
195	847
196	381
196	435
196	611
196	767
196	857
196	861
197	213
197	515
197	615
197	961
198	250
198	270
198	416
198	547
198	634
198	837
198	926
198	928
199	426
199	480
200	204
200	208
200	217
200	218
200	229
200	257
200	266
200	268
200	296
200	304
200	611
200	687
200	734
200	797
200	991
201	202
201	203
201	219
201	220
201	231
201	249
201	252
201	291
201	292
201	329
201	440
201	470
201	484
201	514
201	574
201	655
201	662
202	218
202	223
202	236
202	243
202	244
202	262
202	269
202	278
202	284
202	297
202	415
202	478
202	480
202	526
202	658
202	800
202	863
203	205
203	213
203	224
203	230
203	235
203	265
203	266
203	272
203	284
203	285
203	288
203	296
203	357
203	604
203	727
203	801
203	863
203	875
203	912
203	937
204	244
204	248
204	260
204	264
204	266
204	274
204	277
204	289
204	292
204	372
204	374
204	567
204	677
204	752
204	864
204	929
205	210
205	218
205	222
205	231
205	236
205	238
205	246
205	252
205	260
205	265
205	268
205	271
205	291
205	292
205	763
205	788
205	899
206	209
206	223
206	231
206	248
206	256
206	264
206	267
206	278
206	282
206	286
206	287
206	725
206	735
206	851
206	858
207	210
207	217
207	220
207	230
207	235
207	240
207	245
207	246
207	247
207	253
207	366
207	374
207	483
207	594
207	765
207	839
207	860
207	872
207	961
208	208
208	230
208	241
208	242
208	248
208	259
208	262
208	264
208	292
208	401
208	797
209	228
209	237
209	241
209	243
209	247
209	250
209	266
209	269
209	274
209	288
209	293
209	299
209	333
209	367
209	432
209	497
209	518
209	651
209	780
210	213
210	223
210	235
210	238
210	250
210	251
210	257
210	258
210	263
210	272
210	296
210	336
210	603
210	750
210	903
211	222
211	228
211	238
211	264
211	269
211	288
211	291
211	299
211	361
211	455
211	506
211	529
211	530
211	591
211	612
211	667
211	697
211	808
211	937
212	224
212	225
212	227
212	228
212	248
212	251
212	259
212	281
212	284
212	286
212	298
212	394
212	417
212	510
212	600
212	640
212	863
212	891
213	230
213	246
213	249
213	262
213	265
213	278
213	280
213	286
213	289
213	464
213	498
213	658
213	777
213	866
213	948
214	217
214	219
214	230
214	255
214	267
214	296
214	392
214	443
214	449
214	569
215	216
215	228
215	230
215	232
215	240
215	264
215	269
215	276
215	277
215	284
215	295
215	350
215	436
215	470
215	688
215	945
216	221
216	240
216	249
216	251
216	255
216	260
216	268
216	269
216	271
216	294
216	526
216	530
216	698
216	724
217	223
217	234
217	236
217	242
217	243
217	247
217	254
217	264
217	272
217	285
217	293
217	302
217	378
217	494
217	673
217	832
217	877
217	948
218	219
218	224
218	232
218	239
218	240
218	257
218	260
218	267
218	288
218	289
218	290
218	297
218	795
218	799
218	806
218	940
218	978
219	228
219	236
219	239
219	244
219	250
219	251
219	259
219	260
219	274
219	276
219	277
219	281
219	286
219	291
219	545
219	560
219	605
219	715
219	808
219	921
219	925
219	976
220	230
220	234
220	245
220	250
220	251
220	262
220	265
220	272
220	287
220	293
220	340
220	713
221	227
221	228
221	231
221	237
221	254
221	268
221	456
222	234
222	242
222	249
222	250
222	257
222	260
222	267
222	279
222	283
222	287
222	344
222	445
222	452
222	804
222	991
223	236
223	239
223	247
223	251
223	257
223	282
223	285
223	287
223	353
223	392
223	416
223	543
223	571
223	741
223	743
224	254
224	261
224	263
224	270
224	271
224	279
224	289
224	295
224	298
224	329
224	908
224	918
224	984
225	226
225	238
225	245
225	249
225	256
225	267
225	288
225	289
225	293
225	617
225	670
225	679
225	733
225	821
226	226
226	278
226	290
226	313
226	367
226	511
226	555
226	703
226	815
227	227
227	231
227	243
227	253
227	260
227	267
227	283
227	291
227	293
227	712
227	714
227	730
227	755
227	839
227	892
227	908
228	232
228	235
228	237
228	267
228	273
228	276
228	288
228	290
228	296
228	323
228	507
228	581
228	677
229	230
229	233
229	236
229	237
229	245
229	255
229	266
229	277
229	282
229	604
229	695
229	779
229	837
229	871
229	879
229	958
230	231
230	233
230	239
230	240
230	242
230	252
230	255
230	260
230	272
230	274
230	283
230	287
230	290
230	293
230	296
230	369
230	610
230	656
230	753
230	771
231	243
231	245
231	258
231	269
231	272
231	287
231	291
231	293
231	294
231	401
231	514
231	522
231	673
231	713
231	899
231	975
231	988
232	241
232	246
232	258
232	266
232	293
232	295
232	296
232	396
232	458
232	624
232	789
232	812
232	998
233	242
233	250
233	258
233	265
233	266
233	272
233	274
233	275
233	285
233	291
233	296
233	432
233	506
233	712
233	874
234	241
234	250
234	252
234	264
234	272
234	274
234	283
234	442
234	466
234	468
234	811
234	825
234	952
235	239
235	252
235	258
235	266
235	267
235	268
235	293
235	294
235	452
235	936
236	238
236	249
236	254
236	255
236	275
236	297
236	512
236	569
236	702
236	827
236	844
236	857
236	913
236	914
236	950
237	239
237	256
237	260
237	266
237	267
237	327
237	336
237	388
237	422
237	447
237	551
237	635
237	685
237	865
237	919
238	256
238	258
238	261
238	263
238	287
238	292
238	294
238	344
238	350
238	455
238	583
238	681
238	721
238	879
239	243
239	244
239	245
239	254
239	256
239	260
239	270
239	279
239	283
239	288
239	290
239	293
239	294
239	297
239	298
239	589
239	609
239	705
239	722
239	771
239	827
239	905
239	907
240	244
240	249
240	258
240	260
240	273
240	276
240	281
240	283
240	331
240	752
240	767
240	785
240	857
241	246
241	270
241	271
241	273
241	274
241	280
241	549
241	638
241	750
241	939
242	252
242	266
242	268
242	289
242	290
242	482
242	642
242	702
242	720
242	774
242	820
242	921
243	257
243	269
243	270
243	272
243	276
243	278
243	281
243	293
243	295
243	298
243	502
243	555
243	661
243	778
243	842
244	246
244	252
244	264
244	268
244	269
244	281
244	289
244	291
244	354
244	602
244	613
244	804
244	894
244	928
245	246
245	249
245	255
245	277
245	280
245	285
245	296
245	297
245	478
245	881
245	892
245	894
245	948
245	969
245	977
245	995
246	252
246	265
246	273
246	293
246	294
246	385
246	739
246	763
246	938
247	257
247	258
247	266
247	437
247	578
247	636
247	819
247	893
247	902
248	261
248	269
248	274
248	282
248	296
248	318
248	347
248	477
248	479
248	527
248	547
248	557
248	631
248	707
249	256
249	286
249	288
249	294
249	837
249	849
250	266
250	267
250	268
250	277
250	284
250	285
250	296
250	337
250	551
250	599
250	642
250	776
250	913
250	914
251	251
251	254
251	259
251	261
251	263
251	266
251	268
251	278
251	298
251	443
251	456
251	684
252	256
252	261
252	275
252	283
252	370
252	384
252	628
252	737
252	829
252	978
253	273
253	287
253	296
253	297
253	404
253	608
253	644
253	719
253	981
253	995
254	258
254	260
254	273
254	276
254	277
254	282
254	285
254	343
254	372
254	496
254	560
254	579
254	693
254	712
254	745
254	780
254	899
255	272
255	278
255	282
255	295
255	296
255	339
255	411
255	419
255	515
255	536
255	675
255	897
255	986
256	260
256	263
256	268
256	279
256	287
256	290
256	296
256	333
256	485
256	755
257	270
257	272
257	285
257	294
257	765
257	836
257	884
258	261
258	273
258	275
258	279
258	293
258	757
258	758
258	765
258	780
258	806
258	872
258	880
258	998
259	263
259	264
259	266
259	270
259	283
259	288
259	289
259	296
259	396
259	508
259	577
259	648
259	858
260	271
260	275
260	284
260	287
260	291
260	294
260	299
260	338
260	428
260	607
260	904
260	944
261	267
261	273
261	293
261	469
261	675
261	690
261	981
262	278
262	287
262	289
262	300
262	682
262	811
262	820
263	269
263	272
263	277
263	295
263	298
263	326
263	332
263	410
263	446
263	533
263	677
263	880
264	274
264	277
264	283
264	297
264	523
264	817
264	876
265	273
265	280
265	286
265	295
265	357
265	743
265	862
265	932
266	267
266	280
266	283
266	286
266	293
266	389
266	459
266	901
266	952
266	971
267	279
267	281
267	285
267	288
267	293
267	294
267	299
267	302
267	357
267	564
267	598
267	711
267	996
268	276
268	279
268	285
268	297
268	298
268	371
268	484
268	504
268	773
268	964
268	972
269	275
269	460
269	821
269	907
270	274
270	281
270	283
270	289
270	297
270	802
271	281
271	287
271	489
271	708
271	800
271	987
272	285
272	320
272	352
272	526
272	939
273	280
273	295
273	299
273	424
273	465
273	655
273	806
273	808
274	298
274	447
275	281
275	298
275	316
275	401
275	789
275	936
275	965
276	293
276	329
276	597
276	740
276	819
276	821
276	865
276	928
276	977
277	286
277	287
277	297
277	299
277	465
277	558
277	678
277	723
277	913
277	948
278	278
278	292
278	370
278	377
278	686
278	766
278	929
279	291
279	322
279	529
280	282
280	288
280	292
280	297
280	332
280	576
280	611
280	633
280	809
280	903
281	285
281	299
281	410
281	437
281	589
281	788
281	880
281	996
282	291
282	310
282	323
282	720
282	948
283	296
283	329
283	446
283	721
283	778
283	976
284	284
284	285
284	287
284	288
284	297
284	945
285	286
285	295
285	298
285	472
285	488
285	497
285	599
285	740
285	788
286	295
286	351
286	390
286	394
286	611
286	823
287	287
287	680
287	941
287	977
288	295
288	299
288	319
288	379
288	474
288	671
288	846
288	951
289	291
289	294
289	498
289	631
289	720
289	879
289	927
290	296
290	341
290	462
290	715
290	739
290	766
290	951
291	315
291	566
291	632
291	848
292	296
292	316
292	634
292	692
292	718
292	767
292	775
292	796
292	831
292	833
293	294
293	594
293	696
293	771
293	814
293	818
293	866
293	913
293	938
294	366
294	579
294	680
294	718
294	761
294	864
294	923
295	413
295	464
295	491
295	909
295	975
297	299
297	474
297	570
297	597
297	748
298	441
298	457
298	522
298	761
298	804
298	984
299	476
299	593
299	644
299	729
299	738
299	783
299	896
300	310
300	313
300	314
300	322
300	358
300	369
300	375
300	377
300	393
300	504
300	755
300	828
300	976
301	311
301	321
301	323
301	324
301	355
301	356
301	361
301	369
301	376
301	391
301	394
301	399
301	412
301	496
301	573
301	666
302	314
302	315
302	320
302	322
302	325
302	327
302	329
302	342
302	350
302	356
302	365
302	373
302	387
302	389
302	403
302	473
302	660
302	994
303	309
303	310
303	320
303	324
303	325
303	329
303	330
303	350
303	371
303	383
303	472
303	565
303	636
303	960
303	976
304	307
304	313
304	323
304	326
304	338
304	343
304	348
304	356
304	420
304	468
304	610
304	962
305	309
305	320
305	323
305	330
305	336
305	340
305	346
305	361
305	370
305	374
305	375
305	384
305	390
305	396
305	908
305	932
306	308
306	310
306	317
306	328
306	352
306	357
306	362
306	368
306	371
306	387
306	392
306	397
306	523
306	965
306	994
307	320
307	322
307	334
307	342
307	345
307	348
307	353
307	361
307	534
307	861
308	308
308	310
308	313
308	327
308	329
308	335
308	341
308	343
308	367
308	369
308	392
308	482
308	580
308	609
308	746
308	833
309	313
309	320
309	333
309	349
309	357
309	368
309	377
309	938
310	313
310	331
310	341
310	351
310	355
310	364
310	383
310	384
310	477
310	595
310	628
310	801
311	320
311	323
311	331
311	343
311	344
311	350
311	356
311	363
311	370
311	806
311	925
311	926
311	941
312	335
312	348
312	367
312	368
312	371
312	378
312	396
312	475
312	542
312	891
312	954
313	313
313	314
313	318
313	324
313	340
313	342
313	349
313	365
313	369
313	374
313	379
313	380
313	390
313	397
313	409
313	818
313	888
313	932
314	326
314	332
314	336
314	346
314	350
314	365
314	366
314	383
314	385
314	386
314	397
314	480
315	319
315	330
315	331
315	341
315	349
315	358
315	362
315	374
315	381
315	384
315	388
315	390
315	399
315	591
315	648
315	862
315	931
315	938
316	318
316	322
316	341
316	359
316	366
316	383
316	397
316	493
316	598
316	655
316	977
316	991
317	326
317	328
317	329
317	336
317	339
317	360
317	379
317	466
317	524
317	588
317	815
317	909
318	328
318	329
318	332
318	333
318	343
318	368
318	375
318	392
318	564
318	618
318	735
318	776
319	333
319	353
319	356
319	359
319	363
319	375
319	376
319	397
319	458
319	544
319	637
319	688
319	792
319	955
320	322
320	335
320	338
320	340
320	341
320	355
320	357
320	358
320	368
320	370
320	374
320	451
320	614
320	615
320	666
320	804
320	931
321	324
321	325
321	336
321	338
321	339
321	349
321	379
321	388
321	391
321	394
321	521
321	706
321	728
322	328
322	339
322	348
322	354
322	369
322	384
322	387
322	388
322	393
322	438
322	531
322	628
322	702
322	836
322	856
322	965
323	324
323	326
323	336
323	350
323	355
323	361
323	370
323	375
323	397
323	491
323	597
323	667
323	783
323	911
323	948
323	960
324	326
324	344
324	363
324	370
324	371
324	374
324	376
324	377
324	570
324	616
324	679
324	873
324	894
324	951
325	347
325	353
325	395
325	396
325	397
325	622
325	709
325	797
325	872
325	944
326	349
326	360
326	375
326	378
326	380
326	394
326	399
326	409
326	690
326	793
326	903
326	963
326	995
327	328
327	350
327	367
327	379
327	380
327	394
327	423
327	525
327	529
327	557
327	593
327	599
327	717
327	793
327	833
327	898
327	948
328	330
328	339
328	342
328	346
328	347
328	352
328	354
328	355
328	360
328	373
328	384
328	386
328	390
328	779
328	782
328	792
328	841
328	892
329	334
329	343
329	347
329	360
329	364
329	365
329	366
329	369
329	380
329	386
329	390
329	420
329	504
329	623
330	333
330	337
330	340
330	341
330	344
330	348
330	352
330	361
330	373
330	374
330	376
330	382
330	390
330	393
330	395
330	451
330	461
330	487
330	633
330	644
330	890
331	335
331	345
331	348
331	349
331	360
331	371
331	375
331	390
331	394
331	396
331	404
331	513
331	522
331	620
331	642
331	654
331	832
331	859
331	962
332	336
332	338
332	350
332	352
332	353
332	358
332	374
332	376
332	523
332	578
332	743
333	336
333	375
333	376
333	379
333	416
333	709
334	346
334	349
334	351
334	353
334	369
334	371
334	374
334	382
334	469
334	482
334	601
334	877
335	343
335	349
335	357
335	368
335	386
335	393
335	590
335	895
335	920
336	350
336	353
336	367
336	377
336	380
336	386
336	395
336	504
336	523
336	718
336	886
336	904
336	907
336	921
337	354
337	380
337	914
338	352
338	353
338	372
338	397
338	525
338	571
338	575
338	747
338	887
338	910
338	923
338	960
338	970
339	339
339	342
339	357
339	361
339	368
339	384
339	394
339	440
339	718
340	350
340	356
340	361
340	366
340	376
340	377
340	385
340	390
340	417
340	525
340	880
340	977
341	344
341	351
341	361
341	367
341	368
341	376
341	446
341	471
341	474
341	504
341	534
341	592
341	663
341	738
341	819
341	842
341	859
341	860
341	868
342	358
342	369
342	373
342	374
342	377
342	381
342	390
342	699
342	846
342	882
342	896
342	915
342	934
343	347
343	356
343	365
343	366
343	379
343	394
343	403
343	411
343	484
343	495
343	700
344	365
344	378
344	381
344	384
344	387
344	389
344	399
344	471
344	564
344	619
344	625
344	642
344	651
344	845
344	864
345	353
345	354
345	362
345	368
345	372
345	373
345	374
345	385
345	467
345	632
345	721
345	730
345	795
345	972
346	348
346	364
346	374
346	393
346	398
346	965
346	979
346	992
347	351
347	353
347	357
347	358
347	368
347	369
347	375
347	376
347	380
347	396
347	399
347	447
347	495
347	508
347	551
347	559
347	669
347	704
347	771
347	840
348	364
348	366
348	373
348	374
348	382
348	386
348	394
348	399
348	449
348	538
348	585
348	696
348	822
348	931
349	366
349	379
349	380
349	381
349	382
349	383
349	388
349	389
349	418
350	361
350	365
350	366
350	370
350	382
350	383
350	385
350	389
350	390
350	395
350	453
350	620
350	733
350	896
351	354
351	358
351	368
351	374
351	387
351	398
351	502
351	596
351	725
351	757
351	801
352	358
352	363
352	369
352	392
352	394
352	415
352	599
352	600
352	688
352	739
352	757
353	355
353	376
353	379
353	385
353	392
353	474
353	521
353	617
353	716
353	841
353	888
353	942
354	357
354	359
354	363
354	373
354	378
354	392
354	394
354	395
354	427
354	571
354	575
354	804
354	807
355	358
355	368
355	383
355	474
355	573
355	780
355	982
356	364
356	386
356	389
356	492
356	595
356	989
357	369
357	388
357	396
357	853
357	856
357	964
357	974
357	989
358	390
358	510
358	513
358	594
358	682
358	733
358	756
358	780
358	977
359	364
359	365
359	380
359	381
359	395
359	479
359	523
359	648
359	847
360	361
360	365
360	375
360	388
360	390
360	393
360	495
360	547
360	768
360	959
361	365
361	380
361	399
361	443
361	776
361	951
362	378
362	379
362	381
362	390
362	393
362	394
362	837
363	367
363	372
363	380
363	382
363	383
363	386
363	397
363	399
363	415
363	610
363	644
363	658
364	376
364	457
364	739
365	381
365	384
365	467
365	566
365	577
365	761
365	881
365	887
365	984
366	372
366	373
366	375
366	378
366	383
366	398
366	418
366	453
366	536
366	602
366	639
366	666
366	668
366	756
367	369
367	385
367	558
367	679
367	800
367	900
368	371
368	383
368	384
368	450
368	495
368	876
368	907
369	369
369	393
369	483
369	796
369	883
369	902
370	377
370	384
370	394
370	407
370	426
370	622
370	668
370	699
370	946
371	388
371	396
371	397
371	425
371	638
371	713
371	787
371	860
371	936
372	380
372	382
372	399
372	513
372	591
373	386
373	491
373	542
373	609
373	645
374	381
374	390
374	393
374	395
374	476
374	491
374	806
374	851
375	382
375	385
375	554
375	671
375	703
375	781
375	785
375	800
376	376
376	379
376	398
376	597
376	658
376	921
377	387
377	389
377	437
377	446
377	508
377	514
377	563
377	704
377	706
377	756
378	379
378	395
378	398
378	546
378	675
379	383
379	395
379	704
379	942
380	386
380	390
380	392
380	393
380	395
380	397
380	446
380	998
381	384
381	394
381	396
381	399
381	621
381	757
381	760
381	792
381	881
381	948
382	561
382	593
382	723
382	980
383	389
383	397
383	508
383	802
384	396
384	402
384	430
384	441
384	635
384	775
384	838
384	900
385	386
385	394
385	395
385	409
385	488
385	590
385	730
385	741
385	919
386	396
386	399
386	419
386	521
386	609
386	789
386	961
387	391
387	512
387	558
387	657
387	698
387	905
387	946
388	393
388	394
388	430
388	509
388	514
388	643
388	683
388	706
388	749
388	999
389	397
389	479
389	548
389	571
389	625
389	816
390	399
390	494
390	528
390	570
390	642
390	899
390	951
391	396
391	397
391	488
391	514
391	524
391	547
391	855
392	393
392	458
392	619
392	701
392	761
392	849
392	891
393	395
393	678
393	825
393	882
393	897
394	514
394	631
394	765
394	851
394	964
395	396
395	717
395	734
395	809
395	864
396	616
396	774
396	834
396	836
396	880
397	741
397	751
397	824
397	889
397	901
397	984
398	745
399	611
399	725
399	731
399	924
399	941
400	400
400	404
400	414
400	432
400	445
400	446
400	465
400	501
400	569
400	635
400	749
400	932
400	960
401	405
401	420
401	446
401	450
401	458
401	461
401	473
401	474
401	478
401	488
401	490
401	498
401	522
401	602
401	764
401	984
402	408
402	413
402	414
402	423
402	440
402	445
402	447
402	450
402	467
402	468
402	482
402	487
402	489
402	497
402	570
402	615
402	618
402	644
402	846
403	408
403	415
403	424
403	426
403	435
403	443
403	459
403	465
403	468
403	472
403	480
403	654
403	781
404	406
404	417
404	419
404	454
404	461
404	472
404	476
404	517
404	726
404	768
404	785
404	835
404	885
404	970
404	988
405	406
405	412
405	414
405	420
405	421
405	429
405	433
405	436
405	440
405	455
405	459
405	477
405	481
405	488
405	741
405	899
406	423
406	426
406	432
406	460
406	466
406	507
406	527
406	642
406	656
406	847
406	869
407	410
407	412
407	431
407	433
407	437
407	444
407	462
407	479
407	494
407	496
407	549
407	773
407	987
408	412
408	413
408	425
408	452
408	455
408	458
408	467
408	473
408	475
408	483
408	484
408	486
408	637
408	766
409	418
409	426
409	432
409	436
409	441
409	443
409	451
409	463
409	471
409	472
409	483
409	494
409	496
409	504
409	538
409	822
409	832
410	421
410	431
410	434
410	437
410	439
410	442
410	448
410	457
410	468
410	485
410	626
410	654
410	863
410	895
410	924
410	992
410	994
411	419
411	434
411	457
411	462
411	463
411	465
411	469
411	471
411	474
411	477
411	478
411	479
411	480
411	481
411	482
411	487
411	513
411	525
411	553
411	963
412	420
412	421
412	435
412	436
412	442
412	443
412	444
412	450
412	469
412	471
412	474
412	498
412	543
412	732
412	793
413	421
413	429
413	430
413	438
413	446
413	448
413	458
413	476
413	495
413	638
413	777
413	875
414	435
414	440
414	442
414	449
414	454
414	460
414	461
414	466
414	470
414	473
414	476
414	480
414	483
414	484
414	490
414	497
414	855
415	419
415	438
415	451
415	453
415	456
415	461
415	464
415	465
415	468
415	473
415	484
415	486
415	487
415	732
415	849
416	423
416	425
416	450
416	459
416	482
416	494
416	583
416	696
416	961
416	962
416	992
417	419
417	422
417	443
417	454
417	480
417	483
417	486
417	496
417	674
418	420
418	433
418	440
418	447
418	450
418	457
418	463
418	471
418	476
418	481
418	486
418	598
419	422
419	424
419	427
419	437
419	447
419	460
419	481
419	484
419	490
419	496
419	583
419	746
419	955
420	428
420	429
420	431
420	452
420	466
420	471
420	474
420	477
420	484
420	490
420	495
420	497
420	499
420	681
420	690
420	691
420	778
420	870
421	440
421	446
421	454
421	460
421	463
421	477
421	482
421	483
421	490
421	643
421	958
422	437
422	440
422	445
422	447
422	456
422	479
422	485
422	494
422	515
422	544
422	596
422	689
422	752
422	828
422	939
423	427
423	433
423	439
423	445
423	468
423	470
423	482
423	493
423	494
423	498
423	609
423	645
423	789
423	994
424	424
424	430
424	436
424	437
424	444
424	479
424	482
424	494
424	601
424	641
424	646
424	685
424	802
424	862
424	927
425	448
425	459
425	468
425	469
425	496
425	497
425	516
425	822
425	840
426	428
426	446
426	454
426	455
426	461
426	467
426	472
426	476
426	478
426	485
426	491
426	604
426	715
426	932
427	430
427	432
427	436
427	438
427	462
427	471
427	481
427	485
427	487
427	656
427	899
427	908
427	924
427	937
428	431
428	448
428	477
428	478
428	485
428	488
428	489
428	491
428	498
428	747
428	962
429	430
429	431
429	451
429	453
429	458
429	487
429	494
429	542
429	683
429	701
429	735
429	921
430	439
430	465
430	487
430	490
430	935
431	447
431	450
431	453
431	475
431	487
431	493
431	506
431	567
432	444
432	447
432	461
432	489
432	520
432	742
432	773
432	828
432	967
433	453
433	456
433	482
433	486
433	489
433	492
433	597
433	811
433	852
434	449
434	472
434	498
434	717
434	838
435	439
435	451
435	453
435	463
435	469
435	482
435	501
435	591
435	703
435	714
435	890
435	905
435	913
435	983
436	449
436	451
436	453
436	465
436	467
436	480
436	936
436	945
436	977
437	448
437	474
437	476
437	485
437	545
437	878
437	919
438	446
438	453
438	454
438	459
438	466
438	467
438	473
438	475
438	479
438	486
438	488
438	496
438	502
438	531
438	598
438	685
438	719
438	743
438	746
438	902
439	443
439	446
439	450
439	465
439	482
439	485
439	489
439	490
439	491
439	492
439	493
439	494
439	656
439	984
440	441
440	444
440	448
440	470
440	473
440	479
440	491
440	701
440	814
440	824
440	902
441	458
441	461
441	472
441	484
441	490
441	496
441	502
441	577
441	583
441	685
441	704
441	735
441	778
441	815
441	857
441	990
442	446
442	465
442	483
442	487
442	618
442	660
442	661
442	865
442	932
442	945
443	444
443	445
443	448
443	452
443	453
443	464
443	469
443	473
443	476
443	487
443	494
443	568
443	579
443	745
443	786
443	825
443	909
443	961
444	448
444	478
444	496
444	503
444	897
444	910
444	935
445	462
445	465
445	467
445	470
445	473
445	479
445	574
445	933
445	943
446	447
446	465
446	477
446	489
446	496
446	674
446	758
446	808
446	925
447	449
447	455
447	460
447	475
447	482
447	498
447	501
447	544
447	886
448	456
448	457
448	467
448	471
448	481
448	484
448	488
448	489
448	589
448	590
448	673
448	740
448	749
448	806
449	462
449	464
449	473
449	477
449	480
449	485
449	493
449	501
449	544
449	556
449	660
449	710
449	741
449	934
449	945
450	457
450	458
450	459
450	461
450	463
450	467
450	478
450	479
450	480
450	487
450	488
450	490
450	491
450	525
451	471
451	480
451	481
451	486
451	487
451	490
451	492
451	494
451	701
451	758
451	894
451	978
452	456
452	472
452	473
452	499
452	516
452	644
452	677
452	774
453	463
453	468
453	471
453	476
453	485
453	487
453	492
453	560
453	593
453	794
453	898
454	457
454	467
454	481
454	490
454	545
454	584
454	677
454	765
454	787
455	457
455	458
455	461
455	472
455	491
455	492
455	525
455	568
455	605
455	631
455	838
455	849
455	956
456	459
456	460
456	463
456	469
456	471
456	475
456	481
456	484
456	491
456	499
456	738
456	798
456	948
457	476
457	482
457	486
457	490
457	491
457	826
457	888
457	891
458	465
458	476
458	480
458	490
458	496
458	498
458	611
458	998
459	459
459	461
459	464
459	467
459	470
459	471
459	480
459	537
459	658
459	860
460	464
460	469
460	472
460	474
460	475
460	476
460	482
460	489
460	492
460	498
460	625
460	663
460	971
461	472
461	473
461	482
461	491
461	498
461	543
461	553
461	665
461	799
461	891
462	463
462	470
462	479
462	489
462	498
462	519
462	658
462	717
463	464
463	468
463	470
463	480
463	482
463	487
463	493
463	494
463	495
463	497
463	624
463	688
463	793
463	991
464	487
464	498
464	555
464	625
464	635
464	820
465	471
465	473
465	481
465	489
465	496
465	524
465	558
465	598
465	680
465	761
465	909
466	469
466	475
466	476
466	481
466	487
466	493
466	501
466	680
467	475
467	480
467	487
467	493
467	691
467	715
467	879
468	474
468	484
468	492
468	615
468	816
468	831
469	470
469	486
469	498
469	574
469	682
469	887
470	476
470	477
470	481
470	486
470	487
470	659
470	804
471	486
471	511
471	529
471	712
471	761
471	942
471	974
472	487
472	495
472	498
472	742
472	777
472	789
472	837
472	957
472	972
472	989
473	485
473	493
473	494
473	732
473	969
474	478
474	487
474	524
474	698
475	479
475	484
475	498
475	938
476	482
476	489
476	493
476	494
476	558
476	723
476	937
477	497
477	547
477	552
477	761
477	784
477	842
477	868
477	909
477	914
478	484
478	549
478	582
478	606
478	618
478	736
479	480
479	487
479	494
479	495
479	513
479	595
479	647
479	711
479	909
479	913
480	486
480	552
480	672
480	713
480	757
480	832
480	917
481	484
481	492
481	497
481	736
482	492
482	495
482	498
482	624
482	803
483	486
483	490
483	492
483	516
483	552
483	770
483	970
484	497
484	513
484	535
484	542
484	777
484	875
485	488
485	701
485	736
485	755
485	982
486	489
486	495
486	497
486	583
486	618
486	758
486	808
486	837
486	889
488	491
488	494
488	499
488	624
488	900
488	931
489	494
489	523
489	555
489	642
489	746
489	872
490	492
491	492
491	573
491	591
491	832
491	930
491	969
491	981
492	585
492	618
492	877
492	940
493	495
493	496
493	604
493	607
493	635
493	718
493	854
493	940
494	504
494	606
494	650
494	679
494	889
494	904
494	906
494	969
495	607
495	794
496	497
496	617
496	742
496	781
496	834
497	518
497	543
497	562
497	706
497	759
497	952
497	965
497	972
498	541
498	555
498	648
498	722
498	818
498	972
498	979
499	499
499	560
499	802
499	811
499	928
500	514
500	531
500	545
500	550
500	556
500	560
500	567
500	572
500	574
500	579
500	580
500	583
500	590
500	593
500	872
500	894
500	972
501	503
501	506
501	508
501	514
501	518
501	523
501	528
501	533
501	537
501	540
501	541
501	556
501	558
501	563
501	581
501	585
501	590
501	591
501	595
501	596
501	693
501	808
501	849
501	996
502	502
502	507
502	508
502	519
502	525
502	529
502	531
502	541
502	545
502	551
502	564
502	568
502	573
502	578
502	579
502	587
502	619
502	714
502	732
502	746
502	758
502	810
502	848
503	503
503	515
503	531
503	532
503	553
503	555
503	563
503	568
503	569
503	572
503	578
503	584
503	650
503	717
503	784
503	991
504	506
504	510
504	513
504	517
504	529
504	536
504	542
504	556
504	558
504	571
504	582
504	583
504	584
504	653
504	742
504	825
504	864
504	883
504	951
505	512
505	525
505	527
505	557
505	559
505	573
505	578
505	585
505	595
505	738
505	752
505	815
505	830
505	836
505	890
505	941
505	945
505	969
506	518
506	522
506	524
506	526
506	528
506	531
506	534
506	547
506	562
506	575
506	587
506	706
506	734
506	757
507	511
507	519
507	525
507	534
507	535
507	546
507	552
507	553
507	570
507	579
507	721
508	542
508	552
508	572
508	576
508	582
508	589
508	700
508	985
509	513
509	535
509	538
509	540
509	549
509	561
509	567
509	570
509	585
509	588
509	599
509	687
509	688
509	701
509	748
510	516
510	517
510	523
510	536
510	549
510	550
510	559
510	563
510	568
510	592
510	712
510	857
510	875
511	520
511	533
511	537
511	548
511	551
511	552
511	553
511	563
511	581
511	596
511	616
511	741
511	783
512	518
512	519
512	524
512	533
512	535
512	540
512	547
512	548
512	549
512	552
512	553
512	554
512	573
512	579
512	582
512	584
512	586
512	646
512	867
512	887
512	973
513	514
513	516
513	529
513	531
513	533
513	569
513	571
513	573
513	575
513	585
513	589
513	592
513	599
513	610
513	689
513	871
513	993
514	517
514	523
514	530
514	538
514	544
514	551
514	557
514	561
514	567
514	576
514	577
514	579
514	588
514	592
514	594
514	598
514	666
514	678
514	712
514	871
514	880
515	516
515	533
515	540
515	559
515	563
515	571
515	572
515	584
515	589
515	590
515	599
515	614
515	721
515	780
515	805
515	810
515	872
515	873
515	901
515	945
516	527
516	529
516	537
516	541
516	542
516	553
516	554
516	557
516	567
516	570
516	573
516	578
516	581
516	584
516	593
516	708
516	772
517	525
517	542
517	546
517	574
517	585
517	587
517	617
517	779
517	789
517	809
517	848
517	849
517	972
518	534
518	542
518	548
518	559
518	565
518	575
518	584
518	589
518	595
518	597
518	616
518	740
518	854
519	527
519	535
519	538
519	539
519	544
519	545
519	547
519	557
519	560
519	563
519	565
519	572
519	577
519	586
519	697
519	705
520	531
520	550
520	575
520	584
520	588
520	594
520	873
520	898
520	947
521	525
521	544
521	545
521	547
521	553
521	569
521	570
521	571
521	574
521	575
521	577
521	583
521	902
521	966
521	979
522	548
522	552
522	566
522	570
522	591
522	747
523	530
523	540
523	543
523	564
523	570
523	571
523	576
523	587
523	589
523	590
523	652
523	692
523	872
523	873
524	531
524	537
524	544
524	546
524	547
524	562
524	564
524	584
524	594
524	599
524	780
525	525
525	529
525	532
525	533
525	539
525	554
525	567
525	569
525	579
525	594
525	624
525	713
525	743
525	744
525	891
526	527
526	530
526	533
526	538
526	541
526	550
526	557
526	562
526	563
526	565
526	569
526	589
526	699
526	786
526	930
526	952
527	543
527	551
527	555
527	579
527	583
527	593
527	594
527	767
528	531
528	541
528	570
528	572
528	579
528	700
528	742
528	955
529	534
529	540
529	542
529	553
529	565
529	566
529	575
529	590
529	596
529	616
529	654
529	920
529	959
530	538
530	540
530	545
530	552
530	558
530	591
530	592
530	594
530	596
530	597
530	670
530	745
531	543
531	560
531	571
531	575
531	579
531	588
531	592
531	595
531	596
531	758
531	760
531	946
532	543
532	546
532	550
532	556
532	557
532	564
532	570
532	572
532	575
532	576
532	586
532	589
532	599
532	651
532	763
532	782
532	796
532	846
532	993
533	551
533	569
533	577
533	579
533	700
533	717
533	794
534	542
534	549
534	555
534	565
534	568
534	577
534	583
534	585
534	587
534	597
534	598
534	599
534	614
534	810
535	538
535	550
535	575
535	581
535	582
535	588
535	591
535	592
535	593
535	635
535	814
535	899
536	543
536	544
536	553
536	556
536	558
536	561
536	569
536	571
536	580
536	584
536	588
536	640
536	787
536	975
537	547
537	575
537	576
537	613
537	645
537	796
537	860
537	897
537	994
538	567
538	574
538	588
538	593
538	595
538	617
539	542
539	548
539	556
539	561
539	569
539	589
539	591
539	595
539	675
539	678
539	734
539	991
540	542
540	555
540	558
540	560
540	561
540	572
540	578
540	581
540	590
540	591
540	596
540	597
540	723
540	914
541	570
541	571
541	574
541	588
541	593
541	727
541	761
542	546
542	558
542	561
542	562
542	563
542	578
542	580
542	583
542	596
542	644
542	793
542	850
542	884
542	892
542	943
542	952
543	544
543	578
543	585
543	588
543	590
543	595
543	655
543	682
543	739
543	915
543	973
544	562
544	566
544	582
544	592
544	604
545	551
545	552
545	570
545	578
545	584
545	585
545	586
546	565
546	566
546	567
546	569
546	574
546	588
546	589
546	620
546	930
546	944
546	998
547	561
547	563
547	569
547	574
547	575
547	583
547	588
547	599
547	674
547	805
547	843
548	554
548	560
548	568
548	572
548	574
548	576
548	593
548	987
549	560
549	590
549	718
549	751
549	873
550	574
550	973
550	991
551	562
551	576
551	577
551	578
551	590
551	592
551	593
551	835
551	922
551	972
552	554
552	570
552	581
552	583
552	687
552	946
552	961
553	561
553	564
553	566
553	586
553	597
553	903
553	920
553	960
553	976
554	566
554	573
554	588
554	596
554	613
554	706
554	711
554	814
554	911
554	992
555	571
555	575
555	576
555	577
555	578
555	580
555	589
555	591
555	592
555	618
556	559
556	563
556	569
556	574
556	577
556	585
556	587
556	613
556	798
556	866
557	565
557	568
557	571
557	574
557	598
557	600
557	638
558	576
558	584
558	914
558	981
559	562
559	576
559	583
559	588
559	592
559	738
559	978
560	561
560	570
560	588
560	904
560	945
560	984
561	569
561	589
561	594
561	595
561	597
561	599
561	616
561	755
561	801
562	578
562	745
562	785
563	567
563	568
563	579
563	590
563	592
563	607
563	646
563	736
563	882
563	902
564	565
564	570
564	572
564	587
564	590
564	650
564	690
564	691
565	572
565	574
565	583
565	617
565	634
565	668
565	744
565	901
566	581
566	587
566	589
566	709
566	792
566	839
567	569
567	571
567	573
567	577
567	590
567	786
567	936
568	574
568	577
568	592
568	760
568	787
569	569
569	570
569	574
569	577
569	583
569	636
569	990
570	572
570	580
570	586
570	647
570	859
570	923
571	580
571	593
571	595
571	598
571	717
572	588
572	590
572	596
572	645
572	719
572	740
572	753
572	966
573	574
573	587
573	624
574	578
574	580
574	581
574	594
574	633
574	700
574	729
575	575
575	579
575	587
575	592
575	594
575	595
575	598
575	599
575	775
575	926
575	946
575	987
576	581
576	587
576	592
576	658
576	659
576	774
576	904
576	947
577	586
577	653
577	711
577	825
578	579
578	593
578	761
578	876
579	588
579	595
579	597
579	608
579	630
580	582
580	583
580	591
580	595
580	635
580	682
580	684
580	747
580	803
580	951
580	967
581	638
582	588
582	592
582	594
582	716
582	742
582	775
582	780
582	810
582	812
582	839
582	886
582	953
583	586
583	587
583	599
583	794
583	920
583	959
584	592
584	640
584	687
584	718
584	741
584	832
584	873
584	938
585	675
585	690
585	865
585	887
585	909
586	596
586	716
586	760
586	797
586	880
586	942
587	597
587	808
587	906
588	702
588	709
588	777
588	831
588	849
588	911
589	591
589	594
589	598
589	621
589	798
589	846
589	911
589	918
590	645
590	953
590	974
591	597
591	634
591	786
591	940
592	791
592	876
592	889
592	966
593	770
593	997
594	595
594	977
595	596
595	805
596	598
596	614
597	625
597	710
597	794
597	827
597	973
598	613
598	632
598	642
598	788
598	960
599	695
599	792
599	984
600	605
600	609
600	610
600	623
600	625
600	639
600	644
600	666
600	675
600	688
600	698
601	604
601	633
601	637
601	659
601	677
601	689
601	691
602	618
602	619
602	639
602	668
602	677
602	682
602	683
602	699
602	808
602	823
602	845
602	894
602	895
602	927
602	971
603	610
603	611
603	622
603	625
603	630
603	632
603	638
603	645
603	655
603	659
603	661
603	666
603	667
603	669
603	670
603	685
603	689
603	696
603	874
603	927
604	616
604	627
604	629
604	630
604	633
604	652
604	657
604	662
604	665
604	669
604	673
604	677
604	689
605	605
605	606
605	621
605	623
605	627
605	632
605	633
605	634
605	636
605	639
605	640
605	642
605	645
605	689
605	711
605	972
605	997
606	608
606	620
606	622
606	633
606	639
606	646
606	654
606	656
606	659
606	682
606	685
606	686
606	693
606	763
606	839
607	612
607	613
607	624
607	630
607	637
607	641
607	644
607	647
607	664
607	667
607	676
607	686
607	688
607	801
607	903
607	913
608	610
608	641
608	643
608	655
608	656
608	671
608	672
608	692
608	759
608	853
609	612
609	613
609	618
609	624
609	627
609	643
609	653
609	660
609	670
609	685
609	688
609	695
609	697
609	885
609	930
610	618
610	636
610	638
610	639
610	641
610	646
610	657
610	658
610	660
610	667
610	673
610	675
610	676
610	691
610	876
610	938
610	942
611	629
611	637
611	671
611	673
611	675
611	677
611	685
611	688
611	690
611	696
611	931
612	613
612	622
612	625
612	626
612	631
612	637
612	640
612	642
612	659
612	661
612	677
612	689
612	696
612	730
612	780
612	819
612	956
613	627
613	630
613	633
613	634
613	643
613	651
613	674
613	685
613	766
614	631
614	636
614	637
614	643
614	651
614	666
614	695
614	697
614	788
614	822
614	856
615	615
615	622
615	628
615	641
615	649
615	655
615	687
615	689
615	692
615	865
615	883
615	960
616	621
616	622
616	624
616	634
616	637
616	641
616	642
616	645
616	657
616	661
616	674
616	686
616	689
616	697
616	939
616	978
617	620
617	621
617	643
617	656
617	666
617	667
617	680
617	688
617	692
617	781
617	786
617	817
617	925
618	651
618	671
618	696
618	697
618	698
618	760
618	836
619	619
619	635
619	640
619	676
619	677
619	681
619	685
619	690
619	695
619	699
619	743
620	626
620	641
620	657
620	662
620	666
620	676
620	677
620	688
620	695
620	970
621	625
621	633
621	634
621	644
621	647
621	672
621	674
621	676
621	692
622	641
622	657
622	661
622	664
622	670
622	675
622	683
622	691
622	693
622	794
622	802
622	991
623	625
623	636
623	637
623	644
623	653
623	659
623	678
623	692
623	693
623	695
623	883
624	643
624	662
624	663
624	672
624	676
624	679
624	683
624	685
624	687
624	690
624	699
624	789
625	629
625	633
625	635
625	637
625	638
625	639
625	644
625	648
625	652
625	653
625	656
625	667
625	670
625	673
625	676
625	680
625	683
625	688
625	689
625	691
625	796
625	820
625	914
625	916
626	641
626	642
626	643
626	645
626	650
626	653
626	655
626	674
626	683
626	685
626	686
626	687
626	780
626	785
626	804
626	864
626	911
627	627
627	636
627	640
627	664
627	676
627	681
627	694
627	863
628	629
628	631
628	637
628	639
628	651
628	664
628	665
628	673
628	676
628	683
628	963
629	632
629	648
629	652
629	653
629	662
629	675
629	697
629	805
629	838
629	855
629	932
630	650
630	661
630	665
630	668
630	669
630	685
630	692
630	693
630	694
630	695
630	697
630	718
630	765
630	780
630	843
630	920
630	951
631	632
631	652
631	674
631	679
631	681
631	684
631	692
631	835
632	637
632	638
632	643
632	649
632	653
632	657
632	671
632	681
632	815
632	831
632	872
632	935
633	648
633	655
633	660
633	664
633	669
633	671
633	677
633	687
633	689
633	690
633	716
633	739
633	955
634	634
634	645
634	646
634	650
634	656
634	675
634	676
634	682
634	685
634	696
634	697
634	776
634	900
635	641
635	647
635	689
635	702
635	707
635	709
635	872
635	905
636	639
636	642
636	670
636	671
636	673
636	676
636	678
636	685
636	690
636	694
636	856
637	637
637	657
637	662
637	663
637	667
637	668
637	674
637	682
637	688
637	694
637	696
637	777
637	990
638	647
638	654
638	657
638	660
638	670
638	682
638	686
638	698
638	699
639	641
639	642
639	647
639	656
639	676
639	684
639	690
639	697
639	704
639	769
639	805
639	858
640	641
640	679
640	686
640	695
640	704
640	732
640	734
640	927
640	937
640	945
641	643
641	648
641	649
641	657
641	669
641	677
641	695
641	696
641	911
641	913
641	988
642	669
642	678
642	686
642	687
642	694
642	732
642	787
642	839
642	915
643	661
643	707
643	754
643	849
643	863
644	660
644	684
644	689
644	698
644	855
645	645
645	654
645	671
645	697
646	657
646	670
646	687
646	688
646	824
646	861
647	666
647	672
647	680
647	694
647	698
647	747
647	755
647	769
647	822
647	858
648	653
648	657
648	668
648	676
648	688
648	696
648	698
648	848
648	867
649	650
649	652
649	667
649	679
649	681
649	686
649	699
649	768
649	849
650	670
650	674
650	679
650	689
650	732
650	858
651	651
651	656
651	657
651	668
651	673
651	688
651	825
652	661
652	662
652	676
652	681
652	697
652	698
652	779
653	665
653	666
653	675
653	683
653	699
653	732
653	791
653	848
653	852
653	889
653	979
654	658
654	661
654	679
654	870
654	896
654	969
654	980
654	995
655	665
655	825
655	832
655	836
656	671
656	679
656	689
656	691
656	692
656	706
656	824
656	916
656	976
657	661
657	669
657	672
657	675
657	679
657	689
657	690
657	691
657	816
657	862
658	658
658	677
658	690
658	697
658	699
658	719
658	890
658	920
658	926
659	660
659	663
659	673
659	676
659	715
659	751
659	817
659	822
659	829
660	691
660	692
660	698
660	755
660	757
660	776
660	827
660	862
660	944
660	947
661	674
661	684
661	686
661	806
661	841
661	874
661	990
662	669
662	676
662	679
662	685
662	698
662	725
663	664
663	668
663	672
663	676
663	679
663	683
663	689
663	736
663	856
663	910
663	911
663	954
664	671
664	680
664	681
664	691
664	699
664	781
664	839
664	863
664	867
664	893
664	982
665	686
666	671
666	674
666	676
666	695
666	812
666	904
666	944
667	692
667	762
667	947
668	670
668	680
668	681
668	689
668	791
668	946
669	678
669	680
669	683
669	688
669	694
669	864
669	931
670	670
670	673
670	674
670	677
670	686
670	693
670	794
670	852
671	685
671	686
671	694
671	812
671	886
671	985
672	673
672	675
672	686
672	693
672	881
672	899
672	933
672	969
673	678
673	679
673	689
673	766
673	778
673	953
674	695
674	697
674	727
674	763
675	682
675	685
675	686
675	747
675	835
675	847
675	881
675	964
676	676
676	690
676	796
677	686
677	689
677	690
677	697
677	699
678	685
678	692
678	829
678	848
678	952
679	684
679	688
679	698
679	724
679	855
679	862
679	895
679	991
680	693
680	697
680	712
680	800
680	812
680	923
680	960
681	687
681	694
681	695
681	735
681	878
682	687
682	741
682	765
682	778
682	848
682	982
683	686
683	820
684	686
684	687
684	698
684	966
685	690
685	695
685	702
685	848
685	929
686	688
686	693
686	696
686	698
686	723
686	764
686	822
686	866
686	987
687	689
687	691
687	698
688	695
688	697
688	936
688	960
688	969
689	696
689	697
689	699
689	927
689	930
690	830
690	834
690	935
691	757
692	693
692	694
692	710
692	987
694	791
694	804
694	913
695	697
695	840
695	975
696	704
696	722
696	840
697	821
697	956
698	757
698	844
698	899
698	937
698	985
700	711
700	720
700	722
700	723
700	742
700	747
700	767
700	794
700	797
700	798
700	810
700	884
700	885
701	702
701	704
701	723
701	727
701	728
701	739
701	743
701	745
701	749
701	765
701	776
701	778
701	780
701	794
701	830
701	933
702	706
702	708
702	725
702	726
702	744
702	745
702	750
702	757
702	764
702	772
702	779
702	780
702	782
702	954
703	732
703	744
703	752
703	756
703	758
703	759
703	761
703	768
703	772
703	782
703	785
703	795
703	797
703	799
703	850
703	864
703	914
704	707
704	710
704	714
704	715
704	719
704	723
704	727
704	732
704	756
704	771
704	776
704	790
704	794
705	710
705	720
705	734
705	739
705	743
705	757
705	762
705	764
705	766
705	774
705	792
705	796
705	797
705	801
705	828
706	716
706	718
706	723
706	729
706	734
706	743
706	753
706	765
706	773
706	778
706	782
706	794
706	797
706	798
706	890
707	713
707	728
707	731
707	732
707	738
707	742
707	746
707	751
707	759
707	762
707	774
707	778
707	779
707	781
707	786
707	790
707	797
707	861
708	717
708	735
708	754
708	818
708	894
709	722
709	729
709	731
709	733
709	738
709	756
709	769
709	772
709	774
709	776
709	777
709	794
709	796
710	732
710	745
710	748
710	767
710	768
710	770
710	772
710	774
710	781
710	787
710	796
710	824
711	719
711	740
711	742
711	771
711	784
711	799
711	832
711	869
711	894
712	715
712	720
712	723
712	733
712	740
712	744
712	746
712	764
712	771
712	772
712	778
712	782
712	783
712	789
712	794
713	720
713	722
713	761
713	768
713	771
713	777
713	791
714	715
714	718
714	743
714	747
714	749
714	751
714	752
714	754
714	755
714	760
714	772
714	776
714	791
714	794
714	797
714	842
714	908
715	725
715	726
715	728
715	730
715	751
715	752
715	756
715	757
715	779
715	783
715	788
715	843
715	900
715	910
716	716
716	718
716	723
716	742
716	766
716	767
716	769
716	770
716	777
716	780
716	790
716	794
716	799
716	849
717	731
717	750
717	758
717	773
717	774
717	778
717	898
718	725
718	745
718	752
718	753
718	757
718	768
718	771
718	784
718	786
718	788
718	847
718	967
719	736
719	747
719	753
719	765
719	788
719	791
719	868
720	725
720	730
720	735
720	743
720	745
720	747
720	756
720	780
720	783
720	790
720	792
720	831
720	860
720	889
721	730
721	743
721	746
721	756
721	758
721	765
721	779
721	781
721	791
721	948
721	960
721	986
722	725
722	727
722	730
722	757
722	782
722	796
722	963
723	724
723	727
723	730
723	735
723	742
723	750
723	766
723	773
723	838
723	874
723	898
723	920
723	942
724	733
724	738
724	773
724	788
724	791
725	739
725	753
725	765
725	767
725	771
725	787
725	790
725	794
725	795
725	813
725	870
725	955
726	733
726	736
726	743
726	759
726	761
726	776
726	777
726	789
727	734
727	739
727	755
727	792
727	986
728	728
728	735
728	739
728	750
728	762
728	767
728	772
728	777
728	783
728	786
728	787
728	797
728	798
728	799
728	826
728	913
729	741
729	744
729	761
729	767
729	769
729	784
729	797
729	848
729	925
730	735
730	738
730	741
730	742
730	757
730	762
730	765
730	775
730	788
730	796
730	868
730	983
731	736
731	746
731	758
731	770
731	775
731	794
731	946
732	732
732	734
732	750
732	756
732	777
732	783
732	784
732	788
732	795
732	844
732	979
733	749
733	764
733	784
733	793
733	795
733	871
734	735
734	769
734	779
734	792
734	795
734	796
734	797
734	929
735	746
735	751
735	757
735	763
735	764
735	770
735	796
735	870
735	970
736	746
736	752
736	765
736	792
736	793
736	841
736	854
736	918
737	752
737	756
737	767
737	770
737	771
737	783
737	784
737	785
737	792
737	793
737	821
737	919
737	980
738	741
738	744
738	757
738	759
738	761
738	767
738	772
738	776
738	777
738	878
738	948
739	750
739	754
739	765
739	792
739	797
739	798
739	821
739	881
739	979
740	749
740	780
740	791
740	854
740	913
740	979
740	989
741	742
741	746
741	756
741	759
741	761
741	766
741	769
741	771
741	793
741	801
741	871
741	966
741	991
742	744
742	752
742	774
742	784
742	793
742	798
742	799
742	962
743	746
743	755
743	770
743	786
743	792
743	793
743	943
743	972
744	746
744	751
744	754
744	755
744	757
744	788
744	794
744	904
744	986
745	747
745	757
745	759
745	764
745	772
745	784
745	789
745	792
745	893
745	936
745	984
746	762
746	765
746	766
746	767
746	777
746	781
746	798
746	799
747	755
747	766
747	769
747	784
747	799
747	805
747	808
747	823
748	751
748	754
748	757
748	777
748	786
748	788
748	789
748	792
748	798
748	799
748	870
748	878
748	928
749	752
749	758
749	773
749	783
749	785
749	790
750	765
750	774
750	789
751	753
751	761
751	766
751	770
751	773
751	779
751	870
752	753
752	756
752	762
752	765
752	775
752	778
752	838
752	976
753	764
753	782
753	793
753	799
754	755
754	756
754	772
754	779
754	782
754	793
754	955
755	764
755	771
755	777
755	778
756	757
756	767
756	772
756	776
756	784
756	790
756	793
756	830
756	873
756	967
757	771
757	779
757	782
757	902
757	953
757	964
758	787
758	817
759	761
759	766
759	771
759	772
759	779
759	794
759	797
759	911
759	968
760	762
760	778
760	787
760	789
760	797
760	884
760	986
761	774
761	776
761	780
761	798
761	806
761	869
762	762
762	771
762	775
762	777
762	779
762	793
762	881
762	932
762	979
762	983
763	775
763	783
763	792
763	935
764	767
764	785
764	796
764	962
764	991
765	772
765	773
765	775
765	786
765	794
765	952
765	982
766	770
766	772
766	782
766	788
766	795
766	818
766	820
766	997
767	772
767	783
767	795
767	970
768	768
768	781
768	782
768	787
768	788
768	904
769	774
769	777
769	784
769	808
770	775
770	788
770	791
770	792
770	796
770	859
770	871
771	781
771	782
771	786
771	853
772	780
772	785
772	852
772	873
772	922
773	779
773	780
773	792
773	797
773	798
773	879
773	920
774	779
774	788
774	976
775	792
775	795
775	969
775	987
776	784
776	788
776	853
776	972
777	783
777	790
777	798
777	803
777	859
777	865
777	952
778	782
778	789
778	796
778	799
778	853
778	854
778	930
779	780
779	817
780	793
780	799
780	807
780	833
781	868
781	947
782	790
782	796
782	818
782	905
782	995
782	998
783	787
783	793
783	794
783	803
783	877
784	784
784	889
784	938
784	958
784	976
785	795
785	796
786	799
786	886
787	793
787	885
787	972
788	795
788	796
788	912
789	793
789	897
789	979
789	984
790	838
790	874
790	963
790	966
790	994
791	873
791	921
791	986
792	798
792	860
795	852
795	931
796	798
797	831
797	899
798	849
798	871
798	918
799	975
800	801
800	803
800	804
800	811
800	830
800	839
800	844
800	845
800	866
800	959
801	817
801	822
801	866
801	876
801	887
801	890
801	893
801	894
801	939
802	815
802	820
802	828
802	842
802	858
802	866
802	868
802	869
802	872
802	875
802	876
802	891
802	899
803	804
803	861
803	864
803	865
803	868
803	872
803	887
803	892
803	898
803	899
803	950
804	809
804	820
804	831
804	837
804	842
804	845
804	860
804	872
804	880
805	806
805	825
805	828
805	834
805	843
805	850
805	870
805	875
805	883
805	888
805	889
805	895
805	896
805	897
806	812
806	827
806	829
806	840
806	860
806	865
806	871
806	883
806	910
806	935
807	812
807	817
807	819
807	823
807	840
807	842
807	844
807	850
807	851
807	853
807	862
807	869
807	870
807	872
807	884
807	885
808	810
808	827
808	838
808	843
808	848
808	853
808	854
808	883
808	885
808	889
808	898
809	811
809	829
809	842
809	843
809	851
809	854
809	855
809	860
809	863
809	868
809	873
809	877
809	931
810	811
810	816
810	825
810	826
810	832
810	842
810	849
810	860
810	864
810	876
810	877
810	885
810	889
810	890
810	933
811	813
811	826
811	829
811	832
811	848
811	852
811	887
812	819
812	821
812	823
812	826
812	832
812	838
812	842
812	844
812	847
812	866
812	867
812	892
812	893
812	897
812	933
813	817
813	847
813	866
813	874
813	883
813	891
813	895
813	899
813	954
814	815
814	823
814	833
814	834
814	841
814	858
814	860
814	865
814	866
814	870
814	879
815	826
815	829
815	835
815	843
815	851
815	853
815	859
815	891
815	895
815	992
816	823
816	831
816	837
816	848
816	853
816	855
816	860
816	861
816	863
816	864
816	885
817	830
817	838
817	845
817	859
817	860
817	867
817	875
817	881
817	930
817	953
818	829
818	852
818	859
818	868
818	873
818	874
818	876
818	878
818	880
818	881
818	919
819	826
819	827
819	855
819	858
819	861
819	882
819	884
819	892
819	907
819	942
820	837
820	843
820	860
820	865
820	882
820	883
820	888
821	824
821	833
821	839
821	840
821	857
821	862
821	870
821	873
821	877
821	903
822	823
822	827
822	837
822	840
822	852
822	856
822	860
822	887
822	890
822	894
822	953
823	828
823	832
823	836
823	837
823	849
823	868
823	876
823	884
823	891
823	893
823	897
823	991
823	997
824	825
824	841
824	856
824	857
824	861
824	871
824	874
824	878
824	884
824	887
824	899
825	841
825	848
825	857
825	858
825	873
825	876
825	877
825	880
825	892
825	935
826	827
826	830
826	838
826	841
826	844
826	847
826	852
826	853
826	873
826	883
827	871
827	875
827	890
827	893
827	894
827	895
827	898
828	829
828	836
828	846
828	854
828	858
828	863
828	872
828	873
828	875
828	887
829	829
829	831
829	837
829	842
829	855
829	857
829	893
829	931
830	854
830	862
830	878
831	832
831	845
831	848
831	849
831	853
831	855
831	857
831	869
831	894
831	897
832	833
832	850
832	863
832	867
832	878
832	884
832	886
832	895
833	836
833	840
833	849
833	881
833	889
833	899
834	864
834	870
834	874
834	882
834	887
834	893
834	898
834	994
835	837
835	841
835	842
835	847
835	857
835	859
835	862
835	878
835	884
835	887
835	921
836	845
836	846
836	886
836	945
836	976
837	854
837	858
837	883
837	888
837	896
838	842
838	848
838	852
838	855
838	861
838	864
838	874
838	885
838	894
838	897
838	903
838	909
839	844
839	858
839	865
839	866
839	887
839	894
839	896
839	990
840	842
840	847
840	855
840	856
840	868
840	892
840	898
840	904
841	844
841	896
841	951
841	988
842	850
842	860
842	862
842	877
842	893
843	846
843	859
843	874
843	885
844	847
844	851
844	852
844	858
844	866
844	869
844	874
844	879
844	893
844	895
844	897
844	977
845	860
845	863
845	868
845	871
845	873
845	881
845	886
845	899
846	847
846	853
846	861
846	872
846	873
846	885
846	886
846	888
846	890
846	895
846	905
846	930
847	850
847	853
847	867
847	885
847	886
847	893
847	899
847	919
847	978
848	872
848	873
848	879
848	887
849	856
849	874
849	879
850	884
850	887
851	854
851	860
851	862
851	863
851	864
851	894
851	896
851	939
851	942
852	861
852	875
852	892
853	884
853	885
853	898
854	864
854	867
854	885
854	890
854	897
855	861
855	863
855	871
855	880
855	887
855	889
855	894
855	896
855	898
855	909
856	865
856	869
856	880
857	874
857	887
857	890
857	905
857	915
857	994
858	863
858	865
858	870
858	876
858	879
858	888
858	896
858	962
859	863
859	867
859	868
859	872
859	873
859	884
859	885
859	888
859	889
859	891
859	893
859	896
860	871
860	885
860	886
861	863
861	879
861	882
861	885
861	889
861	891
861	897
862	869
862	872
862	874
862	878
862	880
862	883
862	885
862	895
862	932
863	890
863	991
864	868
864	878
864	883
864	894
864	931
864	960
864	966
865	876
866	870
866	878
866	880
866	882
866	891
866	892
866	921
866	943
866	965
867	891
867	893
867	923
868	876
868	882
868	888
868	899
868	949
868	981
869	887
869	891
869	897
870	877
870	883
870	896
871	873
871	879
871	883
871	885
871	892
871	893
871	897
872	872
872	877
872	878
872	880
872	885
872	894
872	896
872	898
872	899
872	912
872	924
873	873
873	891
873	900
874	962
874	966
875	880
876	876
876	881
876	883
876	886
876	896
877	881
877	891
877	986
878	890
878	892
878	896
881	890
881	894
882	887
882	888
883	885
883	993
884	888
884	891
884	893
885	885
885	896
885	954
885	984
886	892
886	895
886	899
887	922
888	896
889	892
889	898
889	927
890	890
890	891
890	995
891	891
891	892
891	895
893	896
894	925
894	940
894	978
896	911
897	899
897	968
899	916
899	988
900	901
900	909
900	913
900	945
900	947
900	948
900	962
900	982
900	986
900	987
901	905
901	912
901	915
901	917
901	925
901	927
901	931
901	940
901	941
901	942
901	945
901	950
901	981
901	983
901	984
901	988
901	992
902	909
902	927
902	934
902	935
902	948
902	952
902	953
902	970
902	972
902	980
902	986
903	918
903	923
903	935
903	947
903	970
903	990
904	911
904	920
904	951
904	958
904	966
904	969
904	981
904	985
904	990
904	992
905	914
905	916
905	917
905	918
905	922
905	938
905	940
905	942
905	945
905	957
905	958
905	961
905	964
905	966
905	975
905	978
905	981
905	991
905	992
905	999
906	921
906	945
906	949
906	957
906	968
906	980
906	995
906	998
907	911
907	912
907	916
907	931
907	933
907	935
907	941
907	952
907	953
907	957
907	960
907	971
907	977
907	990
907	993
907	998
908	916
908	940
908	946
908	948
908	953
908	957
908	984
908	992
909	918
909	939
909	954
909	956
909	964
909	970
909	987
909	989
909	996
910	912
910	925
910	933
910	943
910	957
910	958
910	965
910	976
910	977
910	983
910	993
911	934
911	944
911	952
911	955
911	956
911	967
911	972
911	973
911	974
911	988
912	942
912	951
912	953
912	954
912	968
912	969
912	970
912	971
912	985
912	990
913	913
913	918
913	919
913	928
913	956
913	972
913	982
913	989
913	998
914	920
914	925
914	929
914	939
914	951
914	954
914	959
914	962
914	978
914	980
914	997
915	918
915	923
915	945
915	960
915	970
915	978
915	985
915	996
915	998
916	926
916	928
916	939
916	968
917	938
917	957
917	968
917	972
917	978
918	921
918	928
918	937
918	942
918	944
918	949
918	951
918	956
918	958
918	968
918	972
918	989
918	993
918	995
919	921
919	935
919	940
919	951
919	981
919	991
919	992
919	994
920	921
920	923
920	936
920	953
920	984
921	922
921	923
921	931
921	934
921	938
921	962
921	966
921	967
921	992
921	996
922	943
922	959
922	970
922	971
922	973
922	976
922	991
923	929
923	931
923	943
923	953
923	962
923	976
923	981
923	990
923	998
924	926
924	953
924	955
924	979
924	985
924	987
924	998
925	926
925	929
925	930
925	933
925	950
925	959
925	979
925	982
926	928
926	930
926	967
926	971
926	977
926	979
927	932
927	934
927	936
927	937
927	941
927	942
927	944
927	964
927	965
927	978
927	983
927	988
927	990
927	996
928	931
928	933
928	943
928	953
928	957
928	958
928	988
928	991
928	994
929	931
929	934
929	946
929	969
929	994
929	995
930	932
930	938
930	956
930	958
930	962
930	973
931	943
931	947
931	956
931	975
931	981
931	997
932	953
932	982
932	995
932	998
933	937
933	938
933	944
933	983
933	987
933	989
933	997
934	960
934	966
934	970
934	976
934	981
934	982
934	985
934	986
934	997
935	936
935	948
935	960
935	964
935	967
935	972
935	978
935	979
935	987
936	958
936	975
937	945
937	946
937	956
937	962
937	964
937	965
937	974
937	979
937	984
937	990
937	993
938	968
938	987
938	992
938	995
938	998
939	963
939	970
939	976
939	983
939	989
939	993
940	954
940	962
940	970
940	988
940	994
940	996
941	943
941	953
941	958
941	960
941	961
941	964
941	972
941	978
941	992
942	946
942	947
942	952
942	954
942	995
942	998
943	944
943	951
943	952
943	954
943	958
943	962
943	974
943	988
943	992
943	993
944	954
944	963
945	952
945	963
945	966
945	973
945	974
945	977
945	979
945	980
945	981
945	984
945	996
946	949
946	951
946	957
946	964
946	978
946	988
946	989
946	998
947	958
947	962
947	971
947	972
947	986
947	995
948	951
948	960
948	964
948	968
948	969
948	990
948	997
949	949
949	956
949	960
949	966
949	992
950	953
950	962
950	965
950	966
950	973
950	982
950	994
950	995
951	956
951	957
951	968
951	982
951	983
951	986
951	987
951	990
951	996
952	954
952	957
952	965
952	983
952	986
952	990
952	991
952	998
953	966
953	974
954	956
954	961
954	980
954	983
954	990
955	965
955	968
955	976
955	987
955	988
955	989
955	995
956	965
956	966
956	975
956	984
956	987
956	991
956	992
956	994
957	958
957	976
958	963
958	970
958	983
958	998
959	960
959	962
959	965
959	968
959	975
959	981
959	986
959	991
959	995
960	963
960	986
960	989
960	993
961	968
961	969
961	972
961	983
961	985
961	998
962	963
962	966
962	989
963	976
963	978
963	986
963	987
964	970
964	977
964	989
964	999
965	975
965	976
965	979
965	985
965	997
966	968
966	975
966	978
966	980
966	981
966	999
967	969
967	988
967	989
967	999
968	990
968	995
968	999
969	978
969	995
970	971
970	998
971	976
971	981
971	982
971	993
972	980
972	986
972	994
973	974
973	977
973	984
973	991
973	993
974	975
974	979
974	982
974	989
974	997
974	998
975	977
975	979
975	988
975	992
976	999
977	990
977	993
978	985
979	985
979	987
979	990
979	992
980	994
980	997
982	996
983	985
984	993
984	997
985	989
985	993
985	996
986	991
986	993
988	996
988	997
989	996
990	991
990	992
990	998
991	993
991	994
991	997
993	996
995	998
998	998
