0	2
0	6
0	12
0	21
0	60
0	73
0	96
0	160
0	276
0	350
0	384
0	462
0	591
0	749
0	901
1	10
1	11
1	13
1	26
1	39
1	72
1	79
1	81
1	83
1	93
1	156
1	205
1	348
1	436
1	506
1	524
1	572
1	721
1	968
2	6
2	21
2	30
2	33
2	34
2	35
2	41
2	77
2	151
2	161
2	209
2	347
2	394
2	436
2	513
2	612
2	621
2	645
2	844
2	919
2	982
2	995
3	8
3	13
3	14
3	15
3	16
3	17
3	20
3	43
3	63
3	70
3	72
3	85
3	92
3	95
3	97
3	146
3	239
3	390
3	531
3	577
3	687
3	842
3	911
3	913
3	917
3	956
4	8
4	14
4	16
4	20
4	44
4	49
4	50
4	55
4	68
4	79
4	83
4	86
4	93
4	103
4	167
4	272
4	286
4	337
4	446
4	448
4	485
4	532
4	577
4	589
4	646
4	667
4	747
4	773
4	872
5	7
5	9
5	33
5	37
5	44
5	54
5	70
5	83
5	89
5	104
5	169
5	197
5	292
5	294
5	329
5	478
5	537
5	561
5	562
5	579
5	666
5	692
5	772
5	856
5	893
5	984
6	7
6	9
6	10
6	39
6	52
6	53
6	59
6	61
6	70
6	89
6	95
6	198
6	464
6	573
6	600
6	793
6	868
6	881
7	12
7	34
7	46
7	52
7	85
7	86
7	113
7	143
7	251
7	323
7	452
7	454
7	465
7	481
7	533
7	571
7	677
7	760
7	802
7	810
7	841
7	889
8	18
8	19
8	35
8	42
8	47
8	48
8	54
8	62
8	65
8	80
8	89
8	92
8	110
8	157
8	226
8	277
8	353
8	431
8	541
8	616
8	887
8	920
8	996
9	16
9	23
9	57
9	66
9	70
9	80
9	96
9	98
9	147
9	172
9	204
9	405
9	465
9	542
9	563
9	624
9	625
9	692
9	784
9	815
9	866
9	936
9	972
10	27
10	29
10	30
10	37
10	41
10	59
10	68
10	103
10	125
10	337
10	367
10	506
10	575
10	606
10	612
11	17
11	18
11	66
11	122
11	137
11	302
11	322
11	349
11	663
11	675
11	819
11	843
11	903
12	35
12	36
12	43
12	45
12	64
12	70
12	82
12	98
12	154
12	254
12	286
12	313
12	406
12	596
12	691
12	826
12	912
13	15
13	17
13	19
13	20
13	25
13	30
13	38
13	55
13	58
13	66
13	69
13	71
13	75
13	87
13	188
13	241
13	308
13	416
13	527
13	613
13	778
13	782
13	890
13	949
13	968
14	20
14	37
14	77
14	95
14	96
14	98
14	124
14	160
14	216
14	455
14	521
14	650
14	748
14	854
14	987
15	19
15	55
15	73
15	242
15	294
15	443
15	469
15	508
15	555
15	620
15	813
15	840
16	23
16	29
16	65
16	80
16	84
16	143
16	204
16	335
16	338
16	457
16	505
16	707
16	741
17	28
17	47
17	92
17	94
17	97
17	146
17	157
17	204
17	337
17	356
17	374
17	415
17	477
17	578
17	725
17	746
17	790
17	793
17	804
17	925
18	19
18	21
18	34
18	38
18	41
18	61
18	72
18	75
18	81
18	85
18	156
18	260
18	354
18	355
18	367
18	373
18	547
18	644
18	870
18	890
18	956
19	20
19	34
19	42
19	51
19	62
19	63
19	74
19	76
19	84
19	89
19	94
19	97
19	118
19	225
19	275
19	291
19	302
19	346
19	527
19	556
19	587
19	731
19	757
19	808
19	882
19	999
20	34
20	44
20	51
20	55
20	62
20	65
20	88
20	93
20	135
20	141
20	249
20	314
20	322
20	374
20	524
20	662
20	718
20	795
20	857
20	924
20	971
20	977
21	34
21	43
21	44
21	63
21	67
21	68
21	91
21	95
21	97
21	115
21	124
21	141
21	290
21	354
21	374
21	395
21	498
21	730
21	788
21	816
21	879
22	48
22	80
22	81
22	97
22	117
22	161
22	359
22	508
22	522
22	576
22	784
22	805
22	875
22	900
22	928
23	27
23	60
23	66
23	78
23	92
23	97
23	144
23	172
23	191
23	363
23	503
23	733
23	819
23	872
23	954
23	961
24	27
24	38
24	72
24	73
24	79
24	87
24	90
24	229
24	308
24	438
24	454
24	536
24	606
24	840
24	864
24	981
25	47
25	56
25	59
25	61
25	66
25	79
25	85
25	143
25	215
25	222
25	464
25	648
25	684
25	700
25	761
25	800
25	820
26	39
26	58
26	77
26	89
26	105
26	137
26	174
26	180
26	192
26	273
26	363
26	512
26	522
26	610
26	679
26	696
26	711
26	820
26	822
26	853
26	945
26	953
27	46
27	63
27	147
27	236
27	293
27	488
27	620
27	646
27	655
27	697
27	908
27	933
27	946
28	28
28	37
28	38
28	40
28	72
28	97
28	117
28	162
28	163
28	183
28	214
28	344
28	551
28	576
28	586
28	664
28	667
28	831
28	864
28	889
28	890
28	955
29	37
29	80
29	142
29	213
29	274
29	477
29	588
29	674
29	680
29	686
29	803
29	831
30	41
30	44
30	63
30	73
30	79
30	82
30	98
30	99
30	107
30	135
30	140
30	192
30	349
30	456
30	511
30	617
30	637
30	709
30	761
30	832
30	943
31	37
31	40
31	42
31	50
31	84
31	97
31	168
31	236
31	400
31	475
31	812
31	896
32	77
32	95
32	207
32	359
32	494
32	587
32	633
32	709
32	741
32	763
32	960
32	993
33	38
33	40
33	45
33	55
33	57
33	60
33	61
33	65
33	66
33	80
33	88
33	91
33	107
33	167
33	204
33	301
33	360
33	524
33	534
33	633
33	648
33	653
33	775
33	806
34	39
34	60
34	74
34	75
34	76
34	83
34	217
34	229
34	236
34	245
34	294
34	305
34	588
34	634
34	760
34	780
34	808
34	826
35	40
35	79
35	87
35	105
35	374
35	474
35	607
35	640
35	690
35	893
35	896
35	918
35	947
35	986
36	41
36	50
36	58
36	65
36	71
36	277
36	326
36	347
36	404
36	413
36	437
36	455
36	476
36	587
36	653
36	657
36	668
36	704
36	724
36	883
36	900
36	971
37	64
37	68
37	91
37	102
37	152
37	317
37	558
37	577
37	625
37	676
37	685
37	686
37	708
37	803
37	853
37	876
37	921
38	42
38	46
38	49
38	82
38	111
38	199
38	488
38	572
38	649
38	650
38	684
38	720
38	766
38	817
38	838
38	948
39	55
39	59
39	60
39	61
39	70
39	92
39	166
39	178
39	201
39	207
39	210
39	269
39	270
39	464
39	588
39	591
39	638
39	640
39	653
39	667
39	704
39	834
39	943
40	46
40	56
40	60
40	68
40	69
40	74
40	76
40	80
40	98
40	99
40	530
40	573
40	588
40	800
40	840
40	857
40	994
41	43
41	57
41	63
41	64
41	96
41	123
41	132
41	135
41	199
41	201
41	203
41	294
41	326
41	362
41	368
41	518
41	546
41	696
41	714
41	722
41	792
42	43
42	55
42	56
42	66
42	77
42	78
42	81
42	83
42	89
42	92
42	130
42	149
42	240
42	268
42	544
42	545
42	573
42	643
42	723
42	895
42	896
42	905
42	992
43	71
43	89
43	90
43	99
43	126
43	388
43	531
43	846
43	861
44	55
44	80
44	88
44	94
44	97
44	99
44	116
44	327
44	362
44	392
44	461
44	543
44	593
44	707
44	764
44	829
44	923
45	55
45	60
45	538
45	575
45	625
45	764
45	769
45	774
45	889
45	938
45	940
45	997
46	46
46	47
46	55
46	64
46	76
46	89
46	472
46	528
46	542
46	670
46	792
46	809
47	59
47	68
47	88
47	89
47	90
47	189
47	262
47	265
47	389
47	391
47	401
47	428
47	465
47	579
47	708
47	786
48	51
48	59
48	66
48	99
48	206
48	261
48	715
48	726
48	761
48	959
49	57
49	61
49	69
49	93
49	94
49	164
49	227
49	461
49	521
49	722
49	834
49	902
49	921
49	942
50	50
50	78
50	81
50	85
50	92
50	133
50	255
50	294
50	331
50	550
50	815
50	961
50	990
51	56
51	64
51	68
51	78
51	80
51	83
51	85
51	87
51	198
51	244
51	346
51	439
51	589
51	590
51	604
51	655
51	672
51	860
51	871
51	992
52	65
52	69
52	75
52	79
52	80
52	84
52	86
52	87
52	157
52	344
52	387
52	552
52	572
52	618
52	623
52	818
52	868
52	872
52	874
52	891
53	99
53	219
53	287
53	354
53	583
53	699
53	814
53	907
54	74
54	78
54	79
54	89
54	94
54	95
54	366
54	414
54	474
54	541
54	568
54	573
54	638
54	770
54	808
55	71
55	72
55	94
55	173
55	207
55	251
55	282
55	462
55	478
55	497
55	503
55	626
55	655
55	759
55	789
55	967
56	66
56	70
56	85
56	144
56	186
56	193
56	201
56	335
56	376
56	536
56	686
56	913
57	76
57	87
57	120
57	134
57	189
57	507
57	534
57	629
57	668
57	732
57	781
58	101
58	150
58	242
58	349
58	389
58	422
58	467
58	497
58	505
58	619
58	763
58	797
58	933
59	78
59	83
59	155
59	201
59	285
59	376
59	533
59	534
59	574
59	664
59	677
59	740
59	769
59	812
59	924
60	79
60	116
60	260
60	300
60	630
60	645
60	727
60	797
60	835
61	63
61	78
61	80
61	172
61	245
61	251
61	366
61	399
61	501
61	529
61	624
61	930
61	961
62	85
62	90
62	94
62	103
62	145
62	147
62	277
62	297
62	470
62	657
62	673
62	883
63	95
63	175
63	298
63	416
63	499
63	509
63	716
64	65
64	79
64	117
64	205
64	268
64	311
64	347
64	364
64	408
64	497
64	540
64	579
64	654
64	671
64	838
65	66
65	68
65	70
65	81
65	82
65	88
65	129
65	186
65	224
65	227
65	293
65	346
65	549
65	592
65	652
65	835
65	952
66	80
66	86
66	88
66	99
66	133
66	240
66	269
66	402
66	417
66	455
66	483
66	496
66	623
66	639
66	751
66	884
67	72
67	91
67	146
67	156
67	437
67	450
67	461
67	519
67	524
67	626
67	702
67	794
67	845
67	897
68	94
68	108
68	186
68	241
68	375
68	406
68	559
68	590
68	628
68	744
68	747
68	794
69	71
69	74
69	143
69	173
69	328
69	337
69	359
69	361
69	451
69	495
69	548
69	620
69	924
69	958
70	144
70	192
70	559
70	570
70	674
70	738
70	836
70	839
70	855
70	961
70	997
71	279
71	321
71	330
71	384
71	397
71	408
71	457
71	593
71	721
71	751
71	762
71	785
71	791
71	890
71	898
72	75
72	93
72	96
72	100
72	104
72	219
72	233
72	291
72	296
72	355
72	516
72	570
72	634
72	641
72	648
72	664
72	712
72	724
72	813
72	814
72	839
73	83
73	97
73	107
73	230
73	324
73	335
73	350
73	361
73	426
73	538
73	660
73	751
73	779
73	791
73	890
73	927
73	980
74	78
74	84
74	86
74	91
74	96
74	158
74	261
74	319
74	451
74	635
74	721
74	752
74	860
74	879
74	891
74	893
74	924
75	84
75	93
75	231
75	410
75	609
75	623
75	663
75	797
75	825
75	917
75	955
75	974
75	985
76	76
76	85
76	95
76	98
76	107
76	251
76	286
76	361
76	432
76	575
76	586
76	633
76	776
76	778
76	817
77	84
77	88
77	99
77	136
77	190
77	232
77	298
77	402
77	466
77	473
77	488
77	501
77	579
77	689
77	720
77	734
77	808
77	833
77	919
78	283
78	394
78	425
78	456
78	496
78	511
78	526
78	528
78	563
78	573
78	675
78	786
78	847
78	971
79	89
79	93
79	111
79	135
79	158
79	193
79	333
79	396
79	442
79	471
79	492
79	601
79	849
79	881
79	903
80	95
80	381
80	452
80	590
80	648
80	825
80	901
81	90
81	91
81	94
81	123
81	136
81	319
81	320
81	380
81	401
81	612
81	724
81	732
81	772
82	96
82	109
82	205
82	214
82	217
82	531
82	646
82	684
82	762
82	793
82	804
82	879
82	938
83	95
83	99
83	158
83	235
83	247
83	509
83	524
83	528
83	710
83	976
83	982
84	86
84	118
84	228
84	273
84	483
84	536
84	606
84	649
84	887
85	95
85	143
85	154
85	218
85	381
85	408
85	426
85	560
85	697
85	780
85	842
85	878
86	122
86	164
86	249
86	361
86	537
86	866
86	867
86	921
86	926
86	934
86	970
86	973
87	124
87	165
87	175
87	199
87	204
87	245
87	276
87	342
87	390
87	578
87	597
87	604
87	694
87	756
87	757
87	835
87	855
87	900
88	95
88	197
88	307
88	425
88	440
88	554
88	654
88	745
88	836
88	865
88	884
88	895
88	981
89	148
89	156
89	429
89	443
89	449
89	609
89	669
89	719
89	728
89	876
89	880
89	927
89	929
90	91
90	265
90	316
90	381
90	472
90	491
90	657
90	747
90	756
90	796
90	865
90	871
90	968
91	93
91	97
91	173
91	254
91	260
91	440
91	455
91	506
91	556
91	558
91	665
91	710
91	721
91	749
91	782
91	795
91	849
92	98
92	214
92	237
92	272
92	313
92	390
92	473
92	485
92	494
92	555
92	624
92	628
92	660
92	754
92	794
92	821
92	895
93	98
93	303
93	452
93	504
93	510
93	570
93	628
93	790
93	898
93	943
94	94
94	99
94	350
94	379
94	420
94	444
94	455
94	550
94	557
94	662
94	812
95	138
95	367
95	371
95	380
95	391
95	420
95	778
95	828
95	870
95	942
96	236
96	256
96	347
96	361
96	403
96	516
96	561
96	678
96	766
96	949
96	992
97	98
97	288
97	370
97	407
97	418
97	471
97	660
97	699
97	825
97	858
97	935
98	98
98	162
98	194
98	213
98	306
98	307
98	395
98	635
98	775
98	868
98	871
98	891
98	982
98	984
99	148
99	208
99	350
99	422
99	483
99	487
99	556
99	557
99	640
99	719
99	897
100	112
100	126
100	128
100	129
100	133
100	135
100	140
100	150
100	152
100	158
100	160
100	161
100	177
100	188
100	189
100	295
100	359
100	428
100	637
100	749
100	794
100	922
100	986
101	101
101	113
101	127
101	168
101	169
101	170
101	171
101	184
101	187
101	190
101	199
101	732
102	102
102	116
102	126
102	216
102	237
102	338
102	339
102	369
102	494
102	546
102	768
102	907
102	932
103	105
103	114
103	117
103	124
103	134
103	146
103	166
103	173
103	176
103	185
103	226
103	456
103	495
103	510
103	578
103	636
103	853
103	927
104	112
104	117
104	118
104	125
104	130
104	142
104	151
104	156
104	160
104	162
104	174
104	198
104	242
104	259
104	328
104	377
104	426
104	521
104	725
104	878
104	932
105	108
105	114
105	122
105	123
105	128
105	144
105	151
105	178
105	187
105	234
105	320
105	410
105	458
105	851
105	975
106	125
106	137
106	148
106	153
106	160
106	193
106	205
106	347
106	463
106	536
106	616
106	617
106	628
106	682
106	945
106	954
107	115
107	116
107	149
107	150
107	178
107	190
107	195
107	316
107	417
107	428
107	471
107	583
107	588
107	704
107	817
107	852
108	116
108	123
108	145
108	183
108	186
108	188
108	252
108	292
108	470
108	592
108	776
108	855
109	134
109	139
109	157
109	183
109	186
109	312
109	362
109	537
109	805
109	817
109	850
109	878
110	118
110	138
110	139
110	140
110	153
110	165
110	174
110	176
110	189
110	198
110	292
110	584
110	604
110	654
110	734
110	770
111	112
111	123
111	126
111	132
111	157
111	158
111	167
111	175
111	184
111	187
111	192
111	261
111	334
111	427
111	541
111	755
111	866
111	915
112	120
112	166
112	326
112	387
112	421
112	461
112	536
112	560
112	687
112	691
112	774
112	808
112	844
112	874
112	907
112	935
112	948
112	956
113	119
113	127
113	146
113	147
113	169
113	170
113	175
113	182
113	184
113	196
113	202
113	236
113	314
113	486
113	545
113	836
113	840
113	919
113	971
114	133
114	141
114	147
114	154
114	159
114	160
114	172
114	177
114	188
114	198
114	229
114	278
114	340
114	384
114	714
114	768
114	796
114	800
114	882
114	935
115	131
115	157
115	168
115	172
115	186
115	425
115	551
115	870
115	912
116	117
116	119
116	159
116	178
116	187
116	250
116	257
116	444
116	580
116	639
116	660
116	923
116	930
117	123
117	131
117	140
117	141
117	146
117	150
117	165
117	174
117	176
117	193
117	197
117	217
117	218
117	302
117	473
117	475
117	496
117	590
117	778
117	807
118	136
118	145
118	155
118	171
118	197
118	302
118	409
118	421
118	441
118	520
118	567
118	750
118	762
118	848
118	865
118	886
118	890
118	919
119	123
119	149
119	155
119	176
119	193
119	197
119	238
119	398
119	417
119	479
119	544
119	645
119	773
119	855
119	923
119	977
119	996
120	123
120	126
120	127
120	133
120	156
120	157
120	163
120	181
120	304
120	382
120	385
120	543
120	546
120	650
120	672
120	693
120	736
120	762
120	785
120	860
121	126
121	136
121	162
121	174
121	177
121	184
121	189
121	196
121	230
121	285
121	456
121	781
121	796
121	815
121	889
121	917
121	966
122	130
122	136
122	147
122	152
122	154
122	165
122	166
122	172
122	178
122	181
122	184
122	199
122	331
122	422
122	609
122	721
122	743
122	919
122	961
123	154
123	157
123	171
123	180
123	241
123	404
123	422
123	430
123	459
123	515
123	645
123	686
123	784
123	963
123	966
123	994
124	125
124	132
124	165
124	173
124	174
124	181
124	190
124	210
124	259
124	299
124	306
124	369
124	426
124	467
124	475
124	484
124	505
124	511
124	525
124	534
124	543
124	622
124	634
124	676
124	812
124	819
124	920
124	991
125	149
125	156
125	168
125	188
125	190
125	217
125	305
125	309
125	427
125	480
125	485
125	493
125	576
125	645
125	927
125	934
125	963
126	134
126	154
126	159
126	170
126	174
126	196
126	209
126	259
126	455
126	480
126	816
126	905
126	950
126	974
127	130
127	136
127	140
127	147
127	163
127	181
127	182
127	191
127	193
127	221
127	224
127	274
127	673
127	695
127	803
127	956
128	134
128	140
128	162
128	175
128	176
128	199
128	215
128	286
128	316
128	320
128	514
128	560
128	595
128	713
128	729
128	924
128	995
129	133
129	140
129	153
129	201
129	326
129	334
129	348
129	363
129	506
129	522
129	607
129	675
129	739
129	809
129	821
129	892
129	987
130	144
130	147
130	150
130	164
130	167
130	182
130	219
130	244
130	376
130	407
130	426
130	455
130	464
130	472
130	521
130	540
130	558
130	562
130	577
130	587
130	963
131	157
131	169
131	183
131	245
131	331
131	334
131	366
131	417
131	438
131	452
131	513
131	555
131	656
131	705
131	708
131	748
131	781
131	802
131	878
131	905
132	133
132	135
132	162
132	163
132	173
132	177
132	179
132	196
132	197
132	230
132	296
132	326
132	353
132	370
132	438
132	449
132	549
132	551
132	610
132	646
132	655
132	790
132	829
132	847
132	901
132	961
132	974
132	985
133	157
133	164
133	185
133	195
133	196
133	199
133	340
133	443
133	475
133	662
133	664
133	682
133	742
133	822
133	854
133	926
134	144
134	161
134	182
134	183
134	189
134	292
134	333
134	377
134	534
134	625
134	704
134	711
134	719
134	830
134	860
134	880
134	886
134	936
135	157
135	168
135	176
135	573
135	582
135	636
135	682
135	902
135	943
135	969
136	137
136	154
136	167
136	173
136	179
136	186
136	218
136	229
136	235
136	248
136	291
136	318
136	672
136	735
136	801
137	138
137	141
137	158
137	173
137	191
137	310
137	327
137	412
137	464
137	537
137	540
137	586
137	663
138	174
138	179
138	244
138	478
138	501
138	689
138	745
138	775
138	823
138	867
138	890
138	974
139	148
139	158
139	193
139	196
139	226
139	356
139	476
139	586
139	885
139	920
139	949
140	147
140	164
140	168
140	169
140	173
140	182
140	347
140	434
140	503
140	535
140	542
140	547
140	561
140	671
140	698
140	749
140	772
140	884
140	936
141	145
141	147
141	164
141	166
141	168
141	175
141	180
141	183
141	199
141	325
141	364
141	554
141	563
141	668
141	703
141	782
141	872
141	904
142	154
142	186
142	189
142	192
142	194
142	243
142	244
142	265
142	386
142	428
142	468
142	581
142	644
143	172
143	193
143	231
143	395
143	497
143	586
143	607
143	716
143	744
143	759
143	845
143	906
143	912
143	929
144	154
144	171
144	189
144	190
144	199
144	370
144	425
144	436
144	571
144	625
144	986
145	156
145	163
145	169
145	175
145	256
145	288
145	305
145	454
145	487
145	593
145	654
145	686
145	966
145	993
146	173
146	180
146	190
146	196
146	197
146	298
146	346
146	583
146	927
146	991
147	157
147	158
147	213
147	303
147	493
147	525
147	571
147	933
148	172
148	189
148	191
148	199
148	227
148	249
148	330
148	587
148	882
148	906
148	920
148	964
148	976
149	161
149	162
149	168
149	179
149	189
149	271
149	300
149	320
149	353
149	395
149	457
149	545
149	726
149	790
149	981
150	151
150	156
150	168
150	179
150	180
150	181
150	183
150	188
150	210
150	251
150	308
150	422
150	470
150	669
150	927
150	983
150	995
151	156
151	159
151	160
151	169
151	172
151	183
151	462
151	509
151	734
151	740
151	774
151	981
152	158
152	160
152	192
152	335
152	367
152	371
152	479
152	599
152	727
152	841
152	862
152	870
152	873
152	889
152	939
152	997
153	162
153	170
153	179
153	186
153	190
153	198
153	283
153	311
153	352
153	443
153	545
153	669
153	748
153	832
153	842
153	850
153	951
154	156
154	157
154	165
154	166
154	169
154	191
154	197
154	256
154	260
154	455
154	521
154	583
154	639
154	722
154	724
154	898
154	966
155	169
155	175
155	194
155	235
155	283
155	308
155	315
155	367
155	407
155	432
155	594
155	635
155	672
155	673
155	696
155	800
155	828
155	882
155	915
155	917
156	158
156	168
156	181
156	186
156	449
156	539
156	622
156	676
156	685
156	886
157	157
157	162
157	187
157	191
157	194
157	203
157	220
157	388
157	414
157	426
157	505
157	557
157	628
157	730
157	737
157	814
158	161
158	172
158	181
158	185
158	200
158	446
158	639
158	735
158	783
158	839
158	980
159	164
159	187
159	211
159	250
159	284
159	291
159	306
159	413
159	438
159	510
159	535
159	645
159	684
159	688
159	875
159	887
159	906
160	163
160	164
160	177
160	178
160	186
160	189
160	190
160	199
160	200
160	240
160	245
160	263
160	283
160	320
160	403
160	434
160	643
160	646
160	866
160	867
160	944
161	167
161	178
161	184
161	188
161	276
161	281
161	378
161	445
161	453
161	551
161	755
161	789
161	829
161	885
161	902
161	916
162	168
162	179
162	192
162	274
162	366
162	367
162	500
162	547
162	644
162	832
162	883
162	917
163	177
163	178
163	180
163	250
163	264
163	266
163	441
163	461
163	515
163	619
163	733
163	795
163	869
163	950
164	169
164	173
164	177
164	178
164	197
164	237
164	244
164	428
164	553
164	568
164	600
164	687
164	702
164	815
165	171
165	176
165	199
165	257
165	380
165	478
165	593
165	596
165	912
165	976
165	999
166	177
166	180
166	185
166	193
166	203
166	214
166	238
166	441
166	515
166	653
166	703
166	888
166	960
167	169
167	170
167	175
167	191
167	218
167	353
167	469
167	478
167	563
167	587
167	631
167	684
167	705
167	796
168	171
168	174
168	270
168	334
168	635
168	667
168	718
168	856
168	989
169	170
169	176
169	187
169	189
169	190
169	193
169	239
169	526
169	574
169	578
169	580
169	613
169	654
169	692
169	735
169	820
169	837
169	851
169	882
169	899
170	188
170	189
170	194
170	198
170	368
170	388
170	407
170	512
170	577
170	630
170	744
170	754
170	760
170	805
170	827
170	902
170	904
170	976
171	181
171	292
171	341
171	365
171	459
171	535
171	624
171	692
171	904
171	971
172	188
172	278
172	315
172	400
172	407
172	469
172	654
172	678
172	689
172	836
172	839
172	861
173	178
173	185
173	191
173	267
173	306
173	409
173	450
173	452
173	461
173	735
173	935
173	996
174	193
174	198
174	199
174	239
174	336
174	434
174	491
174	508
174	556
174	627
174	738
174	800
174	804
174	867
174	928
174	929
174	942
174	975
175	190
175	192
175	339
175	485
175	486
175	941
175	964
175	988
176	192
176	199
176	236
176	270
176	274
176	345
176	358
176	491
176	573
176	633
176	790
176	901
177	184
177	185
177	193
177	218
177	226
177	263
177	385
177	504
177	505
177	510
177	611
177	648
177	760
177	993
178	179
178	183
178	392
178	447
178	483
178	513
178	557
178	572
178	729
178	823
178	867
178	952
179	187
179	262
179	312
179	381
179	476
179	553
179	723
179	750
179	864
179	899
179	986
180	183
180	191
180	594
180	659
180	761
180	912
180	987
181	199
181	257
181	291
181	343
181	435
181	527
181	701
181	750
181	947
181	986
182	187
182	192
182	193
182	285
182	286
182	528
182	735
182	977
183	184
183	253
183	275
183	524
183	601
183	661
183	706
183	715
183	806
183	930
183	973
183	976
184	190
184	199
184	209
184	354
184	390
184	467
184	652
184	693
184	697
184	710
184	729
184	834
184	850
184	899
185	188
185	380
185	605
185	712
185	737
185	912
185	955
186	250
186	334
186	349
186	410
186	422
186	460
186	559
186	733
186	777
186	863
187	189
187	197
187	294
187	481
187	632
187	769
188	249
188	261
188	461
188	565
188	655
188	711
188	731
188	807
188	851
188	860
188	862
188	958
189	227
189	302
189	342
189	436
189	466
189	595
189	672
190	192
190	251
190	397
190	585
190	645
190	680
190	756
190	785
190	851
190	856
190	862
191	252
191	258
191	319
191	486
191	524
191	850
191	901
192	198
192	338
192	395
192	540
192	571
192	732
192	744
192	840
192	913
192	953
193	293
193	346
193	352
193	601
193	746
193	858
193	863
193	875
193	929
194	208
194	223
194	292
194	307
194	430
194	464
194	483
194	676
195	197
195	210
195	269
195	360
195	387
195	413
195	576
195	627
195	795
195	897
195	952
196	222
196	315
196	386
196	387
196	420
196	438
196	560
196	614
196	818
196	946
197	235
197	237
197	243
197	277
197	364
197	516
197	694
197	821
197	952
197	979
198	283
198	445
198	520
198	720
198	744
198	870
198	949
199	260
199	418
199	548
199	593
199	600
199	616
199	882
199	917
199	949
199	953
200	206
200	211
200	217
200	220
200	252
200	288
200	295
200	529
200	618
200	660
200	741
200	780
200	812
200	857
200	913
200	942
200	978
200	982
201	230
201	241
201	243
201	264
201	275
201	281
201	283
201	295
201	299
201	348
201	360
201	490
201	511
201	583
201	664
201	688
201	758
201	836
201	974
202	203
202	240
202	265
202	267
202	275
202	284
202	288
202	295
202	312
202	341
202	410
202	553
202	661
202	755
202	779
202	864
202	929
203	204
203	207
203	211
203	217
203	218
203	240
203	250
203	257
203	259
203	272
203	352
203	377
203	386
203	446
203	451
203	479
203	484
203	605
203	742
204	210
204	211
204	214
204	239
204	243
204	254
204	264
204	273
204	296
204	391
204	422
204	450
204	532
204	658
204	676
204	746
204	842
204	958
205	211
205	216
205	264
205	270
205	280
205	282
205	287
205	296
205	298
205	300
205	484
205	569
205	637
205	821
205	888
205	928
206	208
206	240
206	247
206	273
206	302
206	399
206	427
206	554
206	631
206	705
206	809
206	822
207	209
207	255
207	256
207	264
207	271
207	295
207	297
207	353
207	365
207	388
207	390
207	473
207	648
207	932
207	942
207	969
208	209
208	210
208	218
208	221
208	229
208	231
208	252
208	253
208	262
208	266
208	271
208	286
208	299
208	443
208	591
208	627
208	747
208	803
208	954
209	216
209	233
209	251
209	252
209	263
209	294
209	395
209	401
209	555
209	572
209	612
209	692
209	999
210	222
210	223
210	245
210	249
210	254
210	259
210	263
210	295
210	296
210	388
210	489
210	580
210	679
210	993
211	219
211	235
211	241
211	243
211	244
211	258
211	264
211	281
211	285
211	338
211	370
211	403
211	535
211	600
211	693
211	814
211	891
212	217
212	224
212	266
212	282
212	289
212	295
212	296
212	406
212	488
212	816
212	845
212	999
213	220
213	222
213	241
213	246
213	250
213	265
213	268
213	270
213	275
213	278
213	309
213	330
213	378
213	411
213	501
213	767
213	806
213	807
213	987
214	218
214	226
214	231
214	243
214	260
214	287
214	370
214	537
214	542
214	635
214	742
214	804
214	817
214	818
214	860
214	864
214	936
214	990
215	224
215	247
215	250
215	257
215	262
215	264
215	270
215	271
215	286
215	290
215	368
215	373
215	570
215	845
215	990
216	267
216	268
216	277
216	290
216	294
216	295
216	316
216	360
216	506
216	516
216	566
216	583
216	691
216	732
216	800
216	821
216	950
216	964
216	965
217	221
217	243
217	251
217	266
217	296
217	297
217	374
217	562
217	573
217	579
217	605
217	692
217	730
217	762
217	785
217	793
217	823
217	852
218	220
218	245
218	254
218	258
218	266
218	282
218	284
218	296
218	390
218	414
218	415
218	582
218	609
218	647
218	827
219	229
219	238
219	266
219	275
219	279
219	327
219	476
219	677
219	692
219	699
219	971
220	229
220	242
220	244
220	256
220	258
220	269
220	272
220	273
220	282
220	298
220	606
220	679
220	861
220	954
221	246
221	254
221	255
221	262
221	263
221	270
221	272
221	275
221	277
221	279
221	329
221	568
221	605
221	607
221	679
221	714
221	718
221	744
221	777
221	781
221	864
221	933
222	225
222	234
222	238
222	250
222	273
222	274
222	297
222	299
222	478
222	534
222	539
222	595
222	605
222	670
222	726
222	879
222	930
223	226
223	230
223	247
223	252
223	257
223	264
223	272
223	298
223	515
223	549
223	594
223	644
223	650
223	679
223	746
223	840
223	858
223	945
224	227
224	240
224	259
224	282
224	289
224	297
224	456
224	473
224	536
224	550
224	563
224	854
225	227
225	228
225	233
225	236
225	240
225	258
225	271
225	275
225	282
225	288
225	320
225	458
225	461
225	479
225	493
225	496
225	576
225	585
225	596
225	612
225	659
225	749
225	866
225	994
226	237
226	240
226	244
226	262
226	271
226	283
226	284
226	340
226	341
226	366
226	431
226	478
226	592
226	916
226	994
227	230
227	240
227	246
227	259
227	274
227	276
227	283
227	285
227	288
227	297
227	399
227	431
227	458
227	561
227	659
227	735
228	240
228	264
228	279
228	287
228	336
228	357
228	607
228	705
228	736
228	878
228	906
228	907
229	263
229	274
229	279
229	280
229	285
229	295
229	377
229	392
229	413
229	466
229	617
229	631
229	667
229	724
230	256
230	280
230	282
230	291
230	293
230	298
230	353
230	384
230	535
230	586
230	646
230	655
230	795
230	840
231	232
231	236
231	245
231	258
231	259
231	272
231	281
231	285
231	287
231	298
231	367
231	388
231	473
231	612
231	642
231	742
231	849
231	863
232	238
232	256
232	279
232	296
232	297
232	331
232	412
232	483
232	669
232	679
232	797
232	811
232	830
232	833
232	959
232	961
233	236
233	246
233	270
233	283
233	294
233	336
233	415
233	440
233	483
233	491
233	564
233	568
233	662
233	691
233	751
233	800
233	802
233	811
233	842
233	951
234	258
234	277
234	293
234	294
234	373
234	523
234	611
234	672
234	708
234	717
234	725
234	785
234	886
235	272
235	287
235	378
235	415
235	443
235	459
235	467
235	551
235	634
235	639
235	701
235	703
235	722
235	792
235	815
235	824
235	985
235	994
236	248
236	254
236	266
236	269
236	285
236	312
236	376
236	435
236	444
236	472
236	475
236	500
236	754
236	861
236	967
237	247
237	252
237	289
237	310
237	482
237	511
237	666
237	721
237	761
237	828
237	887
237	920
238	264
238	441
238	445
238	481
238	707
238	891
238	972
239	247
239	248
239	252
239	269
239	275
239	292
239	320
239	394
239	458
239	470
239	519
239	521
239	583
239	607
239	834
239	876
240	253
240	254
240	284
240	285
240	473
240	484
240	514
240	607
240	754
240	876
240	972
241	241
241	246
241	258
241	266
241	275
241	280
241	295
241	298
241	339
241	420
241	448
241	475
241	577
241	790
241	858
241	885
241	916
241	939
241	969
242	245
242	246
242	247
242	254
242	256
242	258
242	266
242	287
242	290
242	297
242	309
242	317
242	433
242	669
242	915
243	255
243	263
243	267
243	280
243	362
243	373
243	379
243	543
243	645
243	657
243	732
243	918
243	941
244	249
244	252
244	260
244	279
244	290
244	292
244	323
244	367
244	618
244	701
244	859
244	891
244	918
245	288
245	433
245	570
245	656
245	677
245	684
245	773
245	818
245	835
245	929
245	990
246	249
246	250
246	288
246	292
246	293
246	295
246	322
246	373
246	386
246	406
246	696
246	713
246	825
246	951
246	981
246	997
247	255
247	263
247	285
247	286
247	298
247	426
247	452
247	471
247	472
247	496
247	579
247	583
247	635
247	734
247	754
247	775
247	828
247	865
247	894
248	268
248	270
248	292
248	326
248	371
248	374
248	607
248	642
248	694
248	757
248	889
248	894
249	275
249	289
249	292
249	298
249	407
249	506
249	600
249	667
249	812
249	830
249	882
250	274
250	284
250	298
250	326
250	343
250	418
250	474
250	824
250	840
250	955
251	258
251	263
251	270
251	279
251	284
251	287
251	435
251	549
251	606
251	699
251	855
252	254
252	255
252	261
252	268
252	273
252	280
252	286
252	309
252	497
252	570
252	667
252	766
252	906
252	938
253	254
253	258
253	265
253	274
253	280
253	282
253	332
253	467
253	554
253	663
253	809
253	919
254	270
254	277
254	282
254	283
254	294
254	334
254	357
254	455
254	482
254	683
254	770
254	997
255	262
255	275
255	372
255	650
255	664
255	680
255	700
255	772
255	866
256	258
256	279
256	285
256	290
256	371
256	379
256	393
256	472
256	484
256	487
256	544
256	563
256	705
256	874
256	978
257	268
257	269
257	293
257	318
257	391
257	517
257	564
257	589
257	629
257	703
257	734
257	814
257	930
258	264
258	274
258	292
258	299
258	413
258	427
258	556
258	611
258	613
258	894
259	262
259	268
259	278
259	302
259	394
259	435
259	502
259	569
259	689
259	693
259	738
259	808
259	834
259	850
259	941
259	944
259	956
259	965
259	976
260	263
260	271
260	272
260	284
260	286
260	297
260	307
260	502
260	527
260	545
260	615
260	704
260	734
260	763
260	957
261	273
261	284
261	293
261	343
261	456
261	464
261	476
261	528
261	609
261	611
261	638
261	737
261	762
261	766
261	848
261	927
262	265
262	279
262	287
262	620
262	702
262	716
262	755
262	783
262	797
262	914
262	983
263	263
263	273
263	279
263	282
263	291
263	335
263	402
263	415
263	426
263	684
263	793
263	845
263	944
264	269
264	281
264	287
264	289
264	291
264	292
264	294
264	297
264	329
264	432
264	476
264	707
264	795
264	886
264	889
265	273
265	281
265	383
265	487
265	591
265	784
265	822
265	827
265	973
266	266
266	296
266	319
266	360
266	435
266	738
266	919
267	283
267	286
267	501
267	763
267	764
267	765
267	777
267	779
267	874
268	282
268	285
268	306
268	332
268	461
268	507
268	538
268	663
268	744
268	767
268	801
268	878
268	888
268	938
269	285
269	291
269	299
269	484
269	538
269	631
269	645
269	802
270	270
270	274
270	285
270	293
270	366
270	553
270	676
270	685
270	686
270	689
270	779
270	850
270	895
270	967
270	970
271	291
271	333
271	706
271	728
271	780
271	915
271	973
272	285
272	295
272	309
272	315
272	328
272	434
272	486
272	496
272	630
272	676
272	677
272	697
272	708
272	826
272	938
273	276
273	282
273	286
273	526
273	537
273	612
273	647
273	662
273	687
273	705
273	714
273	760
273	819
273	826
273	854
273	897
273	959
273	962
274	274
274	281
274	285
274	288
274	429
274	484
274	593
274	642
274	669
274	929
274	973
275	278
275	280
275	470
275	622
275	632
275	737
275	968
276	291
276	299
276	362
276	368
276	473
276	559
276	712
276	805
276	841
276	902
277	278
277	285
277	298
277	305
277	385
277	566
277	749
277	784
277	848
277	991
278	283
278	292
278	432
278	622
278	628
278	769
278	957
279	291
279	295
279	297
279	569
279	603
279	682
279	764
280	298
280	299
280	363
280	427
280	572
280	575
280	617
280	784
280	820
280	824
280	975
280	987
281	284
281	288
281	292
281	296
281	304
281	305
281	338
281	389
281	485
281	536
281	674
281	696
281	775
281	820
281	867
281	906
282	288
282	385
282	406
282	449
282	489
282	678
282	722
282	756
282	795
282	832
282	862
282	983
283	501
283	510
283	576
283	621
283	664
283	746
283	926
283	944
284	297
284	298
284	299
284	388
284	423
284	606
284	713
284	945
285	467
285	506
285	549
285	612
285	887
285	900
285	925
286	296
286	392
286	424
286	488
286	528
286	538
286	577
286	801
286	886
286	918
286	944
286	989
287	322
287	376
287	511
287	540
287	551
287	552
287	570
287	629
287	765
287	767
287	775
287	954
287	960
288	289
288	309
288	664
288	897
288	922
288	940
288	955
288	977
288	983
289	290
289	345
289	371
289	401
289	425
289	497
289	551
289	679
289	699
289	715
289	802
289	918
290	296
290	461
290	481
290	536
290	688
290	745
290	747
290	785
290	861
290	882
291	293
291	467
291	496
291	515
291	717
291	745
291	803
291	813
291	840
291	943
291	992
292	534
292	546
292	615
292	795
292	804
293	403
293	503
293	628
293	660
293	724
293	728
293	838
294	299
294	337
294	399
294	422
294	438
294	536
294	615
294	626
294	743
294	878
294	879
295	325
295	403
295	480
295	510
295	517
295	538
295	561
295	616
295	686
295	831
295	992
296	437
296	445
296	479
296	530
296	608
296	769
296	826
296	907
296	983
296	990
297	527
297	591
297	637
297	656
297	745
297	759
297	952
298	650
299	409
299	486
299	556
299	635
299	692
299	713
299	826
299	879
299	904
299	947
300	305
300	309
300	310
300	324
300	335
300	339
300	340
300	342
300	343
300	368
300	386
300	394
300	404
300	465
300	583
300	698
300	771
301	310
301	316
301	324
301	344
301	345
301	347
301	353
301	354
301	372
301	379
301	383
301	475
301	555
301	578
301	644
301	764
301	814
301	903
301	905
301	996
302	309
302	310
302	312
302	338
302	345
302	352
302	374
302	390
302	419
302	589
302	698
302	745
302	792
302	809
302	897
302	918
302	930
303	343
303	369
303	377
303	391
303	395
303	398
303	598
303	709
303	754
303	973
304	305
304	316
304	348
304	367
304	372
304	383
304	384
304	391
304	394
304	436
304	473
304	611
304	618
304	653
304	966
305	309
305	310
305	333
305	339
305	342
305	349
305	350
305	351
305	355
305	397
305	419
305	442
305	530
305	577
305	608
305	742
306	352
306	354
306	357
306	359
306	377
306	427
306	459
306	629
306	690
306	711
306	731
306	871
306	875
306	953
306	981
307	319
307	323
307	341
307	356
307	359
307	372
307	375
307	380
307	383
307	385
307	386
307	396
307	577
307	638
307	652
307	695
307	697
307	739
307	769
308	332
308	355
308	391
308	396
308	398
308	481
308	565
308	620
308	725
308	883
308	901
309	311
309	315
309	343
309	393
309	395
309	401
309	460
309	791
309	846
309	871
309	902
309	934
309	954
310	314
310	315
310	316
310	319
310	326
310	350
310	355
310	382
310	390
310	528
310	539
310	559
310	591
310	671
310	729
310	741
310	750
310	762
310	825
310	891
310	902
310	979
311	317
311	319
311	334
311	373
311	386
311	455
311	619
311	717
311	737
311	773
311	814
311	833
311	907
311	920
311	936
312	321
312	361
312	381
312	386
312	475
312	581
312	666
312	677
312	763
312	846
312	960
312	979
313	321
313	323
313	327
313	334
313	338
313	345
313	349
313	370
313	394
313	429
313	474
313	534
313	577
313	641
313	721
313	840
313	853
313	861
313	874
313	977
313	993
314	316
314	331
314	346
314	356
314	384
314	651
314	726
314	727
314	730
314	745
314	816
314	817
314	985
315	320
315	332
315	339
315	343
315	395
315	396
315	490
315	523
315	585
315	620
315	785
315	904
315	956
315	961
315	977
316	329
316	336
316	349
316	353
316	368
316	370
316	385
316	393
316	396
316	398
316	554
316	702
316	732
316	810
316	865
316	948
316	999
317	327
317	343
317	352
317	361
317	363
317	376
317	380
317	462
317	598
317	639
317	716
317	765
317	849
317	868
318	335
318	342
318	355
318	358
318	359
318	376
318	381
318	382
318	487
318	594
318	754
318	759
318	780
318	787
318	816
318	867
318	888
319	363
319	371
319	381
319	386
319	397
319	428
319	550
319	565
319	620
319	626
319	627
319	727
319	847
319	876
319	927
319	986
319	994
320	321
320	338
320	342
320	354
320	361
320	367
320	369
320	381
320	431
320	554
320	567
320	587
320	672
320	696
320	773
320	951
321	321
321	324
321	335
321	346
321	360
321	364
321	372
321	373
321	376
321	589
321	638
321	717
321	722
321	867
321	900
321	950
322	328
322	330
322	336
322	338
322	374
322	382
322	469
322	484
322	537
322	621
322	713
322	745
322	956
323	325
323	326
323	334
323	345
323	359
323	364
323	365
323	367
323	370
323	380
323	392
323	481
323	498
323	509
323	549
323	594
323	601
323	714
323	737
323	852
324	337
324	341
324	364
324	374
324	382
324	384
324	394
324	398
324	484
324	494
324	586
324	657
324	772
324	821
324	886
325	336
325	342
325	344
325	349
325	354
325	355
325	359
325	365
325	373
325	391
325	393
325	399
325	462
325	531
325	585
325	825
325	868
325	925
325	940
325	946
326	349
326	353
326	373
326	376
326	377
326	383
326	464
326	477
326	500
326	560
326	613
327	327
327	331
327	354
327	363
327	387
327	405
327	436
327	500
327	565
327	754
327	759
327	809
327	823
327	830
328	329
328	344
328	362
328	364
328	379
328	406
328	472
328	554
328	581
328	617
328	768
328	801
328	833
328	904
329	330
329	342
329	394
329	396
329	629
329	690
329	727
330	331
330	347
330	353
330	358
330	368
330	376
330	387
330	499
330	625
330	698
330	728
330	760
330	908
331	338
331	340
331	346
331	353
331	366
331	377
331	514
331	758
331	892
331	921
332	343
332	380
332	385
332	389
332	395
332	413
332	607
332	621
332	625
332	665
332	685
332	816
332	839
332	842
332	855
332	879
332	911
333	337
333	338
333	365
333	368
333	386
333	388
333	437
333	446
333	448
333	455
333	538
333	578
333	606
333	609
333	611
333	627
333	641
333	743
333	810
333	850
333	858
334	341
334	360
334	367
334	372
334	383
334	580
334	595
334	775
334	858
334	899
335	357
335	359
335	362
335	363
335	365
335	372
335	373
335	380
335	386
335	407
335	528
335	551
335	682
335	710
335	778
335	813
335	857
335	860
335	869
335	949
336	338
336	352
336	354
336	362
336	384
336	448
336	586
336	630
336	646
336	667
336	735
336	875
336	917
337	358
337	362
337	370
337	383
337	389
337	390
337	391
337	398
337	511
337	512
337	730
337	784
337	893
338	340
338	348
338	354
338	355
338	356
338	361
338	368
338	375
338	395
338	429
338	575
338	642
338	689
338	695
338	714
338	725
338	733
338	827
338	863
338	911
339	339
339	347
339	359
339	364
339	370
339	373
339	385
339	387
339	388
339	761
339	809
339	866
339	883
340	342
340	346
340	358
340	359
340	395
340	542
340	617
340	689
340	703
340	820
340	829
341	349
341	352
341	379
341	382
341	416
341	515
341	614
341	657
341	664
341	731
341	891
341	994
342	342
342	346
342	358
342	376
342	388
342	393
342	490
342	620
342	784
342	835
342	892
343	345
343	367
343	370
343	383
343	514
343	611
343	640
343	706
343	766
343	796
343	803
343	824
343	977
343	984
343	986
344	353
344	362
344	375
344	378
344	572
344	622
344	748
344	859
344	892
345	350
345	356
345	368
345	369
345	371
345	390
345	469
345	529
345	693
345	713
345	775
345	838
345	860
345	906
345	915
346	347
346	353
346	356
346	362
346	389
346	527
346	537
346	567
346	596
346	619
346	699
346	914
347	352
347	367
347	369
347	377
347	390
347	391
347	487
347	581
347	816
347	926
347	999
348	360
348	371
348	380
348	407
348	513
348	560
348	584
348	662
348	668
348	737
348	757
348	968
349	356
349	362
349	377
349	386
349	394
349	549
349	555
349	600
349	619
349	700
349	752
349	756
349	817
349	863
349	939
350	350
350	362
350	364
350	430
350	653
350	730
350	977
351	359
351	364
351	371
351	374
351	375
351	381
351	385
351	389
351	493
351	517
351	580
351	670
351	853
351	971
352	390
352	419
352	440
352	511
352	554
352	602
352	680
352	904
352	911
352	995
353	354
353	356
353	363
353	365
353	515
353	544
353	793
353	891
353	951
354	359
354	364
354	372
354	403
354	439
354	583
354	598
354	645
354	743
354	778
354	836
354	953
354	975
355	366
355	379
355	390
355	396
355	495
355	522
355	571
355	650
355	666
355	726
355	731
355	904
356	357
356	362
356	372
356	384
356	396
356	442
356	534
356	756
356	808
356	912
357	393
357	478
357	487
357	729
357	881
358	362
358	364
358	372
358	381
358	386
358	389
358	393
358	455
358	508
358	687
358	692
358	724
358	727
358	769
358	798
359	388
359	430
359	501
359	538
359	665
359	679
359	735
359	846
359	857
359	960
360	367
360	386
360	399
360	410
360	420
360	501
360	562
360	583
360	660
360	749
360	805
360	820
360	854
360	869
361	368
361	376
361	550
361	611
361	724
361	749
361	751
361	759
361	848
361	876
361	893
361	927
362	366
362	370
362	376
362	397
362	410
362	545
362	595
362	743
362	940
362	998
363	379
363	392
363	399
363	629
363	631
363	819
363	854
363	888
364	380
364	384
364	644
364	735
364	802
364	863
364	882
364	917
365	371
365	376
365	393
365	432
365	608
365	642
365	880
365	926
365	947
365	967
366	368
366	375
366	500
366	644
366	696
366	756
366	804
366	954
367	368
367	394
367	427
367	441
367	444
367	487
367	488
367	591
367	732
367	840
368	387
368	391
368	473
368	651
368	763
368	849
368	948
369	376
369	383
369	386
369	503
369	513
369	522
369	548
369	559
369	632
369	658
369	695
369	772
369	822
369	938
370	542
370	597
370	650
370	678
370	725
370	915
371	378
371	384
371	385
371	398
371	524
371	529
371	745
371	758
371	811
371	917
372	374
372	383
372	424
372	426
372	614
372	616
372	617
372	918
373	374
373	377
373	392
373	398
373	422
373	461
373	581
373	674
373	799
374	377
374	394
374	395
374	399
374	409
374	454
374	510
374	569
374	614
374	736
374	737
374	833
374	860
374	894
374	924
375	379
375	384
375	416
375	425
375	463
375	495
375	527
375	653
375	902
375	964
376	393
376	725
376	831
376	986
377	378
377	381
377	383
377	421
377	432
377	604
377	698
377	858
377	863
378	379
378	388
378	442
378	444
378	484
378	533
378	548
378	880
378	909
378	977
379	491
379	541
379	558
379	840
379	845
380	382
380	397
380	457
380	521
380	525
380	542
380	653
380	690
380	817
380	916
380	972
381	390
381	397
381	415
381	678
381	797
381	931
382	398
382	508
382	529
382	614
382	621
382	662
382	682
382	777
382	813
382	860
383	388
383	407
383	468
383	569
383	833
383	862
383	880
383	960
383	989
384	390
384	392
384	394
384	421
384	458
384	484
384	491
384	493
384	537
384	551
384	585
384	620
384	811
384	828
385	412
385	419
385	573
385	673
385	700
385	737
385	861
385	894
385	970
386	543
386	546
386	570
386	734
386	933
387	388
387	392
387	467
387	488
387	506
387	555
387	581
387	624
387	661
387	703
387	782
387	806
387	888
387	929
387	940
387	993
388	399
388	409
388	668
388	796
388	958
389	396
389	608
389	637
389	794
389	841
389	889
390	391
390	438
390	444
390	584
390	698
390	756
390	809
390	834
390	850
390	886
390	935
391	395
391	579
391	638
391	800
391	837
391	878
391	927
391	991
392	408
392	454
392	667
392	703
392	813
392	935
392	957
393	469
393	494
393	522
393	570
393	645
393	886
393	924
394	395
394	431
394	458
394	474
394	478
394	482
394	604
394	648
394	756
394	824
394	863
394	869
394	946
394	995
395	405
395	495
395	537
395	547
395	552
395	772
395	881
395	927
395	972
396	416
396	518
396	643
396	657
396	743
396	852
396	886
396	902
396	908
396	930
396	972
397	428
397	432
397	434
397	435
397	464
397	549
397	588
397	628
397	642
397	760
397	880
397	949
398	417
398	442
398	488
398	491
398	689
398	812
399	408
399	484
399	493
399	651
399	662
399	805
399	823
399	907
399	980
400	460
400	461
400	468
400	472
400	505
400	654
400	761
400	834
401	406
401	407
401	433
401	450
401	484
401	620
401	687
401	806
401	863
401	974
401	988
402	406
402	411
402	420
402	423
402	428
402	430
402	436
402	450
402	455
402	473
402	575
402	658
402	731
402	746
402	748
402	806
402	823
402	828
402	992
403	414
403	452
403	461
403	462
403	464
403	467
403	488
403	494
403	573
403	580
403	695
403	952
403	995
404	410
404	417
404	422
404	429
404	433
404	446
404	461
404	473
404	734
404	836
404	848
404	967
404	981
405	409
405	415
405	416
405	423
405	429
405	454
405	488
405	489
405	490
405	727
405	749
405	777
405	940
406	420
406	429
406	436
406	439
406	443
406	444
406	453
406	455
406	457
406	458
406	484
406	490
406	494
406	639
406	675
406	818
406	911
406	951
406	987
407	427
407	452
407	453
407	464
407	467
407	481
407	489
407	495
407	691
408	419
408	441
408	453
408	468
408	472
408	483
408	490
408	494
408	514
408	538
408	603
408	618
408	650
408	753
408	905
409	412
409	428
409	430
409	436
409	437
409	453
409	455
409	462
409	464
409	638
409	642
409	737
409	748
409	803
409	996
410	416
410	467
410	476
410	493
410	499
410	564
410	598
410	662
410	811
410	832
410	949
411	422
411	424
411	457
411	467
411	472
411	483
411	493
411	499
411	568
411	570
411	658
411	687
411	780
411	818
411	842
412	421
412	446
412	456
412	460
412	461
412	464
412	478
412	487
412	612
412	707
412	842
412	927
413	440
413	448
413	454
413	482
413	486
413	499
413	541
413	648
413	877
414	420
414	421
414	427
414	446
414	449
414	465
414	470
414	471
414	489
414	495
414	499
414	562
414	622
414	656
414	772
414	963
415	419
415	421
415	424
415	435
415	441
415	453
415	458
415	474
415	483
415	499
415	619
415	726
415	747
415	828
415	853
415	986
416	426
416	427
416	437
416	441
416	446
416	455
416	485
416	496
416	575
416	591
416	641
416	833
416	843
416	899
416	971
417	425
417	430
417	435
417	439
417	442
417	455
417	456
417	474
417	495
417	516
417	545
417	556
417	723
417	775
417	871
417	909
417	987
417	994
418	419
418	441
418	457
418	465
418	472
418	488
418	489
418	554
418	639
418	701
418	704
418	802
418	847
419	423
419	439
419	455
419	467
419	473
419	476
419	485
419	489
419	497
419	498
419	676
419	845
420	478
420	485
420	532
420	715
420	836
420	851
420	886
420	912
420	943
420	961
420	986
421	433
421	451
421	463
421	470
421	476
421	480
421	484
421	492
421	523
421	617
421	797
421	937
421	969
422	427
422	441
422	445
422	464
422	474
422	478
422	495
422	552
422	596
422	664
422	773
422	902
422	910
422	918
422	937
422	945
423	427
423	439
423	442
423	445
423	451
423	481
423	488
423	491
423	492
423	494
423	497
423	747
423	957
424	425
424	450
424	453
424	468
424	473
424	535
424	649
424	745
424	945
425	437
425	440
425	449
425	464
425	479
425	484
425	485
425	495
425	573
425	672
425	704
425	762
425	945
426	437
426	456
426	458
426	463
426	468
426	476
426	483
426	492
426	495
426	499
426	544
426	641
426	643
426	798
427	430
427	431
427	435
427	458
427	472
427	480
427	482
427	488
427	489
427	493
427	703
427	769
427	894
427	953
427	958
427	984
428	470
428	482
428	564
428	617
428	647
428	663
428	797
428	799
428	841
428	842
428	955
429	445
429	477
429	494
429	577
429	872
429	891
429	947
429	962
430	430
430	431
430	441
430	471
430	486
430	490
430	492
430	547
430	939
431	451
431	454
431	461
431	464
431	499
431	701
431	801
431	877
431	965
431	997
432	433
432	463
432	484
432	486
432	494
432	558
432	571
432	586
432	606
432	656
432	668
432	699
432	783
432	998
433	441
433	442
433	460
433	493
433	512
433	602
433	615
433	686
433	733
433	964
434	450
434	454
434	476
434	490
434	497
434	637
434	672
434	729
434	774
434	979
434	993
435	451
435	455
435	457
435	465
435	469
435	474
435	477
435	495
435	534
435	613
435	649
435	677
435	767
435	968
436	441
436	458
436	462
436	463
436	467
436	475
436	589
436	597
436	648
436	676
436	763
436	773
436	784
436	856
436	860
436	866
436	923
437	438
437	449
437	462
437	475
437	482
437	584
437	611
437	635
437	679
437	730
437	915
437	992
438	438
438	439
438	446
438	449
438	487
438	493
438	595
438	680
438	879
438	890
439	471
439	488
439	489
439	492
439	652
439	669
439	687
439	832
439	848
439	919
439	949
439	972
440	442
440	449
440	450
440	455
440	468
440	472
440	474
440	476
440	494
440	498
440	501
440	556
440	580
440	710
440	768
441	444
441	445
441	453
441	466
441	475
441	479
441	490
441	851
441	858
442	447
442	455
442	465
442	467
442	469
442	475
442	486
442	487
442	532
442	556
442	584
442	610
442	647
442	705
442	718
442	879
443	460
443	462
443	479
443	481
443	482
443	491
443	497
443	676
443	729
443	983
444	450
444	453
444	474
444	479
444	519
444	621
444	648
444	658
444	774
444	868
444	951
445	452
445	455
445	456
445	465
445	473
445	475
445	486
445	542
445	619
445	701
445	885
445	916
445	956
445	977
445	997
446	451
446	454
446	485
446	489
446	504
446	511
446	536
446	651
446	801
447	459
447	486
447	488
447	492
447	540
447	550
447	554
447	577
447	660
447	908
447	988
448	454
448	455
448	456
448	458
448	464
448	474
448	482
448	483
448	486
448	493
448	591
448	701
448	791
448	875
448	898
448	929
448	942
449	453
449	455
449	457
449	463
449	464
449	472
449	496
449	497
449	500
449	524
450	453
450	499
450	520
450	669
450	789
450	919
450	941
450	994
451	481
451	483
451	488
451	497
451	553
451	621
451	638
451	693
451	720
451	733
451	746
451	887
451	892
451	946
452	469
452	497
452	545
452	609
452	851
452	949
453	486
453	494
453	521
453	617
453	623
453	715
453	755
453	775
454	461
454	478
454	479
454	494
454	590
454	612
454	753
454	906
455	458
455	464
455	470
455	481
455	483
455	561
455	682
455	737
456	460
456	461
456	470
456	483
456	487
456	488
456	494
456	499
456	524
456	544
456	553
456	560
456	648
456	699
456	724
456	855
456	877
456	999
457	461
457	462
457	463
457	474
457	483
457	490
457	523
457	524
457	705
457	739
457	743
457	853
457	856
457	947
457	958
458	461
458	463
458	491
458	564
458	630
458	637
458	698
458	746
458	774
458	789
458	889
458	935
458	971
459	483
459	499
459	625
459	653
459	696
459	703
459	771
459	809
459	906
459	998
460	467
460	493
460	506
460	513
460	632
460	640
460	752
460	768
460	857
460	858
460	873
460	877
460	898
460	917
460	968
461	476
461	482
461	494
461	559
461	716
461	927
461	937
461	940
461	952
461	956
461	987
462	479
462	484
462	491
462	493
462	497
462	511
462	574
462	594
462	598
462	623
462	627
462	786
462	801
462	835
462	844
463	488
463	494
463	561
463	636
463	712
463	747
463	771
463	783
463	867
463	922
463	956
464	467
464	474
464	496
464	508
464	762
464	869
464	870
464	891
464	922
464	971
465	471
465	482
465	493
465	495
465	496
465	544
465	591
465	775
466	468
466	490
466	554
466	559
466	813
467	470
467	471
467	486
467	488
467	489
467	493
467	525
467	542
467	589
467	765
467	843
467	903
468	477
468	481
468	499
468	569
468	616
468	725
468	742
468	897
469	495
469	497
469	520
469	540
469	839
470	472
470	484
470	485
470	796
470	799
470	885
470	960
470	985
471	478
471	485
471	487
471	624
471	705
472	480
472	493
472	494
472	537
472	541
472	884
472	958
473	481
473	484
473	797
473	822
473	923
474	488
474	630
474	729
474	799
474	803
474	858
474	907
474	948
475	479
475	485
475	555
475	666
475	755
475	782
475	919
476	479
476	496
476	516
476	532
476	639
476	768
476	853
476	980
477	479
477	501
477	525
477	574
477	629
477	646
477	665
477	673
477	686
477	728
477	785
477	822
477	919
478	555
478	681
478	861
478	965
479	498
479	703
479	831
479	843
479	844
479	912
480	483
480	484
480	485
480	595
480	604
480	705
480	828
480	933
480	982
481	491
481	493
481	499
481	675
481	697
481	787
481	838
481	910
481	923
482	497
482	508
482	611
482	630
482	637
482	672
482	776
482	814
482	954
483	487
483	603
483	615
483	728
483	968
483	975
484	484
484	503
484	568
484	609
484	966
485	494
485	505
485	507
485	546
485	574
485	616
485	715
485	755
485	880
485	901
486	491
486	560
486	711
486	743
486	753
486	906
486	970
487	496
487	499
487	520
487	544
487	806
487	849
487	863
487	882
487	906
487	916
488	499
488	564
488	655
488	688
488	765
488	910
488	949
489	490
489	498
489	513
489	662
489	799
489	828
489	913
489	927
490	491
490	608
490	751
490	771
490	860
490	935
491	494
491	501
491	520
491	525
491	536
491	558
491	580
491	601
491	752
491	817
492	499
492	529
492	546
492	613
492	668
492	772
492	782
492	804
492	873
492	907
492	946
492	984
493	562
493	635
493	753
493	759
493	895
493	905
494	699
494	701
494	826
494	927
494	979
494	989
495	544
495	585
495	633
495	666
495	753
495	771
495	800
495	939
496	544
496	634
496	675
496	677
496	815
496	852
496	911
497	511
497	543
497	604
497	722
497	975
498	501
498	518
498	639
498	655
498	772
498	786
498	872
499	715
499	779
499	812
499	927
499	943
499	957
499	978
500	506
500	519
500	536
500	543
500	566
500	573
500	577
500	580
500	593
500	598
500	704
500	726
500	735
500	778
500	836
500	858
500	868
500	875
501	506
501	507
501	512
501	513
501	536
501	539
501	555
501	562
501	565
501	578
501	617
501	799
501	813
501	940
501	944
502	512
502	517
502	522
502	567
502	582
502	595
502	654
502	778
502	820
502	887
502	903
502	982
503	506
503	513
503	537
503	550
503	562
503	568
503	571
503	596
503	648
503	753
503	761
503	811
503	910
503	917
504	523
504	536
504	564
504	579
504	582
504	597
504	664
504	702
504	703
504	724
504	777
504	848
505	516
505	520
505	525
505	535
505	536
505	541
505	546
505	552
505	557
505	582
505	584
505	590
505	672
505	703
505	986
506	529
506	539
506	558
506	574
506	575
506	587
506	636
506	686
506	868
506	882
507	516
507	528
507	533
507	538
507	569
507	593
507	596
507	701
507	711
507	726
507	734
507	956
508	508
508	524
508	526
508	531
508	545
508	558
508	578
508	587
508	592
508	593
508	684
508	749
508	789
509	518
509	523
509	526
509	562
509	596
509	641
509	724
509	823
509	830
509	947
509	952
509	984
510	510
510	513
510	546
510	553
510	566
510	580
510	581
510	583
510	592
510	667
510	876
510	895
511	515
511	536
511	543
511	545
511	562
511	566
511	569
511	582
511	600
511	668
511	724
511	753
511	757
511	799
511	938
512	519
512	527
512	579
512	591
512	647
512	649
512	941
513	514
513	534
513	554
513	555
513	567
513	583
513	593
513	715
513	831
513	882
513	999
514	520
514	524
514	555
514	558
514	567
514	599
514	724
514	954
515	539
515	547
515	554
515	567
515	573
515	584
515	596
515	654
515	655
515	676
515	688
515	711
515	729
515	842
515	997
516	517
516	539
516	555
516	561
516	564
516	569
516	589
516	688
516	796
516	832
516	894
516	956
516	962
517	517
517	519
517	554
517	556
517	560
517	563
517	564
517	575
517	586
517	897
518	519
518	540
518	548
518	566
518	571
518	579
518	596
518	641
518	696
518	776
518	820
518	842
518	937
518	985
519	531
519	543
519	552
519	558
519	560
519	588
519	592
519	697
519	709
519	801
520	537
520	553
520	563
520	569
520	672
520	738
520	772
520	968
520	991
521	522
521	523
521	529
521	536
521	542
521	556
521	564
521	576
521	590
521	696
521	702
521	705
521	777
521	811
521	830
521	871
521	973
522	532
522	534
522	544
522	549
522	576
522	581
522	584
522	585
522	627
522	628
522	806
522	830
522	946
523	527
523	535
523	536
523	540
523	553
523	555
523	563
523	582
523	585
523	808
523	828
524	532
524	540
524	543
524	544
524	567
524	578
524	579
524	583
524	749
524	797
524	830
524	908
525	544
525	558
525	576
525	595
525	965
525	974
526	532
526	536
526	540
526	573
526	576
526	583
526	584
526	588
526	599
526	602
526	673
526	700
526	729
526	798
526	879
526	902
526	906
527	535
527	550
527	560
527	577
527	584
527	589
527	617
527	686
527	711
527	791
527	882
527	923
528	534
528	551
528	561
528	568
528	571
528	595
528	597
528	599
528	617
528	628
528	869
528	999
529	563
529	582
529	592
529	627
529	834
529	950
529	998
530	533
530	544
530	561
530	578
530	587
530	589
530	709
530	804
530	837
530	965
531	531
531	534
531	539
531	542
531	554
531	558
531	563
531	578
531	581
531	588
531	599
531	693
531	818
531	974
532	534
532	555
532	568
532	581
532	583
532	808
532	825
532	928
533	543
533	551
533	559
533	560
533	563
533	631
533	665
533	888
533	917
533	946
533	968
534	555
534	567
534	568
534	597
534	606
534	648
534	716
534	808
534	907
534	949
535	565
535	571
535	573
535	684
535	703
535	704
535	726
535	746
535	784
535	869
536	536
536	541
536	543
536	553
536	554
536	560
536	569
536	579
536	598
536	675
536	850
536	931
537	581
537	586
537	593
537	993
538	554
538	584
538	596
538	633
538	645
538	690
538	795
538	841
538	869
539	539
539	547
539	554
539	561
539	562
539	577
539	593
539	616
539	685
539	721
539	869
539	977
540	542
540	551
540	568
540	570
540	583
540	584
540	587
540	622
540	722
540	796
540	985
540	989
541	597
541	716
541	915
541	963
542	543
542	544
542	586
542	593
542	828
542	912
542	972
542	996
543	560
543	564
543	570
543	571
543	578
543	669
543	677
543	763
543	954
544	552
544	555
544	564
544	595
544	597
544	674
544	682
544	886
544	926
545	571
545	580
545	591
545	593
545	631
545	636
545	684
545	778
545	816
545	835
545	994
546	548
546	554
546	571
546	582
546	584
546	590
546	636
546	657
546	744
547	555
547	564
547	577
547	589
547	590
547	591
547	593
547	670
547	776
547	829
547	885
548	548
548	556
548	562
548	568
548	574
548	576
548	578
548	597
548	599
548	606
548	860
548	972
549	571
549	585
549	597
549	680
549	843
549	965
549	985
550	567
550	576
550	585
550	673
550	825
550	871
551	558
551	559
551	572
551	581
551	588
551	609
551	670
551	701
551	812
551	852
552	561
552	576
552	586
552	590
552	595
552	786
552	888
552	974
552	983
552	987
553	554
553	561
553	574
553	576
553	583
553	589
553	760
553	817
554	558
554	571
554	585
554	594
554	595
554	598
554	678
554	730
554	800
554	804
554	915
554	980
555	562
555	569
555	577
555	578
555	586
555	594
555	762
555	958
556	568
556	584
556	594
556	653
556	749
556	941
556	988
557	581
557	583
557	586
557	732
557	753
557	761
557	830
557	871
557	928
557	994
558	559
558	568
558	576
558	596
558	796
558	820
558	853
558	912
559	575
559	593
559	626
559	931
559	945
560	566
560	579
560	583
560	590
560	595
560	636
560	747
560	775
560	783
560	821
560	945
561	572
561	713
561	717
561	767
561	866
561	923
561	931
562	563
562	565
562	587
562	597
562	657
562	986
562	993
563	569
563	585
563	592
563	615
563	672
563	723
563	735
563	798
563	852
564	588
564	668
564	784
564	867
564	868
564	881
564	888
565	573
565	574
565	579
565	586
565	591
565	711
565	941
565	984
565	990
566	583
566	585
566	598
566	634
566	738
566	760
566	773
566	863
566	888
566	921
566	988
567	570
567	575
567	585
567	589
567	597
568	584
568	690
568	728
568	973
569	579
569	642
569	712
569	728
569	917
569	985
570	574
570	585
570	609
570	635
570	715
570	818
570	932
571	574
571	992
572	598
572	740
572	797
572	801
572	852
572	953
573	576
573	579
573	596
573	645
573	809
574	576
574	589
574	615
574	620
574	834
574	955
574	988
575	579
575	585
575	592
575	618
575	622
576	581
576	582
576	585
576	594
576	672
576	705
576	929
576	957
577	587
577	588
577	691
577	695
577	703
577	732
577	893
577	942
577	993
578	584
578	672
578	787
578	937
578	975
579	802
579	812
579	837
580	589
580	745
580	806
580	823
580	955
581	824
581	892
581	902
581	905
581	962
581	986
582	592
582	598
582	655
582	664
582	721
582	723
582	815
582	956
583	585
583	588
583	593
583	696
583	829
583	860
583	890
583	919
583	948
583	958
584	886
585	821
585	864
585	914
585	916
586	594
586	597
586	603
586	806
586	950
586	954
586	966
586	983
587	591
587	593
587	665
587	700
587	732
587	766
588	598
588	704
588	739
588	834
588	854
588	905
589	654
589	665
589	722
589	805
589	869
589	870
589	941
589	962
590	607
590	667
590	711
590	754
590	806
590	812
590	829
590	960
591	594
591	597
591	669
591	685
591	723
591	802
591	955
592	597
592	600
592	843
593	670
593	752
593	955
594	645
594	757
594	803
594	839
594	990
595	595
595	680
595	686
595	748
595	826
595	907
595	988
596	598
596	627
596	686
596	795
596	983
597	626
597	644
597	846
597	919
598	605
598	638
598	694
598	867
598	868
598	976
598	978
599	604
599	617
599	751
599	759
599	791
599	852
599	980
600	604
600	607
600	619
600	646
600	660
600	675
600	679
600	683
600	692
600	726
600	754
601	605
601	610
601	616
601	636
601	665
601	670
601	677
601	860
601	885
601	931
601	939
601	956
602	619
602	629
602	634
602	657
602	676
602	678
602	684
602	764
602	765
602	777
602	817
602	850
602	868
602	915
602	922
602	924
602	938
603	643
603	649
603	659
603	663
603	683
603	726
603	758
603	850
603	881
603	955
603	968
603	998
604	612
604	617
604	623
604	658
604	661
604	668
604	672
604	690
605	627
605	634
605	657
605	682
605	749
605	860
605	864
605	908
605	920
605	922
606	628
606	637
606	641
606	642
606	644
606	649
606	659
606	660
606	676
606	698
606	853
606	855
606	969
607	617
607	658
607	662
607	667
607	673
607	745
607	770
607	821
607	829
607	843
607	856
607	865
607	881
607	883
608	613
608	625
608	643
608	654
608	655
608	656
608	664
608	667
608	691
608	712
608	728
608	857
608	859
609	614
609	616
609	627
609	635
609	647
609	649
609	659
609	668
609	689
609	697
609	917
609	968
610	629
610	644
610	651
610	656
610	690
610	691
610	697
610	852
610	881
610	970
610	983
611	652
611	661
611	666
611	688
611	909
611	967
612	628
612	644
612	645
612	665
612	684
612	713
612	842
612	975
613	652
613	655
613	668
613	673
613	692
613	811
613	844
613	846
613	923
614	627
614	641
614	669
614	681
614	694
615	625
615	632
615	651
615	656
615	663
615	677
615	709
615	930
615	935
615	994
616	642
616	648
616	653
616	663
616	670
616	671
616	673
616	682
616	691
616	698
616	877
617	620
617	637
617	649
617	652
617	653
617	656
617	667
617	681
617	701
617	716
617	730
617	880
617	950
618	648
618	656
618	657
618	671
618	673
618	690
618	691
618	696
618	863
618	866
618	980
618	984
619	628
619	637
619	647
619	653
619	654
619	663
619	669
619	676
619	682
620	638
620	641
620	650
620	652
620	658
620	660
620	669
620	675
620	692
620	805
620	947
621	629
621	630
621	668
621	674
621	689
621	693
621	743
621	772
621	799
621	829
621	861
621	907
622	634
622	640
622	644
622	654
622	683
622	690
622	693
622	695
622	709
622	913
622	929
623	624
623	633
623	638
623	649
623	661
623	663
623	666
623	669
623	691
624	627
624	636
624	646
624	649
624	670
624	683
624	783
624	858
624	931
624	940
625	643
625	653
625	663
625	673
625	679
625	682
625	696
625	829
625	840
625	852
625	944
626	659
626	662
626	689
626	691
626	697
626	766
626	927
627	628
627	629
627	644
627	658
627	674
627	697
627	734
627	812
627	847
628	628
628	641
628	659
628	660
628	666
628	687
628	770
628	862
629	636
629	643
629	661
629	697
629	698
629	780
629	822
629	879
629	922
630	639
630	643
630	644
630	650
630	657
630	663
630	685
630	697
630	754
630	814
631	633
631	636
631	643
631	647
631	649
631	685
631	691
631	693
631	694
631	712
631	723
631	809
631	816
631	833
631	859
632	643
632	654
632	666
632	685
632	686
632	884
632	985
633	634
633	635
633	654
633	656
633	678
633	695
633	809
633	933
633	963
634	648
634	660
634	685
634	692
635	640
635	641
635	659
635	667
635	677
635	690
635	737
635	823
635	864
635	919
635	922
636	649
636	666
636	669
636	671
636	675
636	797
636	802
636	810
636	817
636	818
636	834
636	874
636	957
637	643
637	647
637	659
637	664
637	669
637	688
637	698
637	705
637	706
637	881
638	656
638	658
638	687
638	690
638	695
638	771
638	848
638	898
638	905
639	646
639	648
639	669
639	673
639	675
639	685
639	733
639	835
639	893
639	895
640	643
640	657
640	659
640	683
640	688
640	979
641	646
641	659
641	666
641	679
641	691
641	693
641	822
641	873
641	907
642	673
642	678
642	695
642	882
642	916
642	994
643	644
643	649
643	656
643	657
643	671
643	678
643	692
643	693
643	697
643	830
643	850
643	972
643	973
644	652
644	660
644	676
644	681
644	698
644	706
644	773
644	935
645	699
645	748
645	831
645	852
645	969
646	652
646	653
646	660
646	666
646	667
646	683
646	691
646	697
646	804
646	960
647	659
647	664
647	665
647	683
647	762
647	872
648	659
648	679
648	680
648	687
648	689
648	718
648	787
648	801
648	928
649	657
649	676
649	677
649	682
649	699
649	719
649	725
649	764
649	813
649	839
649	954
650	662
650	664
650	667
650	678
650	771
650	964
650	976
651	656
651	661
651	667
651	670
651	673
651	692
651	695
651	751
651	766
651	777
651	853
651	963
651	996
652	662
652	676
652	685
652	697
652	761
652	765
652	796
652	815
652	848
653	661
653	720
653	746
653	932
654	656
654	662
654	679
654	683
654	686
654	693
654	700
654	747
654	812
654	860
654	886
655	663
655	668
655	672
655	787
655	828
655	839
655	874
655	950
656	679
657	674
657	680
657	690
657	696
657	699
657	760
657	845
657	959
658	661
658	671
658	693
658	793
658	849
658	861
658	946
658	947
658	951
659	677
659	684
659	690
659	719
659	821
659	863
659	924
659	973
659	997
660	665
660	679
660	694
660	825
660	880
660	881
661	681
661	684
661	690
661	691
661	761
661	878
661	977
662	667
662	673
662	693
662	773
662	830
662	844
662	873
663	668
663	672
663	677
663	691
663	693
663	883
663	946
663	977
664	667
664	716
664	734
664	849
664	877
664	882
664	933
664	962
665	665
665	677
665	736
665	750
665	789
665	946
665	965
665	970
666	674
666	677
666	683
666	689
666	817
666	822
666	830
666	882
666	893
666	903
667	676
667	677
667	751
667	779
667	840
667	917
667	997
668	687
668	697
668	708
668	710
668	988
668	999
669	671
669	681
669	685
669	695
669	718
669	737
669	742
670	675
670	680
670	684
670	686
670	727
670	883
670	940
671	676
671	687
671	719
672	677
672	698
672	826
672	839
673	674
673	679
673	683
673	685
673	691
673	713
673	746
673	814
673	925
673	993
674	708
674	866
674	898
674	902
674	918
674	986
675	817
675	839
675	852
675	892
675	941
676	681
676	686
676	699
676	798
676	829
676	950
677	678
677	685
677	699
677	709
677	714
677	767
677	865
677	982
678	683
678	693
678	694
678	728
678	813
678	891
679	683
679	697
679	763
679	785
679	824
680	699
680	704
680	714
680	765
680	877
680	948
681	742
681	763
681	782
681	832
681	891
682	694
682	749
682	779
682	923
682	926
682	961
683	683
683	827
683	832
683	851
683	936
684	725
684	832
684	846
684	855
684	908
684	949
685	842
685	954
686	692
686	697
686	731
686	762
686	846
686	855
686	996
687	694
687	704
687	731
687	758
687	834
687	851
687	888
687	945
687	949
687	979
688	690
688	781
688	988
689	696
689	764
689	838
689	941
689	989
689	992
690	724
690	920
691	698
691	800
691	903
691	954
691	960
691	963
692	694
692	743
692	830
692	836
692	937
693	843
693	868
694	746
694	793
694	845
694	929
695	878
695	951
696	730
697	699
697	702
697	779
697	841
697	868
697	949
697	996
698	784
698	863
698	919
699	805
699	914
699	969
700	717
700	719
700	722
700	732
700	737
700	746
700	757
700	797
700	831
700	903
700	911
700	980
701	708
701	712
701	728
701	744
701	766
702	718
702	727
702	732
702	745
702	760
702	765
702	772
702	774
702	775
702	783
702	796
702	833
702	841
703	720
703	721
703	726
703	791
703	898
704	724
704	742
704	758
704	762
704	767
704	791
705	713
705	717
705	718
705	729
705	733
705	736
705	754
705	768
705	773
705	776
705	786
705	797
705	836
706	711
706	713
706	715
706	729
706	733
706	756
706	783
706	786
706	788
706	852
706	877
706	918
707	712
707	728
707	733
707	749
707	751
707	782
707	788
707	789
707	834
708	711
708	712
708	737
708	752
708	771
708	774
708	798
708	842
708	872
709	709
709	712
709	733
709	740
709	745
709	772
709	777
709	788
709	799
709	841
709	909
709	962
709	992
710	713
710	719
710	730
710	764
710	780
710	782
710	793
710	971
710	998
711	718
711	739
711	740
711	744
711	763
711	765
711	767
711	768
711	785
711	786
711	792
711	816
712	715
712	717
712	741
712	761
712	765
712	774
712	791
712	793
712	794
712	875
712	930
712	979
713	715
713	752
713	753
713	762
713	765
713	784
713	790
713	792
713	996
714	717
714	742
714	758
714	788
714	915
714	930
715	733
715	734
715	740
715	748
715	751
715	752
715	755
715	763
715	770
715	787
715	862
715	907
716	721
716	766
716	767
716	783
716	795
716	796
716	819
716	864
717	743
717	752
717	758
717	763
717	794
717	909
717	980
718	726
718	741
718	755
718	760
718	775
718	828
718	839
718	874
719	727
719	729
719	740
719	741
719	745
719	761
719	769
719	794
719	817
719	903
719	905
719	946
720	722
720	726
720	729
720	730
720	747
720	749
720	776
720	780
720	792
720	904
721	759
721	762
721	788
721	808
721	831
721	838
721	847
721	886
721	892
721	954
721	983
721	993
722	738
722	743
722	749
722	750
722	775
722	781
722	896
722	948
723	738
723	741
723	744
723	756
723	769
723	774
723	789
723	790
723	793
724	727
724	730
724	740
724	760
724	779
724	795
724	835
724	853
724	992
725	727
725	757
725	799
725	839
725	882
725	910
726	726
726	735
726	754
726	781
726	783
726	789
726	875
727	738
727	763
727	794
727	925
728	731
728	738
728	742
728	760
728	763
728	764
728	769
728	779
728	784
728	794
728	795
729	735
729	752
729	761
729	795
729	888
729	950
730	732
730	755
730	762
730	766
730	795
730	907
730	923
731	741
731	742
731	743
731	764
731	765
731	766
731	770
731	773
731	774
731	776
731	778
731	781
731	920
731	953
732	738
732	751
732	755
732	756
732	770
732	795
732	876
732	959
733	738
733	749
733	799
734	759
734	779
734	785
734	840
734	925
735	736
735	756
735	765
735	768
735	776
735	778
735	792
735	959
735	982
736	742
736	765
736	779
736	787
736	789
736	809
736	929
736	968
737	774
737	781
737	782
737	824
737	866
738	743
738	781
738	789
738	963
739	764
739	770
739	782
739	792
739	800
739	801
739	886
739	977
739	989
740	754
740	778
740	786
740	803
740	987
741	741
741	743
741	757
741	767
741	774
741	777
741	788
741	790
741	820
741	946
742	752
742	757
742	758
742	762
742	774
742	794
742	798
742	845
742	867
742	900
742	925
743	745
743	747
743	753
743	760
743	788
743	819
743	850
743	902
744	783
744	787
744	788
744	795
744	852
744	878
744	928
744	958
744	997
745	755
745	762
745	769
745	781
745	782
745	797
745	840
745	847
745	982
746	766
746	870
746	887
746	979
747	792
747	793
747	797
747	904
748	754
748	764
748	776
748	780
748	978
749	761
749	767
749	774
749	775
749	791
749	793
750	771
750	772
750	776
750	778
750	782
750	788
750	865
750	884
751	754
751	766
751	781
751	784
751	794
751	805
751	956
752	755
752	768
752	782
752	829
752	863
752	890
753	756
753	784
753	790
753	862
753	904
754	774
754	777
754	780
754	790
754	793
754	833
754	848
754	932
754	960
755	762
755	770
755	776
755	780
755	796
755	798
755	859
755	865
755	901
756	757
756	770
756	775
756	789
756	790
756	794
756	823
756	827
756	911
757	775
757	794
757	798
757	803
758	799
759	778
759	795
760	773
760	778
761	766
761	773
761	775
761	790
761	818
761	929
761	938
761	992
761	996
762	781
762	790
762	810
762	911
762	922
762	925
763	779
763	852
763	971
764	772
764	776
764	781
764	792
764	968
765	770
765	785
765	789
765	827
765	961
765	977
766	770
766	775
766	914
766	958
767	770
767	796
767	819
767	916
767	991
768	769
768	780
768	927
768	971
769	775
769	781
769	790
769	792
769	962
769	998
771	778
771	784
771	886
771	923
771	940
772	773
772	774
772	790
772	911
773	993
774	835
774	881
775	850
775	934
775	974
776	785
776	789
776	795
776	825
776	928
776	964
776	965
777	789
777	797
777	854
777	989
778	789
778	950
779	782
779	786
779	792
779	796
779	799
779	842
780	799
780	847
780	887
780	897
780	966
781	784
781	789
781	794
781	799
782	786
782	788
782	793
782	795
782	844
782	873
782	887
782	898
782	908
783	851
783	919
783	958
784	792
784	796
785	885
785	886
785	916
785	940
786	791
786	936
786	958
786	990
787	849
787	871
787	875
788	792
788	797
788	807
788	855
788	856
789	869
790	793
790	795
790	798
790	804
790	900
790	910
791	807
792	859
793	794
793	796
793	998
794	799
794	820
794	909
795	827
795	874
795	897
795	941
795	954
795	972
796	834
796	884
796	910
797	815
797	820
797	865
797	872
798	919
798	998
800	815
800	817
800	822
800	844
800	864
800	871
800	875
800	882
800	896
800	899
800	966
801	835
801	839
801	840
801	873
801	881
801	921
801	968
802	804
802	839
802	850
802	854
802	860
802	891
802	910
802	962
802	978
803	804
803	814
803	815
803	840
803	861
803	864
803	874
803	875
803	896
804	813
804	814
804	823
804	847
804	851
804	852
804	877
804	895
804	907
804	990
805	809
805	833
805	841
805	847
805	854
805	874
805	898
806	829
806	839
806	842
806	847
806	849
806	863
806	865
806	867
806	873
806	875
806	876
806	881
806	915
806	921
806	998
807	831
807	861
807	863
807	883
807	894
807	897
807	962
808	816
808	822
808	835
808	837
808	841
808	846
808	869
808	883
808	959
808	982
809	820
809	837
809	875
809	914
810	813
810	816
810	821
810	831
810	866
810	898
811	830
811	866
811	878
811	894
811	899
812	825
812	846
812	850
812	857
812	874
812	888
812	952
813	815
813	837
813	839
813	849
813	885
813	903
814	819
814	831
814	840
814	845
814	857
814	859
814	870
814	876
814	884
814	892
815	823
815	824
815	827
815	828
815	835
815	837
815	838
815	853
815	854
815	864
815	892
815	903
815	935
815	982
815	990
816	822
816	823
816	828
816	890
816	935
816	964
817	823
817	834
817	836
817	838
817	841
817	845
817	850
817	857
817	864
817	880
817	883
817	884
817	932
817	938
818	827
818	834
818	836
818	840
818	848
818	854
818	862
818	869
818	871
818	884
818	897
818	908
819	835
819	859
819	861
819	874
819	891
819	892
819	895
819	962
820	824
820	834
820	835
820	837
820	869
820	876
820	884
820	885
820	889
820	903
821	825
821	826
821	838
821	844
821	864
821	887
821	891
821	944
821	982
822	826
822	848
822	860
822	865
822	869
822	881
822	885
822	894
822	916
823	824
823	857
823	858
823	886
823	887
823	895
823	898
823	950
824	855
824	864
825	836
825	837
825	845
825	849
825	852
825	876
825	882
825	887
825	979
826	829
826	876
826	877
826	965
827	832
827	858
827	877
827	897
827	969
827	987
828	863
828	866
828	878
828	891
829	835
829	837
829	842
829	856
829	869
829	880
829	887
829	889
829	892
830	836
830	842
830	843
830	844
830	849
830	879
830	951
830	953
830	980
831	843
831	844
831	855
831	858
831	866
831	871
831	990
832	883
832	977
832	995
833	840
833	841
833	856
833	880
833	912
833	947
834	838
834	845
834	850
834	851
834	852
834	853
834	868
834	874
834	883
834	884
834	896
835	837
835	854
835	863
835	882
835	883
835	896
835	922
836	840
836	850
836	857
836	862
836	868
836	887
836	892
836	895
836	901
836	954
836	968
837	837
837	853
837	855
837	860
837	872
837	954
837	971
837	983
838	839
838	848
838	856
838	858
838	869
838	871
838	879
838	883
838	887
838	901
838	942
839	845
839	854
839	866
839	875
839	880
839	899
839	967
840	845
840	875
840	894
840	895
840	904
840	905
841	842
841	859
841	865
841	868
841	899
841	968
841	997
842	859
842	947
842	975
843	844
843	873
843	882
843	887
843	888
843	889
844	863
844	866
844	870
844	872
844	880
845	851
845	865
845	870
845	876
845	893
845	899
845	917
846	870
846	885
846	892
846	896
847	847
847	856
847	860
847	865
847	874
847	890
847	914
847	973
847	993
848	851
848	852
848	853
848	863
848	882
848	890
849	851
849	852
849	860
849	870
849	871
849	873
849	898
850	869
850	877
850	884
850	887
850	888
850	964
851	866
851	952
851	968
852	855
852	868
852	871
852	897
853	867
853	871
853	873
853	881
853	883
853	915
854	859
854	864
854	867
854	872
854	875
854	887
854	896
854	898
854	998
855	880
855	886
855	953
855	985
856	858
856	860
856	864
856	868
856	875
857	861
857	878
857	879
857	893
857	899
857	938
858	872
858	874
858	878
858	882
858	889
858	924
859	872
859	874
860	886
860	891
860	895
860	948
861	863
861	870
861	874
861	877
861	894
861	899
861	914
861	916
862	864
862	874
862	882
862	885
862	890
862	895
862	908
862	941
863	868
863	888
863	916
863	986
863	998
864	873
864	898
864	953
864	963
865	867
865	874
865	881
865	886
865	910
865	912
866	867
866	871
867	879
867	884
868	888
868	977
869	869
869	976
870	882
870	886
870	953
871	895
872	872
872	878
872	891
872	895
872	909
872	983
873	880
873	881
873	883
873	884
873	887
873	891
873	899
873	913
873	936
874	898
874	939
874	946
875	898
876	883
876	937
877	877
877	891
878	883
878	884
878	887
879	880
879	890
879	899
880	881
880	896
880	898
880	947
880	959
881	888
881	896
881	918
881	998
882	887
883	894
883	899
883	994
884	887
884	894
884	911
884	920
884	932
884	934
884	940
884	982
885	887
885	888
885	890
885	897
885	961
886	893
886	898
886	944
887	888
887	947
887	951
887	967
888	893
888	898
888	903
888	942
888	957
888	978
889	921
889	933
889	962
890	956
891	892
891	977
892	924
892	929
892	976
893	894
893	946
893	996
895	898
898	918
898	981
899	956
900	915
900	921
900	925
900	929
900	933
900	940
900	956
900	961
900	969
900	979
900	988
900	991
901	905
901	906
901	921
901	925
901	936
901	954
901	955
901	958
901	963
902	911
902	914
902	953
902	964
902	992
903	929
903	936
903	948
903	950
903	955
903	969
903	980
904	906
904	909
904	917
904	930
904	933
904	934
904	942
904	960
904	964
904	970
904	986
904	993
904	999
905	906
905	912
905	944
905	953
905	961
905	964
905	978
905	994
906	906
906	914
906	932
906	933
906	935
906	937
906	948
906	951
906	952
906	983
906	987
906	989
906	993
907	910
907	919
907	932
907	955
907	956
907	977
907	988
908	916
908	923
908	927
908	940
908	952
908	954
908	964
908	978
908	980
908	984
908	996
909	909
909	915
909	928
909	956
909	959
909	969
909	981
909	984
909	989
910	915
910	918
910	935
910	950
910	951
910	969
910	972
910	977
911	935
911	936
911	940
911	952
911	975
911	982
911	983
911	985
912	917
912	931
912	933
912	944
912	945
912	969
912	980
913	915
913	936
913	938
913	956
913	985
913	991
914	915
914	920
914	950
914	958
914	959
914	960
914	986
914	994
914	995
914	996
915	916
915	917
915	919
915	920
915	942
915	978
916	929
916	943
916	951
916	975
916	984
916	985
916	997
917	924
917	939
917	942
917	972
917	991
917	993
918	918
918	935
918	956
918	968
918	979
918	998
919	934
919	942
919	952
919	961
919	964
919	966
919	970
919	984
919	991
920	937
920	942
920	947
920	962
920	995
920	996
921	938
921	944
921	947
921	951
921	960
921	969
921	974
921	981
922	933
922	934
922	945
922	953
922	960
922	968
922	971
922	977
922	978
922	980
922	983
922	986
923	941
923	981
923	982
923	994
924	938
924	948
924	977
924	978
925	934
925	945
925	964
925	973
925	974
925	978
925	982
926	938
926	972
926	976
927	931
927	982
927	987
927	998
927	999
928	960
928	976
928	986
928	993
928	994
928	995
929	929
929	937
929	945
929	955
929	963
929	965
929	973
929	974
929	991
929	993
929	997
930	935
930	939
930	956
930	966
930	970
931	933
931	934
931	937
931	939
931	958
931	965
931	968
931	986
931	997
932	955
932	988
932	990
933	944
933	956
933	965
933	967
933	971
933	977
933	979
933	984
933	993
934	934
934	941
934	961
934	978
934	980
934	985
934	992
934	996
934	997
935	944
935	950
935	958
935	964
935	982
935	991
936	940
936	946
936	957
936	971
936	972
936	988
936	993
937	937
937	957
937	962
937	965
938	968
939	950
939	952
939	953
939	957
939	993
940	959
940	969
940	973
940	982
940	987
940	989
941	950
941	956
941	961
941	979
941	997
942	960
942	982
942	995
943	951
943	965
943	979
944	958
944	960
944	969
945	948
945	969
946	955
946	964
946	978
946	994
947	967
947	975
947	984
948	972
948	993
949	956
949	968
949	973
949	975
949	989
949	992
949	995
949	999
950	968
950	973
950	975
950	977
950	986
950	994
951	959
951	991
952	971
952	976
952	998
953	959
953	962
953	965
953	975
953	991
953	999
954	957
954	958
954	972
954	975
954	985
954	987
954	991
954	994
955	968
955	987
956	958
956	981
956	982
956	993
956	995
956	996
957	984
957	990
958	997
959	977
959	983
959	989
959	995
959	999
960	970
961	961
961	963
961	988
962	980
962	981
962	989
962	994
962	997
962	999
963	974
963	975
963	985
963	994
964	968
964	971
964	988
965	966
965	968
965	969
965	970
965	972
965	989
966	975
966	977
966	985
966	986
966	999
967	974
967	979
967	997
968	980
968	986
968	993
970	972
970	987
970	996
971	999
972	975
972	985
972	990
972	991
972	994
973	973
973	981
973	987
974	978
976	991
977	983
977	984
978	984
978	989
978	998
979	982
980	981
980	984
980	986
981	990
981	993
981	999
982	987
982	988
983	991
984	996
984	997
986	986
987	994
987	996
987	997
988	991
988	998
989	998
990	996
991	993
991	999
993	993
994	997
996	999
