0	85
0	228
0	265
0	274
0	450
0	484
0	493
0	534
0	766
0	887
0	947
0	968
0	979
1	6
1	53
1	57
1	86
1	219
1	247
1	290
1	327
1	338
1	424
1	446
1	491
1	732
1	810
1	918
1	973
1	977
2	19
2	20
2	60
2	61
2	81
2	101
2	179
2	234
2	248
2	251
2	333
2	335
2	363
2	364
2	548
2	588
2	653
2	654
2	703
2	739
2	755
2	787
2	847
2	943
2	982
2	995
3	9
3	13
3	20
3	29
3	35
3	47
3	58
3	107
3	363
3	368
3	379
3	380
3	523
3	690
3	803
3	820
3	837
3	920
3	933
3	934
4	16
4	17
4	42
4	51
4	98
4	130
4	189
4	271
4	346
4	363
4	399
4	498
4	534
4	559
4	609
4	772
4	849
5	25
5	33
5	74
5	93
5	138
5	245
5	277
5	353
5	370
5	463
5	465
5	472
5	528
5	623
5	730
5	813
5	832
5	837
5	868
5	881
6	27
6	34
6	40
6	90
6	91
6	95
6	101
6	149
6	254
6	390
6	403
6	471
6	553
6	616
6	644
6	652
6	679
6	730
6	779
7	33
7	45
7	93
7	135
7	275
7	307
7	377
7	418
7	469
7	672
7	675
7	752
7	770
7	783
7	826
7	980
8	9
8	16
8	17
8	24
8	34
8	37
8	43
8	52
8	58
8	63
8	88
8	98
8	153
8	191
8	241
8	468
8	498
8	532
8	583
8	585
8	645
8	721
8	821
8	856
8	880
8	883
8	998
9	30
9	32
9	71
9	91
9	171
9	281
9	412
9	426
9	545
9	590
9	795
9	883
10	19
10	22
10	45
10	52
10	64
10	149
10	185
10	290
10	346
10	379
10	395
10	410
10	444
10	471
10	484
10	577
10	588
10	715
10	826
11	12
11	39
11	87
11	92
11	97
11	99
11	180
11	215
11	218
11	329
11	378
11	421
11	647
11	681
11	739
11	768
11	785
11	861
11	935
11	950
11	953
12	52
12	84
12	121
12	139
12	182
12	277
12	312
12	334
12	400
12	402
12	742
12	997
13	23
13	96
13	102
13	105
13	160
13	161
13	200
13	201
13	239
13	243
13	286
13	460
13	500
13	501
13	520
13	534
13	558
13	593
13	603
13	614
13	638
13	642
13	742
13	792
13	874
14	49
14	62
14	64
14	121
14	133
14	162
14	167
14	181
14	222
14	289
14	300
14	311
14	319
14	337
14	350
14	424
14	495
14	710
14	764
15	52
15	57
15	76
15	92
15	96
15	119
15	126
15	216
15	270
15	440
15	454
15	461
15	584
15	633
15	654
15	669
15	674
15	736
15	763
15	815
15	844
15	987
15	995
16	26
16	35
16	36
16	42
16	83
16	141
16	168
16	174
16	183
16	308
16	329
16	347
16	616
16	655
16	663
16	690
16	745
16	819
16	876
16	947
16	959
17	62
17	109
17	120
17	189
17	244
17	276
17	324
17	325
17	397
17	553
17	579
17	664
17	756
17	779
17	958
17	960
18	26
18	46
18	79
18	85
18	92
18	93
18	94
18	95
18	103
18	156
18	157
18	161
18	171
18	304
18	356
18	403
18	450
18	451
18	643
18	884
18	932
19	31
19	61
19	81
19	93
19	233
19	256
19	287
19	315
19	410
19	436
19	476
19	498
19	698
19	743
19	754
19	815
19	820
19	823
19	838
19	927
19	998
20	43
20	64
20	70
20	250
20	328
20	346
20	375
20	450
20	482
20	679
20	680
20	704
20	709
20	776
20	833
20	847
20	872
20	953
20	971
21	45
21	47
21	57
21	63
21	75
21	109
21	115
21	153
21	154
21	158
21	187
21	217
21	219
21	230
21	307
21	316
21	439
21	446
21	515
21	541
21	594
21	697
21	802
21	868
21	959
21	961
22	46
22	59
22	78
22	151
22	278
22	289
22	312
22	324
22	353
22	479
22	544
22	579
22	637
22	807
22	877
23	33
23	37
23	38
23	51
23	63
23	65
23	72
23	75
23	81
23	226
23	237
23	243
23	282
23	326
23	339
23	409
23	442
23	555
23	641
23	684
23	687
23	723
23	800
23	816
23	925
24	28
24	38
24	49
24	53
24	79
24	186
24	224
24	244
24	254
24	341
24	359
24	421
24	458
24	491
24	510
24	524
24	550
24	565
24	591
24	627
24	666
24	736
24	846
24	922
24	979
25	37
25	58
25	59
25	80
25	93
25	154
25	210
25	222
25	285
25	298
25	326
25	464
25	504
25	509
25	619
25	785
25	912
26	39
26	46
26	54
26	64
26	68
26	193
26	313
26	350
26	387
26	405
26	471
26	491
26	494
26	518
26	680
26	705
26	714
26	743
26	756
26	804
26	843
26	898
27	36
27	51
27	98
27	133
27	180
27	217
27	292
27	339
27	485
27	708
27	732
27	777
27	858
27	872
27	891
28	61
28	66
28	92
28	96
28	124
28	183
28	190
28	411
28	427
28	433
28	459
28	478
28	627
28	640
28	683
28	709
28	797
28	846
28	897
29	55
29	58
29	99
29	111
29	118
29	183
29	242
29	273
29	502
29	521
29	533
29	613
29	648
29	710
29	961
30	31
30	53
30	56
30	99
30	115
30	117
30	139
30	155
30	157
30	262
30	344
30	399
30	472
30	603
30	611
30	719
30	743
30	751
30	752
30	797
30	832
30	846
30	951
30	955
31	48
31	120
31	122
31	143
31	152
31	154
31	190
31	225
31	388
31	397
31	412
31	417
31	436
31	515
31	573
31	574
31	751
31	857
31	867
31	872
32	43
32	68
32	121
32	205
32	271
32	408
32	662
32	736
32	857
32	875
32	883
33	40
33	76
33	86
33	95
33	128
33	165
33	204
33	226
33	405
33	494
33	548
33	752
33	760
33	778
33	785
33	798
33	912
34	51
34	59
34	65
34	66
34	76
34	81
34	116
34	151
34	447
34	542
34	680
34	682
34	703
34	717
34	744
34	747
34	832
34	856
34	868
34	882
34	925
35	61
35	176
35	232
35	373
35	387
35	457
35	462
35	482
35	542
35	576
35	665
35	741
35	808
35	829
35	831
36	44
36	58
36	59
36	75
36	76
36	83
36	243
36	296
36	346
36	697
36	780
36	785
36	790
36	822
36	990
37	47
37	60
37	71
37	96
37	174
37	187
37	243
37	288
37	346
37	379
37	466
37	500
37	646
37	817
37	987
37	988
38	39
38	52
38	59
38	85
38	129
38	168
38	172
38	233
38	408
38	421
38	431
38	480
38	549
38	561
38	614
38	664
38	700
38	772
38	829
38	871
38	958
39	47
39	51
39	59
39	90
39	98
39	121
39	125
39	126
39	302
39	322
39	329
39	337
39	360
39	476
39	478
39	701
39	721
39	724
39	792
39	804
39	819
39	842
39	983
40	47
40	64
40	230
40	326
40	409
40	468
40	475
40	480
40	516
40	613
40	698
40	720
40	841
40	921
40	964
41	65
41	78
41	111
41	196
41	200
41	206
41	216
41	269
41	280
41	299
41	310
41	499
41	682
41	770
41	988
42	122
42	151
42	169
42	191
42	223
42	287
42	323
42	377
42	452
42	468
42	513
42	514
42	547
42	639
42	641
42	765
42	771
42	777
43	179
43	187
43	333
43	367
43	424
43	428
43	504
43	524
43	532
43	624
43	637
43	648
43	799
43	842
43	872
43	957
44	50
44	118
44	197
44	205
44	229
44	317
44	325
44	356
44	426
44	454
44	469
44	473
44	489
44	498
44	516
44	651
44	758
44	792
44	820
44	825
44	846
44	854
45	78
45	93
45	155
45	175
45	212
45	352
45	388
45	503
45	555
45	587
45	624
45	626
45	667
45	696
46	48
46	59
46	100
46	213
46	224
46	399
46	409
46	527
46	549
46	674
46	695
46	717
46	721
46	808
46	867
47	103
47	104
47	137
47	163
47	192
47	380
47	385
47	453
47	508
47	658
47	787
47	837
47	860
47	870
47	945
47	955
48	54
48	63
48	93
48	144
48	154
48	468
48	640
48	656
48	663
48	721
48	739
48	807
48	869
48	919
49	59
49	95
49	183
49	190
49	339
49	361
49	387
49	449
49	471
49	517
49	584
49	585
49	586
49	677
49	746
49	938
50	69
50	78
50	83
50	90
50	92
50	99
50	219
50	318
50	381
50	427
50	463
50	518
50	561
50	603
50	681
50	685
50	714
50	960
50	964
50	979
51	60
51	65
51	67
51	82
51	94
51	95
51	211
51	434
51	515
51	517
51	552
51	606
51	634
51	696
51	753
51	786
51	813
51	914
51	965
51	985
51	987
52	64
52	65
52	93
52	154
52	159
52	259
52	334
52	449
52	477
52	540
52	550
52	723
52	769
52	805
52	830
52	899
52	915
52	916
52	965
52	966
52	977
52	979
52	995
53	99
53	101
53	233
53	249
53	416
53	433
53	564
53	584
53	912
53	925
54	54
54	62
54	71
54	84
54	180
54	195
54	249
54	258
54	262
54	281
54	589
54	607
54	747
54	880
54	916
54	928
54	937
54	954
54	966
55	85
55	146
55	151
55	317
55	324
55	378
55	475
55	532
55	645
55	650
55	696
55	750
55	813
55	923
55	999
56	98
56	137
56	241
56	247
56	262
56	410
56	420
56	423
56	479
56	512
56	570
56	646
56	712
56	783
56	845
56	869
56	875
56	902
57	65
57	67
57	106
57	180
57	206
57	222
57	376
57	384
57	393
57	449
57	552
57	601
57	641
57	646
57	751
57	814
57	839
57	849
57	883
57	932
57	947
57	957
58	130
58	196
58	228
58	313
58	326
58	370
58	402
58	465
58	561
58	565
58	856
58	884
58	936
58	982
59	71
59	119
59	126
59	167
59	190
59	194
59	480
59	548
59	583
59	686
59	711
59	722
59	750
59	805
59	838
59	850
59	853
59	858
59	889
59	909
59	998
60	74
60	79
60	103
60	222
60	247
60	248
60	374
60	380
60	442
60	631
60	708
60	735
60	767
60	798
60	924
61	160
61	203
61	254
61	295
61	400
61	563
61	602
61	603
61	619
61	621
61	762
61	858
61	881
61	883
61	904
62	85
62	139
62	175
62	334
62	377
62	578
62	777
62	909
62	914
62	923
62	938
63	76
63	82
63	98
63	164
63	179
63	190
63	213
63	274
63	324
63	341
63	363
63	441
63	460
63	488
63	508
63	540
63	546
63	548
63	703
63	749
63	770
63	785
63	887
63	901
64	223
64	257
64	386
64	397
64	504
64	541
64	559
64	640
64	766
64	917
65	72
65	83
65	111
65	300
65	422
65	451
65	555
65	659
65	808
65	864
65	996
66	87
66	179
66	232
66	240
66	271
66	389
66	402
66	415
66	436
66	555
66	741
66	926
66	953
67	78
67	87
67	185
67	233
67	305
67	402
67	501
67	511
67	564
67	569
67	574
67	580
67	633
67	676
67	751
67	767
67	845
67	876
68	93
68	98
68	99
68	112
68	167
68	212
68	221
68	294
68	459
68	543
68	582
68	585
68	624
68	666
68	747
68	810
69	81
69	282
69	317
69	452
69	679
69	696
69	752
69	809
69	866
69	961
70	76
70	96
70	100
70	225
70	329
70	346
70	357
70	555
70	575
70	591
70	658
70	662
70	699
70	794
71	72
71	75
71	91
71	138
71	186
71	257
71	297
71	302
71	478
71	587
71	589
71	781
71	820
71	860
71	912
72	119
72	148
72	214
72	364
72	402
72	404
72	456
72	672
72	693
72	722
72	730
72	763
72	800
72	802
72	820
72	938
73	79
73	89
73	180
73	254
73	260
73	328
73	349
73	371
73	376
73	424
73	430
73	436
73	483
73	539
73	553
73	629
73	943
74	84
74	92
74	153
74	203
74	208
74	242
74	243
74	374
74	453
74	532
74	623
74	648
74	915
74	946
74	953
74	970
74	977
74	995
75	93
75	139
75	390
75	412
75	512
75	536
75	539
75	579
75	784
75	802
75	809
75	886
75	926
75	973
76	153
76	156
76	253
76	254
76	268
76	493
76	596
76	738
76	805
76	997
77	87
77	99
77	160
77	164
77	190
77	267
77	315
77	415
77	496
77	538
77	630
77	685
77	731
77	737
77	748
77	864
77	895
77	934
78	80
78	111
78	120
78	160
78	172
78	195
78	221
78	226
78	276
78	426
78	475
78	522
78	637
78	663
78	802
79	81
79	137
79	239
79	295
79	318
79	323
79	333
79	343
79	389
79	393
79	415
79	426
79	538
79	585
79	697
79	722
79	903
79	927
79	981
80	374
80	445
80	459
80	504
80	509
80	531
80	641
80	703
80	807
80	844
80	928
80	939
80	979
81	173
81	271
81	274
81	359
81	470
81	501
81	503
81	611
81	642
81	664
81	665
81	697
81	731
81	773
81	820
81	969
82	91
82	300
82	383
82	411
82	421
82	444
82	470
82	489
82	581
82	619
82	689
82	765
82	778
82	918
82	992
83	111
83	191
83	248
83	334
83	514
83	539
83	633
83	679
83	717
83	774
83	821
83	975
84	111
84	181
84	208
84	212
84	277
84	390
84	441
84	458
84	481
84	540
84	565
84	671
84	709
84	731
84	779
84	813
84	866
84	907
84	938
84	957
85	180
85	246
85	355
85	575
85	584
85	687
85	727
85	754
85	818
85	866
86	87
86	122
86	152
86	391
86	510
86	511
86	545
86	573
86	683
86	695
86	716
86	760
86	881
86	885
86	941
86	997
87	250
87	288
87	405
87	412
87	415
87	599
87	685
87	741
87	778
87	781
87	943
87	985
88	253
88	324
88	325
88	398
88	466
88	545
88	768
88	815
88	939
88	957
89	97
89	248
89	249
89	257
89	276
89	309
89	361
89	438
89	650
89	720
89	754
89	787
89	796
89	812
89	813
89	818
89	822
89	831
89	884
90	92
90	98
90	110
90	145
90	184
90	200
90	311
90	334
90	379
90	492
90	498
90	614
90	621
90	647
90	671
90	825
90	856
90	954
90	956
90	985
91	167
91	171
91	217
91	354
91	450
91	542
91	616
91	692
91	835
91	836
91	907
91	918
91	947
91	969
92	99
92	159
92	184
92	213
92	353
92	476
92	519
92	539
92	617
92	736
92	783
92	918
92	962
92	966
93	144
93	327
93	389
93	397
93	457
93	519
93	853
94	97
94	127
94	179
94	241
94	271
94	291
94	493
94	607
94	798
94	871
94	910
95	112
95	201
95	488
95	640
95	648
96	99
96	147
96	187
96	197
96	326
96	448
96	453
96	490
96	521
96	536
96	640
96	807
96	810
96	862
97	144
97	154
97	197
97	263
97	264
97	274
97	275
97	293
97	328
97	442
97	470
97	482
97	669
97	698
97	708
97	718
97	828
97	866
97	946
98	221
98	304
98	374
98	444
98	671
98	679
98	694
99	327
99	376
99	630
99	664
99	880
99	999
100	112
100	198
100	314
100	332
100	376
100	391
100	442
100	457
100	475
100	529
100	543
100	563
100	595
100	620
100	730
100	878
100	917
100	931
101	120
101	133
101	145
101	159
101	160
101	161
101	173
101	193
101	200
101	217
101	409
101	424
101	522
101	558
101	566
101	653
101	654
101	661
101	716
101	735
101	754
101	810
101	817
101	855
101	902
102	134
102	170
102	176
102	190
102	191
102	197
102	340
102	410
102	444
102	532
102	770
102	813
102	820
102	875
103	109
103	115
103	120
103	151
103	152
103	173
103	181
103	364
103	516
103	579
103	685
103	754
103	859
103	875
103	930
104	116
104	125
104	145
104	162
104	185
104	191
104	209
104	326
104	397
104	497
104	523
104	529
104	551
104	596
104	612
104	625
104	654
104	727
104	906
104	942
104	948
104	959
105	137
105	162
105	164
105	176
105	205
105	255
105	284
105	286
105	304
105	469
105	554
105	657
105	738
105	780
105	789
105	881
105	890
105	998
106	165
106	175
106	194
106	237
106	258
106	275
106	291
106	499
106	502
106	540
106	708
106	711
106	736
106	749
106	812
106	953
107	145
107	153
107	161
107	166
107	191
107	233
107	383
107	539
107	557
107	566
107	623
107	634
107	658
107	745
107	861
107	866
107	999
108	135
108	142
108	149
108	160
108	178
108	308
108	325
108	327
108	351
108	414
108	606
108	639
108	728
108	763
108	814
108	925
108	956
108	975
108	996
109	118
109	127
109	141
109	142
109	150
109	192
109	193
109	241
109	279
109	341
109	345
109	438
109	439
109	454
109	608
109	868
109	956
109	987
110	119
110	132
110	142
110	143
110	150
110	153
110	167
110	191
110	192
110	198
110	222
110	266
110	307
110	312
110	348
110	373
110	434
110	460
110	468
110	474
110	475
110	530
110	547
110	620
110	700
110	713
110	844
110	850
110	867
110	869
110	924
111	112
111	167
111	173
111	251
111	400
111	401
111	490
111	625
111	668
111	719
111	794
111	803
111	815
111	925
111	927
112	132
112	164
112	196
112	277
112	339
112	531
112	573
112	600
112	734
112	809
112	957
113	160
113	166
113	168
113	169
113	174
113	188
113	228
113	247
113	448
113	468
113	485
113	608
113	653
113	698
113	701
113	702
113	757
113	790
113	824
113	958
114	133
114	135
114	137
114	150
114	153
114	176
114	198
114	238
114	264
114	398
114	466
114	556
114	568
114	581
114	604
114	614
114	697
114	752
114	789
114	794
115	119
115	152
115	156
115	169
115	172
115	185
115	194
115	479
115	577
115	601
115	628
115	631
115	717
115	813
115	867
116	118
116	134
116	182
116	301
116	492
116	493
116	537
116	555
116	583
116	624
116	659
116	669
116	747
116	766
116	805
116	840
116	869
116	932
116	969
117	130
117	141
117	150
117	156
117	323
117	348
117	376
117	454
117	553
117	569
117	624
117	658
117	687
117	720
117	818
117	837
117	964
117	996
118	133
118	168
118	195
118	206
118	376
118	696
118	697
118	761
118	819
118	864
118	983
118	987
119	136
119	137
119	140
119	155
119	174
119	198
119	202
119	270
119	452
119	509
119	563
119	574
119	575
119	622
119	625
119	705
119	726
119	728
119	861
119	937
119	952
119	995
120	123
120	125
120	146
120	154
120	168
120	175
120	185
120	190
120	279
120	308
120	343
120	354
120	426
120	466
120	473
120	588
120	607
120	627
120	636
120	657
120	697
120	763
120	870
120	922
121	144
121	150
121	239
121	302
121	344
121	360
121	421
121	431
121	548
121	566
121	587
121	610
121	653
121	666
121	687
121	807
122	141
122	184
122	204
122	287
122	290
122	501
122	559
122	895
122	971
122	979
123	168
123	217
123	355
123	441
123	471
123	483
123	513
123	722
123	746
123	774
123	937
123	944
123	952
123	964
123	991
124	141
124	144
124	305
124	328
124	364
124	391
124	403
124	447
124	683
124	703
124	734
124	761
124	778
124	914
124	974
125	140
125	184
125	443
125	468
125	482
125	562
125	622
125	644
125	664
125	866
125	934
126	170
126	198
126	204
126	278
126	329
126	345
126	498
126	541
126	572
126	584
126	785
126	817
126	888
126	957
127	131
127	142
127	154
127	164
127	180
127	182
127	212
127	226
127	264
127	299
127	320
127	379
127	464
127	489
127	516
127	615
127	637
127	657
127	695
127	861
127	945
127	980
128	166
128	172
128	220
128	221
128	294
128	492
128	507
128	517
128	752
128	769
128	808
128	879
128	904
128	920
128	960
129	142
129	147
129	232
129	275
129	515
129	581
129	703
129	790
129	838
129	842
129	917
129	983
130	134
130	146
130	168
130	190
130	284
130	289
130	436
130	465
130	489
130	490
130	598
130	626
130	635
130	693
130	706
130	893
130	903
131	134
131	140
131	162
131	283
131	292
131	302
131	344
131	426
131	623
131	796
131	885
131	971
131	986
132	168
132	191
132	194
132	243
132	248
132	392
132	481
132	514
132	544
132	582
132	656
132	774
132	854
132	882
132	904
132	956
132	982
133	143
133	166
133	181
133	573
133	675
133	710
133	890
134	141
134	144
134	152
134	157
134	177
134	185
134	539
134	639
134	666
134	677
134	692
134	843
134	945
135	172
135	192
135	230
135	270
135	301
135	307
135	419
135	432
135	506
135	658
135	703
135	784
135	804
135	898
135	918
135	944
135	981
136	252
136	323
136	352
136	432
136	517
136	527
136	531
136	659
136	805
136	816
136	844
136	923
136	998
137	139
137	145
137	147
137	149
137	164
137	167
137	192
137	250
137	266
137	347
137	358
137	368
137	388
137	401
137	508
137	542
137	620
137	652
137	752
137	806
137	987
137	989
138	145
138	152
138	155
138	164
138	190
138	205
138	428
138	472
138	617
138	635
138	645
138	683
138	761
138	811
138	813
139	156
139	168
139	184
139	193
139	231
139	263
139	395
139	524
139	596
139	608
139	669
139	708
139	753
139	829
139	909
139	916
139	970
139	988
140	152
140	163
140	165
140	184
140	197
140	248
140	345
140	682
140	778
140	786
140	808
140	859
140	861
140	878
140	911
140	919
140	984
141	230
141	257
141	302
141	360
141	365
141	490
141	531
141	590
141	650
141	655
141	777
141	858
141	872
141	878
141	969
142	142
142	147
142	160
142	175
142	199
142	345
142	558
142	642
142	749
142	867
142	887
142	900
143	144
143	146
143	167
143	198
143	357
143	362
143	367
143	431
143	625
143	667
143	690
143	720
143	813
144	166
144	181
144	223
144	340
144	342
144	401
144	409
144	479
144	543
144	589
144	635
144	799
144	828
144	914
144	939
144	953
145	161
145	190
145	192
145	227
145	255
145	523
145	561
145	753
145	756
145	849
145	852
145	922
145	959
146	154
146	161
146	175
146	192
146	213
146	229
146	338
146	447
146	481
146	553
146	610
146	708
146	714
146	809
146	865
146	987
147	179
147	188
147	241
147	253
147	331
147	415
147	421
147	449
147	544
147	546
147	601
147	619
147	634
147	752
147	786
147	971
147	990
148	155
148	167
148	171
148	195
148	395
148	407
148	697
148	711
148	738
148	775
148	786
148	894
148	939
148	955
148	968
149	152
149	163
149	184
149	197
149	257
149	277
149	300
149	314
149	524
149	623
149	661
149	698
149	752
150	162
150	166
150	177
150	190
150	194
150	229
150	248
150	292
150	339
150	399
150	554
150	606
150	647
150	668
150	693
150	834
150	862
150	908
150	950
151	160
151	175
151	183
151	203
151	312
151	379
151	398
151	447
151	491
151	536
151	587
151	799
151	835
151	949
152	154
152	168
152	187
152	293
152	304
152	323
152	438
152	480
152	617
152	658
152	681
152	697
152	738
152	866
152	902
153	301
153	317
153	331
153	334
153	363
153	399
153	406
153	479
153	483
153	501
153	556
153	603
153	722
153	724
153	791
153	887
153	941
154	165
154	172
154	198
154	216
154	337
154	345
154	518
154	566
154	696
154	743
154	819
154	860
154	862
154	868
155	155
155	159
155	160
155	279
155	300
155	314
155	421
155	434
155	628
155	662
155	787
155	914
156	157
156	329
156	338
156	435
156	538
156	539
156	647
156	667
156	738
156	815
156	825
156	884
156	890
156	958
156	992
157	163
157	180
157	183
157	493
157	529
157	532
157	549
157	586
157	626
157	718
157	730
157	740
157	888
157	891
157	898
157	933
157	960
158	295
158	315
158	333
158	340
158	351
158	373
158	380
158	402
158	452
158	487
158	539
158	552
158	705
158	731
158	743
158	769
158	780
158	783
158	808
158	856
159	233
159	252
159	341
159	357
159	457
159	578
159	719
159	790
159	829
159	861
159	877
159	902
159	981
160	165
160	180
160	271
160	529
160	574
160	582
160	730
160	747
160	767
160	878
160	932
160	976
161	162
161	165
161	189
161	190
161	201
161	270
161	314
161	325
161	332
161	351
161	364
161	469
161	471
161	494
161	511
161	529
161	558
161	575
161	576
161	668
161	688
161	789
161	831
161	876
161	954
162	164
162	235
162	254
162	265
162	336
162	375
162	383
162	403
162	497
162	606
162	715
162	766
162	800
162	818
162	970
162	972
162	987
163	186
163	188
163	208
163	263
163	337
163	391
163	393
163	457
163	583
163	690
163	768
164	183
164	267
164	296
164	470
164	539
164	554
164	584
164	592
164	666
164	849
164	900
164	982
164	994
165	184
165	187
165	227
165	231
165	468
165	505
165	582
165	644
165	796
165	817
165	874
165	876
165	985
166	175
166	181
166	186
166	188
166	218
166	219
166	238
166	335
166	364
166	392
166	518
166	536
166	545
166	584
166	636
166	839
166	947
166	974
167	182
167	198
167	252
167	280
167	455
167	519
167	542
167	911
167	948
167	986
168	168
168	175
168	205
168	280
168	284
168	334
168	455
168	513
168	609
168	674
168	778
168	865
168	919
168	962
169	192
169	193
169	199
169	250
169	300
169	397
169	408
169	415
169	489
169	518
169	523
169	552
169	603
169	764
169	858
169	927
169	958
169	976
170	176
170	193
170	208
170	297
170	356
170	541
170	676
170	686
170	741
170	781
170	820
170	848
170	958
170	978
171	191
171	192
171	275
171	336
171	378
171	394
171	430
171	477
171	485
171	489
171	495
171	522
171	652
171	740
171	827
171	833
171	966
171	993
172	179
172	228
172	425
172	493
172	595
172	670
172	792
172	806
172	830
172	853
172	936
173	180
173	191
173	231
173	280
173	516
173	579
173	619
173	729
173	783
173	801
173	932
173	988
174	197
174	279
174	303
174	348
174	349
174	399
174	405
174	589
174	652
174	724
174	773
174	780
174	788
174	796
174	813
174	839
174	856
175	184
175	189
175	218
175	339
175	500
175	623
175	755
175	766
175	862
175	914
175	926
175	955
175	999
176	181
176	187
176	330
176	423
176	520
176	551
176	569
176	594
176	611
176	617
176	676
176	759
176	968
177	412
177	432
177	496
177	553
177	559
177	641
177	711
177	756
177	782
177	790
177	831
177	909
177	938
178	178
178	180
178	190
178	194
178	213
178	343
178	364
178	443
178	590
178	656
178	681
178	812
178	854
178	859
178	863
178	931
178	977
178	982
179	183
179	188
179	192
179	394
179	396
179	399
179	431
179	485
179	639
179	708
179	757
179	820
179	829
179	975
180	310
180	325
180	353
180	378
180	431
180	464
180	500
180	579
180	621
180	648
180	662
180	739
180	750
180	793
180	798
180	932
180	987
181	193
181	250
181	337
181	600
181	625
181	766
181	833
181	919
181	974
182	182
182	190
182	405
182	407
182	508
182	599
182	601
182	684
182	706
182	710
182	757
182	774
182	848
182	856
182	903
183	331
183	351
183	372
183	393
183	434
183	480
183	510
183	524
183	639
183	660
183	670
183	804
183	840
183	918
183	950
183	955
184	186
184	307
184	394
184	401
184	402
184	593
184	630
184	741
184	785
184	870
184	962
184	986
185	195
185	497
185	580
185	828
186	188
186	253
186	256
186	308
186	358
186	366
186	425
186	433
186	477
186	511
186	549
186	619
186	645
186	654
186	679
186	780
186	844
186	973
186	988
187	190
187	195
187	199
187	306
187	351
187	357
187	421
187	425
187	455
187	517
187	522
187	557
187	565
187	580
187	657
187	661
187	669
187	801
187	832
187	853
187	899
188	303
188	363
188	408
188	442
188	479
188	492
188	618
188	622
188	631
188	679
188	808
188	809
188	852
188	853
188	891
188	898
188	901
188	927
188	933
189	252
189	282
189	297
189	304
189	324
189	373
189	537
189	597
189	608
189	717
189	823
189	831
189	863
189	911
190	193
190	252
190	298
190	412
190	427
190	463
190	477
190	533
190	555
190	640
190	685
190	711
190	782
190	821
190	944
190	969
191	193
191	403
191	451
191	491
191	535
191	540
191	590
191	668
191	693
191	700
191	759
191	760
191	833
191	873
191	911
192	491
192	512
192	520
192	612
192	704
192	729
192	763
192	863
192	953
193	196
193	333
193	380
193	470
193	476
193	520
193	570
193	717
193	722
193	776
193	795
193	813
193	827
193	915
193	928
193	958
194	389
194	407
194	430
194	450
194	460
194	550
194	608
194	869
194	918
194	981
195	197
195	239
195	311
195	312
195	403
195	443
195	537
195	600
195	659
195	709
195	728
195	753
195	762
195	802
195	974
196	199
196	201
196	219
196	300
196	371
196	412
196	585
196	641
196	697
196	756
196	786
196	840
196	893
196	909
196	946
197	229
197	278
197	281
197	324
197	458
197	471
197	565
197	568
197	605
197	613
197	699
198	214
198	216
198	275
198	332
198	365
198	394
198	558
198	579
198	621
198	653
198	679
198	886
198	895
198	965
198	977
199	297
199	355
199	523
199	582
199	604
199	646
199	713
199	717
199	731
199	768
199	793
199	813
199	833
199	902
200	210
200	219
200	242
200	247
200	262
200	278
200	307
200	397
200	492
200	513
200	588
200	681
200	705
200	903
200	913
200	924
200	959
200	979
201	209
201	236
201	240
201	254
201	271
201	281
201	286
201	293
201	294
201	296
201	298
201	303
201	311
201	398
201	459
201	469
201	590
201	830
201	902
201	918
201	948
201	949
201	990
202	213
202	237
202	245
202	247
202	255
202	270
202	324
202	389
202	440
202	457
202	461
202	528
202	641
202	813
202	815
202	869
202	873
202	904
202	958
203	216
203	241
203	268
203	287
203	331
203	368
203	389
203	400
203	461
203	524
203	555
203	584
203	610
203	679
203	701
203	721
203	726
203	748
203	759
203	918
203	952
204	224
204	228
204	235
204	241
204	271
204	282
204	317
204	330
204	344
204	429
204	512
204	542
204	588
204	617
204	637
204	778
204	832
204	993
205	211
205	219
205	233
205	235
205	264
205	342
205	344
205	364
205	434
205	467
205	497
205	527
205	531
205	535
205	539
205	541
205	595
205	656
205	718
205	828
205	897
205	949
205	967
206	207
206	227
206	244
206	542
206	579
206	674
206	755
206	783
206	793
206	813
206	978
207	254
207	264
207	281
207	294
207	377
207	439
207	511
207	539
207	684
207	694
207	702
207	707
207	799
208	227
208	229
208	235
208	276
208	284
208	303
208	395
208	419
208	442
208	450
208	508
208	536
208	545
208	553
208	603
208	609
208	957
209	252
209	275
209	283
209	284
209	298
209	384
209	494
209	545
209	608
209	656
209	669
209	672
209	688
209	751
209	768
209	793
209	861
209	979
210	239
210	240
210	252
210	254
210	292
210	434
210	470
210	511
210	592
210	627
210	648
210	800
210	859
210	961
210	963
211	221
211	224
211	250
211	269
211	281
211	304
211	314
211	346
211	353
211	363
211	453
211	582
211	620
211	623
211	635
211	656
211	680
211	693
211	735
211	796
211	904
211	933
211	935
211	943
211	950
211	959
212	222
212	241
212	244
212	248
212	255
212	272
212	276
212	301
212	347
212	382
212	755
212	833
212	906
212	945
212	958
212	969
212	972
213	264
213	266
213	387
213	563
213	571
213	615
213	694
213	704
213	987
214	287
214	310
214	324
214	461
214	473
214	474
214	491
214	494
214	519
214	893
215	219
215	225
215	230
215	263
215	265
215	282
215	286
215	435
215	454
215	491
215	507
215	597
215	619
215	664
215	716
215	869
215	886
215	887
215	897
215	966
216	250
216	258
216	271
216	279
216	355
216	379
216	395
216	500
216	585
216	621
216	680
216	695
216	720
216	769
216	970
217	238
217	298
217	415
217	481
217	521
217	596
217	732
217	799
217	836
217	902
217	974
217	986
218	221
218	256
218	267
218	309
218	344
218	675
218	746
218	767
218	795
218	837
218	981
219	223
219	303
219	329
219	423
219	469
219	596
219	601
219	796
219	901
220	253
220	290
220	342
220	349
220	392
220	519
220	525
220	644
220	708
220	734
220	798
220	800
220	894
221	237
221	262
221	274
221	275
221	296
221	315
221	335
221	354
221	470
221	481
221	658
221	786
221	800
221	855
221	927
221	933
221	959
222	241
222	264
222	293
222	323
222	345
222	383
222	396
222	398
222	415
222	477
222	790
222	824
222	886
222	904
222	914
222	920
223	225
223	229
223	238
223	258
223	287
223	297
223	315
223	331
223	582
223	583
223	646
223	688
223	735
223	797
223	877
224	235
224	254
224	278
224	299
224	329
224	368
224	440
224	444
224	499
224	549
224	565
224	608
224	733
224	767
224	816
225	252
225	253
225	271
225	345
225	406
225	531
225	583
225	627
225	634
225	696
225	763
225	791
226	238
226	348
226	384
226	508
226	522
226	594
226	601
226	638
226	655
226	680
226	697
226	756
226	901
226	907
227	270
227	282
227	283
227	299
227	310
227	374
227	386
227	430
227	565
227	721
227	801
227	831
227	975
228	230
228	273
228	294
228	360
228	448
228	454
228	543
228	645
228	654
228	746
228	816
228	849
228	862
229	241
229	242
229	253
229	259
229	270
229	288
229	373
229	451
229	572
229	634
229	670
229	674
229	676
229	749
229	831
229	850
229	871
229	932
229	988
230	230
230	239
230	259
230	297
230	356
230	451
230	453
230	514
230	521
230	629
230	707
230	821
230	826
230	842
230	853
230	861
231	242
231	287
231	312
231	408
231	573
231	619
231	632
231	779
231	808
231	821
231	826
231	851
231	950
231	999
232	302
232	309
232	333
232	427
232	478
232	508
232	560
232	642
232	666
232	690
232	858
232	881
232	890
232	907
233	252
233	257
233	261
233	276
233	277
233	286
233	296
233	419
233	467
233	589
233	617
233	639
233	678
233	690
233	763
233	844
233	859
233	928
233	944
234	236
234	246
234	268
234	271
234	286
234	458
234	518
234	546
234	549
234	587
234	589
234	733
234	777
234	801
234	833
234	906
234	937
234	984
235	250
235	275
235	289
235	295
235	373
235	397
235	469
235	479
235	629
235	639
235	649
235	699
235	748
235	787
235	813
235	837
236	268
236	443
236	606
236	623
236	692
236	741
236	813
236	901
237	237
237	249
237	257
237	264
237	274
237	434
237	438
237	640
237	744
237	766
237	777
237	790
237	915
237	921
237	938
237	943
238	257
238	265
238	318
238	321
238	331
238	335
238	582
238	601
238	603
238	616
238	673
238	722
238	727
238	758
238	775
238	793
238	806
238	898
238	902
239	253
239	262
239	264
239	272
239	274
239	278
239	318
239	320
239	351
239	363
239	385
239	407
239	472
239	508
239	577
239	604
239	629
239	648
239	654
239	687
239	748
239	870
239	893
239	956
240	252
240	262
240	283
240	285
240	287
240	408
240	419
240	452
240	543
240	544
240	590
240	607
240	645
240	662
240	698
240	748
240	762
240	782
240	834
240	887
240	971
240	976
241	244
241	251
241	262
241	264
241	266
241	271
241	294
241	340
241	439
241	509
241	663
241	782
241	804
241	923
241	949
241	968
242	265
242	273
242	378
242	522
242	580
242	617
242	625
242	657
242	773
242	785
242	861
242	940
242	975
242	988
243	257
243	269
243	273
243	284
243	382
243	415
243	523
243	529
243	554
243	566
243	593
243	605
243	675
243	680
243	750
243	819
243	875
243	974
244	259
244	288
244	289
244	294
244	334
244	371
244	423
244	438
244	460
244	509
244	657
244	720
244	734
244	794
244	851
244	950
244	989
245	253
245	300
245	526
245	702
245	726
245	767
245	788
245	895
245	943
245	966
246	290
246	389
246	408
246	514
246	548
246	579
246	658
246	683
246	884
246	965
246	989
247	258
247	268
247	270
247	293
247	324
247	336
247	411
247	418
247	419
247	469
247	609
247	691
247	704
247	763
247	847
247	994
248	254
248	263
248	266
248	308
248	356
248	401
248	469
248	557
248	578
248	643
248	683
248	719
248	739
248	857
249	268
249	298
249	337
249	363
249	371
249	427
249	532
249	558
249	602
249	618
249	789
249	823
249	903
249	932
250	265
250	282
250	284
250	286
250	460
250	485
250	575
250	607
250	613
250	706
250	744
250	780
250	848
250	931
250	967
251	260
251	274
251	298
251	330
251	365
251	421
251	424
251	660
251	848
251	866
251	966
251	977
252	330
252	385
252	499
252	521
252	598
252	637
252	652
252	655
252	682
252	760
252	861
252	968
253	271
253	290
253	320
253	365
253	397
253	480
253	486
253	505
253	719
253	808
253	810
253	821
253	836
253	852
253	953
253	955
253	956
254	257
254	258
254	259
254	503
254	534
254	549
254	578
254	818
254	860
255	273
255	282
255	297
255	592
255	598
255	641
255	752
255	799
255	868
255	999
256	269
256	271
256	281
256	285
256	293
256	295
256	345
256	371
256	433
256	457
256	548
256	580
256	596
256	629
256	633
256	642
256	645
256	797
256	813
256	817
256	826
256	834
256	852
256	935
256	953
256	996
257	264
257	272
257	276
257	287
257	344
257	364
257	376
257	791
257	798
257	808
257	927
257	933
257	983
258	291
258	293
258	311
258	356
258	384
258	398
258	510
258	522
258	570
258	572
258	620
258	624
258	640
258	686
258	701
258	771
258	800
258	823
258	902
258	941
258	959
259	280
259	336
259	385
259	430
259	550
259	559
259	670
259	683
259	718
259	796
259	914
259	973
260	262
260	285
260	301
260	316
260	330
260	469
260	496
260	540
260	623
260	639
260	724
260	728
260	857
261	262
261	284
261	287
261	311
261	316
261	428
261	596
261	790
261	820
261	829
261	980
262	265
262	280
262	289
262	315
262	328
262	384
262	455
262	474
262	676
262	744
262	829
262	834
262	885
262	918
262	923
263	341
263	442
263	483
263	591
263	675
263	807
263	814
263	839
263	850
263	859
263	909
263	932
264	281
264	324
264	332
264	357
264	406
264	533
264	682
264	692
264	702
264	732
264	734
264	827
264	925
264	949
265	295
265	350
265	351
265	408
265	513
265	526
265	536
265	563
265	566
265	585
265	595
265	615
265	646
265	906
265	930
266	287
266	329
266	381
266	492
266	496
266	517
266	571
266	581
266	590
266	623
266	734
266	751
266	836
266	879
266	891
266	973
266	991
266	994
267	274
267	276
267	282
267	284
267	286
267	293
267	305
267	350
267	423
267	514
267	567
267	593
267	725
267	753
267	862
268	274
268	475
268	641
268	761
268	880
268	922
268	934
268	938
269	275
269	300
269	309
269	318
269	328
269	353
269	424
269	475
269	608
269	668
269	698
269	704
269	715
269	764
269	838
269	898
270	278
270	337
270	501
270	527
270	555
270	708
270	711
270	750
270	805
270	825
271	277
271	576
271	578
271	606
271	715
271	816
271	892
271	984
272	274
272	287
272	309
272	336
272	355
272	443
272	472
272	476
272	497
272	589
272	632
272	814
272	857
272	868
273	286
273	309
273	350
273	383
273	406
273	463
273	639
273	789
273	796
273	799
273	806
273	905
273	970
273	990
274	292
274	377
274	514
274	556
274	632
274	683
274	700
274	722
274	802
274	897
274	899
275	381
275	610
275	760
275	811
275	861
275	893
275	936
275	951
275	967
276	277
276	296
276	303
276	459
276	521
276	545
276	651
276	652
276	665
276	726
276	797
276	837
277	283
277	346
277	466
277	494
277	575
277	596
277	665
277	753
277	858
277	929
277	991
278	284
278	386
278	472
278	489
278	549
278	627
278	670
278	682
278	714
278	780
278	928
278	975
278	978
279	313
279	350
279	368
279	407
279	483
279	518
279	558
279	561
279	639
279	661
279	693
279	735
279	756
279	772
279	808
279	846
280	282
280	322
280	424
280	437
280	493
280	517
280	644
280	677
280	689
280	740
280	743
280	762
280	789
280	815
280	897
280	945
280	982
280	985
281	339
281	386
281	556
281	642
281	656
281	658
281	747
281	807
281	852
281	855
281	864
282	282
282	741
282	836
283	402
283	438
283	507
283	558
283	582
283	631
283	664
283	670
283	717
283	729
283	790
283	812
283	999
284	343
284	456
284	465
284	548
284	718
284	758
284	817
285	316
285	366
285	376
285	400
285	414
285	439
285	540
285	674
285	758
285	782
285	822
285	898
285	962
285	999
286	302
286	351
286	371
286	503
286	511
286	571
286	580
286	606
286	621
286	664
286	677
286	686
286	701
286	725
286	738
286	791
287	510
287	557
287	641
287	672
287	759
287	764
287	818
287	854
287	871
287	888
287	958
288	299
288	380
288	449
288	481
288	605
288	772
288	793
288	859
288	881
288	903
288	925
288	956
288	989
289	337
289	352
289	473
289	522
289	558
289	804
289	812
289	864
289	886
289	911
289	940
290	297
290	299
290	307
290	377
290	670
290	680
290	692
291	345
291	371
291	425
291	473
291	650
291	654
291	659
291	695
291	789
291	808
291	853
291	867
291	932
291	958
291	982
292	331
292	418
292	523
292	551
292	701
292	723
292	908
293	332
293	359
293	377
293	386
293	392
293	469
293	559
293	679
293	693
293	717
293	836
293	876
293	985
294	298
294	315
294	345
294	404
294	422
294	470
294	477
294	509
294	574
294	605
294	632
294	650
294	684
294	710
294	751
294	946
294	963
295	297
295	300
295	330
295	402
295	484
295	560
295	562
295	672
295	695
295	791
295	818
295	821
295	860
295	891
295	926
295	929
295	950
295	958
295	972
295	990
296	304
296	347
296	506
296	611
296	650
296	709
296	752
296	842
296	884
296	902
297	313
297	332
297	340
297	401
297	413
297	541
297	636
297	695
297	748
297	774
297	908
297	974
297	978
297	994
298	299
298	357
298	455
298	472
298	527
298	544
298	554
298	570
298	705
298	797
298	860
298	876
299	371
299	440
299	480
299	536
299	782
299	951
300	336
300	360
300	368
300	382
300	516
300	574
300	579
300	715
300	749
300	764
300	803
300	834
301	313
301	339
301	352
301	353
301	381
301	390
301	412
301	531
301	594
301	657
301	808
301	905
301	919
301	931
301	935
301	984
302	312
302	353
302	363
302	371
302	378
302	509
302	512
302	586
302	622
302	672
302	689
302	719
302	786
302	868
302	902
302	929
303	321
303	324
303	332
303	361
303	399
303	458
303	552
303	554
303	574
303	844
303	852
303	993
304	339
304	359
304	369
304	382
304	383
304	384
304	423
304	441
304	472
304	486
304	602
304	641
304	676
304	679
304	727
304	736
304	758
304	802
304	872
304	901
304	911
305	317
305	323
305	365
305	404
305	428
305	466
305	489
305	625
305	720
305	827
305	832
305	942
306	324
306	349
306	521
306	568
306	625
306	662
306	668
306	684
306	791
306	815
306	857
306	868
306	913
306	994
307	307
307	316
307	340
307	363
307	374
307	403
307	466
307	531
307	554
307	607
307	737
307	759
307	779
307	838
307	997
308	324
308	332
308	339
308	346
308	347
308	473
308	501
308	554
308	603
308	693
308	726
308	801
308	813
308	885
308	905
308	979
308	981
309	316
309	317
309	327
309	330
309	343
309	376
309	381
309	386
309	453
309	491
309	580
309	617
309	647
309	764
309	803
309	947
310	317
310	339
310	358
310	361
310	379
310	392
310	516
310	572
310	620
310	686
310	692
310	709
310	743
310	806
310	864
311	343
311	345
311	385
311	397
311	436
311	572
311	603
311	959
311	980
312	322
312	335
312	356
312	357
312	373
312	385
312	397
312	503
312	568
312	682
312	716
312	717
312	945
312	995
313	389
313	393
313	419
313	508
313	550
313	565
313	601
313	602
313	783
313	784
313	805
314	326
314	348
314	356
314	386
314	388
314	391
314	393
314	423
314	596
314	677
314	722
314	802
314	894
315	325
315	365
315	366
315	370
315	465
315	670
315	804
315	805
315	905
315	945
315	961
316	336
316	355
316	397
316	442
316	473
316	491
316	588
316	609
316	661
316	676
316	712
316	790
316	844
316	914
316	943
316	945
316	998
317	328
317	375
317	395
317	398
317	428
317	437
317	535
317	622
317	627
317	646
317	688
317	719
317	740
317	777
317	946
317	953
317	964
318	335
318	392
318	467
318	473
318	536
318	569
318	588
318	589
318	626
318	689
318	755
318	797
318	976
318	996
319	342
319	346
319	349
319	353
319	369
319	377
319	379
319	395
319	398
319	496
319	524
319	585
319	614
319	691
319	697
319	739
319	810
319	897
319	902
319	921
320	334
320	341
320	350
320	370
320	380
320	388
320	393
320	397
320	468
320	481
320	507
320	577
320	637
320	651
320	747
320	969
321	354
321	359
321	382
321	394
321	442
321	478
321	620
321	634
321	646
321	703
321	704
321	721
321	784
321	887
321	991
322	333
322	425
322	480
322	499
322	505
322	520
322	646
322	681
322	828
322	855
322	862
322	951
323	326
323	359
323	368
323	410
323	420
323	444
323	457
323	476
323	516
323	674
323	876
323	909
323	941
324	354
324	356
324	361
324	368
324	369
324	374
324	382
324	383
324	389
324	397
324	468
324	511
324	568
324	676
324	717
324	808
324	864
324	892
324	968
325	327
325	329
325	365
325	372
325	384
325	393
325	395
325	445
325	471
325	487
325	599
325	602
325	620
325	670
325	719
325	798
325	836
325	841
325	866
325	881
325	893
325	917
325	930
326	343
326	352
326	357
326	360
326	371
326	391
326	399
326	441
326	504
326	819
326	854
326	903
326	954
327	383
327	396
327	436
327	442
327	683
327	752
327	757
327	914
327	915
327	948
327	994
328	338
328	355
328	358
328	362
328	376
328	382
328	392
328	460
328	482
328	483
328	494
328	524
328	615
328	629
328	647
328	689
328	744
328	759
328	816
328	840
329	344
329	345
329	351
329	414
329	453
329	461
329	469
329	562
329	691
329	693
329	763
329	820
329	821
329	915
329	975
330	377
330	388
330	405
330	438
330	517
330	576
330	600
330	674
330	734
330	896
330	950
330	974
331	337
331	340
331	360
331	386
331	453
331	558
331	562
331	618
331	633
331	738
331	787
331	793
331	849
332	343
332	348
332	352
332	364
332	367
332	372
332	389
332	426
332	473
332	550
332	628
332	668
332	674
332	772
332	905
332	916
332	942
333	359
333	395
333	495
333	571
333	597
333	602
333	698
333	729
333	742
333	753
333	970
334	352
334	376
334	378
334	380
334	383
334	392
334	405
334	432
334	545
334	602
334	630
334	710
334	881
334	882
334	916
334	919
335	342
335	347
335	357
335	387
335	431
335	475
335	633
335	708
335	727
335	749
335	796
335	991
336	347
336	356
336	376
336	585
336	605
336	621
336	683
336	756
336	771
336	823
336	869
336	885
336	890
336	908
337	356
337	385
337	425
337	454
337	475
337	524
337	691
337	716
337	732
337	749
337	902
338	340
338	341
338	349
338	370
338	376
338	395
338	406
338	453
338	463
338	471
338	480
338	520
338	589
338	622
338	642
338	645
338	845
338	852
338	920
339	343
339	372
339	385
339	389
339	415
339	444
339	607
339	724
340	364
340	365
340	397
340	404
340	469
340	564
340	702
340	736
340	786
340	824
340	879
340	893
341	352
341	365
341	390
341	467
341	498
341	507
341	518
341	583
341	760
341	792
341	869
341	947
341	972
342	439
342	444
342	671
342	794
342	807
342	810
342	828
342	840
342	865
343	377
343	389
343	398
343	588
343	747
344	359
344	401
344	441
344	502
344	508
344	512
344	514
344	519
344	531
344	534
344	536
344	790
344	806
344	900
344	961
344	981
345	349
345	362
345	369
345	394
345	633
345	664
345	700
345	797
345	953
346	370
346	373
346	471
346	499
346	533
346	587
346	670
346	721
346	737
346	878
346	890
346	976
347	364
347	367
347	373
347	399
347	406
347	538
347	553
347	714
347	787
347	796
347	886
348	376
348	381
348	386
348	389
348	485
348	495
348	510
348	513
348	522
348	547
348	563
348	860
348	877
348	968
349	365
349	377
349	391
349	433
349	444
349	523
349	597
349	747
349	762
349	774
349	778
349	859
349	913
349	984
349	989
350	380
350	384
350	520
350	614
350	759
351	375
351	386
351	398
351	409
351	465
351	472
351	505
351	641
351	667
351	694
351	702
351	732
351	799
351	841
351	919
352	392
352	564
352	681
352	749
352	807
352	846
352	873
352	925
352	977
352	988
352	996
353	353
353	366
353	380
353	394
353	476
353	480
353	541
353	652
353	676
353	807
353	848
354	355
354	359
354	389
354	394
354	424
354	686
354	961
354	989
354	994
355	357
355	374
355	392
355	431
355	626
355	701
355	735
355	739
355	815
355	830
355	919
355	930
355	984
356	374
356	375
356	396
356	456
356	610
356	677
356	707
356	743
356	770
356	773
356	928
357	488
357	496
357	581
357	794
357	885
357	938
358	380
358	388
358	395
358	455
358	536
358	748
358	841
358	864
358	870
358	966
358	972
359	379
359	415
359	441
359	482
359	522
359	615
359	635
359	771
359	820
359	826
359	862
359	885
359	909
359	920
360	365
360	370
360	395
360	424
360	482
360	578
360	653
360	758
360	926
360	933
360	959
360	991
361	384
361	388
361	496
361	511
361	637
361	760
361	882
361	956
361	982
361	997
362	529
362	568
362	580
362	702
362	705
362	711
362	791
362	814
363	374
363	377
363	388
363	441
363	483
363	496
363	667
363	695
363	738
363	762
363	788
363	791
363	797
363	825
363	848
363	866
363	919
363	968
363	984
364	364
364	378
364	397
364	456
364	721
364	815
364	836
364	961
365	372
365	414
365	424
365	473
365	541
365	624
365	692
365	697
365	703
365	918
366	377
366	414
366	464
366	539
366	565
366	586
366	602
366	848
366	871
366	941
367	384
367	391
367	476
367	614
367	646
367	855
367	864
367	917
367	928
367	941
367	960
368	397
368	399
368	422
368	426
368	435
368	515
368	670
368	744
368	975
368	982
369	370
369	371
369	596
369	619
369	756
369	817
369	966
370	371
370	373
370	374
370	375
370	380
370	391
370	398
370	469
370	485
370	540
370	585
370	635
370	637
370	792
370	875
370	898
371	388
371	422
371	427
371	614
371	631
371	636
371	709
371	780
371	827
371	833
371	836
371	892
371	912
371	928
371	973
372	465
372	574
372	950
372	976
372	987
373	381
373	416
373	482
373	642
373	654
373	692
373	712
373	717
373	809
373	914
373	978
374	402
374	426
374	447
374	450
374	503
374	589
374	642
374	905
375	386
375	417
375	633
375	793
375	839
375	943
376	391
376	567
376	718
376	753
376	794
376	838
376	975
377	399
377	412
377	434
377	505
377	646
377	827
377	891
377	938
378	420
378	446
378	551
378	595
378	649
378	667
378	917
379	387
379	390
379	418
379	431
379	432
379	478
379	517
379	650
379	868
379	919
379	985
380	382
380	398
380	399
380	447
380	519
380	536
380	588
380	667
380	682
380	724
380	844
380	864
380	880
380	991
381	390
381	428
381	553
381	569
381	638
381	676
381	688
381	735
381	792
381	826
381	847
381	856
381	868
381	912
381	966
382	390
382	408
382	414
382	430
382	684
382	707
382	739
382	747
382	828
382	837
382	921
382	923
383	389
383	395
383	414
383	499
383	571
383	654
383	655
383	658
383	678
383	710
383	716
383	783
383	830
384	396
384	398
384	423
384	473
384	519
384	571
384	869
384	933
384	971
385	391
385	464
385	511
385	527
385	646
385	765
385	798
385	805
385	817
385	913
385	991
386	440
386	479
386	690
386	702
386	746
386	748
386	913
386	941
386	961
386	994
387	457
387	499
387	557
387	717
387	783
387	846
387	911
387	920
388	432
388	560
388	579
388	631
388	638
388	720
388	763
388	860
388	867
388	875
388	878
388	889
388	890
388	955
388	991
389	508
389	609
389	631
389	675
389	717
389	834
389	840
389	877
389	983
390	394
390	396
390	419
390	460
390	480
390	488
390	520
390	524
390	646
390	674
390	746
390	756
390	907
391	392
391	556
391	685
391	824
391	827
391	861
391	868
391	876
391	893
392	400
392	556
392	562
392	569
392	628
392	676
392	976
393	601
393	631
393	651
393	752
393	775
394	396
394	468
394	495
394	506
394	530
394	558
394	587
394	611
394	612
394	617
394	638
394	908
394	913
394	923
395	400
395	627
395	649
395	665
395	726
395	729
395	876
395	881
395	990
396	446
396	515
396	541
396	799
396	825
396	835
396	928
396	953
396	977
397	410
397	476
397	688
397	691
397	796
397	857
397	864
397	880
397	905
397	906
397	914
397	943
398	506
398	550
398	677
398	697
398	750
398	880
399	433
399	493
399	517
399	585
399	730
399	805
399	839
399	865
399	924
399	944
400	403
400	411
400	413
400	473
400	480
400	601
400	604
400	687
400	752
400	793
400	795
400	796
400	839
400	844
400	858
400	892
400	922
401	403
401	411
401	415
401	437
401	439
401	441
401	462
401	488
401	527
401	572
401	772
401	773
401	882
401	911
401	977
402	403
402	405
402	473
402	476
402	488
402	499
402	598
402	654
402	657
402	696
402	723
402	747
402	751
402	753
402	766
402	920
402	937
402	952
403	422
403	431
403	470
403	478
403	483
403	494
403	496
403	522
403	629
403	692
403	739
403	761
403	763
403	767
403	838
403	844
403	938
403	990
404	406
404	408
404	421
404	460
404	469
404	550
404	577
404	695
404	788
404	872
404	915
404	918
404	931
405	406
405	452
405	469
405	471
405	770
405	795
405	823
405	850
405	926
405	932
405	973
406	408
406	438
406	487
406	543
406	577
406	635
406	652
406	715
406	773
406	800
406	828
406	839
406	915
406	927
406	991
406	995
407	415
407	434
407	445
407	469
407	493
407	537
407	582
407	604
407	610
407	629
407	647
407	676
407	713
407	728
407	840
407	841
407	848
407	961
408	441
408	448
408	468
408	487
408	490
408	497
408	602
408	672
408	721
408	727
408	783
408	791
408	916
408	951
409	411
409	460
409	486
409	555
409	597
409	618
409	679
409	720
409	750
409	856
409	929
409	989
410	423
410	446
410	459
410	630
410	750
410	797
410	950
410	980
411	424
411	482
411	497
411	499
411	526
411	549
411	569
411	583
411	603
411	655
411	690
411	724
411	803
411	819
411	908
412	451
412	466
412	477
412	488
412	492
412	500
412	529
412	578
412	586
412	615
412	644
412	828
412	850
412	914
412	924
412	928
412	931
413	423
413	426
413	441
413	447
413	459
413	460
413	461
413	466
413	469
413	474
413	478
413	480
413	489
413	588
413	674
413	679
413	708
413	738
413	753
413	779
413	895
413	988
414	463
414	482
414	502
414	547
414	580
414	610
414	687
414	730
414	735
414	768
414	777
414	879
414	895
414	902
414	937
414	973
415	418
415	427
415	447
415	472
415	473
415	476
415	517
415	540
415	779
415	832
415	835
415	937
415	968
415	995
416	420
416	459
416	470
416	476
416	479
416	488
416	549
416	565
416	612
416	623
416	653
416	692
416	713
416	996
417	432
417	441
417	446
417	457
417	462
417	479
417	495
417	506
417	536
417	565
417	582
417	593
417	707
417	711
417	713
417	716
417	913
417	958
418	419
418	423
418	429
418	462
418	465
418	468
418	472
418	480
418	486
418	552
418	630
418	984
419	455
419	469
419	471
419	493
419	497
419	522
419	632
419	700
419	715
419	755
419	799
419	841
420	448
420	487
420	626
420	808
420	860
420	927
421	426
421	472
421	474
421	475
421	486
421	541
421	575
421	583
421	649
421	681
421	807
421	932
421	983
421	995
422	445
422	449
422	476
422	569
422	603
422	716
422	722
422	803
422	820
422	849
422	855
422	879
422	880
423	452
423	475
423	476
423	501
423	574
423	585
423	607
423	685
423	760
423	785
423	795
423	860
423	873
423	905
423	908
424	434
424	440
424	462
424	478
424	613
424	626
424	665
424	694
424	718
424	746
424	761
425	468
425	469
425	472
425	616
425	638
425	640
425	769
425	903
425	946
425	948
426	458
426	509
426	552
426	555
426	692
426	725
426	731
426	782
426	945
426	946
426	947
426	971
427	432
427	440
427	444
427	448
427	471
427	475
427	477
427	546
427	560
427	630
427	637
427	720
427	782
427	825
427	878
427	883
427	979
428	492
428	502
428	625
428	696
428	762
428	774
428	786
428	791
428	819
428	835
428	894
428	959
428	990
429	442
429	450
429	491
429	495
429	499
429	505
429	509
429	556
429	784
429	862
429	889
429	921
429	953
429	963
430	486
430	499
430	510
430	535
430	544
430	548
430	606
430	612
430	645
430	686
430	706
430	733
430	746
430	797
430	876
431	461
431	477
431	489
431	496
431	513
431	544
431	563
431	675
431	716
431	781
431	820
431	823
431	893
431	993
432	441
432	457
432	477
432	512
432	642
432	659
432	812
432	829
432	867
432	907
432	942
432	943
432	983
432	994
433	454
433	460
433	482
433	485
433	516
433	546
433	569
433	711
433	737
433	753
433	949
434	457
434	480
434	672
434	733
434	768
434	880
434	930
434	932
435	435
435	436
435	440
435	451
435	546
435	610
435	640
435	644
435	865
435	873
436	436
436	452
436	481
436	492
436	565
436	578
436	584
436	690
436	705
436	735
436	770
436	844
436	854
436	886
436	924
436	929
437	439
437	482
437	488
437	680
437	695
437	698
437	960
437	972
438	650
438	762
438	769
438	884
438	976
439	455
439	457
439	579
439	794
439	843
440	452
440	454
440	456
440	463
440	480
440	492
440	538
440	542
440	599
440	625
440	772
440	893
440	896
440	912
440	986
441	443
441	456
441	460
441	476
441	496
441	562
441	639
441	719
441	745
441	772
441	912
441	947
442	446
442	461
442	863
442	885
442	915
442	918
443	446
443	609
443	645
443	703
443	742
443	802
443	852
443	856
443	920
443	925
443	967
443	975
444	444
444	477
444	483
444	513
444	532
444	542
444	548
444	573
444	599
444	756
444	991
445	464
445	465
445	499
445	535
445	622
445	639
445	683
446	454
446	459
446	475
446	477
446	487
446	494
446	702
446	726
446	779
446	788
446	796
446	852
446	859
446	867
446	947
447	448
447	455
447	555
447	573
447	579
447	598
447	617
447	814
447	848
447	967
448	468
448	470
448	472
448	493
448	497
448	565
448	583
448	708
448	709
448	742
448	843
448	912
448	935
449	480
449	484
449	511
449	621
449	855
449	936
450	450
450	457
450	461
450	494
450	577
450	596
450	608
450	629
450	889
451	456
451	478
451	483
451	489
451	499
451	513
451	556
451	562
451	573
451	585
451	646
451	648
451	698
451	772
451	835
451	916
451	971
452	459
452	513
452	542
452	583
452	722
452	875
452	942
453	489
453	528
453	536
453	551
453	573
453	582
453	667
453	690
453	708
453	869
454	460
454	474
454	581
454	633
454	844
454	848
454	877
454	899
454	972
455	479
455	514
455	608
455	729
455	730
455	735
455	802
455	914
456	457
456	459
456	481
456	532
456	584
456	588
456	683
456	714
456	871
456	966
457	559
457	725
457	726
457	736
457	745
457	779
457	798
457	804
457	890
457	978
458	489
458	494
458	496
458	514
458	539
458	688
458	705
458	818
458	873
458	896
458	908
459	540
459	569
459	627
459	737
459	758
459	801
459	812
459	844
459	861
459	993
460	505
460	506
460	574
460	577
460	627
460	666
460	698
460	921
461	484
461	513
461	542
461	696
461	715
461	740
461	783
461	870
461	917
461	977
461	996
462	464
462	479
462	491
462	496
462	579
462	595
462	638
462	687
462	747
462	810
462	889
462	963
462	968
463	464
463	527
463	588
463	624
463	644
463	686
463	796
463	861
464	486
464	550
464	575
464	601
464	610
464	623
464	965
464	969
465	484
465	495
465	515
465	605
465	628
465	644
465	740
465	763
465	810
465	933
465	949
466	518
466	646
466	664
466	706
466	733
466	734
466	745
466	810
466	919
467	469
467	489
467	492
467	493
467	532
467	584
467	637
467	690
467	701
467	801
467	922
467	925
468	483
468	549
468	785
468	792
468	804
468	835
468	954
468	968
468	980
469	618
469	732
469	768
469	869
469	886
469	894
469	919
469	937
470	480
470	497
470	505
470	536
470	578
470	639
470	668
470	733
470	837
470	882
470	913
471	500
471	515
471	524
471	596
471	713
471	824
471	883
471	927
471	981
471	995
472	499
472	521
472	639
472	826
472	911
473	476
473	487
473	500
473	595
473	747
473	900
473	905
474	495
474	550
474	584
474	597
474	636
474	676
474	680
474	704
474	706
474	707
474	770
474	812
474	851
474	938
474	992
475	482
475	524
475	533
475	580
475	653
475	737
475	774
475	791
475	862
475	910
475	998
476	617
476	664
476	862
476	937
476	943
477	483
477	484
477	490
477	547
477	626
477	639
477	643
477	656
477	675
477	811
477	828
477	954
477	967
477	977
478	495
478	505
478	571
478	594
478	643
478	650
478	658
478	659
478	689
478	708
478	729
478	903
478	950
478	991
479	486
479	651
479	708
479	848
479	887
479	940
479	944
479	966
479	990
480	491
480	731
480	758
480	804
480	856
480	912
480	941
480	957
481	565
481	713
481	744
481	821
481	887
481	965
482	525
482	562
482	615
482	814
482	925
482	928
482	937
482	973
482	983
483	484
483	523
483	623
483	667
483	672
483	678
483	682
483	719
483	798
483	873
483	906
483	965
484	680
484	760
484	814
484	871
484	915
484	939
485	628
485	652
485	667
485	687
485	842
486	489
486	531
486	555
486	670
486	877
486	977
487	487
487	493
487	498
487	514
487	524
487	572
487	585
487	806
487	855
487	932
488	539
488	566
488	592
488	618
488	682
488	739
488	793
488	794
488	934
488	966
489	523
489	547
489	607
489	684
489	721
489	854
489	856
489	864
490	495
490	546
490	583
490	683
490	741
490	804
490	921
490	924
490	958
490	962
490	967
491	496
491	506
491	665
491	767
491	829
491	935
492	498
492	537
492	652
492	703
492	808
492	852
492	868
492	876
492	967
493	544
493	564
493	592
493	640
493	659
493	665
493	734
493	780
493	818
493	839
493	926
493	957
493	963
494	495
494	506
494	624
494	629
494	651
494	721
494	820
495	495
495	497
495	502
495	518
495	535
495	616
495	737
495	806
495	816
495	850
495	975
496	524
496	546
496	578
496	646
496	807
496	823
496	825
496	903
496	943
496	960
496	976
496	986
497	561
497	609
497	728
497	816
497	828
497	869
497	895
498	605
498	810
498	836
498	930
498	963
498	973
499	635
499	787
499	832
499	926
499	953
500	517
500	577
500	595
500	596
500	655
500	659
500	880
500	881
500	882
500	960
501	506
501	511
501	514
501	545
501	556
501	562
501	578
501	639
501	749
501	756
501	763
501	786
501	805
501	807
501	905
502	512
502	517
502	537
502	545
502	558
502	565
502	581
502	587
502	597
502	690
502	732
502	782
502	785
502	842
502	939
503	549
503	576
503	647
503	686
503	706
503	816
504	516
504	553
504	572
504	587
504	866
504	904
505	506
505	526
505	529
505	539
505	547
505	553
505	586
505	592
505	608
505	674
505	974
506	540
506	545
506	552
506	553
506	575
506	594
506	596
506	708
506	714
506	799
506	810
506	950
506	998
507	523
507	546
507	560
507	561
507	564
507	580
507	649
507	689
507	844
507	916
508	516
508	521
508	552
508	566
508	571
508	586
508	588
508	589
508	768
508	816
508	839
508	895
508	951
509	514
509	564
509	565
509	571
509	581
509	583
509	604
509	610
509	712
509	725
509	954
509	969
509	993
510	531
510	571
510	576
510	588
510	815
510	886
511	513
511	521
511	528
511	532
511	564
511	585
511	774
511	811
511	898
511	920
511	949
511	960
512	557
512	564
512	577
512	593
512	642
512	757
512	861
512	923
513	649
513	724
513	846
513	911
514	520
514	555
514	561
514	613
514	618
514	665
514	938
514	951
514	985
515	578
515	596
515	599
515	670
515	867
515	871
515	893
516	518
516	522
516	553
516	583
516	661
516	755
516	763
516	826
516	908
517	522
517	539
517	541
517	558
517	580
517	674
517	764
517	773
517	793
517	806
517	815
517	909
517	971
518	531
518	559
518	561
518	564
518	568
518	592
518	596
518	664
518	734
518	741
518	783
518	788
518	821
518	822
518	899
518	924
518	994
519	563
519	565
519	566
519	575
519	599
519	807
519	820
519	827
519	894
519	902
519	958
519	974
519	991
520	523
520	544
520	558
520	568
520	581
520	630
520	645
520	681
520	821
521	525
521	590
521	638
521	652
521	751
521	785
521	793
521	948
522	534
522	545
522	570
522	577
522	661
522	668
522	831
523	527
523	553
523	579
523	747
523	819
523	832
523	911
523	918
523	992
524	524
524	558
524	564
524	595
524	732
524	758
524	781
524	799
524	849
524	850
524	901
525	539
525	669
525	720
525	748
525	755
525	776
525	797
525	802
525	867
525	886
525	898
525	972
525	978
525	981
526	537
526	577
526	582
526	593
526	641
526	740
526	884
526	910
526	982
527	538
527	560
527	585
527	587
527	590
527	607
527	628
527	660
527	692
527	765
527	856
527	974
528	533
528	573
528	574
528	576
528	678
528	736
528	776
528	820
528	986
529	534
529	561
529	565
529	599
529	626
529	628
529	688
529	694
529	847
529	982
530	540
530	551
530	563
530	565
530	606
530	680
530	782
530	809
530	833
530	875
530	910
530	963
531	536
531	570
531	580
531	585
531	595
531	598
531	667
531	670
531	691
531	715
531	895
531	949
531	955
532	561
532	618
532	620
532	648
532	695
532	702
532	744
532	901
532	910
532	980
533	568
533	591
533	622
533	639
533	722
533	738
533	760
533	871
533	899
533	970
533	973
534	565
534	585
534	592
534	594
534	597
534	673
534	697
534	757
534	766
534	778
534	836
534	864
534	913
535	624
535	648
535	666
535	696
535	747
535	748
535	766
535	776
535	873
536	566
536	575
536	582
536	583
536	595
536	666
536	704
536	764
536	774
536	800
536	879
536	895
536	986
537	537
537	598
537	623
537	696
537	716
537	792
537	821
537	899
537	988
538	550
538	568
538	652
538	662
538	666
538	674
538	732
538	752
538	827
538	853
538	916
539	542
539	550
539	557
539	560
539	562
539	586
539	594
539	619
539	792
539	800
539	880
539	922
539	924
540	587
540	785
540	802
540	833
540	975
541	542
541	581
541	585
541	625
541	637
541	660
541	827
542	570
542	580
542	592
542	596
542	775
542	779
542	868
542	929
542	975
543	564
543	573
543	574
543	575
543	580
543	718
543	906
543	981
543	989
544	544
544	557
544	564
544	680
544	683
544	796
544	848
544	947
544	964
545	555
545	594
545	649
545	668
545	710
545	760
545	804
545	852
545	877
545	954
546	560
546	589
546	595
546	608
546	648
546	679
546	762
546	797
546	826
546	861
546	890
547	567
547	574
547	578
547	631
547	658
547	706
547	739
547	826
547	919
547	922
548	569
548	585
548	593
548	613
548	808
548	839
548	866
548	906
549	580
549	689
549	729
549	749
549	835
549	837
550	551
550	553
550	555
550	567
550	571
550	574
550	595
550	628
550	633
550	650
550	690
550	770
550	843
550	878
550	879
551	562
551	563
551	597
551	693
551	821
551	992
552	572
552	642
552	692
552	735
552	776
552	807
552	819
552	854
552	888
552	965
552	974
553	566
553	569
553	588
553	591
553	621
553	713
553	722
553	730
553	759
553	888
553	907
553	913
553	923
553	954
553	998
554	582
554	585
554	608
554	679
554	708
554	761
554	767
554	774
554	806
554	840
554	850
554	897
554	959
555	567
555	578
555	594
555	598
555	933
555	969
555	970
555	986
556	587
556	592
556	597
556	622
556	706
557	561
557	595
557	635
557	642
557	684
557	810
557	947
557	969
557	994
558	585
558	775
558	811
558	814
558	952
559	573
559	590
559	660
559	677
559	714
559	733
559	784
559	852
559	904
559	924
559	958
560	565
560	588
560	592
560	635
560	642
560	699
560	782
560	817
560	900
560	935
560	990
561	572
561	584
561	820
561	873
561	925
561	953
561	978
561	980
562	574
562	590
562	594
562	604
562	698
562	743
562	782
562	797
562	846
562	920
562	929
563	595
563	603
563	618
563	637
563	667
563	804
563	855
563	920
563	943
564	580
564	581
564	582
564	619
564	655
564	713
564	819
564	964
564	974
565	569
565	577
565	583
565	587
565	642
565	655
565	796
565	896
565	903
565	910
566	569
566	578
566	650
566	670
566	777
566	826
566	828
566	834
566	911
566	929
567	568
567	569
567	571
567	580
567	586
567	596
567	637
567	692
567	774
567	824
567	848
567	950
568	574
568	591
568	595
568	683
568	691
568	774
568	792
568	831
568	862
569	577
569	586
569	720
569	752
569	927
569	935
570	574
570	575
570	679
570	825
570	869
570	894
570	965
571	579
571	647
571	716
571	740
571	870
572	653
572	829
572	847
572	945
573	584
573	622
573	666
573	765
573	768
573	774
573	779
573	931
573	936
574	581
574	686
574	724
574	731
574	754
574	784
574	832
574	850
574	912
574	997
575	587
575	654
575	674
575	743
575	814
575	875
575	920
575	955
576	602
576	614
576	635
576	744
576	874
576	967
577	581
577	692
577	840
577	849
577	914
578	597
578	623
578	705
578	714
578	725
578	734
578	772
578	799
578	801
578	805
578	837
578	865
578	881
578	899
579	582
579	597
579	731
579	793
579	965
580	588
580	592
580	616
580	777
580	838
581	586
581	588
581	664
581	752
581	786
581	827
581	836
581	976
582	586
582	672
582	739
582	776
583	590
583	592
583	594
583	611
583	670
583	699
583	708
583	788
583	855
583	927
584	625
584	650
584	749
584	751
584	754
584	780
584	802
584	824
584	970
585	656
585	698
585	749
585	754
585	780
585	792
585	822
586	725
586	791
586	848
586	857
586	900
586	910
586	974
587	594
587	631
587	635
587	708
587	736
587	836
587	962
588	596
588	609
588	655
588	684
588	740
588	754
588	757
588	844
588	915
588	921
588	971
589	663
589	707
589	740
589	888
589	906
589	923
589	943
590	640
590	659
590	662
590	675
590	704
590	757
590	784
590	794
590	845
590	936
591	658
591	670
591	695
591	702
591	744
591	795
591	860
591	867
591	929
592	627
592	642
592	661
592	738
592	788
592	848
592	884
592	957
593	719
593	734
593	767
593	819
593	916
593	957
593	992
594	594
594	604
594	714
594	816
594	830
594	891
594	961
594	965
595	597
595	677
595	686
595	743
595	758
595	872
596	625
596	640
596	798
596	850
596	856
596	889
596	964
597	647
597	671
597	714
597	782
597	952
598	633
598	667
598	763
598	781
598	939
598	958
598	990
599	675
599	727
599	732
599	878
599	899
599	960
599	971
600	606
600	623
600	658
600	678
600	755
600	793
600	854
600	975
600	999
601	641
601	663
601	736
601	763
601	781
601	826
602	602
602	608
602	628
602	655
602	658
602	662
602	672
602	681
602	758
602	759
602	780
603	640
603	645
603	675
603	687
603	734
603	906
603	918
603	959
604	605
604	615
604	621
604	660
604	667
604	699
604	798
604	869
604	918
604	936
605	606
605	607
605	695
605	761
605	782
605	804
605	880
605	923
605	926
605	986
606	613
606	665
606	669
606	685
606	688
606	721
606	763
606	835
606	882
607	622
607	640
607	657
607	676
607	703
607	797
607	926
607	976
608	612
608	678
608	698
608	743
608	819
608	824
608	848
608	991
609	619
609	627
609	648
609	687
609	689
609	827
609	847
609	912
609	963
610	616
610	661
610	694
610	740
610	754
610	855
610	893
611	620
611	649
611	660
611	663
611	676
611	698
611	739
611	835
611	877
611	971
612	616
612	629
612	664
612	687
612	694
612	785
612	811
612	821
612	834
612	917
612	926
612	966
612	969
613	614
613	629
613	631
613	649
613	674
613	675
613	765
613	882
613	897
614	680
614	724
614	770
614	876
615	625
615	630
615	638
615	641
615	647
615	774
615	783
615	789
615	829
615	895
615	903
615	981
615	988
616	621
616	665
616	682
616	690
616	694
616	906
616	911
616	922
616	985
617	645
617	647
617	651
617	675
617	678
617	679
617	691
617	695
617	698
617	711
617	748
617	778
617	844
617	846
617	885
617	999
618	671
618	672
618	674
618	691
618	696
618	724
618	764
618	772
618	790
618	895
618	916
619	640
619	673
619	697
619	725
619	968
619	987
620	645
620	698
620	829
620	837
620	838
620	877
620	901
620	908
620	930
621	655
621	657
621	659
621	669
621	673
621	689
621	694
621	738
621	769
621	804
621	831
621	918
621	972
622	641
622	646
622	665
622	684
622	686
622	859
622	900
622	926
622	933
622	939
622	977
623	647
623	660
623	684
623	692
623	706
623	772
623	778
623	826
623	874
623	885
623	914
624	665
624	679
624	682
624	695
624	715
624	738
624	749
624	765
624	785
624	826
624	921
625	641
625	644
625	651
625	660
625	679
625	686
625	692
625	698
625	778
625	829
625	872
625	932
625	968
626	647
626	652
626	784
626	907
626	935
627	649
627	656
627	676
627	805
627	807
627	844
627	856
627	886
627	902
627	948
628	653
628	656
628	663
628	679
628	682
628	756
628	787
628	807
628	823
628	860
628	928
628	974
628	998
629	785
629	832
629	926
629	929
629	988
630	631
630	670
630	683
630	724
630	806
630	842
630	946
631	698
631	702
631	813
631	856
631	859
631	866
631	911
631	939
631	942
632	641
632	654
632	658
632	666
632	675
632	682
632	687
632	786
632	798
632	824
633	634
633	660
633	674
633	686
633	743
633	861
633	969
633	986
634	699
634	802
634	850
634	868
634	893
634	930
635	664
635	797
635	846
635	847
635	894
635	927
635	952
636	660
636	680
636	683
636	691
636	721
636	734
636	778
636	825
636	849
636	858
636	951
637	679
637	687
637	690
637	701
637	728
637	857
637	909
637	974
638	644
638	655
638	684
638	688
638	705
638	958
639	669
639	690
639	694
639	774
639	791
639	816
639	855
640	644
640	660
640	673
640	688
640	768
640	833
640	927
640	963
640	980
641	645
641	647
641	680
641	729
641	788
641	804
641	807
641	938
641	968
641	970
642	668
642	846
642	857
642	885
642	929
643	667
643	683
643	739
643	799
643	833
643	879
643	967
643	986
643	990
644	647
644	655
644	677
644	707
644	935
644	990
645	672
645	698
645	735
645	925
645	948
646	683
646	729
646	930
646	995
647	675
647	693
647	738
647	758
647	768
647	845
647	908
648	674
648	693
648	696
648	701
648	710
648	722
648	870
648	895
648	963
649	649
649	668
649	674
649	691
649	699
649	771
649	910
649	983
650	676
650	765
650	767
650	820
650	822
650	839
650	933
650	965
651	659
651	746
651	791
651	868
651	885
652	654
652	955
653	760
653	771
653	848
653	884
653	898
653	986
654	658
654	681
654	688
654	689
654	700
654	716
654	740
654	839
654	968
655	671
655	698
655	811
655	853
655	904
655	960
655	963
655	969
655	973
656	683
656	686
656	698
656	755
656	829
656	846
656	956
656	986
657	662
657	681
657	689
657	733
657	734
657	742
657	763
657	971
658	801
658	839
658	844
658	936
658	971
659	663
659	673
659	674
659	695
659	753
659	772
659	786
659	812
659	856
659	868
659	882
659	929
659	968
659	997
660	675
660	696
660	752
660	753
660	782
660	856
660	892
660	958
661	664
661	681
661	706
661	819
661	825
661	840
661	870
661	895
661	897
661	933
661	940
661	983
661	999
662	673
662	685
662	686
662	690
662	732
662	811
662	931
663	784
663	927
663	955
663	983
664	667
664	669
664	683
664	689
664	699
664	795
664	829
664	855
664	930
664	986
664	991
665	671
665	672
665	685
665	689
665	711
665	741
665	765
665	876
665	912
665	923
666	682
666	684
666	744
666	766
666	792
666	830
666	833
667	680
667	688
667	695
667	725
667	763
667	773
667	916
667	986
668	680
668	686
668	693
668	702
668	731
668	757
668	764
668	792
668	833
668	897
668	955
668	960
668	984
669	678
669	688
669	722
669	754
669	779
669	802
669	865
669	920
670	680
670	895
670	964
671	850
671	854
671	894
671	967
671	990
672	685
672	692
672	767
672	809
672	823
672	832
672	888
672	947
673	675
673	995
674	675
674	695
674	720
674	772
674	777
674	812
674	879
674	880
674	923
675	693
675	727
675	729
675	751
675	830
675	937
676	708
676	722
676	748
676	888
676	979
677	758
677	786
677	797
677	809
677	817
677	819
677	849
677	899
677	967
678	724
678	806
679	683
679	846
680	697
680	740
680	749
680	807
680	827
680	850
680	913
680	943
681	707
681	709
681	786
681	986
682	693
682	696
682	717
682	734
682	738
682	775
682	911
682	932
682	934
682	995
683	693
683	737
683	878
683	891
683	924
683	973
684	706
684	753
684	837
684	872
685	692
685	719
685	801
685	819
685	862
685	950
685	959
686	692
686	698
686	808
686	810
686	819
686	821
686	870
686	915
687	693
687	698
687	750
687	852
687	975
688	728
689	717
689	728
689	785
689	838
689	942
689	973
690	827
690	915
690	961
690	993
691	827
691	973
692	730
692	747
692	867
692	904
692	943
693	728
693	837
693	944
693	958
693	959
694	760
694	874
694	895
694	978
694	998
695	758
695	775
695	782
695	854
695	878
696	736
696	771
696	815
696	840
696	939
696	972
697	718
697	744
697	776
697	787
697	812
697	826
697	841
697	960
698	970
699	808
699	816
699	840
700	722
700	726
700	792
700	799
700	895
700	905
700	940
701	701
701	705
701	727
701	760
701	782
701	794
701	837
701	845
701	933
701	948
702	709
702	729
702	736
702	997
703	705
703	713
703	752
703	753
703	901
703	951
704	711
704	717
704	746
704	772
704	806
705	728
705	755
705	757
705	764
705	770
705	784
705	788
705	798
705	878
705	888
706	732
706	740
706	788
706	872
706	966
706	989
707	722
707	779
707	791
707	828
708	742
708	752
708	757
708	762
708	793
708	799
708	806
708	877
708	897
709	751
709	773
709	776
709	787
709	789
709	838
709	870
709	925
710	792
710	796
710	834
710	867
710	954
710	966
711	755
711	769
711	782
711	786
711	805
711	866
712	777
712	786
712	793
712	840
712	878
712	885
713	718
713	730
713	737
713	740
713	758
713	781
713	789
713	799
713	802
713	967
713	996
714	790
714	799
714	873
715	727
715	739
715	741
715	747
715	761
715	765
715	786
715	790
715	952
716	738
716	762
716	767
716	774
716	794
716	854
716	857
716	933
716	971
717	750
717	759
717	797
717	802
717	833
717	881
717	960
718	731
718	745
718	762
718	789
718	879
718	919
719	732
719	760
719	773
719	913
719	920
720	729
720	749
720	773
720	783
720	788
720	789
720	797
720	808
720	855
720	928
721	738
721	743
721	748
721	759
721	771
721	811
721	822
721	866
721	872
721	923
722	757
722	792
722	881
722	890
723	727
723	765
723	769
723	774
723	776
723	788
723	810
723	813
723	846
724	726
724	728
724	739
724	749
724	757
724	771
724	782
724	789
724	869
724	872
725	765
725	784
725	817
725	878
725	886
725	892
725	907
725	923
725	996
726	731
726	771
726	785
726	787
726	798
726	848
726	880
726	953
727	732
727	754
727	764
727	797
727	849
727	911
728	738
728	761
728	763
729	729
729	750
729	759
729	768
729	792
729	801
729	815
729	839
729	883
730	736
730	759
730	782
730	866
730	918
730	924
730	930
731	759
731	838
731	879
731	901
731	959
731	976
731	996
732	733
732	780
732	817
732	818
732	880
732	922
732	991
733	742
733	745
733	795
733	859
734	745
734	771
734	778
734	799
735	763
735	783
735	784
735	794
735	851
735	954
736	742
736	743
736	751
736	754
736	762
736	765
736	772
736	791
736	798
736	964
737	796
737	806
737	923
738	778
738	812
738	829
739	769
739	772
739	777
739	787
739	803
739	806
739	818
739	819
739	845
739	866
740	744
740	754
740	761
740	780
740	806
740	835
740	839
740	856
740	909
741	752
741	778
741	787
741	792
741	800
741	950
741	963
741	993
742	742
742	745
742	774
742	781
742	834
742	894
742	937
743	747
743	768
743	775
743	778
743	789
743	794
743	795
743	797
743	900
743	955
744	745
744	746
744	760
744	766
744	770
744	775
744	779
744	799
744	814
744	841
744	925
744	994
745	746
745	749
745	764
745	789
745	798
745	944
745	997
746	755
746	758
746	781
746	783
746	797
746	822
747	754
747	756
747	774
747	796
747	804
747	971
748	749
748	761
748	765
748	767
748	778
748	789
748	791
748	936
748	940
748	969
749	752
749	766
749	775
749	776
749	784
749	823
749	884
749	913
749	936
749	992
750	775
750	794
750	798
750	799
750	822
750	857
750	869
750	882
750	897
750	996
751	754
751	765
751	769
751	835
751	869
751	877
751	947
752	764
752	841
752	847
752	909
752	950
753	754
753	779
753	790
753	830
753	833
753	909
753	936
753	972
754	756
754	758
754	764
754	774
754	789
754	802
754	817
754	839
754	842
754	957
755	764
755	774
755	793
755	798
755	806
755	845
755	856
755	880
755	940
756	759
756	776
756	799
756	933
756	988
757	765
757	768
757	793
757	841
757	901
757	951
757	968
758	761
758	793
758	831
758	937
759	772
759	792
759	855
759	978
760	766
760	817
760	963
761	772
761	838
761	880
761	971
762	777
762	810
762	934
762	951
762	987
763	780
763	784
763	794
763	844
763	891
763	941
763	951
763	966
763	990
764	791
764	979
765	774
765	814
765	823
765	879
765	886
765	916
765	927
765	980
766	780
766	841
766	866
766	895
767	767
767	995
768	788
768	800
768	802
768	849
768	931
768	939
768	948
768	955
768	981
769	831
769	970
770	799
770	941
770	996
771	776
771	781
771	792
771	799
771	820
771	828
771	881
772	788
772	790
772	803
772	830
772	905
772	931
772	944
773	782
773	836
773	875
773	884
773	890
773	905
774	891
775	841
775	892
775	979
775	983
776	777
776	789
776	794
776	798
776	867
776	871
776	893
776	907
776	970
776	987
777	800
777	924
778	780
778	799
778	810
778	936
778	949
779	888
779	945
779	997
780	786
780	792
780	877
780	904
780	940
780	985
780	993
781	794
781	848
781	974
782	791
782	792
782	799
782	817
783	935
783	950
784	786
784	853
784	980
784	986
785	809
785	811
785	831
785	864
786	866
786	900
786	946
787	795
787	832
787	882
787	953
787	992
788	790
788	816
788	848
788	929
789	815
789	819
789	848
790	797
790	811
790	817
790	828
790	875
790	973
791	857
791	874
791	930
791	971
792	849
792	889
792	980
793	813
793	832
793	840
793	849
793	853
793	926
794	932
795	880
795	908
795	972
796	824
796	981
797	824
797	915
797	993
797	995
798	815
798	929
798	931
798	981
799	811
799	830
799	871
799	885
799	936
799	956
800	862
800	872
800	891
800	923
800	999
801	809
801	820
801	829
801	838
801	852
801	857
801	868
801	887
801	894
801	992
802	813
802	831
802	868
802	888
803	825
803	848
803	851
803	884
803	910
803	918
803	929
804	816
804	818
804	846
804	886
804	897
804	987
804	996
805	807
805	838
805	840
806	827
806	865
806	891
806	926
806	929
806	932
806	938
806	962
806	968
807	823
807	858
807	861
807	959
808	829
808	847
808	897
808	901
809	826
809	836
809	839
809	860
809	880
809	881
809	891
809	892
809	893
809	990
810	814
810	835
810	854
810	865
810	867
810	868
810	880
810	885
810	927
811	820
811	834
811	840
811	849
811	855
811	869
811	908
811	916
811	953
812	870
812	889
813	822
813	826
813	866
813	877
813	887
813	891
813	892
813	960
813	996
814	820
814	823
814	827
814	886
814	899
814	968
815	837
815	845
815	846
815	864
815	876
815	935
815	946
815	978
816	816
816	821
816	837
816	874
816	952
816	991
817	825
817	826
817	831
817	834
817	842
817	883
817	899
817	979
817	990
818	835
818	857
818	874
818	889
818	946
818	968
819	826
819	830
819	842
819	854
819	878
819	903
820	839
820	847
820	852
820	855
820	878
820	884
820	901
820	905
821	832
821	862
821	864
821	875
821	953
821	975
822	844
822	882
822	897
822	963
823	829
823	854
823	867
823	875
823	876
823	877
823	923
823	995
824	856
824	862
824	882
824	901
824	930
824	958
825	880
825	887
825	888
825	955
825	979
825	982
825	996
826	865
826	874
826	877
826	879
826	889
826	987
827	832
827	844
827	862
827	863
827	878
827	892
827	957
828	868
828	916
828	930
829	829
829	831
829	832
829	836
829	847
829	871
829	895
830	831
830	842
830	844
830	863
830	873
830	886
830	894
831	871
831	883
831	891
831	949
831	999
832	865
832	869
832	898
833	834
833	841
833	847
833	858
833	881
833	891
833	898
834	840
834	865
834	873
834	879
834	897
834	899
834	901
834	998
835	840
835	899
836	871
836	897
837	839
837	870
837	876
837	883
837	891
837	933
839	888
839	909
839	972
840	873
840	880
841	856
841	869
841	890
841	892
841	957
841	958
842	846
842	858
842	862
842	864
842	868
842	891
842	895
843	857
843	867
843	874
843	994
844	874
844	888
844	932
844	944
845	853
845	868
845	874
846	872
846	878
846	885
846	889
847	850
847	858
847	861
847	875
847	890
847	913
848	850
848	863
848	890
848	897
848	909
848	932
848	998
849	857
849	903
849	954
849	958
850	873
850	888
850	897
850	927
850	931
850	971
851	862
851	864
851	938
851	994
852	862
852	864
852	880
852	882
852	886
852	898
852	949
853	880
853	890
853	891
854	871
855	987
856	858
856	872
856	889
856	899
856	901
856	942
856	964
857	870
857	896
858	859
858	862
858	871
858	892
858	916
858	933
858	953
859	880
859	910
860	869
860	871
860	883
860	888
860	895
860	896
861	871
861	895
861	980
862	862
862	865
862	871
862	881
862	948
863	892
863	906
863	908
863	928
863	935
864	935
864	939
865	871
865	879
865	895
865	945
865	998
866	893
866	896
866	897
866	903
866	957
866	994
867	902
867	960
868	890
868	916
869	870
869	972
870	876
870	898
870	899
870	905
870	944
870	953
870	988
871	899
872	881
872	893
872	927
872	934
873	892
873	993
874	879
874	890
874	910
874	946
875	889
875	895
875	971
876	879
877	883
877	897
878	907
878	939
879	882
879	912
879	916
880	913
881	936
881	961
882	893
882	988
882	999
883	957
883	977
883	982
884	891
884	895
884	946
884	956
885	893
885	896
885	959
885	979
886	888
886	914
887	957
888	895
888	939
888	963
888	980
888	996
890	894
890	906
890	939
891	929
891	947
892	905
892	932
893	908
895	931
895	979
895	999
900	903
900	915
900	938
900	959
900	970
900	977
900	990
901	917
901	919
901	931
901	933
901	973
901	981
902	914
902	930
902	933
902	936
902	946
902	961
902	964
902	980
903	907
903	931
903	961
903	962
903	964
903	982
903	997
904	913
904	929
904	948
904	957
904	961
904	982
904	984
904	986
905	907
905	944
905	956
906	921
906	950
906	971
906	972
907	917
907	944
907	972
907	989
908	977
909	913
909	942
909	965
909	972
909	980
910	922
910	923
910	924
910	964
910	965
910	982
911	917
911	931
911	943
911	947
911	954
911	979
911	984
911	992
911	997
912	918
912	932
912	938
912	972
912	977
913	920
913	928
913	930
913	943
913	953
913	954
913	959
913	962
914	924
914	935
914	962
915	927
915	946
915	949
915	951
915	954
915	968
916	928
916	934
916	936
916	940
916	955
916	970
916	988
917	941
917	942
917	957
917	964
917	973
917	978
918	925
918	966
918	980
918	991
919	934
919	946
919	954
919	955
919	960
919	961
919	972
920	924
920	962
920	964
920	980
920	984
920	995
921	925
921	934
921	935
921	943
921	959
922	959
922	982
922	989
923	931
923	937
923	939
923	940
923	990
924	930
924	963
924	979
924	997
924	999
925	927
925	928
925	934
925	954
926	957
926	997
928	940
928	974
929	953
929	978
930	945
930	956
930	991
930	998
931	940
931	948
931	967
931	985
931	990
931	991
932	953
932	979
933	935
933	938
933	960
933	968
933	980
933	985
934	953
934	979
934	998
935	937
935	962
935	963
936	949
936	950
936	954
938	981
939	945
939	971
939	995
939	998
940	945
940	969
940	980
940	992
941	975
941	984
941	995
942	947
942	979
943	977
943	984
944	953
944	972
944	973
944	974
945	986
946	952
946	954
946	961
946	986
947	951
947	961
947	966
947	967
947	985
947	992
947	999
948	958
948	971
948	977
948	982
948	990
949	956
949	985
950	995
951	962
951	972
951	976
951	982
952	979
954	959
955	975
956	956
956	957
956	963
956	969
956	986
956	988
957	959
957	970
957	980
957	993
958	979
959	960
959	977
959	981
960	966
960	969
961	969
961	971
961	982
961	984
961	988
961	992
961	993
961	995
962	972
962	998
963	985
964	998
965	989
965	999
966	967
966	986
966	987
966	994
967	985
967	989
967	996
968	980
968	994
968	999
969	970
969	979
970	982
971	986
972	990
972	995
973	978
973	988
974	995
975	987
976	984
976	995
977	990
977	993
979	993
981	983
981	993
983	996
984	998
985	996
986	997
987	990
988	989
990	997
991	992
993	998
994	994
996	996
