0	3
0	6
0	13
0	14
0	15
0	16
0	57
0	76
0	80
0	97
0	368
0	552
0	637
0	791
0	879
1	18
1	22
1	38
1	46
1	73
1	80
1	87
1	92
1	96
1	99
1	206
1	262
1	287
1	296
1	309
1	324
1	357
1	428
1	732
1	850
1	925
1	951
1	990
2	28
2	35
2	37
2	47
2	58
2	65
2	92
2	229
2	256
2	316
2	354
2	375
2	395
2	601
2	654
2	715
3	17
3	19
3	28
3	48
3	52
3	55
3	84
3	95
3	117
3	172
3	181
3	520
3	555
3	693
3	771
3	938
4	11
4	19
4	85
4	86
4	95
4	99
4	247
4	330
4	334
4	417
4	569
4	675
4	716
4	758
4	924
4	951
5	26
5	36
5	51
5	59
5	67
5	70
5	71
5	75
5	89
5	93
5	145
5	647
5	725
5	756
5	840
5	914
6	10
6	18
6	22
6	28
6	30
6	32
6	62
6	63
6	97
6	168
6	244
6	246
6	266
6	287
6	400
6	417
6	482
6	506
6	548
6	638
6	740
6	743
6	788
6	853
6	884
6	963
6	986
6	996
7	13
7	29
7	31
7	38
7	76
7	94
7	96
7	108
7	208
7	253
7	462
7	535
7	611
7	666
7	784
7	785
7	841
7	901
7	948
7	993
8	9
8	26
8	38
8	51
8	65
8	70
8	93
8	149
8	225
8	283
8	323
8	521
8	546
8	553
8	663
8	752
8	884
8	946
8	961
8	979
8	982
9	21
9	39
9	46
9	55
9	65
9	74
9	151
9	192
9	208
9	229
9	276
9	344
9	370
9	383
9	398
9	429
9	496
9	552
9	671
9	749
9	753
9	795
9	851
9	859
9	860
9	927
10	12
10	28
10	32
10	40
10	42
10	56
10	70
10	84
10	96
10	97
10	173
10	338
10	482
10	534
10	545
10	609
10	654
10	675
10	724
10	750
10	817
10	837
10	868
11	12
11	29
11	38
11	69
11	94
11	97
11	212
11	233
11	253
11	302
11	421
11	625
11	698
11	700
11	728
11	751
12	21
12	29
12	37
12	56
12	62
12	77
12	84
12	126
12	192
12	212
12	235
12	309
12	337
12	404
12	425
12	658
12	747
12	785
12	817
12	909
12	938
12	968
13	16
13	57
13	63
13	77
13	187
13	277
13	295
13	423
13	481
13	515
13	602
13	611
13	785
13	886
13	951
13	962
14	17
14	58
14	83
14	91
14	195
14	310
14	325
14	360
14	427
14	440
14	488
14	515
14	563
14	592
14	742
14	811
14	825
15	36
15	39
15	56
15	83
15	97
15	98
15	186
15	993
16	24
16	27
16	38
16	49
16	109
16	200
16	414
16	446
16	473
16	480
16	488
16	602
16	610
16	633
16	692
16	760
16	779
16	874
16	980
17	27
17	34
17	51
17	56
17	87
17	98
17	171
17	379
17	492
17	636
17	972
18	26
18	53
18	60
18	86
18	199
18	240
18	253
18	257
18	311
18	596
18	597
18	652
18	683
18	691
18	734
18	784
18	967
18	984
19	31
19	52
19	83
19	108
19	152
19	301
19	348
19	349
19	531
19	595
19	630
19	663
19	919
19	931
19	960
20	31
20	61
20	63
20	93
20	198
20	218
20	219
20	270
20	375
20	383
20	402
20	453
20	504
20	511
20	561
20	596
20	691
20	945
21	32
21	44
21	64
21	65
21	69
21	161
21	377
21	476
21	592
21	663
21	959
21	985
22	30
22	35
22	41
22	44
22	45
22	65
22	76
22	79
22	93
22	148
22	232
22	333
22	451
22	501
22	518
22	521
22	527
22	619
22	643
22	646
22	915
23	50
23	53
23	72
23	84
23	92
23	122
23	158
23	259
23	263
23	334
23	363
23	389
23	463
23	594
23	662
23	685
23	697
23	724
23	887
24	35
24	80
24	82
24	97
24	158
24	191
24	229
24	287
24	340
24	528
24	569
24	694
24	710
24	712
24	756
24	786
24	811
24	985
25	30
25	31
25	49
25	67
25	71
25	82
25	98
25	121
25	137
25	282
25	337
25	399
25	476
25	545
25	700
25	968
26	34
26	38
26	53
26	65
26	67
26	73
26	74
26	76
26	95
26	98
26	112
26	218
26	287
26	390
26	479
26	552
26	674
26	782
26	803
26	849
26	896
26	981
27	39
27	46
27	58
27	67
27	83
27	88
27	91
27	94
27	150
27	328
27	441
27	469
27	478
27	481
27	555
27	602
27	638
27	744
27	838
27	953
27	975
28	56
28	60
28	93
28	95
28	127
28	544
28	553
28	566
28	610
28	770
28	834
28	930
28	939
28	997
29	48
29	84
29	93
29	126
29	278
29	322
29	325
29	350
29	470
29	556
29	640
29	649
29	655
29	854
29	860
29	881
29	913
29	956
29	963
29	965
29	974
29	990
30	77
30	87
30	93
30	96
30	261
30	278
30	305
30	495
30	579
30	655
30	764
30	811
30	834
31	34
31	44
31	47
31	65
31	70
31	84
31	166
31	246
31	256
31	501
31	537
31	611
31	625
31	692
31	710
31	807
31	842
31	901
31	971
31	974
32	33
32	40
32	46
32	54
32	60
32	63
32	258
32	296
32	354
32	393
32	463
32	492
32	509
32	642
32	817
32	893
33	47
33	83
33	102
33	122
33	252
33	255
33	456
33	527
33	573
33	650
33	703
33	755
33	811
33	879
33	934
34	55
34	123
34	129
34	132
34	309
34	442
34	444
34	467
34	483
34	558
34	602
34	632
34	759
35	52
35	66
35	91
35	94
35	118
35	120
35	125
35	277
35	286
35	309
35	322
35	351
35	353
35	392
35	656
35	724
35	745
35	787
35	853
36	38
36	53
36	60
36	72
36	143
36	218
36	236
36	280
36	320
36	436
36	450
36	459
36	468
36	538
36	548
36	598
36	616
36	682
36	710
36	771
36	797
36	881
36	884
36	914
36	938
36	990
36	996
37	50
37	55
37	76
37	83
37	153
37	168
37	195
37	241
37	322
37	404
37	475
37	479
37	514
37	541
37	969
37	987
37	999
38	66
38	68
38	84
38	198
38	218
38	376
38	496
38	503
38	506
38	511
38	555
38	597
38	645
38	660
38	818
38	833
38	872
38	880
38	960
38	962
38	971
38	973
39	49
39	70
39	74
39	95
39	272
39	384
39	411
39	614
39	640
39	976
40	67
40	68
40	81
40	170
40	273
40	328
40	349
40	363
40	403
40	515
40	533
40	534
40	606
40	610
40	691
40	712
40	736
40	855
40	978
41	46
41	53
41	58
41	62
41	86
41	95
41	102
41	149
41	188
41	236
41	278
41	398
41	448
41	470
41	707
41	763
41	858
41	895
41	961
42	44
42	53
42	62
42	99
42	114
42	139
42	146
42	153
42	192
42	218
42	238
42	266
42	375
42	438
42	510
42	605
42	657
42	686
42	894
42	953
42	974
43	53
43	57
43	62
43	72
43	76
43	88
43	99
43	409
43	678
43	687
43	773
43	884
43	964
43	972
44	57
44	64
44	77
44	118
44	134
44	150
44	218
44	243
44	299
44	439
44	458
44	540
44	618
44	643
44	685
44	745
44	856
44	895
45	83
45	93
45	158
45	228
45	263
45	276
45	363
45	488
45	510
46	54
46	55
46	73
46	76
46	79
46	88
46	91
46	107
46	123
46	287
46	385
46	541
46	601
46	735
46	754
46	787
46	797
46	827
46	848
46	934
46	981
47	55
47	57
47	62
47	73
47	78
47	84
47	85
47	95
47	271
47	285
47	291
47	376
47	403
47	413
47	523
47	555
47	594
47	601
47	618
47	678
47	682
47	821
47	859
47	881
47	883
47	929
48	55
48	65
48	69
48	76
48	95
48	97
48	114
48	291
48	562
48	662
48	794
48	796
48	845
48	883
49	50
49	56
49	76
49	90
49	105
49	181
49	264
49	265
49	272
49	284
49	309
49	398
49	545
49	691
49	928
50	57
50	61
50	63
50	98
50	99
50	128
50	158
50	175
50	258
50	323
50	440
50	493
50	504
50	557
50	568
50	584
50	743
50	808
51	83
51	113
51	138
51	153
51	176
51	333
51	375
51	462
51	555
51	623
51	723
51	751
51	767
51	856
52	59
52	67
52	68
52	72
52	73
52	278
52	300
52	369
52	370
52	528
52	590
52	663
52	757
52	822
52	849
53	57
53	63
53	67
53	253
53	429
53	469
53	535
53	652
53	848
53	856
53	862
53	886
53	994
54	55
54	77
54	84
54	92
54	127
54	260
54	302
54	345
54	372
54	380
54	417
54	441
54	507
54	515
54	571
54	592
54	650
54	680
54	718
55	61
55	68
55	70
55	88
55	154
55	182
55	268
55	320
55	371
55	489
55	496
55	666
55	780
55	856
55	957
56	61
56	71
56	226
56	322
56	368
56	441
56	560
56	648
56	690
56	712
56	759
56	938
56	939
56	997
57	72
57	73
57	74
57	88
57	137
57	192
57	214
57	268
57	363
57	483
57	526
57	556
57	687
57	770
57	792
57	872
57	946
58	64
58	85
58	191
58	235
58	318
58	327
58	358
58	425
58	525
58	587
58	628
58	713
58	750
58	789
58	851
58	954
58	986
59	81
59	85
59	168
59	221
59	227
59	291
59	467
59	553
59	658
59	886
60	85
60	206
60	287
60	356
60	607
60	729
60	973
61	85
61	92
61	566
61	635
61	677
61	709
61	760
61	822
61	885
62	99
62	219
62	226
62	231
62	367
62	395
62	471
62	547
62	567
62	576
62	616
62	779
62	875
62	967
63	110
63	204
63	342
63	478
63	480
63	514
63	702
63	852
64	69
64	122
64	138
64	389
64	394
64	449
64	455
64	496
64	589
64	724
64	752
64	815
64	926
65	65
65	68
65	80
65	98
65	194
65	208
65	307
65	326
65	354
65	407
65	411
65	446
65	471
65	492
65	711
65	845
65	986
66	72
66	232
66	546
66	917
66	920
66	928
66	959
67	82
67	97
67	133
67	139
67	168
67	195
67	352
67	393
67	437
67	519
67	599
67	664
67	676
67	721
67	808
67	822
67	839
67	923
67	953
68	95
68	141
68	427
68	460
68	522
68	532
68	638
68	697
68	737
68	759
68	794
68	798
69	73
69	92
69	123
69	295
69	314
69	452
69	574
69	623
69	700
69	704
69	845
70	73
70	78
70	96
70	103
70	221
70	250
70	266
70	316
70	332
70	467
70	494
70	577
70	614
70	679
70	727
70	825
70	869
70	916
70	987
71	100
71	120
71	190
71	480
71	485
71	512
71	548
71	712
71	829
71	860
71	884
71	956
71	977
72	82
72	97
72	181
72	226
72	243
72	254
72	304
72	315
72	375
72	395
72	435
72	465
72	477
72	544
72	564
72	598
72	739
73	74
73	77
73	89
73	98
73	164
73	326
73	382
73	439
73	456
73	481
73	535
73	639
73	695
73	994
74	153
74	220
74	327
74	428
74	540
74	595
74	706
74	719
74	730
74	753
74	763
74	865
74	952
75	85
75	98
75	108
75	271
75	310
75	318
75	469
75	519
75	532
75	610
75	650
75	687
75	751
75	753
75	804
75	873
75	879
76	79
76	166
76	168
76	293
76	330
76	347
76	381
76	435
76	596
76	617
76	651
76	710
76	771
76	772
76	787
76	908
77	80
77	86
77	354
77	458
77	459
77	499
77	508
77	516
77	525
77	547
77	658
77	660
77	661
77	700
77	812
77	999
78	300
78	319
78	477
78	611
78	791
78	944
79	79
79	81
79	93
79	99
79	119
79	160
79	274
79	373
79	579
79	601
79	693
79	703
79	761
79	763
79	778
79	831
80	98
80	126
80	204
80	241
80	296
80	316
80	335
80	350
80	402
80	594
80	648
80	652
80	795
80	841
80	963
80	982
81	92
81	98
81	99
81	148
81	188
81	231
81	467
81	480
81	813
81	826
81	869
81	879
81	953
82	115
82	289
82	297
82	400
82	464
82	467
82	483
82	748
82	812
82	880
82	907
82	908
82	919
82	929
83	93
83	96
83	128
83	167
83	173
83	192
83	206
83	254
83	274
83	282
83	337
83	415
83	418
83	429
83	462
83	652
83	691
83	728
83	747
83	792
83	810
83	863
83	884
83	898
83	912
83	975
84	90
84	117
84	263
84	323
84	417
84	576
84	636
84	673
84	688
84	759
84	791
84	805
84	842
85	94
85	95
85	418
85	440
85	530
85	683
85	875
85	904
85	937
85	976
86	91
86	92
86	93
86	229
86	241
86	307
86	347
86	461
86	471
86	518
86	571
86	728
86	744
86	993
87	87
87	232
87	254
87	306
87	408
87	439
87	449
87	471
87	770
87	821
87	829
87	877
87	908
88	90
88	98
88	363
88	459
88	562
88	603
89	95
89	98
89	154
89	265
89	478
89	628
89	667
89	705
89	764
90	124
90	159
90	249
90	257
90	258
90	284
90	401
90	418
90	637
90	664
90	767
90	833
90	844
91	91
91	173
91	191
91	367
91	437
91	484
91	614
91	652
91	767
91	966
92	96
92	260
92	285
92	315
92	516
92	612
92	685
92	725
92	828
92	878
93	133
93	164
93	176
93	229
93	269
93	304
93	314
93	399
93	412
93	541
93	571
93	596
93	600
93	618
93	683
93	836
93	880
93	923
93	992
94	99
94	160
94	190
94	203
94	206
94	240
94	284
94	306
94	337
94	405
94	438
94	485
94	528
94	705
94	814
94	818
94	828
94	838
94	854
94	882
94	933
95	178
95	198
95	341
95	377
95	397
95	405
95	414
95	427
95	428
95	450
95	525
95	594
95	614
95	627
95	705
95	853
95	884
95	917
95	921
95	928
95	940
96	99
96	156
96	263
96	354
96	410
96	416
96	530
96	606
96	684
96	775
97	123
97	210
97	387
97	454
97	458
97	465
97	516
97	531
97	764
97	766
97	896
97	921
97	999
98	145
98	153
98	248
98	302
98	358
98	380
98	485
98	708
98	985
99	171
99	208
99	240
99	296
99	307
99	415
99	426
99	554
99	629
99	633
99	745
99	930
99	933
100	121
100	133
100	146
100	148
100	149
100	175
100	219
100	240
100	246
100	376
100	457
100	464
100	608
100	707
100	726
100	752
100	796
100	856
100	897
100	954
101	109
101	125
101	128
101	138
101	144
101	157
101	162
101	190
101	192
101	223
101	463
101	515
101	529
101	615
101	640
101	652
101	662
101	898
102	111
102	114
102	136
102	141
102	164
102	192
102	290
102	417
102	449
102	468
102	489
102	511
102	549
102	597
102	623
102	636
102	640
102	653
102	802
103	116
103	117
103	137
103	141
103	165
103	167
103	196
103	412
103	490
103	510
103	703
103	704
103	865
103	882
103	951
104	123
104	124
104	131
104	144
104	153
104	178
104	184
104	209
104	243
104	269
104	314
104	336
104	418
104	431
104	482
104	664
104	748
104	787
104	835
104	842
104	868
104	873
104	977
105	111
105	128
105	131
105	142
105	192
105	244
105	346
105	436
105	562
105	640
105	642
105	706
105	710
105	745
105	767
105	867
105	887
106	106
106	131
106	151
106	167
106	182
106	199
106	229
106	421
106	478
106	509
106	536
106	683
106	882
106	944
107	113
107	125
107	130
107	136
107	140
107	154
107	170
107	171
107	177
107	189
107	230
107	425
107	455
107	528
107	574
107	606
107	704
107	778
107	849
107	927
108	159
108	189
108	190
108	199
108	375
108	469
108	533
108	619
108	657
108	678
108	735
108	751
108	895
108	947
108	962
109	121
109	126
109	132
109	140
109	146
109	153
109	173
109	232
109	338
109	411
109	412
109	508
109	679
109	916
109	944
110	128
110	135
110	145
110	151
110	158
110	183
110	397
110	447
110	515
110	591
110	679
110	715
110	737
110	751
110	847
111	134
111	152
111	157
111	168
111	169
111	174
111	186
111	275
111	539
111	568
111	580
111	656
111	755
111	844
111	876
111	941
112	113
112	120
112	134
112	160
112	190
112	194
112	245
112	329
112	342
112	355
112	357
112	373
112	523
112	527
112	581
112	691
112	696
112	704
112	754
112	817
112	824
112	890
112	961
113	128
113	135
113	139
113	151
113	153
113	165
113	183
113	197
113	225
113	302
113	345
113	375
113	382
113	391
113	392
113	553
113	572
113	598
113	745
113	807
113	948
114	120
114	124
114	131
114	138
114	157
114	170
114	174
114	178
114	181
114	198
114	427
114	499
114	553
114	601
114	627
114	727
114	771
114	804
114	806
114	884
114	984
115	116
115	118
115	124
115	129
115	156
115	167
115	169
115	191
115	233
115	242
115	245
115	252
115	404
115	529
115	606
115	638
115	732
115	741
116	123
116	130
116	139
116	143
116	155
116	166
116	171
116	340
116	343
116	390
116	414
116	418
116	506
116	526
116	606
116	923
116	925
116	974
116	989
117	118
117	123
117	147
117	154
117	162
117	184
117	191
117	194
117	215
117	287
117	324
117	406
117	418
117	596
117	780
117	826
117	828
117	846
117	887
117	977
117	994
118	152
118	156
118	163
118	198
118	238
118	303
118	333
118	417
118	796
119	132
119	137
119	148
119	163
119	194
119	199
119	264
119	596
119	645
119	761
119	774
119	781
119	877
119	977
120	125
120	143
120	153
120	182
120	186
120	260
120	293
120	405
120	436
120	452
120	480
120	569
120	618
120	696
120	728
120	809
120	866
120	875
120	890
120	892
120	914
120	939
120	982
121	125
121	343
121	523
121	582
121	729
121	743
121	869
122	139
122	160
122	167
122	169
122	170
122	173
122	174
122	257
122	294
122	383
122	460
122	475
122	652
122	679
122	737
122	796
122	840
122	902
122	958
122	976
123	163
123	177
123	279
123	282
123	297
123	331
123	413
123	439
123	502
123	520
123	533
123	740
123	817
123	836
123	902
123	931
123	965
124	144
124	169
124	172
124	173
124	177
124	184
124	188
124	193
124	228
124	366
124	375
124	441
124	463
124	481
124	515
124	560
124	628
124	633
124	673
124	764
124	773
124	774
124	777
124	821
124	846
124	906
124	927
124	975
125	142
125	150
125	174
125	193
125	226
125	379
125	574
125	690
125	721
125	771
125	795
125	805
125	810
125	916
125	951
126	128
126	157
126	181
126	194
126	278
126	352
126	455
126	520
126	807
126	824
126	956
127	139
127	163
127	168
127	170
127	182
127	215
127	273
127	357
127	407
127	439
127	496
127	541
127	554
127	610
127	646
127	672
127	714
127	717
127	732
127	910
128	133
128	153
128	177
128	185
128	257
128	336
128	342
128	433
128	491
128	497
128	544
128	598
128	607
128	691
128	807
128	874
129	148
129	165
129	227
129	430
129	463
129	495
129	498
129	524
129	618
129	622
129	644
129	693
129	715
129	967
129	973
130	148
130	165
130	178
130	182
130	283
130	598
130	665
130	727
130	739
130	759
130	773
130	947
130	953
131	132
131	143
131	151
131	192
131	202
131	245
131	260
131	303
131	328
131	330
131	426
131	440
131	547
131	552
131	577
131	692
131	899
132	135
132	167
132	186
132	187
132	198
132	320
132	431
132	513
132	637
132	940
132	962
133	139
133	141
133	154
133	162
133	195
133	256
133	388
133	413
133	481
133	528
133	546
133	569
133	684
133	850
133	929
134	138
134	139
134	141
134	147
134	148
134	151
134	154
134	160
134	179
134	181
134	186
134	200
134	223
134	243
134	285
134	307
134	354
134	359
134	457
134	571
134	597
134	731
134	749
134	754
134	942
135	154
135	157
135	171
135	175
135	178
135	193
135	326
135	453
135	478
135	590
135	596
135	638
135	869
136	165
136	172
136	177
136	182
136	194
136	196
136	355
136	479
136	550
136	803
136	840
136	861
136	919
137	140
137	154
137	159
137	169
137	194
137	320
137	447
137	474
137	518
137	600
137	659
137	676
137	692
137	703
137	711
137	721
137	809
137	870
137	977
138	163
138	183
138	189
138	197
138	204
138	306
138	330
138	342
138	354
138	361
138	401
138	421
138	503
138	581
138	595
138	672
138	742
138	765
138	771
138	792
138	823
138	888
138	988
139	160
139	162
139	164
139	197
139	372
139	390
139	428
139	577
139	606
139	668
139	671
139	696
139	878
139	962
140	143
140	150
140	170
140	179
140	180
140	181
140	187
140	207
140	239
140	354
140	467
140	505
140	512
140	691
140	783
140	821
140	917
140	931
141	151
141	186
141	193
141	196
141	224
141	290
141	296
141	367
141	452
141	509
141	584
141	663
141	795
141	859
141	863
141	875
142	168
142	176
142	188
142	192
142	196
142	197
142	241
142	255
142	273
142	399
142	442
142	760
142	894
142	972
143	160
143	161
143	182
143	487
143	536
143	647
143	685
143	785
143	808
143	897
143	922
143	928
143	944
143	959
143	961
144	147
144	175
144	179
144	192
144	243
144	314
144	407
144	493
144	614
144	637
144	667
144	700
144	776
144	834
144	872
144	874
144	926
144	982
145	154
145	180
145	185
145	189
145	194
145	209
145	389
145	427
145	436
145	470
145	505
145	508
145	541
145	546
145	593
145	667
145	702
145	738
145	879
146	198
146	258
146	356
146	409
146	462
146	579
146	705
147	188
147	197
147	269
147	277
147	282
147	368
147	388
147	501
147	802
147	864
147	963
148	163
148	173
148	203
148	215
148	254
148	287
148	293
148	388
148	506
148	613
148	712
148	829
148	942
149	155
149	172
149	198
149	245
149	289
149	339
149	342
149	506
149	538
149	577
149	589
149	682
149	686
149	742
149	763
149	802
149	841
149	874
149	948
150	161
150	164
150	177
150	179
150	193
150	195
150	199
150	237
150	314
150	322
150	323
150	341
150	387
150	457
150	647
150	672
150	686
150	739
150	841
150	885
151	182
151	185
151	198
151	204
151	253
151	324
151	336
151	365
151	387
151	459
151	468
151	548
151	605
151	611
151	634
151	705
151	956
151	989
152	167
152	171
152	193
152	195
152	257
152	292
152	467
152	554
152	810
152	819
152	869
153	157
153	169
153	184
153	187
153	197
153	278
153	317
153	362
153	420
153	441
153	493
153	507
153	627
153	654
153	712
153	720
153	834
153	911
153	975
154	159
154	172
154	175
154	176
154	182
154	192
154	216
154	293
154	333
154	500
154	625
154	669
154	725
154	761
154	762
154	800
154	898
154	917
155	176
155	192
155	198
155	219
155	296
155	394
155	473
155	484
155	648
155	655
155	689
155	890
155	921
156	179
156	197
156	245
156	280
156	367
156	371
156	444
156	484
156	591
156	640
156	925
156	926
157	170
157	183
157	199
157	250
157	311
157	493
157	549
157	807
157	872
157	907
157	932
157	997
158	174
158	180
158	181
158	266
158	278
158	305
158	317
158	341
158	428
158	694
158	715
158	838
158	922
158	955
158	960
158	963
158	974
159	165
159	194
159	258
159	302
159	337
159	550
159	682
159	687
159	746
159	797
159	941
160	175
160	184
160	194
160	201
160	223
160	254
160	436
160	500
160	559
160	632
160	660
160	744
160	763
160	896
161	171
161	227
161	234
161	264
161	376
161	387
161	434
161	436
161	533
161	581
161	686
161	726
161	740
161	743
161	807
162	176
162	199
162	221
162	235
162	288
162	322
162	436
162	515
162	572
162	677
162	710
162	792
162	855
162	889
162	937
162	953
162	996
163	184
163	264
163	340
163	480
163	498
163	526
163	556
163	566
163	628
163	646
163	664
163	808
163	839
163	929
163	985
164	168
164	181
164	182
164	352
164	499
164	524
164	695
164	710
164	728
164	734
164	799
164	904
164	952
164	983
165	178
165	196
165	329
165	357
165	392
165	506
165	526
165	625
165	656
165	742
165	794
165	824
165	945
166	179
166	286
166	414
166	536
166	684
166	780
166	801
166	940
167	172
167	177
167	181
167	199
167	248
167	258
167	260
167	303
167	373
167	400
167	437
167	473
167	504
167	607
167	705
167	710
167	741
167	747
167	757
167	769
167	770
167	905
168	194
168	272
168	279
168	285
168	323
168	408
168	515
168	613
168	712
168	723
168	881
169	191
169	193
169	229
169	332
169	366
169	393
169	403
169	462
169	482
169	518
169	735
169	764
169	780
169	865
169	870
169	874
169	888
169	922
169	940
169	973
170	177
170	180
170	187
170	291
170	366
170	409
170	420
170	479
170	535
170	537
170	634
170	917
170	962
171	190
171	195
171	318
171	358
171	445
171	572
171	579
171	589
171	721
171	747
171	767
171	942
172	185
172	196
172	287
172	422
172	450
172	487
172	505
172	637
172	728
172	729
172	812
172	837
172	883
173	188
173	194
173	198
173	233
173	467
173	549
173	588
173	692
173	698
173	730
173	885
173	893
173	938
173	964
174	174
174	177
174	178
174	179
174	186
174	187
174	188
174	257
174	479
174	502
174	696
174	733
174	847
174	888
175	182
175	190
175	246
175	251
175	292
175	409
175	474
175	540
175	584
175	682
175	793
175	855
175	887
175	922
175	958
176	188
176	195
176	212
176	285
176	321
176	380
176	404
176	452
176	464
176	586
176	589
176	591
176	668
176	717
176	802
176	960
176	968
177	182
177	194
177	197
177	283
177	307
177	308
177	343
177	389
177	428
177	429
177	568
177	676
177	682
177	685
177	686
177	693
177	808
177	871
177	892
177	955
178	198
178	304
178	359
178	801
178	857
178	936
179	181
179	190
179	197
179	264
179	325
179	505
179	536
179	581
179	638
179	673
179	747
179	794
179	930
179	949
179	966
179	971
179	983
179	991
180	205
180	393
180	452
180	520
180	527
180	531
180	592
180	693
180	703
180	727
180	824
180	981
181	257
181	341
181	524
181	651
181	881
181	896
182	198
182	215
182	345
182	371
182	374
182	446
182	506
182	646
182	849
182	868
182	903
182	907
183	193
183	276
183	307
183	354
183	364
183	386
183	417
183	421
183	466
183	520
183	523
183	562
183	642
183	779
183	958
184	191
184	400
184	434
184	503
184	792
184	853
184	884
184	944
185	211
185	401
185	425
185	426
185	487
185	508
185	519
185	534
185	559
185	623
185	651
185	760
185	870
185	987
186	199
186	211
186	357
186	421
186	466
186	540
186	555
186	570
186	648
186	712
186	782
186	852
186	862
186	865
186	923
186	958
186	974
187	211
187	218
187	219
187	225
187	924
188	189
188	353
188	373
188	380
188	463
188	467
188	470
188	471
188	552
188	592
188	682
188	691
188	778
188	821
188	839
188	949
188	955
189	227
189	272
189	465
189	680
189	717
189	788
189	876
189	880
189	904
190	339
190	349
190	358
190	361
190	389
190	441
190	579
190	623
190	632
190	734
191	200
191	243
191	365
191	390
191	429
191	465
191	765
191	825
191	896
191	965
192	200
192	238
192	300
192	391
192	401
192	449
192	533
192	578
192	786
192	789
192	847
192	860
193	283
193	301
193	339
193	351
193	391
193	439
193	494
193	500
193	552
193	587
193	634
193	706
193	762
193	985
194	224
194	266
194	374
194	395
194	447
194	522
194	524
194	559
194	584
194	636
194	968
195	195
195	199
195	222
195	242
195	305
195	350
195	407
195	492
195	591
195	626
195	665
195	679
195	714
195	718
195	740
195	759
195	781
195	927
195	932
195	935
196	226
196	278
196	344
196	356
196	388
196	488
196	500
196	535
196	610
196	629
196	634
196	649
196	704
196	760
196	790
196	819
196	862
196	876
196	887
196	906
197	293
197	470
197	504
197	659
197	678
197	723
197	733
197	738
197	811
197	930
197	955
197	992
198	222
198	247
198	254
198	346
198	416
198	442
198	516
198	580
198	701
198	815
198	952
198	980
199	204
199	273
199	337
199	460
199	542
199	560
199	594
199	619
199	670
199	683
199	776
199	839
199	897
200	205
200	215
200	233
200	244
200	257
200	265
200	274
200	280
200	288
200	340
200	370
200	417
200	455
200	501
200	504
200	507
200	547
200	712
200	718
200	851
201	217
201	243
201	296
201	492
201	597
201	654
201	662
201	741
201	778
201	783
201	799
201	914
201	919
201	964
202	210
202	225
202	226
202	240
202	261
202	284
202	304
202	328
202	376
202	552
202	566
202	602
202	621
202	766
202	822
202	973
203	216
203	238
203	253
203	256
203	266
203	298
203	333
203	408
203	538
203	652
203	665
203	685
203	760
203	802
203	889
203	924
203	938
204	208
204	218
204	219
204	244
204	286
204	313
204	480
204	534
204	706
204	747
204	763
204	789
205	216
205	217
205	243
205	268
205	280
205	299
205	326
205	469
205	521
205	548
205	622
205	716
205	842
205	900
205	919
205	938
206	228
206	249
206	268
206	275
206	456
206	475
206	565
206	577
206	606
206	855
207	209
207	214
207	217
207	224
207	228
207	250
207	256
207	258
207	267
207	275
207	333
207	340
207	375
207	392
207	428
207	462
207	548
207	560
207	580
207	659
207	693
207	716
207	997
208	223
208	229
208	238
208	259
208	271
208	298
208	347
208	427
208	485
208	508
208	551
208	693
208	706
208	716
208	784
208	826
208	906
208	931
208	982
209	218
209	278
209	281
209	292
209	297
209	399
209	465
209	507
209	521
209	579
209	605
209	634
209	668
209	681
209	794
209	829
209	873
209	924
210	217
210	224
210	234
210	256
210	258
210	266
210	277
210	292
210	299
210	358
210	411
210	423
210	441
210	501
210	536
210	598
210	685
210	696
210	763
210	788
210	973
210	998
211	250
211	266
211	272
211	279
211	280
211	289
211	327
211	519
211	954
212	221
212	222
212	245
212	274
212	275
212	285
212	293
212	298
212	571
212	579
212	711
212	726
212	747
212	818
212	865
212	870
213	257
213	258
213	261
213	266
213	271
213	276
213	284
213	302
213	320
213	376
213	475
213	492
213	585
213	642
213	735
213	776
213	801
213	802
213	822
213	842
213	893
213	924
213	996
214	214
214	242
214	270
214	275
214	352
214	395
214	465
214	569
214	712
214	775
214	813
214	817
214	860
214	997
215	215
215	218
215	228
215	252
215	254
215	280
215	283
215	404
215	487
215	490
215	507
215	655
215	840
215	861
215	901
215	907
215	965
216	226
216	238
216	243
216	261
216	266
216	280
216	281
216	298
216	366
216	369
216	393
216	446
216	551
216	650
216	744
216	886
216	893
216	907
216	922
216	949
216	973
216	983
217	247
217	274
217	293
217	294
217	325
217	365
217	369
217	575
217	602
217	640
217	679
217	817
217	909
217	953
217	997
218	240
218	252
218	272
218	275
218	279
218	315
218	353
218	405
218	422
218	513
218	524
218	556
218	640
218	698
218	708
218	767
218	785
218	947
219	261
219	271
219	272
219	273
219	278
219	355
219	385
219	643
219	695
219	806
220	224
220	235
220	293
220	305
220	374
220	433
220	454
220	684
220	730
220	761
220	840
221	224
221	236
221	240
221	250
221	268
221	280
221	589
221	647
221	684
221	685
221	715
221	722
221	758
221	813
221	902
221	936
221	953
222	233
222	242
222	243
222	251
222	281
222	291
222	292
222	305
222	347
222	405
222	432
222	534
222	624
222	753
222	780
222	972
223	240
223	241
223	245
223	254
223	266
223	270
223	272
223	276
223	304
223	440
223	542
223	544
223	601
223	626
223	666
223	759
223	856
223	985
224	227
224	228
224	236
224	272
224	291
224	292
224	293
224	297
224	397
224	454
224	595
224	698
224	699
224	761
224	872
224	952
224	992
225	236
225	249
225	268
225	274
225	289
225	331
225	483
225	518
225	618
225	697
225	816
225	830
225	985
226	227
226	233
226	242
226	244
226	246
226	256
226	257
226	268
226	278
226	302
226	366
226	377
226	408
226	471
226	696
226	697
226	722
226	775
226	876
226	880
226	916
226	927
227	244
227	246
227	283
227	351
227	355
227	364
227	368
227	392
227	481
227	522
227	524
227	586
227	643
227	731
227	788
227	828
227	838
227	841
227	963
228	242
228	268
228	272
228	279
228	283
228	286
228	298
228	343
228	346
228	395
228	465
228	587
228	598
228	681
228	686
228	706
228	877
228	898
229	232
229	246
229	247
229	280
229	348
229	365
229	460
229	728
229	748
229	865
229	877
229	952
230	237
230	243
230	276
230	287
230	293
230	307
230	337
230	353
230	359
230	447
230	566
230	587
230	619
230	627
230	687
230	726
230	730
230	822
230	998
231	236
231	238
231	243
231	273
231	285
231	368
231	530
231	694
231	757
231	788
231	848
231	861
231	896
231	985
232	238
232	269
232	270
232	274
232	279
232	290
232	291
232	293
232	296
232	489
232	525
232	586
232	611
232	636
232	669
232	705
232	787
232	926
233	234
233	238
233	254
233	289
233	290
233	346
233	421
233	437
233	509
233	571
233	636
233	778
233	785
233	946
233	950
234	242
234	250
234	268
234	281
234	294
234	298
234	334
234	358
234	414
234	468
234	492
234	591
234	636
234	722
234	837
234	875
235	244
235	245
235	273
235	347
235	388
235	545
235	628
235	695
235	761
235	773
235	779
235	880
235	888
236	237
236	267
236	284
236	392
236	401
236	523
236	642
236	663
236	678
236	764
236	810
236	861
236	865
236	913
236	946
236	957
237	242
237	252
237	299
237	345
237	359
237	476
237	498
237	502
237	553
237	579
237	978
237	982
238	252
238	253
238	276
238	286
238	290
238	364
238	401
238	411
238	478
238	608
238	624
238	642
238	686
238	751
238	966
239	251
239	280
239	305
239	310
239	462
239	519
239	527
239	556
239	815
239	860
239	966
240	252
240	255
240	266
240	272
240	275
240	309
240	464
240	501
240	503
240	565
240	783
240	864
240	928
240	987
241	245
241	251
241	271
241	276
241	288
241	319
241	336
241	483
241	838
241	883
241	896
242	293
242	294
242	386
242	432
242	442
242	925
243	248
243	254
243	261
243	265
243	287
243	288
243	333
243	409
243	561
243	587
243	683
243	848
243	949
243	957
244	244
244	252
244	253
244	254
244	264
244	288
244	297
244	361
244	462
244	469
244	530
244	569
244	623
244	665
244	725
244	766
244	768
244	900
244	919
244	960
244	973
245	254
245	260
245	285
245	294
245	296
245	381
245	606
245	657
245	793
245	838
245	940
245	945
245	979
245	998
246	273
246	281
246	287
246	319
246	476
246	552
246	644
246	747
246	772
246	843
246	862
246	880
247	258
247	276
247	277
247	494
247	507
247	531
247	564
247	588
247	692
247	854
247	859
247	907
247	970
248	285
248	297
248	594
248	626
248	718
248	867
248	898
249	264
249	266
249	366
249	409
249	454
249	570
249	634
249	702
249	711
249	730
249	757
249	853
249	937
250	297
250	478
250	515
250	607
250	680
250	743
250	748
250	974
251	261
251	284
251	299
251	392
251	555
251	613
251	727
251	728
251	801
251	811
251	840
251	918
252	253
252	256
252	265
252	284
252	462
252	507
252	539
252	673
252	733
252	857
252	890
252	899
252	908
252	910
253	293
253	308
253	465
253	586
253	768
253	852
253	855
254	286
254	382
254	395
254	446
254	447
254	512
254	603
254	616
254	685
254	754
254	765
254	881
255	256
255	267
255	345
255	383
255	396
255	399
255	574
255	581
255	603
255	709
255	718
255	723
255	735
255	809
255	905
256	273
256	284
256	376
256	412
256	537
256	697
256	809
256	910
256	943
257	259
257	260
257	263
257	277
257	282
257	290
257	293
257	295
257	462
257	560
257	588
257	741
257	747
257	778
257	789
257	812
257	833
257	915
257	949
258	268
258	288
258	328
258	395
258	424
258	431
258	472
258	554
258	634
258	660
258	681
258	701
259	262
259	279
259	295
259	306
259	325
259	406
259	523
259	533
259	560
259	983
260	267
260	270
260	281
260	293
260	298
260	315
260	492
260	502
260	520
260	672
260	693
260	737
260	875
261	269
261	292
261	383
261	550
261	588
261	602
261	643
261	688
261	838
261	870
261	881
261	899
261	984
262	278
262	295
262	306
262	445
262	525
262	585
262	618
262	699
262	740
262	767
262	794
262	814
262	956
263	274
263	327
263	440
263	457
263	533
263	585
263	610
263	694
264	274
264	277
264	278
264	287
264	293
264	546
264	566
264	696
264	713
264	836
264	860
264	899
264	920
265	293
265	400
265	409
265	584
265	626
265	670
265	783
265	807
265	817
265	852
265	886
265	963
266	268
266	289
266	295
266	503
266	586
266	713
266	756
266	902
266	942
267	291
267	292
267	297
267	386
267	391
267	405
267	432
267	457
267	944
268	271
268	289
268	293
268	618
268	630
268	684
268	718
268	809
268	967
269	273
269	374
269	534
269	536
269	552
269	735
269	885
270	271
270	284
270	354
270	532
270	561
270	598
270	641
270	750
270	812
270	842
271	272
271	277
271	288
271	318
271	350
271	382
271	440
271	711
271	777
271	887
271	967
272	275
272	330
272	390
272	393
272	398
272	427
272	441
272	482
272	732
272	750
272	794
273	278
273	280
273	482
273	692
273	719
273	747
274	278
274	522
274	531
274	742
274	971
275	280
275	295
275	309
275	362
275	523
275	602
275	788
275	919
275	963
276	468
276	510
276	666
276	669
276	729
276	821
276	884
277	284
277	298
277	350
277	366
277	561
277	649
277	667
277	802
278	440
278	477
278	554
278	682
278	718
278	877
278	923
278	989
279	308
279	310
279	329
279	465
279	474
279	624
279	628
279	946
280	280
280	330
280	358
280	360
280	440
280	443
280	471
280	496
280	631
280	643
280	691
280	708
280	713
280	749
280	770
280	925
281	284
281	296
281	308
281	330
281	332
281	388
281	477
281	480
281	671
281	693
281	712
281	763
281	809
281	837
281	841
281	928
281	973
282	282
282	290
282	296
282	325
282	486
282	620
282	672
282	682
282	746
282	801
283	319
283	378
283	444
283	447
283	481
283	523
283	524
283	627
283	704
283	770
283	948
283	950
284	290
284	337
284	467
284	493
284	524
284	592
284	685
284	770
284	884
285	286
285	290
285	292
285	310
285	494
285	522
285	595
285	596
285	630
285	673
285	770
285	876
285	905
285	970
286	290
286	329
286	532
286	611
286	618
286	742
286	774
286	802
286	938
286	993
286	994
287	340
287	510
287	515
287	567
287	607
287	639
287	793
287	871
287	908
287	911
288	291
288	333
288	349
288	433
288	459
288	566
288	739
288	748
288	772
288	806
288	811
288	955
289	296
289	337
289	446
289	524
289	803
289	812
289	865
289	899
290	293
290	296
290	382
290	440
290	448
290	856
291	296
291	455
291	564
291	680
291	898
291	899
292	296
292	355
292	357
292	403
292	432
292	491
292	499
292	551
292	574
292	576
292	632
292	842
292	942
292	954
293	298
293	333
293	422
293	459
293	479
293	491
293	531
293	584
293	667
293	711
293	762
293	947
293	965
293	995
294	368
294	384
294	595
294	699
294	711
294	894
295	466
295	519
295	555
295	592
295	605
295	644
295	685
295	722
295	816
295	821
295	931
296	666
296	692
296	852
296	881
297	410
297	412
297	443
297	639
297	671
297	710
297	722
297	745
297	760
297	917
297	955
298	365
298	367
298	448
298	896
299	311
299	317
299	633
299	720
299	728
299	815
299	869
299	980
300	303
300	304
300	305
300	308
300	315
300	317
300	318
300	333
300	351
300	354
300	361
300	385
300	419
300	609
300	666
300	723
300	724
300	813
300	882
300	925
300	926
301	315
301	317
301	323
301	327
301	342
301	354
301	366
301	386
301	387
301	389
301	432
301	450
301	467
301	504
301	593
301	608
301	679
301	717
301	718
301	736
301	835
301	879
301	959
302	307
302	310
302	325
302	338
302	342
302	347
302	390
302	452
302	640
302	649
302	707
302	795
302	882
302	895
302	911
302	925
302	997
303	305
303	349
303	351
303	354
303	355
303	368
303	369
303	437
303	594
303	807
303	850
303	975
303	986
304	319
304	321
304	331
304	349
304	350
304	384
304	426
304	452
304	457
304	523
304	711
304	722
304	784
304	792
304	881
304	906
304	976
304	993
304	998
305	355
305	374
305	408
305	549
305	662
305	891
306	311
306	332
306	339
306	371
306	394
306	399
306	485
306	487
306	500
306	624
306	639
306	795
306	890
306	914
306	947
307	310
307	372
307	377
307	389
307	393
307	399
307	622
307	891
307	970
307	995
308	313
308	314
308	323
308	349
308	357
308	358
308	374
308	376
308	433
308	559
308	571
308	605
308	856
308	882
308	886
308	920
309	340
309	348
309	363
309	509
309	638
309	666
309	794
309	846
309	892
309	963
309	969
309	994
310	314
310	317
310	324
310	339
310	346
310	365
310	380
310	383
310	467
310	601
310	700
310	739
310	749
310	810
310	832
311	315
311	338
311	352
311	371
311	413
311	421
311	451
311	470
311	483
311	579
311	614
311	667
311	743
311	856
312	349
312	351
312	352
312	380
312	382
312	387
312	419
312	462
312	493
312	530
312	627
312	690
312	693
312	870
312	887
313	364
313	366
313	391
313	408
313	410
313	426
313	555
313	772
313	904
313	961
314	322
314	342
314	356
314	375
314	383
314	424
314	552
314	709
314	727
314	801
314	805
314	839
314	875
315	347
315	363
315	380
315	389
315	398
315	408
315	411
315	574
315	613
315	631
315	674
315	764
315	838
315	872
315	951
316	329
316	331
316	355
316	372
316	532
316	581
316	779
317	331
317	335
317	342
317	348
317	361
317	366
317	371
317	386
317	430
317	435
317	493
317	568
317	621
317	721
317	834
317	967
317	995
318	319
318	341
318	383
318	523
318	547
318	564
318	641
318	657
318	664
318	714
318	853
319	333
319	378
319	395
319	408
319	753
319	879
319	881
319	913
319	924
319	943
319	974
320	323
320	375
320	399
320	584
320	812
320	817
320	834
320	848
320	902
321	323
321	324
321	349
321	359
321	407
321	452
321	497
321	580
321	606
321	643
321	671
321	712
321	720
321	770
321	894
321	905
322	323
322	331
322	344
322	368
322	386
322	388
322	407
322	413
322	579
322	623
322	638
322	650
322	660
322	663
322	678
322	737
322	744
322	859
322	970
322	988
323	459
323	479
323	522
323	649
323	683
323	699
323	719
323	727
323	773
323	861
323	927
324	338
324	339
324	350
324	354
324	393
324	795
324	885
324	965
324	994
325	343
325	369
325	516
325	652
325	691
325	775
325	842
325	872
325	883
325	900
325	922
325	952
326	413
326	420
326	496
326	526
326	608
326	784
326	983
327	338
327	364
327	366
327	374
327	535
327	557
327	613
327	657
327	773
327	815
327	918
327	967
328	360
328	361
328	362
328	372
328	374
328	375
328	383
328	390
328	448
328	504
328	639
328	783
328	837
328	872
329	329
329	339
329	346
329	353
329	354
329	387
329	432
329	465
329	535
329	644
329	702
329	811
329	815
329	824
330	368
330	386
330	388
330	396
330	436
330	613
330	702
330	703
330	757
330	792
330	901
331	332
331	357
331	360
331	369
331	378
331	387
331	424
331	556
331	599
331	645
331	720
331	736
331	845
331	900
331	949
332	334
332	355
332	368
332	372
332	454
332	456
332	475
332	552
332	561
332	637
332	655
332	713
332	717
332	728
332	779
332	870
332	946
332	954
333	355
333	365
333	380
333	511
333	512
333	548
333	584
333	594
333	642
333	821
333	886
333	937
333	939
334	340
334	352
334	357
334	376
334	384
334	388
334	399
334	486
334	527
334	538
334	575
334	771
334	802
334	938
335	349
335	352
335	366
335	376
335	382
335	392
335	475
335	517
335	534
335	547
335	593
335	608
335	612
335	653
335	793
335	854
335	954
336	338
336	349
336	354
336	367
336	369
336	442
336	459
336	462
336	536
336	781
336	857
337	349
337	356
337	359
337	371
337	432
337	437
337	438
337	455
337	522
337	650
337	651
337	666
337	693
337	718
337	791
337	812
337	878
337	913
338	379
338	383
338	386
338	511
338	514
338	547
338	569
338	668
338	686
338	697
338	700
338	797
338	912
339	346
339	396
339	414
339	433
339	446
339	518
339	612
339	678
339	729
339	926
339	977
340	355
340	356
340	359
340	361
340	442
340	520
340	529
340	563
340	611
340	639
340	728
340	772
340	821
340	827
340	913
340	943
340	949
341	354
341	357
341	370
341	378
341	395
341	468
341	475
341	709
341	738
341	814
341	817
341	845
341	957
341	995
342	345
342	349
342	350
342	358
342	384
342	553
342	555
342	607
342	643
342	734
342	781
342	790
342	841
342	919
342	925
343	349
343	388
343	475
343	490
343	584
343	673
343	741
343	871
343	872
343	953
344	347
344	369
344	371
344	392
344	464
344	598
344	782
344	943
345	373
345	450
345	567
345	672
345	813
345	856
345	902
345	993
346	364
346	377
346	381
346	389
346	529
346	553
346	615
346	625
346	636
346	767
346	775
346	789
346	821
346	953
346	961
346	988
347	351
347	357
347	365
347	385
347	482
347	549
347	560
347	629
347	668
347	669
347	877
347	904
348	369
348	495
348	506
348	528
348	657
348	711
348	849
348	967
349	379
349	585
349	721
349	840
349	957
350	358
350	381
350	671
350	734
350	850
350	864
351	352
351	383
351	390
351	397
351	511
351	522
351	599
351	618
351	665
351	684
352	361
352	362
352	370
352	387
352	388
352	390
352	453
352	642
352	698
352	730
352	735
352	742
352	815
352	857
352	879
353	366
353	373
353	690
353	743
353	780
353	781
354	366
354	376
354	383
354	391
354	392
354	417
354	487
354	494
354	602
354	629
354	743
354	849
354	878
355	364
355	368
355	369
355	373
355	392
355	404
355	488
355	542
355	627
355	758
355	786
355	918
356	362
356	389
356	395
356	646
356	788
356	946
356	970
357	392
357	461
357	473
357	527
357	653
357	768
357	798
357	828
357	865
358	360
358	379
358	384
358	386
358	417
358	648
358	731
358	925
358	938
358	957
359	373
359	380
359	381
359	431
359	560
359	635
359	691
359	717
359	777
359	834
360	364
360	371
360	434
360	439
360	468
360	473
360	560
360	645
360	675
360	740
360	778
360	782
360	856
360	880
361	369
361	381
361	445
361	770
361	788
361	821
361	826
361	888
361	910
361	953
361	982
362	363
362	375
362	380
362	389
362	393
362	395
362	653
362	919
362	962
363	364
363	378
363	382
363	384
363	390
363	393
363	535
363	555
363	648
363	668
363	747
363	762
363	832
363	844
363	861
363	890
364	379
364	396
364	673
364	698
364	723
364	833
364	840
364	901
364	909
364	916
365	383
365	461
365	508
365	577
365	647
365	675
365	758
365	808
365	814
365	896
365	957
365	994
366	388
366	391
366	395
366	472
366	581
366	690
366	811
366	917
366	928
367	375
367	383
367	384
367	396
367	484
367	511
367	752
367	838
367	979
367	988
368	377
368	387
368	419
368	485
368	669
368	710
368	934
368	950
368	967
368	975
369	392
369	447
369	626
369	659
369	691
369	704
369	939
369	979
370	376
370	378
370	382
370	386
370	387
370	425
370	442
370	603
370	920
370	922
370	939
370	949
370	966
370	975
371	386
371	425
371	521
371	536
371	683
371	779
371	797
371	808
371	886
371	936
371	952
371	983
372	374
372	375
372	500
372	506
372	535
372	548
372	606
372	763
372	793
372	830
372	834
372	845
372	906
372	955
373	378
373	590
373	619
373	746
373	916
374	374
374	394
374	412
374	850
374	929
375	376
375	407
375	485
375	491
375	645
375	680
375	745
375	772
375	873
376	383
376	394
376	401
376	406
376	432
376	438
376	507
376	511
376	553
376	638
376	772
376	827
376	847
376	893
377	394
377	430
377	621
377	809
377	845
377	848
377	936
378	394
378	399
378	430
378	467
378	500
378	560
378	565
378	742
378	761
378	818
378	845
378	849
379	561
379	771
379	786
379	802
379	810
379	903
379	976
380	573
380	641
380	670
380	710
380	809
380	842
380	867
380	874
380	956
381	394
381	395
381	451
381	462
381	745
381	779
381	860
381	862
381	885
381	897
381	974
382	504
382	512
382	558
382	561
382	575
382	593
382	731
382	793
382	856
382	911
382	966
382	981
383	389
383	390
383	395
383	444
383	613
383	669
384	476
384	539
384	607
384	700
384	702
384	783
384	809
384	817
384	819
384	836
384	977
385	476
385	496
385	762
385	814
385	815
386	393
386	397
386	489
386	511
386	642
386	716
386	753
386	763
386	810
386	925
387	388
387	392
387	401
387	568
387	658
387	669
387	699
387	849
387	875
387	929
387	939
387	982
388	394
388	395
388	695
388	698
389	396
389	495
389	574
389	591
389	678
389	723
389	785
389	796
389	857
389	912
389	925
389	933
389	944
389	951
390	418
390	455
390	468
390	481
390	499
390	526
390	714
390	733
390	782
390	813
390	893
390	939
390	943
391	423
391	439
391	530
391	683
391	791
391	826
391	851
391	905
391	909
392	399
392	707
392	832
392	943
392	969
393	396
393	423
393	442
393	456
393	495
393	624
393	635
393	705
393	720
393	736
393	757
394	397
394	452
394	487
394	504
394	540
394	647
395	478
395	621
395	993
396	525
396	652
396	653
396	788
396	851
396	917
397	535
397	669
397	761
397	834
397	917
397	997
398	589
398	677
398	826
398	836
398	892
398	894
398	943
398	988
399	533
399	622
399	650
399	712
399	807
399	914
400	407
400	445
400	460
400	464
400	466
400	470
400	506
400	518
400	530
400	661
400	789
400	848
400	979
401	426
401	431
401	436
401	466
401	477
401	480
401	491
401	499
401	576
401	745
401	760
401	820
401	835
401	907
401	965
401	973
402	459
402	463
402	470
402	472
402	473
402	530
402	617
402	724
402	836
402	855
402	862
402	875
402	883
402	912
402	938
402	945
403	410
403	479
403	487
403	523
403	585
403	600
403	878
403	882
403	900
403	936
404	405
404	436
404	449
404	460
404	461
404	516
404	753
405	432
405	467
405	470
405	473
405	490
405	514
405	547
405	621
405	637
405	666
405	688
405	741
405	750
405	760
405	868
405	938
405	998
406	410
406	423
406	426
406	433
406	460
406	469
406	480
406	561
406	644
406	784
406	834
406	934
406	976
406	982
407	416
407	442
407	453
407	459
407	460
407	509
407	754
407	787
407	820
408	423
408	431
408	456
408	509
408	532
408	576
408	583
408	636
408	689
408	744
408	771
408	819
408	868
408	893
408	946
409	410
409	420
409	437
409	447
409	449
409	473
409	476
409	498
409	499
409	558
409	652
409	719
409	752
409	808
409	839
409	934
410	419
410	424
410	430
410	453
410	473
410	482
410	484
410	494
410	545
410	619
410	678
410	684
410	878
410	883
410	895
410	943
410	950
410	959
411	412
411	415
411	444
411	472
411	481
411	491
411	540
411	648
411	738
411	874
412	510
412	655
412	656
412	806
412	813
412	867
413	424
413	430
413	441
413	447
413	451
413	458
413	459
413	483
413	490
413	494
413	497
413	498
413	547
413	579
413	639
413	669
413	703
413	779
413	839
413	874
413	947
413	985
414	417
414	419
414	432
414	433
414	453
414	467
414	471
414	482
414	498
414	620
414	655
414	817
414	825
414	878
414	916
414	975
414	986
415	419
415	429
415	430
415	433
415	434
415	435
415	447
415	520
415	526
415	606
415	724
415	726
415	854
415	867
415	895
415	944
416	437
416	461
416	666
416	754
416	793
416	862
417	423
417	438
417	444
417	450
417	452
417	453
417	454
417	467
417	504
417	565
417	647
417	706
417	822
417	871
418	435
418	450
418	453
418	456
418	465
418	468
418	480
418	497
418	566
418	636
418	658
418	701
418	734
418	799
418	817
418	915
418	945
419	460
419	461
419	462
419	464
419	470
419	479
419	487
419	497
419	530
419	597
419	838
419	858
419	953
419	954
420	427
420	442
420	448
420	464
420	475
420	639
420	651
420	672
420	757
420	919
420	926
420	978
421	444
421	458
421	482
421	493
421	582
421	605
421	824
421	973
421	982
422	426
422	454
422	470
422	490
422	492
422	536
422	542
422	653
422	756
422	773
422	785
422	902
422	918
422	939
422	971
423	424
423	425
423	433
423	440
423	459
423	460
423	462
423	486
423	493
423	511
423	538
423	561
423	668
423	744
423	787
423	879
423	888
424	429
424	447
424	451
424	472
424	486
424	584
424	690
424	708
424	794
424	820
424	892
424	922
425	427
425	429
425	433
425	435
425	440
425	442
425	476
425	477
425	480
425	482
425	574
425	580
425	804
425	939
425	971
425	972
426	454
426	743
426	839
426	917
426	978
426	984
427	462
427	471
427	525
427	586
427	754
427	824
427	854
427	952
428	435
428	442
428	444
428	455
428	457
428	463
428	472
428	473
428	611
428	622
428	705
428	712
428	776
428	829
428	932
429	459
429	477
429	495
429	524
429	693
429	840
429	874
429	927
429	946
429	956
429	959
430	431
430	438
430	442
430	445
430	453
430	486
430	495
430	530
430	607
430	629
430	814
430	842
430	895
431	454
431	455
431	456
431	469
431	473
431	554
431	641
431	656
431	802
431	892
431	927
431	996
432	448
432	453
432	455
432	474
432	491
432	497
432	630
432	661
432	684
432	786
432	830
432	841
432	866
433	440
433	454
433	463
433	478
433	493
433	497
433	532
433	588
433	615
433	859
433	926
433	934
433	997
434	453
434	463
434	477
434	523
434	698
434	805
434	817
434	910
434	957
435	438
435	460
435	461
435	478
435	486
435	489
435	567
435	630
435	636
435	761
435	944
435	950
435	965
435	970
436	441
436	447
436	450
436	769
436	796
436	816
436	853
436	901
436	928
436	950
437	453
437	463
437	542
437	757
437	778
437	787
437	879
437	890
437	923
438	453
438	459
438	460
438	490
438	595
438	601
438	622
438	757
438	798
438	811
438	872
438	907
438	935
438	968
438	981
438	994
439	447
439	454
439	487
439	497
439	543
439	617
439	637
439	645
439	785
439	793
439	859
439	885
439	924
440	451
440	547
440	672
440	842
440	898
441	443
441	483
441	486
441	495
441	498
441	648
441	662
441	728
441	763
441	869
441	950
442	444
442	447
442	483
442	630
442	634
442	806
442	908
442	925
443	457
443	469
443	476
443	482
443	484
443	497
443	585
443	603
443	618
443	679
443	700
443	723
443	785
443	790
443	948
443	981
444	453
444	455
444	462
444	493
444	494
444	495
444	499
444	527
444	563
444	735
444	944
444	947
445	445
445	467
445	481
445	498
445	513
445	522
445	575
445	615
445	650
445	653
445	741
445	850
445	995
446	458
446	466
446	470
446	510
446	525
446	565
446	687
446	767
446	804
446	845
447	449
447	450
447	462
447	463
447	472
447	481
447	491
447	563
447	646
447	668
447	750
447	772
447	789
447	793
447	835
447	902
447	903
447	999
448	456
448	490
448	516
448	636
448	652
448	669
448	702
448	788
448	838
448	877
449	454
449	457
449	461
449	469
449	470
449	538
449	606
449	624
449	646
449	771
449	931
449	938
449	952
450	461
450	475
450	480
450	493
450	519
450	544
450	566
450	738
450	763
450	799
450	818
450	856
450	880
451	457
451	474
451	486
451	562
451	632
451	699
451	733
451	800
451	883
451	891
451	909
451	914
452	468
452	479
452	499
452	511
452	600
452	685
452	738
453	455
453	458
453	465
453	477
453	670
453	686
453	752
453	768
453	797
453	864
453	865
453	895
453	950
453	964
453	998
454	455
454	457
454	463
454	533
454	619
454	636
454	700
454	831
454	834
454	935
454	986
455	476
455	477
455	503
455	621
455	695
455	920
455	965
455	976
456	464
456	473
456	487
456	542
456	625
456	641
456	691
456	754
456	822
456	828
456	869
456	883
457	461
457	483
457	496
457	544
457	553
457	582
457	785
457	788
457	918
458	464
458	467
458	482
458	489
458	490
458	556
458	563
458	572
458	838
458	857
458	860
458	899
459	469
459	479
459	492
459	590
459	633
459	637
459	662
459	684
459	698
459	717
459	800
459	817
459	858
460	486
460	491
460	496
460	538
460	543
460	651
460	777
460	815
460	905
460	981
461	483
461	487
461	507
461	524
461	539
461	560
461	562
461	596
461	640
461	673
461	753
461	763
461	792
461	817
461	844
461	902
461	954
462	463
462	473
462	490
462	492
462	647
462	659
462	670
462	676
462	708
462	726
462	734
462	761
462	806
462	825
462	941
462	981
463	466
463	468
463	508
463	637
463	746
463	809
463	845
463	874
463	889
463	942
463	994
464	479
464	487
464	488
464	614
464	820
464	889
464	894
464	918
464	938
465	484
465	575
465	584
465	630
465	659
465	783
465	845
465	868
465	997
466	485
466	490
466	493
466	751
466	781
466	853
466	855
466	940
466	946
466	986
467	475
467	490
467	525
467	664
467	943
467	969
467	994
468	481
468	483
468	486
468	499
468	524
468	556
468	708
468	789
469	479
469	489
469	784
469	796
469	880
469	909
469	916
469	932
469	937
469	970
470	472
470	494
470	574
470	580
470	584
470	616
470	651
470	737
470	757
470	792
470	866
470	876
471	476
471	488
471	494
471	495
471	631
471	685
471	687
471	688
471	701
471	706
471	814
471	870
471	879
471	892
471	968
471	976
472	477
472	479
472	526
472	552
472	563
472	615
472	636
472	712
472	931
472	932
473	495
473	583
473	607
473	627
473	768
473	852
473	906
473	921
473	969
473	994
473	995
474	485
474	489
474	560
474	622
474	732
474	774
474	787
474	811
474	817
474	822
474	852
474	890
474	912
474	924
474	925
475	514
475	528
475	563
475	614
475	615
475	673
475	994
476	478
476	733
476	806
476	862
476	880
476	962
477	487
477	488
477	490
477	492
477	496
477	609
477	793
477	869
478	485
478	489
478	656
478	708
478	750
478	768
478	863
478	917
479	524
479	532
479	589
479	592
479	598
479	665
480	488
480	492
480	493
480	498
480	578
480	602
480	606
480	630
480	711
480	889
481	482
481	485
481	492
481	499
481	531
481	624
481	749
481	819
481	820
481	918
482	484
482	587
482	602
482	606
482	617
482	631
482	668
482	678
482	735
482	752
482	815
482	861
482	863
482	898
482	921
482	946
483	523
483	539
483	552
483	653
483	681
483	709
483	781
483	828
483	876
483	994
484	488
484	591
484	612
484	668
484	672
484	690
484	713
484	751
484	902
485	498
485	499
485	944
485	959
485	970
486	493
486	498
486	591
486	629
486	673
486	719
486	876
486	951
486	988
487	589
487	751
487	818
487	821
487	822
487	865
487	924
487	964
487	976
488	507
488	561
488	934
489	632
489	675
489	794
489	894
490	545
490	548
490	550
490	596
490	636
490	777
490	816
490	834
490	895
490	928
490	975
491	497
491	573
491	622
491	667
491	833
491	868
491	956
491	964
492	517
492	717
493	546
493	628
493	644
493	646
493	823
493	879
493	974
494	508
494	534
494	569
494	608
494	624
494	813
494	842
494	885
495	547
495	593
495	656
495	668
495	676
495	807
495	819
495	866
495	969
495	976
496	508
496	554
496	578
496	616
496	720
496	960
497	590
497	598
497	619
497	763
497	766
497	852
498	639
498	845
498	896
498	910
499	515
499	552
499	562
499	572
499	574
499	649
499	895
499	968
500	502
500	506
500	508
500	513
500	518
500	528
500	557
500	566
500	631
500	805
500	816
500	947
501	511
501	515
501	525
501	529
501	540
501	577
501	595
501	624
501	640
501	997
502	543
502	560
502	589
502	594
502	619
502	707
502	710
502	743
502	783
502	875
502	916
502	961
503	531
503	538
503	568
503	586
503	821
503	845
503	852
503	880
504	520
504	527
504	535
504	540
504	541
504	560
504	566
504	572
504	590
504	592
504	809
504	876
504	951
504	972
504	982
505	514
505	520
505	523
505	527
505	534
505	537
505	548
505	595
505	678
505	843
505	853
505	908
505	961
506	513
506	521
506	528
506	532
506	550
506	577
506	597
506	607
506	652
506	684
506	738
506	761
506	789
506	824
506	847
506	896
506	982
507	521
507	592
507	716
507	745
508	535
508	537
508	550
508	554
508	567
508	571
508	573
508	587
508	594
508	644
508	679
508	896
508	917
508	943
508	986
509	514
509	516
509	518
509	523
509	526
509	534
509	548
509	556
509	571
509	574
509	591
509	742
509	766
509	882
509	925
510	550
510	556
510	558
510	571
510	586
510	598
510	610
510	670
510	741
510	823
510	978
511	525
511	540
511	542
511	547
511	551
511	565
511	586
511	592
511	748
511	788
511	860
511	880
512	523
512	544
512	546
512	568
512	657
512	669
512	684
512	688
513	513
513	524
513	530
513	538
513	566
513	573
513	590
513	592
513	715
513	799
513	853
513	918
513	974
514	530
514	538
514	540
514	546
514	569
514	574
514	675
514	846
514	971
514	986
515	525
515	538
515	541
515	558
515	577
515	598
515	659
515	671
515	672
515	786
515	977
516	537
516	539
516	544
516	546
516	725
516	735
516	833
516	915
516	988
517	521
517	525
517	548
517	552
517	555
517	556
517	568
517	569
517	571
517	573
517	583
517	663
517	664
517	722
517	743
517	755
517	763
517	784
517	872
517	898
517	955
517	978
518	524
518	525
518	544
518	571
518	579
518	637
518	660
518	743
518	827
518	932
519	527
519	537
519	552
519	570
519	581
519	685
519	700
519	727
519	862
519	882
519	919
520	579
520	586
520	594
520	745
520	763
520	913
521	526
521	527
521	529
521	551
521	557
521	566
521	570
521	592
521	744
521	754
521	756
521	824
521	961
522	523
522	528
522	535
522	552
522	553
522	561
522	573
522	576
522	578
522	584
522	667
522	746
522	778
522	804
522	835
522	837
522	867
523	562
523	568
523	581
523	619
523	794
523	850
523	902
523	928
524	554
524	565
524	573
524	576
524	583
524	688
524	747
524	786
524	834
524	870
525	543
525	564
525	566
525	568
525	575
525	635
525	649
525	786
525	812
525	831
525	854
525	867
525	887
525	898
525	912
525	922
525	958
526	538
526	572
526	880
527	527
527	566
527	569
527	571
527	587
527	590
527	593
527	608
527	615
527	677
527	802
528	535
528	537
528	538
528	543
528	545
528	548
528	553
528	567
528	683
528	699
528	707
528	869
528	962
528	968
528	976
529	529
529	535
529	545
529	553
529	566
529	578
529	631
529	697
529	721
529	796
529	897
529	917
529	950
530	530
530	549
530	561
530	581
530	594
530	690
530	719
530	834
530	952
531	550
531	592
531	662
531	722
531	756
531	872
531	882
531	909
532	541
532	564
532	576
532	593
532	624
532	639
532	763
532	768
532	825
532	836
532	857
532	860
532	944
532	948
533	550
533	563
533	591
533	595
533	608
533	694
533	706
533	802
533	814
533	825
533	892
533	922
533	974
534	538
534	542
534	572
534	575
534	596
534	608
534	689
534	699
534	721
534	729
534	755
534	803
534	839
534	864
534	884
534	946
535	564
535	616
535	649
535	694
535	764
535	788
535	903
535	942
535	962
535	976
536	536
536	550
536	554
536	579
536	592
536	594
536	595
536	745
536	746
536	783
537	546
537	555
537	557
537	623
537	661
537	730
537	763
537	775
537	789
537	821
537	939
538	569
538	570
538	577
538	592
538	595
538	598
538	600
538	622
538	737
538	806
538	845
538	890
538	922
538	930
539	545
539	548
539	561
539	575
539	580
539	594
539	792
539	808
539	939
539	962
540	550
540	552
540	556
540	564
540	570
540	577
540	584
540	585
540	587
540	657
540	682
540	741
540	779
540	795
540	896
540	913
541	553
541	566
541	576
541	581
541	590
541	729
541	746
541	777
541	900
541	942
541	989
542	547
542	556
542	595
542	774
542	776
542	825
542	842
542	919
543	545
543	553
543	581
543	596
543	620
543	739
543	747
543	826
543	854
543	943
543	980
543	985
544	553
544	575
544	583
544	590
544	841
544	940
544	948
544	959
544	970
545	567
545	635
545	692
545	713
545	779
545	787
546	557
546	598
546	627
546	847
546	889
546	936
546	990
547	554
547	556
547	564
547	588
547	596
547	600
547	668
547	716
547	795
548	574
548	851
549	752
549	841
550	586
550	700
550	792
550	821
550	895
551	557
551	558
551	586
551	603
551	631
551	644
551	648
551	722
551	779
551	934
551	994
552	584
552	586
552	591
552	599
552	604
552	620
552	640
552	697
552	721
552	861
552	892
553	565
553	568
553	587
553	600
553	793
553	856
553	969
554	559
554	567
554	572
554	592
554	813
554	834
554	943
554	962
555	570
555	598
555	616
555	827
556	581
556	615
556	629
556	714
556	771
557	577
557	597
557	835
557	926
557	980
557	998
558	577
558	589
558	688
558	695
558	744
558	749
558	854
559	616
559	662
559	866
559	951
559	958
560	602
560	702
560	704
560	776
560	833
560	870
560	879
560	914
560	918
560	943
561	563
561	568
561	573
561	578
561	589
561	627
561	690
561	698
561	734
561	814
561	875
561	896
562	564
562	567
562	578
562	790
562	896
562	951
563	563
563	572
563	575
563	585
563	586
563	588
563	674
563	678
563	711
563	742
563	767
563	822
563	860
563	868
563	899
564	571
564	577
564	586
564	588
564	620
564	671
564	876
564	909
564	937
564	965
564	966
564	983
565	573
565	579
565	595
565	614
565	838
565	989
566	568
566	639
566	665
567	584
567	668
567	674
567	742
567	805
568	570
568	571
568	575
568	583
568	586
568	703
568	709
568	768
568	769
568	795
568	856
568	876
569	573
569	676
569	713
569	803
569	881
569	907
569	956
570	579
570	588
570	590
570	599
570	643
570	675
571	641
571	644
571	668
571	675
571	748
571	859
571	893
572	575
572	587
572	598
572	628
572	895
572	948
572	960
573	583
573	595
573	927
574	582
574	624
574	633
574	665
574	672
574	742
574	839
574	909
574	986
575	576
575	583
575	593
575	596
575	824
575	893
575	979
576	618
576	641
576	715
576	744
576	785
576	808
576	831
576	866
576	904
576	942
576	987
577	667
577	700
577	811
577	940
577	970
577	999
578	589
578	599
578	768
578	804
578	816
578	953
578	954
579	688
579	828
580	587
580	646
580	719
580	762
580	791
580	806
580	949
580	994
581	582
581	626
581	650
581	741
581	746
581	782
581	935
581	989
582	595
582	599
582	703
582	808
582	819
582	821
582	844
582	861
582	910
582	953
582	955
583	591
583	601
583	662
583	711
583	734
583	805
583	834
583	951
583	953
584	598
584	635
584	650
584	682
584	746
584	830
584	850
584	906
584	908
584	995
585	590
585	593
585	645
585	709
585	792
585	857
585	919
585	982
586	638
586	674
586	797
586	824
586	962
587	603
587	724
587	788
587	822
587	827
587	915
587	932
588	596
588	620
588	752
588	784
589	593
589	637
589	646
589	686
589	758
589	852
589	947
589	953
590	608
590	680
590	694
590	799
590	843
590	975
591	664
591	693
591	750
591	759
591	795
591	840
591	882
591	894
591	939
592	820
592	875
592	921
592	933
592	972
592	997
593	684
593	931
594	675
594	687
594	859
594	991
595	600
595	666
595	724
595	750
595	761
595	790
595	846
595	853
595	904
596	667
596	779
596	823
596	861
597	701
597	833
598	657
598	691
598	718
598	777
598	809
598	844
598	926
599	669
599	697
599	753
599	868
599	971
600	609
600	620
600	629
600	633
600	635
600	644
600	645
600	647
600	673
600	689
600	694
600	699
600	731
600	791
600	832
600	886
600	924
600	998
601	612
601	623
601	640
601	653
601	670
601	716
601	727
601	736
601	957
602	665
602	684
602	749
602	799
602	869
602	878
603	609
603	614
603	633
603	643
603	650
603	652
603	670
603	689
603	799
603	859
603	938
604	631
604	636
604	639
604	648
604	653
604	666
604	716
604	717
604	738
604	804
604	814
604	936
604	984
604	991
605	613
605	636
605	652
605	658
605	678
605	681
605	684
605	690
605	698
605	710
605	713
605	747
605	790
605	892
605	997
606	608
606	617
606	636
606	662
606	696
606	839
607	608
607	609
607	611
607	638
607	647
607	649
607	656
607	687
607	763
607	805
607	819
607	871
607	981
608	618
608	641
608	642
608	734
608	817
608	839
608	910
608	921
608	950
608	993
609	610
609	624
609	629
609	641
609	675
609	698
609	710
609	742
609	851
609	926
609	936
610	625
610	689
610	709
610	714
610	805
610	875
611	619
611	632
611	639
611	640
611	642
611	646
611	649
611	660
611	667
611	678
611	681
611	684
611	816
612	619
612	620
612	626
612	637
612	684
612	687
612	721
612	752
612	801
613	627
613	631
613	642
613	673
613	778
614	617
614	653
614	668
614	681
614	682
614	690
614	716
614	719
614	806
614	903
614	966
615	647
615	651
615	658
615	664
615	665
615	666
615	670
615	691
615	692
615	697
615	699
615	729
615	804
615	842
615	850
615	858
615	883
615	890
615	902
616	619
616	659
616	662
616	667
616	685
616	690
616	867
616	895
617	646
617	672
617	683
617	690
617	864
617	934
617	936
617	968
617	984
618	624
618	625
618	626
618	631
618	641
618	642
618	649
618	651
618	665
618	690
618	777
619	620
619	633
619	660
619	668
619	674
619	681
619	688
619	692
619	852
619	958
619	969
619	974
620	671
620	676
620	678
620	682
620	718
620	723
620	798
620	871
620	895
620	935
621	641
621	666
621	669
621	679
621	686
621	698
621	724
621	824
621	827
621	839
621	876
621	917
622	653
622	673
622	677
622	680
622	698
622	706
622	850
622	952
623	625
623	631
623	635
623	638
623	642
623	664
623	677
623	788
623	966
623	995
624	649
624	689
624	693
624	758
624	782
624	841
624	857
624	883
624	914
625	637
625	652
625	665
625	672
625	683
625	686
625	696
625	698
625	803
625	835
625	867
626	627
626	638
626	639
626	658
626	677
626	752
626	831
626	898
626	903
626	960
626	990
627	629
627	671
627	687
627	859
627	961
628	636
628	645
628	666
628	676
628	696
628	703
628	749
628	848
628	869
628	939
629	638
629	647
629	656
629	660
629	710
629	834
629	836
629	842
629	986
630	643
630	644
630	670
630	672
630	685
630	686
630	794
630	803
630	900
631	638
631	693
631	696
631	723
631	732
631	755
631	760
631	851
632	637
632	657
632	662
632	664
632	667
632	677
632	693
632	694
632	697
632	748
632	774
632	793
632	867
632	977
632	999
633	660
633	673
633	685
633	692
633	744
633	757
633	810
633	818
633	864
633	894
633	946
633	962
634	642
634	664
634	672
634	680
634	739
634	759
634	767
634	811
634	822
634	870
634	904
634	948
634	960
635	643
635	667
635	681
635	686
635	757
635	821
635	852
636	674
636	681
636	697
636	708
636	757
636	763
637	655
637	689
637	722
637	725
637	739
637	754
637	862
637	876
637	956
637	959
637	976
638	643
638	646
638	656
638	659
638	668
638	671
638	679
638	692
638	698
638	785
638	824
638	828
638	913
639	646
639	679
639	726
639	829
639	995
639	999
640	654
640	692
640	696
640	699
640	934
640	938
641	649
641	650
641	657
641	687
641	786
642	661
642	685
642	692
642	775
642	855
643	679
643	699
643	794
643	797
643	818
643	987
644	669
644	680
644	695
644	840
645	682
645	686
645	781
645	825
646	691
646	885
646	913
646	926
647	660
647	661
647	671
647	677
647	679
647	682
647	688
647	693
647	747
647	813
648	681
648	684
648	691
648	696
648	755
648	778
648	972
649	652
649	653
649	669
649	676
649	698
649	734
649	742
649	807
649	816
649	906
649	912
649	970
649	986
650	660
650	674
650	688
650	693
650	694
650	699
650	773
650	829
650	888
651	668
651	674
651	697
652	673
652	699
652	785
652	801
652	825
652	903
653	660
653	681
653	683
653	687
653	747
653	840
653	993
654	672
654	679
654	696
654	710
654	909
654	910
654	932
655	673
655	680
655	684
655	685
655	701
655	703
655	742
655	839
655	984
655	997
656	666
656	670
656	689
656	693
656	821
656	925
657	658
657	666
657	686
657	689
657	698
657	708
657	766
657	860
657	878
657	963
658	663
658	666
658	684
658	726
658	792
658	960
658	962
659	670
659	672
659	677
659	698
659	728
659	805
659	982
660	665
660	671
660	672
660	682
660	690
660	697
660	836
660	901
661	673
661	685
661	699
661	702
661	703
661	929
662	674
662	687
662	713
662	742
662	807
662	914
662	949
663	667
663	694
663	703
663	714
663	844
663	871
663	879
664	675
664	759
664	911
664	956
665	675
665	679
665	690
665	793
665	963
665	998
666	680
666	693
666	703
666	792
666	943
666	948
667	699
667	827
667	898
667	927
667	967
667	979
667	981
668	671
668	751
668	769
668	782
668	918
668	937
669	673
669	676
669	677
669	684
669	686
669	728
669	942
669	959
669	965
669	976
670	675
670	685
670	875
670	975
672	681
672	684
672	689
672	692
672	698
672	710
672	769
672	814
672	832
672	926
673	680
673	683
673	692
673	695
673	709
673	792
673	807
673	831
673	900
673	926
674	833
674	968
675	689
675	949
676	681
676	749
676	814
676	822
676	916
677	680
677	696
677	717
677	761
677	841
677	848
677	949
677	958
678	683
678	691
678	697
678	869
678	893
678	975
678	997
679	688
679	690
679	692
679	693
679	776
679	822
679	897
679	937
680	693
680	867
680	895
681	683
681	686
681	771
681	889
682	682
682	683
682	698
682	774
682	793
683	737
683	776
683	941
683	992
684	724
684	753
684	869
685	690
685	931
685	983
686	686
686	951
687	894
687	902
687	924
687	939
688	698
688	809
688	920
688	939
688	942
688	986
689	716
689	721
689	725
689	839
689	847
689	865
689	868
689	891
689	892
689	909
689	933
690	690
690	778
690	829
690	891
690	980
691	706
691	722
691	814
691	834
691	976
692	695
692	783
692	835
692	968
693	732
693	835
693	874
693	880
693	891
693	934
693	936
694	697
694	720
694	721
694	755
694	776
694	792
694	942
695	695
695	722
695	753
695	775
695	931
695	964
696	714
696	773
696	792
696	847
696	924
696	957
697	699
697	750
697	831
697	844
697	931
698	825
698	901
698	941
698	948
698	949
699	699
699	764
699	843
699	951
700	716
700	731
700	761
700	762
700	771
700	772
700	796
700	890
700	906
701	712
701	739
701	748
701	752
701	762
701	764
701	765
701	780
701	784
701	859
702	702
702	730
702	739
702	745
702	750
702	764
702	795
702	894
702	908
702	998
703	704
703	710
703	719
703	722
703	746
703	757
703	811
703	863
703	901
703	972
704	763
704	774
704	793
704	990
705	712
705	740
705	744
705	750
705	758
705	769
705	795
705	917
706	724
706	804
706	904
706	976
707	717
707	722
707	738
707	739
707	758
707	760
707	761
707	764
707	793
707	796
707	828
707	862
707	916
707	926
707	981
708	713
708	727
708	730
708	734
708	753
708	756
708	784
708	794
708	945
708	955
708	996
709	716
709	717
709	730
709	772
709	785
709	789
709	799
709	984
709	994
710	730
710	735
710	743
710	767
710	782
710	862
710	975
711	712
711	716
711	720
711	727
711	743
711	766
711	848
711	910
712	733
712	742
712	755
712	766
712	835
712	902
712	957
712	987
713	716
713	740
713	745
713	749
713	756
713	768
713	777
713	798
713	973
713	978
714	731
714	756
714	787
714	818
714	870
714	901
714	927
714	982
714	983
715	716
715	727
715	730
715	738
715	752
715	772
715	791
715	794
715	795
715	881
716	716
716	717
716	729
716	771
716	782
716	786
716	817
716	836
716	926
716	982
717	730
717	745
717	746
717	748
717	760
717	784
717	809
717	926
717	990
718	733
718	734
718	774
718	912
718	949
718	979
719	738
719	747
719	783
719	791
720	736
720	737
720	738
720	742
720	747
720	754
720	778
720	943
720	946
721	723
721	761
721	840
721	919
721	980
721	982
721	983
722	747
722	759
722	777
722	785
722	807
722	847
722	940
722	993
723	729
723	732
723	778
723	857
723	893
724	735
724	742
724	761
724	770
724	785
724	787
724	799
724	842
724	884
725	734
725	744
725	750
725	775
725	784
725	828
725	849
725	885
725	896
725	960
726	760
726	769
726	772
726	774
726	869
726	923
726	956
727	727
727	733
727	764
727	769
727	786
727	798
727	878
727	957
728	765
728	777
728	779
728	785
728	795
728	798
728	838
728	895
729	738
729	774
729	777
729	798
729	846
729	957
730	740
730	741
730	742
730	766
730	817
730	834
730	881
730	966
730	980
731	736
731	752
731	761
731	770
731	783
731	922
731	930
731	946
731	960
731	982
732	748
732	759
732	771
732	793
733	737
733	738
733	748
733	751
733	761
733	772
733	819
733	902
733	943
734	777
734	781
734	792
734	793
734	822
734	827
734	985
735	777
735	822
735	852
735	929
735	968
736	738
736	744
736	747
736	777
736	787
736	795
736	891
736	912
736	966
736	970
737	741
737	748
737	768
737	782
737	797
737	833
737	850
737	866
737	885
737	892
737	928
738	740
738	744
738	752
738	753
738	766
738	817
738	833
738	872
738	961
739	790
739	912
739	958
739	966
740	746
740	757
740	759
740	767
740	768
740	777
740	783
740	801
740	844
740	893
740	955
740	961
741	747
741	749
741	759
741	790
741	795
741	798
741	830
742	748
742	753
742	755
742	768
742	790
742	791
742	878
743	765
743	785
743	823
743	883
743	896
743	948
744	748
744	755
744	762
744	769
744	773
744	776
744	785
745	788
745	846
745	967
746	752
746	767
746	779
746	831
746	876
746	925
746	930
747	751
747	765
747	782
747	783
747	823
747	830
747	832
747	878
747	893
747	942
747	984
748	754
748	796
748	799
748	806
748	878
748	915
749	755
749	760
749	778
749	787
749	796
749	995
750	754
750	759
750	986
751	786
751	842
751	887
752	777
752	783
752	990
753	755
753	758
753	768
753	772
753	778
753	786
753	788
753	799
753	819
753	820
753	979
754	756
754	758
754	765
754	808
754	926
754	935
755	774
755	787
755	942
755	988
755	989
756	756
756	772
756	781
756	842
756	870
756	873
756	938
757	771
757	778
757	780
757	818
757	865
757	911
757	924
757	978
758	769
758	775
758	779
758	877
758	949
759	785
759	966
759	977
759	984
760	769
760	779
760	791
760	793
760	800
760	899
760	906
760	958
760	976
761	762
761	773
761	779
761	784
761	793
761	905
761	944
761	956
761	959
762	900
762	974
763	772
763	783
763	785
763	795
763	898
763	899
763	944
763	979
764	765
764	793
764	794
764	797
764	805
764	823
764	952
764	954
765	842
765	852
766	784
766	792
766	793
766	829
766	846
766	853
766	854
766	916
766	930
766	963
767	777
767	782
767	790
767	812
767	867
768	776
768	947
768	957
768	997
769	770
769	771
769	797
769	799
769	885
769	959
769	981
769	993
770	805
770	898
770	998
771	773
771	789
771	816
771	973
772	782
772	783
772	862
772	947
773	792
773	797
773	900
773	920
773	988
773	995
774	782
774	792
774	890
774	933
775	789
775	790
775	793
775	796
775	838
775	839
776	784
776	798
776	951
776	959
776	966
777	799
777	834
777	848
777	850
777	927
777	930
778	797
778	854
778	895
778	961
779	781
780	786
780	787
780	788
780	792
780	813
780	832
780	920
780	971
781	822
782	789
782	861
782	905
782	955
783	833
783	882
783	891
784	790
784	795
784	808
784	837
785	921
786	951
787	791
787	938
788	788
788	791
788	920
788	991
789	797
789	995
790	790
790	863
791	863
791	875
791	881
791	910
792	828
792	861
792	981
793	798
793	840
793	872
793	972
794	797
794	990
795	796
795	799
795	927
795	937
795	955
795	998
796	857
796	863
796	919
796	969
796	992
797	800
797	877
797	898
797	941
798	799
798	803
798	893
798	961
799	813
799	820
799	836
800	811
800	812
800	829
800	830
800	831
800	844
800	851
800	861
800	869
800	885
801	810
801	825
801	840
801	850
801	875
801	880
801	883
801	932
801	964
802	815
802	817
802	826
802	836
802	837
802	844
802	845
802	871
802	886
802	889
802	891
802	984
803	803
803	836
803	852
803	862
803	864
803	883
803	888
803	913
804	805
804	844
804	866
804	872
804	875
804	888
804	897
804	972
805	823
805	829
805	837
805	841
805	855
805	858
805	886
805	891
805	940
805	943
805	973
806	807
806	833
806	839
806	843
806	859
806	864
806	866
806	869
806	880
806	882
806	884
807	813
807	820
807	855
807	860
807	877
807	881
808	821
808	824
808	845
808	889
808	897
808	923
808	935
809	813
809	817
809	819
809	823
809	832
809	841
809	874
809	884
809	895
809	898
809	935
809	991
810	835
810	846
810	849
810	857
810	915
810	953
810	956
811	851
811	859
811	860
811	878
811	880
811	887
812	821
812	825
812	842
812	843
812	929
813	826
813	841
813	896
813	899
813	964
814	843
814	852
814	856
814	869
814	877
815	819
815	840
815	845
815	849
815	863
815	869
815	886
815	897
815	898
815	904
815	910
815	970
815	975
816	863
816	867
816	891
816	893
817	825
817	829
817	831
817	835
817	874
817	875
817	892
817	903
817	987
818	827
818	879
818	891
819	822
819	833
819	835
819	836
819	848
819	865
819	866
819	870
819	881
819	892
819	893
820	833
820	842
820	846
820	861
820	863
820	871
820	885
820	937
821	832
821	838
821	864
821	871
821	873
821	893
821	904
821	915
821	937
822	840
822	862
822	869
822	870
822	876
822	971
823	825
823	841
823	847
823	891
823	892
823	897
824	842
824	847
824	851
824	891
824	895
824	914
824	935
824	997
825	831
825	838
825	863
825	877
825	879
825	895
825	959
826	830
826	838
826	870
826	873
826	887
826	897
826	920
827	839
827	850
827	855
827	868
827	886
827	890
827	893
827	897
827	927
828	841
828	846
828	852
828	857
828	866
828	869
828	881
828	963
828	973
829	836
829	848
829	884
829	948
829	960
829	980
830	847
830	849
830	854
830	860
830	871
831	864
831	871
831	877
831	882
831	895
831	956
831	971
831	998
832	844
832	845
832	854
832	887
832	971
832	993
833	848
833	865
833	866
833	881
833	882
833	897
834	834
834	837
834	873
834	876
834	877
834	904
834	994
835	843
835	885
835	891
835	892
835	927
836	851
836	889
836	918
836	973
837	855
837	866
837	874
837	880
837	908
837	969
838	856
838	861
838	869
838	897
838	947
839	841
839	853
839	857
839	863
839	884
839	887
840	861
840	877
840	902
840	906
840	933
841	842
841	847
841	860
841	875
841	876
841	878
841	902
841	996
842	855
842	861
842	870
842	885
842	921
842	930
843	856
843	867
843	871
843	880
843	886
843	985
844	868
844	884
844	895
844	907
844	917
845	860
845	865
845	896
845	898
845	928
845	938
845	994
846	864
846	879
846	884
847	875
848	864
848	870
848	882
848	885
848	888
848	940
848	992
849	892
850	882
850	884
850	955
851	856
851	858
851	867
851	873
851	882
851	892
851	913
851	935
851	938
851	989
852	887
852	892
853	868
853	885
853	897
853	900
853	937
855	923
855	931
856	868
856	892
856	896
856	960
857	869
857	882
857	889
857	892
857	896
857	921
858	868
858	878
858	896
858	944
859	860
859	871
859	879
859	886
859	977
860	866
860	881
860	882
860	889
860	897
861	867
861	870
861	876
861	959
862	874
862	905
862	957
863	873
863	888
863	946
863	952
863	966
863	999
864	867
864	868
864	886
864	888
865	900
865	989
866	877
868	878
868	881
868	884
868	910
868	948
869	945
869	961
869	983
871	873
871	874
871	880
871	892
871	897
871	940
872	877
872	899
872	954
873	876
873	887
873	891
873	941
874	899
874	985
874	991
875	886
875	893
876	893
876	896
876	929
876	957
876	960
876	980
876	987
877	910
878	898
878	908
878	982
878	997
879	881
879	890
879	989
880	885
880	891
880	949
881	892
881	901
881	939
882	883
882	897
882	935
883	899
884	896
886	972
887	899
887	911
889	895
890	940
890	989
891	950
892	918
892	965
892	978
893	907
893	964
893	987
894	907
894	918
894	956
895	918
895	933
895	978
896	915
897	898
897	909
897	950
898	899
900	905
900	979
900	984
901	912
901	927
901	928
901	962
901	996
902	907
902	919
902	921
902	935
902	975
902	980
902	989
903	909
903	939
903	953
903	971
903	973
903	979
903	985
904	927
905	919
905	920
905	921
905	948
905	949
905	951
905	962
906	922
906	945
906	975
906	981
906	985
907	921
907	924
907	925
907	930
907	933
907	934
907	960
908	922
908	965
908	983
908	984
908	990
908	996
909	947
909	971
910	911
910	924
910	929
910	931
910	937
910	959
910	965
910	982
910	988
911	924
911	925
911	965
911	982
912	928
912	930
912	946
912	987
912	994
913	914
913	917
913	929
913	979
914	915
914	921
914	941
915	925
915	943
915	956
915	996
915	999
916	951
916	956
916	958
917	918
917	928
917	963
917	996
918	928
918	946
918	953
918	959
918	983
918	988
918	989
919	931
919	934
919	938
919	946
919	971
919	973
919	986
919	996
920	924
920	929
920	933
920	934
920	946
920	952
920	957
920	961
920	979
920	989
921	925
921	930
921	947
921	949
921	999
922	926
922	941
922	942
922	992
922	999
923	931
923	940
923	947
923	964
924	945
924	969
925	926
925	963
925	986
925	997
926	937
926	944
926	959
927	933
927	956
927	977
927	989
927	990
927	992
927	993
928	950
928	951
928	962
928	977
928	987
929	950
929	966
929	969
929	978
930	933
930	943
930	959
930	973
930	988
930	991
931	944
931	957
931	971
931	991
932	964
932	967
932	971
932	990
933	938
933	944
933	973
933	986
933	992
933	998
934	940
934	946
934	987
934	990
935	947
935	968
935	969
935	997
936	937
936	940
936	947
936	957
936	984
936	991
936	997
937	942
937	964
937	977
937	995
937	999
938	961
938	975
938	978
939	940
939	948
939	986
940	962
940	988
941	948
941	953
941	978
941	982
941	984
941	996
942	953
943	944
943	951
943	982
943	983
943	987
943	998
944	963
944	967
944	971
944	984
944	989
945	977
945	982
945	985
945	987
945	990
945	992
946	961
946	972
946	994
946	996
947	950
947	957
947	964
948	954
948	976
949	950
949	971
949	981
949	993
950	994
951	955
951	958
951	968
951	984
951	986
952	955
952	973
953	969
954	957
954	959
954	961
955	968
955	976
955	986
956	958
956	960
956	962
956	963
956	964
956	973
956	990
956	995
957	961
957	974
957	975
957	980
957	996
958	961
958	982
958	998
959	962
959	967
959	982
959	995
960	982
961	969
961	977
961	986
961	987
961	988
962	965
962	998
963	968
963	971
963	976
963	985
963	987
964	967
964	997
965	981
965	997
966	984
966	986
967	975
967	993
968	991
969	970
969	975
970	970
970	988
970	990
971	984
971	998
972	980
972	987
975	976
975	989
975	996
976	977
976	993
979	992
979	993
981	992
982	996
985	988
989	990
991	997
995	997
997	998
999	999
