0	1
0	2
0	10
0	17
0	18
0	25
0	33
0	39
0	40
0	48
0	50
0	54
0	56
0	62
0	70
0	86
0	91
0	93
0	98
0	242
0	469
0	613
1	24
1	25
1	28
1	32
1	35
1	57
1	61
1	69
1	75
1	78
1	89
1	93
1	98
1	99
1	176
1	235
1	303
2	13
2	15
2	16
2	18
2	28
2	33
2	54
2	56
2	65
2	82
2	94
2	152
2	211
2	309
2	709
2	843
3	11
3	26
3	32
3	46
3	47
3	56
3	72
3	83
3	89
3	99
3	178
3	187
3	432
3	609
3	752
3	918
4	11
4	12
4	14
4	17
4	36
4	38
4	46
4	47
4	59
4	63
4	71
4	73
4	78
4	85
4	86
4	92
4	107
4	251
4	271
4	356
4	407
4	864
5	11
5	12
5	13
5	17
5	20
5	22
5	24
5	27
5	29
5	37
5	39
5	57
5	63
5	64
5	65
5	72
5	84
5	99
5	326
5	589
5	782
6	7
6	9
6	12
6	16
6	21
6	24
6	27
6	31
6	37
6	38
6	39
6	52
6	60
6	69
6	73
6	74
6	77
6	79
6	81
6	84
6	90
6	91
6	95
6	96
6	99
6	291
6	707
6	880
7	23
7	24
7	27
7	28
7	33
7	36
7	58
7	74
7	75
7	78
7	82
7	90
7	95
7	97
7	99
7	246
7	380
7	431
7	918
8	19
8	28
8	35
8	43
8	47
8	48
8	53
8	60
8	63
8	66
8	67
8	76
8	77
8	78
8	87
8	96
8	160
8	525
8	528
8	623
8	951
9	10
9	26
9	31
9	34
9	47
9	58
9	74
9	77
9	79
9	84
9	86
9	139
9	185
9	797
9	887
10	11
10	19
10	21
10	25
10	27
10	41
10	54
10	60
10	65
10	81
10	428
10	559
10	637
10	686
10	835
10	862
11	19
11	26
11	29
11	38
11	44
11	45
11	48
11	54
11	55
11	57
11	58
11	63
11	76
11	77
11	78
11	84
11	87
11	99
11	153
11	206
12	18
12	19
12	38
12	44
12	47
12	48
12	52
12	59
12	62
12	68
12	82
12	93
12	96
12	97
12	683
12	732
12	826
12	908
13	27
13	29
13	38
13	39
13	42
13	63
13	66
13	68
13	77
13	79
13	81
13	94
13	95
13	98
13	363
13	806
14	17
14	35
14	39
14	46
14	51
14	53
14	54
14	60
14	64
14	67
14	69
14	70
14	94
14	99
14	339
14	608
15	21
15	24
15	37
15	40
15	42
15	43
15	58
15	67
15	70
15	76
15	79
15	546
15	700
15	739
15	790
16	29
16	32
16	42
16	52
16	55
16	59
16	64
16	65
16	71
16	73
16	87
16	88
16	92
16	94
16	181
16	326
16	530
16	700
16	872
17	19
17	22
17	23
17	46
17	59
17	70
17	76
17	166
17	346
17	681
17	808
18	19
18	22
18	30
18	35
18	37
18	45
18	65
18	70
18	72
18	78
18	85
18	89
18	93
18	94
18	95
18	160
18	550
18	590
18	753
18	908
18	989
19	20
19	48
19	53
19	54
19	55
19	89
19	90
19	93
19	95
19	97
19	99
19	173
19	435
19	653
20	37
20	48
20	49
20	57
20	65
20	66
20	73
20	79
20	85
20	89
20	104
20	322
21	34
21	35
21	41
21	45
21	51
21	53
21	68
21	71
21	72
21	88
21	90
21	99
21	228
21	458
21	700
21	817
21	877
22	25
22	27
22	47
22	54
22	64
22	68
22	72
22	73
22	87
22	92
22	97
22	99
22	299
22	402
22	737
22	847
22	907
23	25
23	31
23	38
23	46
23	49
23	51
23	70
23	71
23	82
23	83
23	93
23	96
23	405
23	504
23	581
23	666
23	674
23	882
24	29
24	30
24	51
24	61
24	63
24	65
24	69
24	81
24	82
24	83
24	85
24	86
24	98
24	272
24	548
24	647
24	728
24	944
25	30
25	38
25	46
25	52
25	56
25	58
25	68
25	70
25	71
25	72
25	73
25	78
25	89
25	90
25	94
25	116
25	532
25	603
26	30
26	37
26	43
26	55
26	68
26	201
26	240
26	378
26	709
26	845
26	867
27	30
27	32
27	41
27	46
27	47
27	54
27	58
27	59
27	66
27	69
27	70
27	87
27	89
27	92
27	146
27	320
27	601
28	32
28	39
28	40
28	49
28	52
28	53
28	56
28	59
28	62
28	63
28	66
28	81
28	82
28	88
28	89
28	98
28	99
28	151
28	476
28	898
29	35
29	36
29	37
29	43
29	46
29	51
29	53
29	61
29	68
29	78
29	95
29	96
29	511
29	518
29	561
29	637
29	796
30	32
30	39
30	40
30	45
30	47
30	56
30	57
30	82
30	95
30	97
30	99
30	305
30	831
30	926
30	935
31	40
31	52
31	55
31	57
31	68
31	74
31	95
31	222
31	497
31	611
31	693
31	721
31	892
32	40
32	53
32	58
32	59
32	65
32	70
32	77
32	91
32	95
32	462
32	683
32	781
32	924
33	41
33	57
33	60
33	67
33	71
33	76
33	78
33	98
33	99
33	353
33	404
33	546
34	40
34	53
34	64
34	66
34	74
34	75
34	81
34	93
34	94
34	132
34	195
34	331
34	764
34	818
34	898
35	35
35	39
35	47
35	48
35	49
35	51
35	62
35	64
35	74
35	97
35	114
35	176
35	516
35	673
35	861
35	903
36	42
36	43
36	45
36	53
36	55
36	65
36	67
36	68
36	72
36	74
36	78
36	89
36	94
36	440
36	500
36	922
37	38
37	39
37	45
37	55
37	56
37	59
37	63
37	80
37	87
37	95
37	98
37	99
37	314
37	357
37	451
37	568
37	856
37	947
38	45
38	52
38	60
38	72
38	75
38	84
38	94
38	96
38	306
38	432
38	552
38	680
39	47
39	48
39	63
39	66
39	68
39	70
39	72
39	77
39	82
39	86
39	92
39	420
40	40
40	44
40	45
40	62
40	67
40	70
40	75
40	78
40	83
40	94
40	98
40	130
40	132
40	260
40	831
40	918
40	981
41	42
41	46
41	49
41	55
41	59
41	60
41	67
41	69
41	76
41	88
41	91
41	96
41	111
41	195
41	199
41	684
41	958
41	998
42	46
42	53
42	65
42	68
42	71
42	81
42	89
42	132
42	295
42	349
42	367
42	701
42	731
42	846
42	848
43	45
43	47
43	52
43	73
43	79
43	80
43	84
43	97
43	556
43	562
43	609
43	675
43	704
43	925
44	46
44	50
44	52
44	56
44	69
44	70
44	77
44	78
44	79
44	86
44	331
44	590
44	610
45	53
45	57
45	58
45	66
45	75
45	86
45	89
45	202
45	328
45	651
45	681
45	789
45	944
45	961
45	979
46	49
46	55
46	60
46	65
46	67
46	69
46	75
46	82
46	84
46	88
46	93
46	94
46	199
46	265
46	453
46	695
46	911
47	51
47	56
47	61
47	63
47	66
47	74
47	80
47	81
47	83
47	89
47	93
47	110
47	206
47	355
47	389
47	542
48	58
48	60
48	61
48	66
48	68
48	73
48	76
48	78
48	97
49	65
49	70
49	74
49	75
49	80
49	81
49	87
49	140
49	286
49	722
49	873
49	882
49	995
50	57
50	64
50	66
50	71
50	80
50	89
50	95
50	97
50	98
50	355
50	510
50	691
50	923
50	980
51	55
51	56
51	57
51	59
51	66
51	67
51	74
51	78
51	91
51	99
51	787
51	868
52	53
52	57
52	59
52	60
52	67
52	75
52	93
52	200
52	405
52	421
53	57
53	58
53	63
53	79
53	85
53	95
53	96
53	668
53	694
53	775
53	869
54	57
54	69
54	81
54	86
54	95
54	115
54	452
54	558
54	603
54	744
55	61
55	81
55	88
55	91
55	93
55	94
55	95
55	326
55	328
55	525
55	675
56	58
56	62
56	66
56	82
56	88
56	94
56	178
56	415
56	548
56	828
57	59
57	65
57	80
57	86
57	94
57	290
57	563
57	662
58	60
58	63
58	67
58	79
58	86
58	146
58	279
58	731
59	65
59	78
59	83
59	92
59	95
59	424
59	514
59	650
59	731
60	62
60	65
60	67
60	68
60	77
60	78
60	344
60	454
60	737
60	756
61	73
61	77
61	79
61	80
61	82
61	83
61	86
61	87
61	90
61	94
61	97
61	848
61	949
62	72
62	73
62	89
62	91
62	125
62	358
62	669
62	678
62	679
63	63
63	67
63	68
63	71
63	75
63	79
63	92
63	96
63	97
63	307
63	421
63	438
63	492
63	704
63	804
63	811
63	904
64	79
64	80
64	89
64	136
64	340
64	460
65	68
65	79
65	86
65	89
65	90
65	91
65	223
65	506
65	572
65	770
65	978
66	67
66	68
66	71
66	72
66	74
66	79
66	86
66	93
66	484
66	893
66	980
67	86
67	99
67	343
67	545
67	819
67	902
68	72
68	84
68	90
68	92
68	98
68	572
68	817
69	81
69	92
69	98
69	127
70	71
70	75
70	88
70	91
70	95
70	673
70	777
71	76
71	87
71	90
71	98
71	693
72	85
72	88
72	90
72	99
72	143
72	240
72	304
73	75
73	99
73	129
73	343
73	361
73	670
73	816
73	831
74	79
74	84
74	85
74	87
74	91
74	92
74	401
74	451
74	570
74	616
74	997
75	77
75	82
75	85
75	269
75	328
75	429
76	79
76	558
76	808
76	991
77	81
77	87
77	91
77	269
77	354
77	477
77	641
77	672
77	841
77	873
78	83
78	88
78	89
78	92
78	96
78	97
78	536
78	607
79	557
79	879
79	935
79	980
80	85
80	87
80	89
80	90
80	97
80	100
80	119
80	127
80	466
80	662
80	744
81	89
81	93
81	94
81	393
81	559
82	84
82	89
82	97
82	413
82	455
82	767
83	90
83	354
83	519
83	539
83	946
83	970
84	89
84	95
84	206
84	314
84	461
84	660
84	785
84	944
84	955
85	85
85	94
85	96
85	170
85	431
85	488
85	865
86	90
86	95
86	99
86	120
86	179
86	184
86	806
87	90
87	98
87	261
87	474
87	816
87	915
88	93
88	175
88	256
88	726
88	992
89	94
89	308
89	384
89	695
89	699
89	708
89	964
89	968
90	94
90	95
90	781
91	109
91	530
91	557
91	869
91	879
91	915
92	99
92	356
92	586
92	723
92	794
93	94
93	513
93	529
93	638
93	949
93	976
94	98
94	306
94	914
94	980
95	142
95	268
95	509
96	717
96	792
97	98
97	164
97	538
97	839
97	916
98	151
98	478
98	578
98	800
98	831
99	137
99	507
99	714
99	994
100	102
100	108
100	111
100	112
100	113
100	120
100	124
100	127
100	141
100	159
100	171
100	188
100	194
100	196
100	199
100	248
100	293
100	348
100	365
100	723
100	740
100	853
100	960
101	113
101	127
101	129
101	134
101	137
101	143
101	167
101	170
101	172
101	185
101	192
101	194
101	392
101	460
102	113
102	126
102	154
102	161
102	164
102	165
102	169
102	173
102	179
102	180
102	181
102	184
102	185
102	187
102	191
102	196
102	199
102	256
102	556
102	784
103	107
103	112
103	115
103	127
103	128
103	135
103	141
103	148
103	149
103	166
103	176
103	182
103	183
103	184
103	190
103	191
103	199
103	209
103	374
103	434
103	580
103	630
103	870
103	880
104	111
104	112
104	119
104	127
104	137
104	141
104	152
104	165
104	170
104	177
104	180
104	187
104	196
104	198
104	404
104	435
104	603
104	971
105	106
105	108
105	114
105	120
105	129
105	139
105	166
105	185
105	192
105	193
105	196
105	277
105	512
105	719
106	112
106	117
106	119
106	125
106	129
106	131
106	140
106	144
106	163
106	166
106	170
106	173
106	176
106	181
106	192
106	278
106	360
106	402
106	541
107	108
107	115
107	118
107	123
107	125
107	133
107	135
107	139
107	148
107	166
107	172
107	173
107	175
107	176
107	183
107	185
107	189
107	507
107	819
107	854
108	114
108	121
108	128
108	130
108	134
108	154
108	171
108	178
108	184
108	190
108	193
108	640
108	807
108	904
109	111
109	120
109	130
109	152
109	155
109	163
109	166
109	167
109	168
109	193
109	199
109	751
109	765
109	868
109	923
110	111
110	118
110	121
110	122
110	138
110	148
110	150
110	151
110	163
110	166
110	167
110	171
110	198
110	450
110	600
110	945
111	135
111	137
111	139
111	150
111	152
111	163
111	178
111	188
111	192
111	198
111	701
111	801
111	877
112	114
112	127
112	146
112	153
112	158
112	166
112	171
112	176
112	189
112	193
112	199
112	302
112	358
112	832
113	114
113	116
113	127
113	132
113	135
113	147
113	160
113	191
113	193
113	273
113	312
113	961
114	115
114	133
114	134
114	155
114	158
114	164
114	190
114	196
114	198
114	232
114	583
114	876
115	130
115	137
115	142
115	143
115	145
115	163
115	170
115	177
115	180
115	194
115	628
115	676
115	992
116	120
116	138
116	144
116	145
116	149
116	159
116	161
116	168
116	174
116	178
116	185
116	189
116	377
117	139
117	147
117	155
117	159
117	171
118	121
118	124
118	141
118	142
118	150
118	164
118	168
118	173
118	181
118	184
118	188
118	195
118	206
118	728
118	754
118	803
118	890
119	122
119	127
119	149
119	155
119	160
119	162
119	164
119	174
119	178
119	199
119	685
120	122
120	126
120	128
120	144
120	147
120	160
120	169
120	172
120	176
120	178
120	179
120	186
120	198
120	205
120	206
120	568
120	790
121	122
121	128
121	137
121	144
121	150
121	155
121	169
121	170
121	172
121	181
121	189
121	192
122	124
122	134
122	139
122	141
122	147
122	149
122	169
122	176
122	183
122	271
122	495
122	497
122	521
122	630
123	124
123	142
123	146
123	147
123	152
123	164
123	166
123	189
123	196
123	198
123	199
123	268
123	434
123	753
123	779
124	143
124	173
124	178
124	184
124	192
124	196
124	430
124	456
124	704
124	921
125	136
125	141
125	146
125	149
125	150
125	156
125	162
125	164
125	179
125	183
125	192
125	340
125	412
125	550
125	654
126	130
126	139
126	155
126	156
126	159
126	171
126	173
126	174
126	181
126	185
126	191
126	456
126	493
127	137
127	140
127	148
127	150
127	170
127	180
127	181
127	182
127	183
127	605
127	652
128	134
128	139
128	163
128	164
128	172
128	173
128	187
128	192
128	345
128	996
129	135
129	136
129	137
129	154
129	160
129	161
129	162
129	163
129	168
129	169
129	170
129	175
129	179
129	183
129	189
129	192
129	193
129	194
129	195
129	332
129	364
129	652
129	712
129	877
130	140
130	141
130	142
130	149
130	151
130	160
130	163
130	177
130	180
130	199
130	950
131	135
131	138
131	144
131	152
131	157
131	158
131	163
131	168
131	172
131	173
131	175
131	182
131	183
131	217
131	311
131	330
131	476
131	718
132	138
132	144
132	148
132	150
132	154
132	159
132	162
132	163
132	167
132	186
132	188
132	642
133	135
133	147
133	150
133	152
133	155
133	166
133	171
133	192
133	197
133	266
133	399
133	547
133	823
134	136
134	140
134	142
134	181
134	185
134	188
134	190
134	199
134	238
134	248
134	270
134	697
135	139
135	141
135	150
135	153
135	156
135	157
135	162
135	168
135	186
135	190
135	192
135	249
135	386
135	531
135	599
135	923
136	149
136	168
136	173
136	174
136	179
136	182
136	195
136	337
136	472
137	153
137	159
137	163
137	167
137	174
137	175
137	182
137	190
137	217
137	849
138	144
138	146
138	153
138	154
138	156
138	161
138	166
138	172
138	179
138	188
138	194
138	198
138	472
138	760
138	772
138	872
139	146
139	153
139	158
139	172
139	182
139	183
139	189
139	190
139	196
139	197
139	198
139	199
139	275
139	542
139	747
139	758
140	146
140	160
140	161
140	167
140	169
140	171
140	176
140	182
140	198
140	243
140	266
140	376
140	526
140	597
140	684
140	917
140	930
140	959
141	148
141	155
141	167
141	173
141	187
141	199
141	705
141	908
141	918
142	152
142	153
142	161
142	171
142	173
142	183
142	189
142	198
142	200
142	577
142	926
143	148
143	155
143	166
143	168
143	170
143	176
143	186
143	189
143	190
143	194
143	197
143	700
143	794
144	148
144	153
144	161
144	166
144	174
144	175
144	177
144	186
144	286
144	291
144	294
144	491
144	695
145	146
145	147
145	151
145	156
145	168
145	172
145	195
145	198
145	505
145	642
145	686
145	983
146	153
146	155
146	156
146	163
146	167
146	169
146	183
146	184
146	186
146	252
146	354
147	150
147	153
147	163
147	169
147	176
147	186
147	191
147	197
148	150
148	153
148	158
148	159
148	161
148	162
148	163
148	165
148	167
148	169
148	175
148	177
148	179
148	182
148	190
148	191
148	194
148	195
148	395
148	786
148	890
148	896
148	929
149	154
149	155
149	159
149	163
149	169
149	172
149	182
149	198
149	842
150	153
150	156
150	161
150	164
150	167
150	174
150	178
150	184
150	190
151	152
151	154
151	157
151	163
151	168
151	174
151	180
151	183
151	184
151	196
151	757
152	152
152	160
152	165
152	168
152	190
152	191
152	195
152	642
153	158
153	168
153	174
153	186
153	187
153	403
153	789
153	837
154	159
154	161
154	162
154	166
154	180
154	184
154	193
154	198
154	322
154	368
154	660
154	904
155	156
155	170
155	184
155	189
155	195
155	197
155	449
155	534
156	167
156	168
156	169
156	181
156	186
156	191
156	196
156	198
156	616
156	871
156	893
156	938
157	159
157	165
157	170
157	183
157	184
157	187
157	190
157	197
157	230
157	555
157	645
157	852
157	997
158	174
158	187
158	191
158	199
158	740
158	750
158	839
159	173
159	184
159	188
159	732
159	818
160	161
160	162
160	164
160	166
160	168
160	171
160	184
160	190
160	191
160	194
160	195
160	196
160	476
160	661
161	162
161	165
161	176
161	179
161	181
161	183
161	189
161	580
161	588
161	790
162	173
162	175
162	177
162	195
162	196
162	522
162	558
163	170
163	174
163	175
163	181
163	183
163	184
163	190
163	343
163	430
163	687
164	165
164	168
164	196
164	547
164	560
165	166
165	169
165	172
165	183
165	188
165	512
166	179
166	185
166	192
166	197
166	205
166	269
166	365
166	464
166	497
166	573
166	685
166	840
166	876
166	879
166	950
167	174
167	186
167	192
167	196
167	486
167	588
167	634
168	169
168	181
168	195
168	930
169	173
169	177
169	187
169	189
169	199
169	298
169	897
169	998
170	176
170	181
170	188
170	196
170	197
170	452
170	453
170	593
170	944
171	174
171	180
171	182
171	183
171	186
171	187
171	196
171	199
171	216
171	263
171	304
171	629
171	864
172	174
172	175
172	177
172	178
173	173
173	175
173	177
173	182
173	185
173	187
173	190
173	286
173	327
174	183
174	205
174	241
174	245
174	770
175	178
175	193
175	301
175	711
176	183
176	189
176	190
176	191
176	196
176	198
176	800
177	178
177	179
177	188
177	189
177	196
177	861
177	950
177	992
178	179
178	181
178	190
178	441
178	627
179	183
179	192
179	196
179	745
179	784
179	986
180	195
180	196
180	366
180	560
180	717
181	188
181	193
181	194
181	199
181	254
181	282
181	654
181	745
181	968
182	189
182	195
182	198
182	497
182	561
182	885
183	907
184	191
184	195
184	334
184	720
184	880
184	961
185	188
185	193
185	463
185	977
186	189
186	191
186	193
186	195
186	199
186	533
186	558
186	880
187	190
187	195
187	335
188	285
188	303
188	456
188	637
188	926
189	193
189	195
189	580
189	592
189	845
189	897
190	191
190	640
190	932
191	357
191	556
191	727
191	825
191	959
191	968
192	195
192	196
192	428
192	918
193	194
194	199
194	266
195	246
195	665
195	866
196	199
196	545
196	632
196	683
196	686
196	798
196	863
197	199
197	485
197	699
197	868
198	252
198	323
198	525
198	663
198	875
199	358
199	516
199	853
200	210
200	215
200	219
200	223
200	225
200	238
200	242
200	246
200	252
200	258
200	282
200	284
200	288
200	293
200	294
200	296
200	315
201	210
201	212
201	222
201	228
201	238
201	239
201	242
201	246
201	247
201	261
201	279
201	290
201	296
201	579
201	843
202	211
202	217
202	221
202	222
202	228
202	230
202	233
202	235
202	244
202	251
202	252
202	259
202	267
202	297
202	340
202	887
202	998
203	204
203	210
203	218
203	226
203	230
203	233
203	249
203	255
203	267
203	270
203	273
203	275
203	278
203	280
203	287
203	289
203	297
203	357
203	358
203	785
203	797
203	825
204	206
204	212
204	224
204	231
204	235
204	258
204	266
204	276
204	289
204	296
204	706
205	212
205	213
205	232
205	234
205	239
205	242
205	255
205	267
205	275
205	276
205	278
205	284
205	291
205	404
205	555
205	666
206	211
206	245
206	255
206	274
206	277
206	283
206	292
206	294
206	298
207	208
207	217
207	250
207	255
207	265
207	272
207	280
207	292
207	295
207	296
207	467
207	499
207	522
207	546
208	214
208	228
208	243
208	244
208	246
208	248
208	250
208	256
208	265
208	269
208	270
208	274
208	276
208	285
208	287
208	295
208	299
208	919
209	214
209	216
209	235
209	239
209	244
209	256
209	260
209	261
209	266
209	281
209	294
209	295
209	298
209	766
209	859
209	926
210	213
210	215
210	220
210	228
210	229
210	235
210	241
210	242
210	249
210	256
210	258
210	269
210	272
210	285
210	293
210	294
210	866
210	942
211	222
211	232
211	243
211	258
211	261
211	264
211	265
211	266
211	270
211	271
211	283
211	289
211	291
211	295
211	514
212	216
212	217
212	232
212	238
212	241
212	246
212	248
212	265
212	280
212	286
212	290
212	294
212	296
212	297
212	433
212	507
213	215
213	222
213	223
213	226
213	235
213	240
213	243
213	248
213	252
213	259
213	265
213	274
213	278
213	279
213	286
213	287
213	289
213	295
213	296
213	692
213	824
214	217
214	224
214	237
214	241
214	251
214	257
214	271
214	275
214	278
214	291
214	297
214	508
214	676
214	723
214	767
214	796
214	856
214	939
215	223
215	224
215	232
215	237
215	239
215	245
215	247
215	250
215	278
215	284
215	288
215	289
215	911
216	223
216	228
216	251
216	260
216	268
216	297
216	298
216	412
217	228
217	232
217	236
217	267
217	273
217	278
217	283
217	291
217	689
218	220
218	224
218	226
218	233
218	244
218	253
218	257
218	258
218	264
218	266
218	269
218	274
218	285
218	367
218	728
219	222
219	224
219	226
219	228
219	236
219	252
219	259
219	264
219	270
219	272
219	277
219	284
219	289
219	290
219	291
219	307
219	514
219	940
219	966
220	225
220	249
220	258
220	261
220	266
220	278
220	289
220	299
220	396
220	524
221	228
221	236
221	242
221	251
221	255
221	274
221	277
221	291
221	293
221	298
221	419
221	867
222	224
222	230
222	231
222	233
222	234
222	239
222	245
222	248
222	256
222	261
222	264
222	267
222	268
222	293
222	733
222	779
222	816
223	233
223	235
223	237
223	251
223	257
223	262
223	283
223	284
223	292
223	362
223	698
223	750
223	878
223	949
224	237
224	238
224	239
224	246
224	255
224	265
224	266
224	276
224	280
224	282
224	290
224	296
224	390
224	564
225	236
225	237
225	243
225	244
225	249
225	250
225	254
225	256
225	267
225	280
225	291
225	292
225	293
225	295
225	297
225	423
225	628
225	681
225	805
225	953
226	239
226	250
226	256
226	260
226	272
226	284
226	286
226	294
226	297
226	537
226	878
227	229
227	232
227	235
227	239
227	242
227	248
227	252
227	259
227	261
227	269
227	283
227	284
227	535
227	868
227	890
228	233
228	245
228	253
228	258
228	261
228	262
228	281
228	286
228	293
228	295
228	655
228	816
229	237
229	241
229	252
229	253
229	273
229	281
229	283
229	285
229	290
229	921
230	239
230	243
230	268
230	270
230	276
230	279
230	284
230	290
230	296
230	987
231	233
231	236
231	244
231	245
231	246
231	247
231	263
231	264
231	270
231	273
231	278
231	280
231	299
231	328
231	606
232	232
232	245
232	269
232	273
232	274
232	278
232	292
232	671
233	234
233	241
233	242
233	243
233	252
233	253
233	257
233	259
233	260
233	263
233	275
233	279
233	394
234	239
234	246
234	256
234	260
234	264
234	267
234	277
234	283
234	292
234	297
234	370
234	380
234	552
234	613
235	252
235	263
235	265
235	269
235	276
235	280
235	290
235	291
235	294
235	298
235	504
236	240
236	248
236	255
236	257
236	263
236	290
236	292
236	298
236	299
236	521
237	238
237	244
237	245
237	254
237	261
237	267
237	275
237	282
237	293
237	773
237	802
238	239
238	244
238	246
238	261
238	274
238	282
238	283
238	297
238	570
238	573
238	965
239	241
239	243
239	245
239	253
239	260
239	263
239	268
239	278
239	280
239	282
239	288
239	289
239	293
239	403
239	939
240	252
240	254
240	256
240	259
240	264
240	274
240	297
240	298
240	307
240	454
240	516
240	649
240	950
241	243
241	246
241	247
241	250
241	251
241	259
241	260
241	295
241	297
241	500
241	806
242	242
242	249
242	272
242	287
242	299
242	497
242	539
242	881
243	247
243	257
243	258
243	267
243	268
243	269
243	275
243	297
243	759
243	879
244	261
244	263
244	272
244	280
244	282
244	287
244	288
244	294
244	295
244	296
244	297
244	300
244	431
244	530
244	696
244	945
245	257
245	259
245	263
245	268
245	272
245	275
245	277
245	280
245	289
245	291
245	297
245	366
245	439
245	686
245	716
245	720
245	853
245	976
246	246
246	251
246	254
246	256
246	264
246	279
246	280
246	286
246	406
246	455
246	610
247	254
247	257
247	266
247	277
247	285
247	296
247	452
247	697
248	251
248	252
248	253
248	261
248	266
248	270
248	274
248	283
248	284
248	294
248	297
249	259
249	261
249	262
249	263
249	273
249	278
249	287
249	291
249	838
249	957
250	265
250	268
250	271
250	275
250	278
250	280
250	283
250	294
250	296
250	950
250	987
251	252
251	267
251	268
251	277
251	285
251	291
251	292
251	390
251	419
251	428
251	666
252	273
252	290
252	295
252	296
252	914
253	254
253	257
253	264
253	276
253	285
253	289
253	295
253	296
253	298
253	361
253	438
253	496
253	501
253	601
253	842
253	937
254	256
254	260
254	269
254	272
254	280
254	284
254	290
254	298
254	429
254	977
255	259
255	272
255	286
255	298
255	375
255	477
255	804
255	924
256	267
256	272
256	274
256	282
256	765
257	261
257	273
257	279
257	280
257	285
257	290
257	291
257	329
257	341
257	750
258	259
258	260
258	272
258	274
258	284
258	292
258	298
258	778
258	879
258	910
258	953
259	262
259	270
259	274
259	282
259	286
259	290
259	295
259	847
260	263
260	265
260	274
260	281
260	286
260	290
260	293
260	299
260	672
260	738
260	783
260	851
261	263
261	266
261	271
261	272
261	284
261	286
261	288
261	295
261	299
261	469
261	798
262	269
262	274
262	281
262	282
262	284
262	287
262	296
262	297
262	788
263	283
263	295
263	342
263	573
263	629
264	274
264	275
264	276
264	282
264	293
264	488
264	693
264	955
265	271
265	276
265	278
265	283
265	287
265	290
265	492
266	268
266	285
266	289
266	546
266	626
266	889
266	988
267	285
267	286
267	288
267	298
267	350
267	517
268	277
268	288
268	289
268	290
268	292
268	880
268	951
269	272
269	274
269	275
269	277
270	275
270	283
270	288
270	292
270	337
271	274
271	277
271	281
271	282
271	296
271	298
271	299
271	375
271	842
271	957
272	275
272	277
272	280
272	284
272	288
272	352
272	767
272	910
273	285
273	287
273	294
273	295
273	297
273	298
273	299
273	433
273	925
273	929
274	276
274	278
274	279
274	280
274	291
274	311
274	955
275	278
275	299
275	470
276	444
276	475
276	540
277	289
277	293
277	322
277	376
277	482
278	284
278	288
278	290
278	369
278	536
278	732
279	284
279	285
279	563
279	700
280	439
280	697
281	287
281	293
281	294
281	297
281	426
281	678
282	288
282	293
282	294
282	306
282	581
282	629
282	778
282	942
283	296
284	284
284	292
284	596
285	422
285	492
285	918
286	289
286	299
286	378
286	447
286	616
286	813
287	594
287	685
287	712
287	781
288	292
288	296
288	298
288	489
288	613
288	887
289	290
289	847
290	296
290	298
290	435
290	844
291	294
291	417
291	695
292	454
292	511
292	824
292	925
293	375
293	464
293	550
293	954
294	561
295	299
295	343
295	468
295	511
295	742
295	841
296	596
297	476
297	626
298	312
298	620
298	883
299	419
299	657
300	308
300	325
300	329
300	334
300	335
300	336
300	339
300	340
300	345
300	361
300	368
300	370
300	376
300	395
300	397
300	398
300	412
301	305
301	332
301	341
301	357
301	362
301	369
301	370
301	375
301	385
301	386
301	391
301	479
301	493
301	655
301	844
302	304
302	311
302	321
302	322
302	332
302	345
302	347
302	349
302	350
302	356
302	365
302	371
302	380
302	389
302	391
302	393
302	395
302	937
303	303
303	309
303	314
303	344
303	354
303	365
303	370
303	381
303	382
303	383
303	386
303	398
303	613
303	665
303	773
304	314
304	315
304	316
304	334
304	341
304	342
304	348
304	387
304	388
304	389
304	393
304	553
304	727
304	828
305	310
305	324
305	327
305	337
305	357
305	362
305	367
305	370
305	372
305	376
305	379
305	387
305	391
305	397
305	398
305	546
305	772
305	908
306	308
306	310
306	312
306	319
306	320
306	329
306	337
306	353
306	356
306	359
306	361
306	363
306	371
306	383
306	388
306	415
306	471
306	497
306	527
306	676
307	311
307	313
307	321
307	326
307	330
307	336
307	337
307	338
307	342
307	347
307	372
307	383
307	390
307	414
308	320
308	335
308	340
308	348
308	351
308	355
308	361
308	363
308	367
308	372
308	373
308	377
308	383
308	392
308	393
308	394
308	396
308	776
309	310
309	313
309	314
309	326
309	329
309	330
309	342
309	348
309	355
309	365
309	367
309	368
309	380
309	383
309	384
309	388
309	391
309	392
309	395
309	455
309	838
309	905
310	316
310	321
310	335
310	336
310	346
310	349
310	358
310	362
310	366
310	374
310	378
310	381
310	384
310	385
310	389
310	412
310	617
310	881
311	323
311	326
311	329
311	343
311	353
311	364
311	366
311	369
311	371
311	391
311	393
311	395
311	397
311	512
311	609
311	660
311	684
311	702
311	800
312	313
312	322
312	329
312	332
312	333
312	365
312	371
312	376
312	379
312	383
312	387
312	394
312	397
312	762
312	895
312	960
313	317
313	319
313	326
313	328
313	331
313	345
313	361
313	367
313	373
313	383
313	384
313	395
313	712
313	783
314	320
314	321
314	324
314	329
314	330
314	340
314	346
314	353
314	357
314	364
314	370
314	386
314	399
314	559
314	904
314	971
315	319
315	321
315	324
315	326
315	340
315	342
315	346
315	353
315	363
315	377
315	385
315	391
315	394
315	398
315	399
315	628
316	318
316	330
316	340
316	345
316	346
316	352
316	356
316	358
316	359
316	370
316	371
316	382
316	386
316	390
316	394
316	873
317	331
317	346
317	350
317	353
317	355
317	358
317	363
317	366
317	367
317	377
317	378
317	379
317	389
317	396
317	397
317	479
318	319
318	329
318	333
318	344
318	361
318	362
318	366
318	372
318	378
318	380
318	381
318	388
318	397
318	629
318	958
319	323
319	354
319	359
319	360
319	361
319	366
319	367
319	375
319	383
319	386
319	388
319	390
319	397
319	399
319	519
319	816
319	891
320	321
320	328
320	340
320	352
320	353
320	363
320	366
320	377
320	381
320	384
320	392
320	902
321	323
321	324
321	328
321	329
321	340
321	348
321	353
321	358
321	363
321	380
321	381
321	385
321	390
321	391
321	392
321	396
321	399
321	511
321	552
322	338
322	340
322	341
322	345
322	346
322	348
322	350
322	351
322	363
322	368
322	374
322	376
322	390
322	392
322	397
322	399
322	604
322	692
323	325
323	329
323	332
323	336
323	342
323	345
323	353
323	364
323	366
323	367
323	373
323	375
323	382
323	383
323	390
323	392
323	397
323	399
323	695
323	804
324	328
324	339
324	353
324	354
324	355
324	366
324	370
324	374
324	376
324	394
324	399
324	509
324	763
325	325
325	326
325	332
325	339
325	341
325	345
325	360
325	362
325	364
325	366
325	370
325	384
325	385
325	386
325	387
325	388
325	396
325	872
326	327
326	334
326	337
326	344
326	353
326	361
326	363
326	371
326	376
326	378
326	399
326	469
326	497
327	347
327	367
327	370
327	371
327	381
327	382
327	399
327	623
328	329
328	333
328	339
328	340
328	349
328	383
328	388
328	391
328	392
328	398
328	595
328	656
328	846
329	329
329	333
329	336
329	339
329	344
329	353
329	359
329	366
329	374
329	376
329	385
329	388
329	394
329	486
329	824
329	944
329	954
330	333
330	334
330	348
330	353
330	369
330	372
330	390
330	740
330	878
330	882
330	927
330	999
331	340
331	342
331	347
331	371
331	373
331	375
331	381
331	383
331	384
331	387
331	392
331	763
331	905
332	337
332	341
332	345
332	349
332	365
332	385
332	389
332	394
333	336
333	337
333	341
333	349
333	360
333	371
333	372
333	390
333	391
333	393
333	396
333	398
333	570
333	620
333	761
333	977
334	337
334	338
334	339
334	350
334	351
334	356
334	361
334	363
334	366
334	367
334	368
334	370
334	383
334	387
334	697
335	337
335	339
335	343
335	346
335	347
335	353
335	354
335	359
335	360
335	361
335	370
335	371
335	382
335	501
335	611
335	650
335	685
336	341
336	348
336	359
336	363
336	365
336	367
336	380
336	392
336	398
336	457
336	743
337	340
337	354
337	360
337	361
337	366
337	367
337	372
337	379
337	381
337	389
337	390
337	416
337	718
337	935
337	972
338	352
338	359
338	367
338	378
338	383
338	389
338	457
339	354
339	362
339	363
339	378
339	381
339	382
339	389
339	392
340	349
340	360
340	365
340	370
340	372
340	386
340	392
340	394
340	826
340	924
341	344
341	352
341	358
341	359
341	376
341	381
341	388
341	391
341	394
341	449
341	728
341	916
342	352
342	354
342	355
342	369
342	375
342	386
342	392
342	397
342	399
342	655
342	699
342	757
343	350
343	351
343	358
343	370
343	375
343	386
343	396
343	484
343	632
344	349
344	350
344	354
344	357
344	360
344	364
344	366
344	377
344	389
344	390
344	391
344	753
345	353
345	354
345	358
345	367
345	371
345	373
345	390
345	603
345	645
345	977
346	349
346	353
346	357
346	358
346	359
346	360
346	367
346	372
346	375
346	378
346	380
346	387
346	391
346	394
346	450
346	668
347	360
347	368
347	369
347	380
347	381
347	384
347	389
347	722
348	351
348	357
348	359
348	372
348	384
348	388
348	389
348	394
348	482
348	486
348	501
348	898
349	364
349	367
349	377
349	378
349	394
349	398
349	399
349	486
350	365
350	369
350	387
350	397
350	884
350	913
351	355
351	359
351	365
351	369
351	383
351	386
351	389
351	390
351	394
351	854
352	358
352	363
352	388
352	390
352	392
352	411
352	477
352	684
352	808
353	364
353	371
353	375
353	378
353	379
353	387
353	390
353	424
353	478
353	644
354	356
354	361
354	364
354	376
354	384
354	386
354	390
354	399
354	948
354	995
355	358
355	362
355	372
355	379
355	398
355	858
356	357
356	363
356	372
356	381
356	384
356	390
356	395
356	592
356	610
357	372
357	378
357	384
357	387
357	396
357	508
357	759
357	945
357	948
358	360
358	370
358	371
358	373
358	381
358	391
358	392
358	395
358	398
358	562
358	633
358	786
359	369
359	385
359	427
359	510
359	749
360	366
360	370
360	374
360	378
360	690
360	803
360	809
360	959
361	370
361	386
361	387
361	389
361	391
361	399
362	364
362	385
362	389
362	394
362	399
362	470
362	595
362	888
362	902
362	992
363	375
363	379
363	382
363	383
363	391
363	419
363	551
363	921
364	365
364	370
364	382
364	398
364	459
364	738
364	851
365	370
365	372
365	375
365	389
365	528
365	985
365	995
366	377
366	380
366	385
366	386
366	392
366	395
366	399
366	454
366	622
366	635
366	753
366	976
367	374
367	386
367	387
367	389
367	391
367	397
368	372
368	373
368	381
368	389
368	396
368	557
368	629
368	671
368	975
369	499
369	535
370	397
370	441
370	492
370	611
370	973
371	376
371	377
371	387
371	389
371	392
371	522
371	569
371	604
371	897
372	373
372	382
372	389
372	522
372	627
372	702
372	737
372	780
373	375
373	376
373	381
373	393
373	521
373	558
373	580
373	655
373	771
373	852
374	382
374	391
374	399
374	584
374	783
374	910
375	389
375	393
375	399
375	777
375	858
375	996
376	394
376	419
376	488
377	383
377	388
377	392
377	409
377	436
377	619
378	380
378	386
378	389
378	394
378	399
379	380
379	386
379	390
379	394
379	398
379	706
380	381
380	385
380	389
380	647
380	894
381	382
381	387
381	391
381	392
381	397
381	429
381	744
383	392
383	396
383	473
383	987
384	388
384	390
384	396
384	468
384	684
385	387
385	612
385	914
386	387
386	396
386	664
386	704
386	807
387	392
387	399
387	500
387	837
387	965
387	995
388	390
388	398
388	399
389	390
389	572
389	958
389	985
390	390
390	391
390	527
391	553
391	730
391	739
391	939
391	968
392	398
392	492
392	548
392	560
393	394
393	396
393	546
393	624
394	395
394	598
394	616
394	809
395	398
395	780
395	786
395	891
396	396
396	505
396	580
396	827
396	857
397	559
397	916
399	572
399	591
399	670
400	400
400	407
400	415
400	419
400	420
400	426
400	436
400	460
400	472
400	474
400	481
400	482
400	483
400	487
400	496
401	403
401	417
401	423
401	430
401	438
401	440
401	450
401	466
401	472
401	475
401	487
401	588
401	596
402	408
402	418
402	436
402	439
402	443
402	446
402	460
402	467
402	468
402	475
402	477
402	478
402	496
402	498
402	562
402	930
403	404
403	409
403	413
403	423
403	432
403	437
403	439
403	442
403	463
403	467
403	468
403	474
403	476
403	492
403	497
403	972
404	416
404	431
404	441
404	449
404	470
404	471
404	473
404	476
404	485
404	494
404	495
404	758
405	408
405	410
405	412
405	416
405	417
405	427
405	438
405	452
405	453
405	454
405	457
405	458
405	461
405	464
405	472
405	476
405	478
405	481
405	485
405	492
405	493
405	494
405	495
405	761
405	842
406	409
406	418
406	422
406	426
406	429
406	438
406	442
406	452
406	463
406	476
406	478
406	480
406	487
406	488
406	498
406	499
406	751
406	973
407	424
407	428
407	429
407	492
407	573
408	409
408	411
408	413
408	416
408	423
408	437
408	442
408	446
408	447
408	462
408	464
408	470
408	481
408	484
408	899
409	410
409	416
409	422
409	432
409	441
409	444
409	451
409	472
409	474
409	479
409	482
409	491
409	497
409	836
410	412
410	414
410	416
410	420
410	443
410	451
410	454
410	471
410	484
410	485
410	683
410	701
410	896
410	987
411	423
411	433
411	437
411	456
411	457
411	459
411	472
411	477
411	480
411	494
411	497
411	499
411	564
411	844
412	422
412	429
412	444
412	450
412	451
412	452
412	467
412	469
412	478
412	484
412	494
412	499
412	655
412	661
412	731
413	422
413	437
413	445
413	447
413	456
413	465
413	485
414	415
414	422
414	451
414	478
414	479
414	480
414	536
414	626
414	685
415	434
415	443
415	445
415	469
415	474
415	480
415	484
415	731
415	848
415	954
416	424
416	427
416	429
416	434
416	438
416	439
416	445
416	452
416	453
416	455
416	464
416	468
416	485
416	493
416	495
416	711
416	870
416	904
417	423
417	429
417	440
417	445
417	458
417	460
417	470
417	477
417	483
417	485
417	488
417	513
417	688
417	825
417	956
418	420
418	427
418	429
418	436
418	440
418	443
418	467
418	469
418	470
418	472
418	480
418	482
418	492
418	497
418	779
418	846
419	420
419	423
419	435
419	436
419	437
419	439
419	440
419	441
419	444
419	445
419	455
419	457
419	465
419	466
419	473
419	491
419	494
419	553
419	599
419	983
420	425
420	439
420	445
420	447
420	451
420	460
420	465
420	470
420	476
420	485
420	493
420	499
420	564
420	698
420	767
420	960
420	970
420	992
421	425
421	428
421	434
421	437
421	445
421	449
421	455
421	471
421	473
421	477
421	491
421	494
421	496
421	497
421	498
422	427
422	434
422	448
422	457
422	463
422	466
422	471
422	474
422	484
422	494
422	497
422	498
422	601
422	948
422	974
423	424
423	428
423	435
423	438
423	445
423	446
423	455
423	464
423	474
423	488
423	493
423	514
424	424
424	427
424	440
424	445
424	459
424	466
424	473
424	474
424	481
424	489
424	495
424	684
424	709
424	889
425	425
425	428
425	445
425	447
425	448
425	449
425	452
425	459
425	464
425	467
425	469
425	472
425	477
425	482
425	483
425	488
425	489
425	493
425	738
426	433
426	443
426	454
426	455
426	456
426	459
426	463
426	464
426	472
426	478
426	480
426	482
426	489
426	494
426	677
426	697
426	754
426	856
427	427
427	443
427	454
427	461
427	469
427	470
427	478
427	487
427	494
427	497
427	541
428	432
428	443
428	449
428	450
428	453
428	456
428	463
428	467
428	479
428	480
428	482
428	484
428	496
428	499
428	619
428	939
429	432
429	436
429	438
429	445
429	451
429	453
429	456
429	462
429	480
429	486
429	489
430	432
430	435
430	447
430	449
430	467
430	471
430	492
430	494
430	899
430	925
431	438
431	449
431	450
431	458
431	461
431	465
431	486
431	490
431	491
431	498
431	527
431	622
431	995
432	433
432	444
432	449
432	450
432	453
432	457
432	459
432	460
432	463
432	469
432	471
432	481
432	484
432	486
432	489
432	496
432	664
432	793
432	850
432	909
432	986
433	447
433	449
433	458
433	468
433	469
433	474
433	484
433	485
433	486
433	489
433	492
433	623
433	820
434	439
434	448
434	453
434	457
434	459
434	460
434	462
434	478
434	484
434	486
434	488
434	493
434	499
434	659
435	451
435	453
435	461
435	468
435	472
435	477
435	483
435	485
435	498
435	499
435	608
435	920
436	436
436	440
436	441
436	447
436	451
436	458
436	462
436	470
436	472
436	475
436	483
436	591
436	974
437	443
437	446
437	471
437	476
437	491
437	493
437	650
437	669
438	462
438	463
438	464
438	467
438	468
438	471
438	484
438	486
438	491
438	760
439	445
439	452
439	454
439	466
439	467
440	441
440	445
440	452
440	455
440	465
440	472
440	481
440	483
441	443
441	449
441	456
441	462
441	473
441	476
441	479
441	486
441	487
441	490
441	498
441	634
441	929
442	467
442	473
442	475
442	482
442	497
442	498
442	630
443	447
443	451
443	453
443	455
443	465
443	473
443	474
443	483
443	490
443	498
443	566
443	708
443	724
443	949
444	444
444	446
444	447
444	449
444	451
444	454
444	455
444	461
444	465
444	468
444	488
444	492
444	767
444	961
445	446
445	454
445	468
445	484
445	489
445	491
445	623
445	661
445	722
445	724
445	902
446	449
446	459
446	467
446	472
446	474
446	477
446	485
446	494
446	841
446	859
447	461
447	466
447	467
447	468
447	478
447	479
447	485
447	490
447	491
447	494
447	495
447	785
447	955
448	457
448	462
448	472
448	478
448	483
448	490
448	495
448	497
449	451
449	454
449	467
449	473
449	476
449	482
449	483
449	486
449	494
449	496
449	499
449	925
450	457
450	462
450	465
450	467
450	481
450	488
450	491
450	494
450	499
450	887
451	457
451	467
451	471
451	480
451	482
451	676
452	458
452	461
452	464
452	466
452	477
452	478
452	479
452	492
452	497
452	499
452	565
452	773
452	855
452	995
453	456
453	457
453	462
453	467
453	468
453	482
453	490
453	491
453	496
453	571
453	916
454	476
454	480
454	482
454	487
454	488
454	494
455	459
455	460
455	461
455	467
455	478
455	483
455	486
455	490
455	496
455	639
456	473
456	480
456	481
456	489
456	495
456	499
456	727
456	894
457	459
457	476
457	479
457	491
457	492
457	496
457	499
457	809
457	844
457	905
458	473
458	475
458	478
458	493
458	988
459	481
459	489
459	492
459	496
459	914
460	466
460	467
460	468
460	491
460	492
460	589
461	464
461	465
461	471
461	474
461	478
461	479
461	488
461	489
461	498
461	703
462	467
462	471
462	473
462	477
462	482
462	483
462	488
463	467
463	470
463	473
463	487
463	488
463	490
463	491
463	654
463	796
464	467
464	498
464	521
465	467
465	481
465	496
465	563
465	692
466	469
466	472
466	473
466	493
466	494
466	929
467	472
467	473
467	480
467	482
467	484
467	487
467	493
467	498
467	547
468	471
468	473
468	477
468	487
468	491
468	495
468	627
468	772
468	881
469	470
469	476
469	477
469	481
469	483
469	486
469	489
469	496
469	757
469	803
470	473
470	475
470	478
470	499
470	922
471	484
471	490
471	620
471	733
471	879
472	472
472	477
472	480
472	484
472	496
472	498
472	819
472	965
472	990
473	487
473	489
473	492
473	493
473	497
474	474
474	492
474	685
474	852
475	479
475	484
475	486
475	489
475	499
475	998
476	483
477	485
477	486
477	487
477	489
477	493
477	527
477	785
478	480
478	486
478	497
478	531
478	575
478	584
478	646
479	486
479	496
479	626
479	689
479	739
480	481
480	490
480	493
480	549
480	671
480	709
480	921
481	489
481	594
481	754
481	899
481	938
481	948
482	494
482	498
482	499
482	540
482	692
482	761
483	491
483	495
483	498
483	802
483	995
484	492
484	813
484	945
485	487
485	492
485	498
485	713
485	826
486	488
486	491
486	498
486	958
487	491
487	499
487	703
487	734
487	859
488	552
488	602
488	672
489	495
489	496
489	498
489	531
489	767
490	562
491	495
491	564
491	577
491	629
491	961
492	492
492	493
493	494
493	643
493	754
493	785
493	946
494	684
496	499
496	603
497	497
497	499
497	567
497	654
497	885
498	499
498	566
498	746
499	879
500	500
500	504
500	508
500	510
500	511
500	520
500	524
500	528
500	534
500	535
500	542
500	557
500	561
500	585
500	589
500	593
500	594
500	599
500	620
501	516
501	521
501	525
501	530
501	535
501	539
501	542
501	549
501	550
501	554
501	559
501	568
501	575
501	584
501	585
501	590
501	591
501	594
501	678
501	994
502	515
502	516
502	519
502	520
502	523
502	526
502	534
502	538
502	540
502	542
502	560
502	570
502	581
502	586
502	587
502	590
502	596
502	608
502	842
503	508
503	514
503	523
503	528
503	530
503	531
503	545
503	554
503	556
503	560
503	561
503	563
503	576
503	584
503	585
503	594
503	598
503	763
503	812
503	817
503	880
503	921
504	508
504	509
504	511
504	514
504	523
504	539
504	542
504	550
504	556
504	559
504	560
504	582
504	592
504	859
504	878
505	514
505	517
505	519
505	526
505	536
505	543
505	547
505	548
505	555
505	560
505	566
505	567
505	568
505	570
505	573
505	576
505	582
505	585
505	940
506	513
506	515
506	516
506	519
506	524
506	553
506	558
506	581
506	587
506	592
507	525
507	526
507	536
507	537
507	547
507	548
507	553
507	555
507	568
507	569
507	581
507	584
507	592
507	598
507	599
507	630
507	749
507	868
507	889
508	509
508	510
508	513
508	517
508	521
508	523
508	524
508	534
508	535
508	536
508	557
508	558
508	560
508	567
508	576
508	583
508	590
508	591
508	592
508	593
508	599
508	737
509	510
509	513
509	519
509	522
509	535
509	558
509	564
509	566
509	577
509	579
509	581
509	589
509	596
509	597
509	599
509	852
509	918
510	519
510	534
510	535
510	544
510	553
510	562
510	576
510	593
510	786
510	799
511	524
511	532
511	543
511	548
511	549
511	556
511	559
511	569
511	570
511	584
511	588
511	595
512	515
512	518
512	522
512	525
512	526
512	540
512	568
512	571
512	579
512	582
512	589
512	597
512	692
512	764
512	837
513	532
513	554
513	560
513	561
513	562
513	563
513	577
513	579
513	592
513	593
513	598
513	704
513	756
514	524
514	526
514	527
514	547
514	556
514	566
514	569
514	578
514	586
514	588
514	774
514	791
514	798
515	520
515	525
515	536
515	538
515	545
515	547
515	556
515	557
515	561
515	565
515	569
515	579
515	593
515	597
515	674
516	516
516	523
516	525
516	527
516	528
516	537
516	541
516	552
516	575
516	583
516	733
517	555
517	559
517	568
517	571
517	572
517	579
517	584
517	589
517	590
517	592
517	655
517	801
518	522
518	543
518	549
518	555
518	556
518	559
518	560
518	588
518	590
518	591
518	594
518	596
518	599
518	787
518	826
518	940
519	527
519	541
519	545
519	567
519	580
519	804
520	533
520	545
520	546
520	550
520	572
520	579
520	580
520	594
520	961
520	978
521	541
521	548
521	549
521	552
521	559
521	570
521	577
521	583
521	586
521	588
521	590
521	593
521	598
522	528
522	533
522	535
522	536
522	539
522	542
522	545
522	546
522	549
522	554
522	559
522	562
522	567
522	569
522	570
522	589
522	590
522	599
522	722
523	526
523	527
523	542
523	551
523	552
523	553
523	558
523	559
523	567
523	575
523	583
523	585
523	591
523	598
524	531
524	532
524	542
524	545
524	547
524	563
524	565
524	576
524	581
524	584
524	589
524	595
524	643
525	526
525	527
525	564
525	565
525	569
525	571
525	572
525	578
525	579
525	581
525	587
525	591
525	594
525	595
525	701
525	879
526	532
526	546
526	548
526	552
526	553
526	560
526	561
526	565
526	572
526	581
526	591
526	592
526	598
526	775
526	875
527	544
527	545
527	556
527	559
527	561
527	567
527	569
527	580
527	583
527	592
527	593
527	596
527	605
527	646
528	532
528	536
528	543
528	553
528	565
528	583
528	585
528	589
528	825
529	531
529	538
529	540
529	543
529	545
529	548
529	563
529	568
529	585
529	618
529	915
529	959
530	538
530	541
530	544
530	547
530	584
530	588
530	590
530	648
531	584
531	590
531	594
532	554
532	564
532	567
532	572
532	576
532	581
532	582
532	589
532	592
532	597
532	927
533	538
533	539
533	542
533	552
533	561
533	566
533	574
533	576
533	579
533	582
533	587
533	589
533	592
533	599
534	534
534	543
534	544
534	548
534	550
534	555
534	556
534	561
534	570
534	572
534	574
534	577
534	581
534	585
534	587
534	588
534	641
534	852
535	535
535	536
535	541
535	553
535	557
535	567
535	574
535	595
535	669
536	538
536	550
536	552
536	568
536	577
536	578
536	594
537	547
537	555
537	562
537	564
537	582
537	844
537	978
538	546
538	550
538	553
538	560
538	568
538	573
538	574
538	588
538	591
539	548
539	553
539	562
539	566
539	577
539	581
539	584
539	585
539	591
539	597
539	599
539	676
540	542
540	550
540	551
540	552
540	564
540	572
540	577
540	579
540	597
540	599
540	640
540	704
540	750
541	557
541	561
541	564
541	568
541	582
541	586
542	547
542	562
542	564
542	566
542	569
542	582
542	584
542	585
542	593
542	681
542	792
542	994
543	550
543	551
543	554
543	560
543	567
543	568
543	576
543	587
543	591
543	593
543	595
543	875
544	550
544	554
544	567
544	576
544	579
544	581
544	596
544	598
544	948
545	550
545	553
545	594
546	556
546	564
546	565
546	569
546	574
546	580
546	584
546	793
546	875
547	554
547	558
547	563
547	598
547	672
547	757
548	557
548	559
548	568
548	581
548	582
548	589
548	685
549	551
549	552
549	554
549	567
549	568
549	569
549	570
549	571
549	574
549	685
549	777
550	551
550	557
550	562
550	572
550	579
550	592
550	593
550	669
550	771
550	814
551	564
551	570
551	572
551	575
551	586
551	587
551	589
551	595
551	635
551	823
552	556
552	557
552	566
552	581
552	583
552	594
552	596
552	598
552	652
552	793
553	554
553	558
553	568
553	572
553	575
553	587
553	592
553	594
553	596
553	597
553	598
553	599
553	615
553	805
553	991
554	559
554	565
554	583
554	585
554	598
554	730
554	769
555	558
555	561
555	565
555	574
555	577
555	592
555	595
555	596
555	702
556	564
556	566
556	567
556	585
556	587
556	593
556	671
557	570
557	578
557	591
557	593
557	595
557	659
557	662
557	697
558	558
558	561
558	564
558	594
558	596
558	599
558	617
558	912
559	560
559	571
559	578
559	582
559	584
559	585
559	586
559	587
559	588
559	590
560	565
560	571
560	584
560	589
560	596
560	654
560	675
560	975
561	578
561	589
561	590
561	591
561	593
561	594
562	566
562	568
562	572
562	581
562	586
562	601
562	746
562	998
563	563
563	574
563	580
563	582
563	583
563	592
563	594
563	599
563	841
564	586
564	588
564	596
564	597
564	927
565	570
565	571
565	575
565	585
565	592
566	570
566	574
566	578
566	705
566	758
567	573
567	587
567	588
567	592
567	593
567	596
567	669
567	957
568	569
568	572
568	578
568	579
568	582
568	586
568	589
568	604
568	649
569	569
569	573
569	576
569	580
569	582
569	595
569	665
569	962
570	570
570	571
570	587
570	592
570	593
570	595
570	981
571	581
571	583
571	587
571	588
571	590
572	588
572	594
572	597
572	951
573	584
573	588
573	605
573	809
573	933
574	575
574	707
574	857
574	860
574	943
575	582
575	583
575	585
575	589
575	598
575	619
575	731
576	580
576	584
576	591
576	593
577	578
577	589
577	591
577	593
577	598
578	579
578	861
578	865
578	873
579	580
579	583
579	589
579	590
579	592
579	595
579	599
580	582
580	590
580	604
580	623
580	719
580	731
580	980
581	590
581	596
582	582
582	586
582	590
582	711
582	722
583	585
583	733
583	787
583	938
583	945
584	589
584	597
584	599
584	825
584	863
585	588
585	589
585	591
585	629
585	878
586	587
586	618
586	756
586	956
587	595
587	598
587	599
588	593
588	599
589	809
589	942
589	961
590	591
590	592
590	599
590	717
590	722
591	593
591	594
592	601
592	697
592	892
592	961
593	595
593	598
594	616
594	619
594	695
594	844
595	597
595	598
595	676
596	596
596	599
596	727
596	957
597	814
597	986
598	599
598	835
599	867
599	991
600	606
600	612
600	613
600	614
600	626
600	632
600	641
600	656
600	661
600	671
600	672
600	676
600	706
601	601
601	605
601	608
601	615
601	620
601	626
601	628
601	634
601	646
601	649
601	662
601	663
601	672
601	673
601	675
601	679
601	688
601	690
601	696
601	759
602	607
602	617
602	619
602	621
602	626
602	628
602	632
602	644
602	646
602	658
602	661
602	666
602	675
602	686
602	688
602	690
602	698
602	760
602	791
602	808
603	605
603	606
603	617
603	653
603	654
603	657
603	664
603	668
603	688
603	689
603	693
603	789
604	624
604	630
604	665
604	667
604	683
604	685
604	691
605	610
605	613
605	614
605	629
605	632
605	633
605	638
605	648
605	652
605	657
605	658
605	659
605	661
605	682
605	685
605	957
605	964
605	987
606	615
606	619
606	624
606	630
606	633
606	635
606	648
606	649
606	650
606	652
606	689
606	882
606	899
607	610
607	611
607	616
607	622
607	624
607	639
607	644
607	646
607	661
607	669
607	675
607	681
607	684
607	689
607	690
607	694
607	695
607	697
608	612
608	615
608	616
608	617
608	619
608	620
608	621
608	625
608	626
608	633
608	636
608	640
608	647
608	650
608	656
608	660
608	661
608	663
608	676
608	681
608	683
608	688
608	690
608	696
608	809
609	613
609	614
609	616
609	620
609	638
609	647
609	650
609	651
609	684
609	691
609	698
610	610
610	620
610	627
610	629
610	635
610	637
610	650
610	657
610	662
610	671
610	675
610	680
610	694
610	696
610	998
611	620
611	621
611	629
611	638
611	653
611	654
611	655
611	663
611	665
611	667
611	668
611	671
611	673
611	674
611	680
611	696
611	699
612	613
612	621
612	626
612	632
612	639
612	645
612	656
612	658
612	667
612	675
612	677
612	681
612	689
612	693
612	790
613	620
613	624
613	635
613	636
613	641
613	645
613	649
613	655
613	666
613	670
613	674
613	686
613	821
613	978
613	993
614	620
614	625
614	633
614	639
614	650
614	653
614	662
614	678
614	688
614	697
615	624
615	626
615	653
615	657
615	670
615	672
615	673
615	681
615	690
615	897
615	994
616	619
616	621
616	637
616	646
616	649
616	659
616	667
616	669
616	679
616	691
616	694
616	742
617	618
617	621
617	628
617	630
617	635
617	646
617	665
617	668
617	690
617	707
618	631
618	644
618	649
618	662
618	665
618	674
618	682
618	684
618	686
618	688
618	694
618	698
619	627
619	642
619	644
619	648
619	659
619	663
619	666
619	668
619	671
619	673
619	678
619	679
619	684
619	693
619	695
619	696
619	794
619	953
619	980
620	625
620	626
620	630
620	661
620	667
620	669
620	670
620	684
620	687
620	696
620	698
620	782
620	967
621	622
621	625
621	626
621	630
621	634
621	636
621	638
621	642
621	649
621	654
621	657
621	659
621	662
621	674
621	680
621	686
621	688
621	692
621	695
621	697
621	967
622	627
622	631
622	638
622	641
622	657
622	662
622	674
622	679
622	681
622	699
622	818
622	968
623	628
623	630
623	637
623	638
623	641
623	649
623	652
623	655
623	665
623	684
623	689
623	696
623	698
623	845
624	634
624	639
624	644
624	645
624	646
624	647
624	649
624	652
624	655
624	665
624	676
624	677
624	680
624	682
624	690
624	795
625	636
625	643
625	647
625	667
625	669
625	672
625	676
625	681
625	683
625	684
625	698
625	831
626	629
626	630
626	634
626	644
626	666
626	667
626	671
626	675
626	678
626	684
626	688
626	689
626	893
626	924
627	632
627	643
627	650
627	659
627	662
627	664
627	670
627	677
627	687
627	689
627	695
627	845
628	629
628	632
628	657
628	658
628	659
628	664
628	665
628	667
628	677
628	678
628	696
628	716
629	637
629	638
629	641
629	643
629	644
629	645
629	661
629	670
629	679
629	687
629	695
629	696
629	709
630	631
630	634
630	640
630	644
630	645
630	657
630	662
630	670
630	671
630	682
630	689
630	913
630	948
630	957
631	631
631	632
631	646
631	660
631	669
631	672
631	677
631	693
631	784
631	830
631	923
632	638
632	641
632	648
632	653
632	656
632	657
632	659
632	688
633	643
633	650
633	657
633	662
633	665
633	666
633	676
633	679
633	683
633	685
633	690
633	691
633	754
634	641
634	642
634	645
634	647
634	651
634	664
634	672
634	679
634	687
634	691
634	697
634	844
635	638
635	639
635	651
635	652
635	653
635	656
635	677
635	684
635	693
635	697
635	827
636	636
636	637
636	645
636	649
636	654
636	658
636	659
636	663
636	667
636	671
636	672
636	679
636	681
636	692
636	928
637	639
637	642
637	663
637	666
637	667
637	669
637	672
637	683
637	686
637	697
637	720
637	779
637	800
637	815
637	973
638	655
638	663
638	671
638	672
638	673
638	683
638	686
638	687
638	690
639	643
639	658
639	659
639	668
639	670
639	673
639	687
639	692
639	698
640	641
640	648
640	659
640	663
640	668
640	674
640	680
640	827
640	952
640	959
641	657
641	658
641	666
641	669
641	670
641	673
641	674
641	687
641	693
641	694
641	698
642	650
642	673
642	786
643	645
643	651
643	659
643	667
643	668
643	678
643	682
643	687
643	698
643	905
644	656
644	661
644	665
644	667
644	672
644	681
644	687
644	754
644	923
644	939
645	646
645	663
645	665
645	673
645	674
645	682
645	695
645	699
646	648
646	653
646	657
646	665
646	668
646	686
646	691
646	699
646	756
646	758
646	801
647	652
647	664
647	671
647	686
647	690
647	692
647	866
648	655
648	656
648	677
648	691
648	693
648	929
649	649
649	654
649	658
649	662
649	663
649	668
649	669
649	676
649	687
649	689
649	693
649	702
650	654
650	655
650	658
650	660
650	662
650	663
650	668
650	675
650	678
650	682
650	684
650	689
650	691
650	694
650	864
650	977
651	656
651	669
651	674
651	677
651	690
651	732
651	735
652	653
652	662
652	674
652	678
652	688
652	689
652	695
653	657
653	662
653	674
653	678
653	683
653	692
653	695
653	720
653	754
654	659
654	671
654	674
654	689
654	692
654	698
655	671
655	672
655	673
655	675
655	694
655	699
655	944
656	657
656	661
656	672
656	674
656	694
656	698
656	755
656	894
657	659
657	661
657	663
657	666
657	667
657	669
657	670
657	673
657	676
657	678
657	681
657	688
657	697
657	698
657	699
657	704
657	922
658	661
658	673
658	687
658	965
659	660
659	673
659	695
659	699
660	675
660	676
660	681
660	688
660	690
660	691
660	695
660	698
660	699
660	837
661	663
661	670
661	671
661	678
661	683
661	693
662	664
662	674
662	681
662	682
662	689
662	699
662	747
662	851
662	944
663	678
663	689
663	696
663	771
663	963
664	667
664	669
664	672
664	675
664	678
664	698
665	665
665	670
665	681
665	682
665	684
665	692
665	967
666	690
666	693
666	696
667	671
667	681
667	910
668	683
668	694
669	670
669	672
669	675
669	679
669	686
669	688
669	696
669	747
669	762
670	672
670	674
670	693
670	697
671	676
671	677
671	678
671	684
672	683
672	686
672	689
672	695
672	696
673	680
673	681
673	682
673	699
673	714
673	812
674	679
674	683
674	692
674	697
674	698
674	771
674	932
675	690
675	693
676	677
676	679
676	680
676	684
676	686
676	690
677	678
677	680
677	681
677	690
677	693
677	699
677	806
677	827
677	833
677	881
677	951
678	680
678	683
678	694
678	773
678	777
678	956
679	680
679	691
680	697
681	699
681	817
682	682
682	685
682	690
682	694
682	699
682	941
683	687
683	688
683	689
683	690
683	693
683	699
683	730
684	693
684	699
685	699
685	820
686	698
686	758
686	763
686	787
686	923
687	696
688	689
688	697
688	964
689	690
689	920
690	691
690	692
691	699
692	692
692	694
692	833
692	863
692	921
692	985
693	695
693	699
694	696
694	780
694	936
695	831
696	698
696	995
697	820
698	699
698	903
699	949
700	711
700	712
700	715
700	726
700	740
700	741
700	750
700	761
700	776
700	778
700	781
700	783
700	785
700	790
700	833
701	706
701	707
701	714
701	722
701	735
701	748
701	752
701	754
701	755
701	757
701	758
701	763
701	769
701	774
701	783
701	788
701	792
701	922
702	707
702	712
702	713
702	719
702	730
702	732
702	733
702	750
702	759
702	773
702	785
702	793
703	710
703	715
703	717
703	719
703	729
703	734
703	735
703	736
703	742
703	749
703	758
703	762
703	773
703	781
703	784
703	788
703	810
703	819
704	708
704	725
704	742
704	746
704	753
704	766
704	769
704	793
704	794
704	799
705	707
705	716
705	725
705	727
705	734
705	735
705	741
705	745
705	748
705	752
705	763
705	769
705	772
705	785
705	786
705	793
705	794
705	798
705	799
706	717
706	719
706	746
706	753
706	763
706	790
706	797
707	709
707	719
707	726
707	729
707	730
707	742
707	748
707	750
707	751
707	756
707	758
707	768
707	778
707	779
707	784
707	787
707	797
708	712
708	715
708	719
708	745
708	751
708	761
708	767
708	771
708	772
708	773
708	784
708	785
709	718
709	721
709	726
709	728
709	751
709	756
709	757
709	766
709	767
709	768
709	782
709	784
709	785
709	787
709	795
710	714
710	715
710	718
710	723
710	736
710	743
710	754
710	758
710	764
710	771
710	772
710	781
710	785
710	792
710	881
711	712
711	713
711	726
711	732
711	736
711	769
711	776
711	783
711	785
711	787
711	790
712	716
712	717
712	720
712	725
712	726
712	727
712	728
712	739
712	744
712	760
712	761
712	765
712	783
712	784
712	794
712	996
713	722
713	724
713	731
713	734
713	735
713	739
713	756
713	763
713	774
713	777
713	793
713	798
713	988
714	720
714	735
714	785
714	794
714	878
714	948
715	723
715	737
715	740
715	748
715	749
715	750
715	759
715	760
715	767
715	780
715	798
716	722
716	725
716	728
716	737
716	746
716	762
716	763
716	766
716	767
716	796
716	799
716	824
716	952
717	725
717	733
717	734
717	739
717	747
717	751
717	755
717	757
717	763
717	764
717	768
717	774
717	776
717	788
717	790
717	940
718	718
718	720
718	722
718	731
718	735
718	736
718	745
718	752
718	754
718	764
718	768
718	781
718	792
719	730
719	734
719	742
719	743
719	751
719	756
719	767
719	773
719	775
719	780
719	795
719	921
720	732
720	737
720	745
720	746
720	748
720	753
720	755
720	764
720	768
720	783
720	786
720	787
720	788
720	792
720	797
720	898
721	734
721	740
721	741
721	742
721	744
721	762
721	764
721	773
721	774
721	792
721	793
721	797
721	848
721	913
722	722
722	724
722	739
722	744
722	751
722	753
722	765
722	766
722	767
722	769
722	772
722	780
722	791
722	792
722	795
723	732
723	739
723	747
723	769
723	774
723	777
723	781
723	787
723	799
723	845
724	732
724	738
724	745
724	748
724	757
724	771
724	772
724	774
724	783
724	791
724	795
725	725
725	728
725	733
725	736
725	737
725	740
725	742
725	760
725	763
725	766
725	768
725	778
725	781
725	791
726	731
726	743
726	752
726	756
726	759
726	771
726	781
726	784
726	785
726	791
726	793
727	729
727	730
727	735
727	736
727	740
727	746
727	751
727	754
727	770
727	783
727	788
727	793
727	799
727	948
728	733
728	734
728	736
728	745
728	758
728	760
728	763
728	770
728	771
728	781
728	786
728	791
728	796
728	871
728	897
729	756
729	759
729	768
729	776
729	780
729	795
729	796
729	797
729	903
729	998
730	735
730	755
730	766
730	767
730	772
730	776
730	780
730	782
730	784
730	794
730	796
730	798
730	799
731	734
731	738
731	739
731	743
731	767
731	771
731	772
731	785
731	799
731	997
732	738
732	741
732	744
732	759
732	761
732	773
732	776
732	780
732	789
732	985
733	735
733	748
733	751
733	752
733	766
733	771
733	780
733	781
733	782
733	795
733	796
734	735
734	738
734	745
734	746
734	748
734	752
734	764
734	769
734	780
735	737
735	740
735	742
735	751
735	760
735	764
735	766
735	775
735	777
735	787
735	799
735	825
735	988
736	737
736	743
736	744
736	745
736	749
736	753
736	757
736	762
736	766
736	769
736	770
736	778
736	785
736	787
737	761
737	762
737	770
737	773
737	789
737	790
737	793
738	743
738	751
738	758
738	763
738	767
738	775
738	793
738	824
739	747
739	771
739	772
739	787
739	789
740	749
740	758
740	762
740	782
740	877
741	747
741	748
741	763
741	779
741	783
741	784
741	786
741	948
742	742
742	752
742	754
742	762
742	763
742	788
742	792
742	793
742	799
742	974
743	747
743	750
743	761
743	765
743	769
743	774
743	775
743	779
743	786
743	856
743	881
744	757
744	761
744	763
744	768
744	773
744	777
744	785
744	788
744	794
744	795
744	796
744	797
744	798
745	760
745	761
745	765
745	777
745	782
745	785
745	790
745	796
745	797
745	882
746	746
746	751
746	752
746	758
746	760
746	767
746	769
746	772
746	774
746	793
746	799
746	852
747	766
747	769
747	771
747	790
747	792
747	794
747	797
747	966
748	753
748	754
748	756
748	781
748	784
748	796
748	912
749	758
749	766
749	773
749	774
749	783
749	793
749	797
750	753
750	763
750	765
750	787
750	790
750	791
751	769
751	770
751	773
751	775
751	784
751	787
751	792
752	753
752	761
752	766
752	770
752	784
752	789
752	797
752	798
752	987
753	762
753	767
753	769
753	771
753	781
753	787
753	923
754	757
754	759
754	768
754	777
754	781
754	784
754	786
754	789
754	790
755	760
755	763
755	770
755	774
755	795
756	762
756	770
756	797
756	852
756	915
757	757
757	761
757	762
757	766
757	771
757	775
757	778
757	779
757	781
757	783
757	784
757	787
757	789
758	764
758	765
758	770
758	771
758	772
758	773
758	792
758	972
759	790
759	796
760	766
760	768
760	771
760	779
760	780
760	793
761	763
761	770
761	773
761	777
761	781
761	785
761	821
761	872
761	990
762	764
762	771
762	772
762	782
762	784
762	793
762	798
762	838
762	856
762	888
762	895
763	769
763	773
763	777
763	783
763	786
763	790
763	791
763	795
763	797
763	846
764	765
764	766
764	769
764	773
764	776
764	779
764	788
764	794
764	798
764	799
764	844
764	897
765	778
765	796
766	771
766	780
766	791
766	796
767	770
767	772
767	773
767	775
767	779
767	781
767	793
767	799
768	780
768	782
768	784
768	927
769	770
769	774
769	796
769	818
769	926
770	772
770	779
771	784
771	794
772	778
772	782
772	787
772	789
773	773
773	781
773	789
773	790
773	799
773	915
774	775
774	779
774	796
774	799
775	782
775	788
775	792
775	918
775	953
775	971
776	777
776	779
776	780
776	782
776	784
776	785
776	790
776	792
777	787
777	791
777	794
777	991
778	779
778	780
778	784
779	789
780	786
780	799
780	977
780	979
780	982
781	790
781	794
781	799
782	785
782	786
782	791
782	797
782	940
783	790
783	791
783	798
783	799
783	887
784	973
785	786
785	792
785	793
785	799
785	850
786	790
786	794
786	798
786	799
787	870
788	793
788	795
788	961
789	790
789	794
789	927
789	949
790	794
791	797
791	860
792	851
793	794
793	797
794	794
794	796
794	881
795	798
795	799
795	888
795	940
796	956
800	805
800	812
800	819
800	825
800	839
800	842
800	858
800	860
800	868
800	891
800	972
800	983
801	807
801	808
801	810
801	811
801	814
801	815
801	821
801	831
801	832
801	833
801	839
801	847
801	848
801	874
801	878
801	887
801	893
802	805
802	806
802	808
802	813
802	816
802	818
802	819
802	822
802	826
802	836
802	843
802	844
802	846
802	847
802	848
802	873
802	878
802	881
802	886
802	888
802	893
802	895
803	806
803	818
803	825
803	830
803	844
803	857
803	861
803	882
803	885
803	892
803	899
803	907
804	805
804	807
804	809
804	812
804	814
804	826
804	837
804	839
804	841
804	850
804	860
804	870
804	872
804	876
804	878
805	806
805	816
805	819
805	820
805	849
805	854
805	857
805	867
805	877
805	883
805	889
805	892
805	899
805	909
806	810
806	814
806	819
806	822
806	837
806	838
806	842
806	847
806	866
806	872
806	889
806	892
806	898
807	809
807	818
807	826
807	832
807	835
807	844
807	848
808	809
808	810
808	831
808	852
808	855
808	856
808	863
808	868
808	869
808	883
808	886
808	894
808	901
809	810
809	811
809	813
809	816
809	820
809	825
809	843
809	846
809	848
809	858
809	859
809	878
809	881
809	887
809	888
810	813
810	816
810	817
810	826
810	827
810	828
810	835
810	842
810	849
810	852
810	861
810	863
810	865
810	869
810	870
810	874
810	884
810	894
810	896
810	925
811	817
811	818
811	837
811	840
811	841
811	852
811	855
811	856
811	865
811	866
811	869
811	885
811	887
811	894
811	899
812	821
812	833
812	837
812	839
812	843
812	846
812	848
812	852
812	855
812	859
812	869
812	873
812	876
812	879
812	881
812	882
812	898
813	831
813	833
813	854
813	855
813	858
813	863
813	868
813	872
813	877
813	880
813	888
813	893
814	821
814	823
814	828
814	829
814	837
814	838
814	839
814	841
814	844
814	846
814	869
814	873
814	874
814	879
814	882
814	883
815	817
815	821
815	833
815	835
815	840
815	847
815	852
815	856
815	878
815	892
815	894
815	896
816	848
816	878
816	884
816	892
817	821
817	826
817	837
817	840
817	845
817	848
817	867
817	869
817	870
817	887
817	892
818	825
818	828
818	836
818	844
818	846
818	860
818	861
818	876
818	879
818	883
818	888
818	892
818	928
818	999
819	825
819	836
819	842
819	845
819	848
819	854
819	860
819	862
819	865
819	867
819	868
819	870
819	872
819	883
819	891
819	892
819	897
820	834
820	839
820	843
820	848
820	854
820	856
820	857
820	872
820	881
820	885
820	889
820	892
820	893
820	986
821	826
821	834
821	836
821	851
821	853
821	855
821	858
821	860
821	867
821	869
821	872
821	874
821	894
821	899
822	823
822	830
822	841
822	845
822	847
822	850
822	852
822	855
822	876
822	882
822	888
822	899
822	915
823	824
823	827
823	832
823	835
823	841
823	871
823	872
823	874
823	884
823	898
823	918
824	827
824	831
824	832
824	834
824	836
824	839
824	842
824	847
824	849
824	860
824	863
824	864
824	868
824	870
824	874
824	878
824	879
824	881
824	882
824	888
825	832
825	848
825	858
825	866
825	868
825	880
825	885
825	886
825	890
825	893
825	923
826	826
826	841
826	854
826	866
826	873
826	877
826	891
826	892
826	898
827	833
827	839
827	844
827	851
827	859
827	860
827	864
827	870
827	873
827	883
827	884
827	894
827	914
828	833
828	835
828	837
828	840
828	851
828	852
828	859
828	867
828	872
828	876
828	882
828	891
828	895
828	976
829	852
829	862
829	871
829	872
829	874
829	875
829	885
829	886
829	891
830	835
830	838
830	848
830	852
830	856
830	862
830	870
830	879
830	883
830	886
830	891
830	893
830	894
831	834
831	841
831	844
831	852
831	862
831	873
831	877
831	885
831	886
831	933
831	939
832	833
832	839
832	850
832	857
832	877
832	881
832	886
832	891
832	928
833	836
833	846
833	853
833	867
833	871
833	886
833	888
833	898
834	835
834	847
834	854
834	856
834	862
834	872
834	873
834	886
834	892
834	894
834	899
834	949
835	838
835	845
835	853
835	857
835	858
835	862
835	867
835	870
835	900
835	992
836	838
836	848
836	852
836	853
836	870
836	885
836	890
836	892
836	894
836	895
836	896
836	899
837	838
837	859
837	867
837	872
837	876
837	890
837	893
837	898
838	847
838	883
838	884
838	886
838	891
838	896
839	839
839	847
839	851
839	856
839	858
839	872
839	875
839	887
839	889
839	891
839	893
839	994
840	865
840	871
840	880
840	882
840	887
841	842
841	845
841	856
841	857
841	868
841	870
841	880
841	883
841	890
841	893
841	898
842	844
842	845
842	852
842	854
842	868
842	879
842	884
842	885
842	890
843	850
843	851
843	867
843	871
843	877
843	885
844	868
844	871
844	881
844	883
844	887
844	898
845	850
845	853
845	864
845	873
845	879
845	888
845	923
846	848
846	865
846	888
847	865
847	873
847	881
847	882
848	852
848	864
848	865
848	867
848	868
848	875
848	878
848	879
848	884
848	887
848	906
848	923
848	977
849	850
849	852
849	856
849	857
849	875
849	881
850	867
850	874
850	875
850	877
850	878
850	881
850	884
850	887
851	868
851	875
851	886
851	895
852	872
852	879
852	880
852	892
852	897
853	854
853	878
854	858
854	879
854	881
854	883
854	892
854	896
854	898
854	959
855	858
855	860
855	868
855	881
855	963
855	979
856	863
856	871
856	880
856	884
856	887
856	889
856	892
856	895
856	896
856	897
856	898
856	899
857	865
857	866
857	873
857	879
857	880
857	881
857	883
857	886
857	889
857	892
857	895
857	958
858	865
858	877
858	879
858	882
858	888
858	889
859	860
859	861
859	864
859	866
859	868
859	870
859	872
859	874
859	879
859	881
859	882
859	884
859	887
859	889
859	892
859	898
859	937
860	865
860	873
860	897
860	898
861	867
861	874
861	875
861	879
861	881
861	884
861	893
862	867
862	893
863	882
863	890
863	894
863	895
864	865
864	866
864	877
864	886
864	891
864	892
865	866
865	872
865	874
865	877
865	885
866	867
866	873
866	875
866	881
866	883
866	894
867	875
867	881
867	887
867	891
867	896
867	899
868	870
868	886
868	890
868	897
869	873
869	885
869	888
869	891
869	892
870	877
870	886
870	893
870	895
870	985
871	875
871	880
871	886
871	946
872	880
872	881
872	885
872	888
872	889
873	882
873	883
873	892
874	875
874	881
874	886
874	887
874	894
874	897
874	917
874	979
875	880
875	881
875	896
875	898
876	877
876	878
876	886
876	897
877	879
877	885
877	886
877	887
877	895
877	896
877	899
878	879
878	883
879	890
879	896
880	885
880	889
881	881
881	887
881	892
881	959
882	883
883	889
883	891
883	892
883	894
883	895
883	896
884	897
884	899
885	885
885	889
885	892
885	899
885	916
886	892
886	894
886	896
886	982
887	890
887	892
887	899
887	913
889	891
889	894
889	895
890	895
890	898
892	896
893	945
895	895
896	921
897	898
899	975
900	905
900	908
900	932
900	938
900	943
900	944
900	964
900	968
900	974
900	976
900	981
900	985
900	993
900	994
901	908
901	912
901	915
901	917
901	932
901	937
901	942
901	947
901	953
901	955
901	958
901	972
901	975
901	996
902	908
902	909
902	919
902	926
902	927
902	928
902	966
902	972
902	996
902	998
903	904
903	906
903	913
903	928
903	935
903	954
903	959
903	965
903	981
903	996
904	906
904	907
904	914
904	933
904	941
904	942
904	944
904	953
904	963
904	969
904	976
904	986
904	991
905	907
905	912
905	914
905	920
905	927
905	931
905	932
905	933
905	942
905	945
905	952
905	955
905	958
905	959
905	966
905	973
905	977
905	979
905	980
905	995
905	996
905	997
906	909
906	912
906	921
906	927
906	928
906	936
906	947
906	952
906	961
906	969
906	971
906	975
906	978
906	988
906	998
907	909
907	921
907	930
907	938
907	940
907	945
907	955
907	962
907	968
907	978
907	990
907	994
907	996
908	910
908	919
908	921
908	926
908	929
908	932
908	941
908	943
908	955
908	966
908	967
908	972
908	978
908	982
908	986
908	988
909	911
909	935
909	940
909	951
909	954
909	957
909	960
909	963
909	965
909	967
909	977
909	988
909	991
909	992
909	998
910	917
910	939
910	950
910	953
910	971
910	981
911	914
911	916
911	919
911	920
911	927
911	928
911	943
911	950
911	952
911	954
911	964
911	966
911	973
911	976
911	981
911	999
912	915
912	919
912	936
912	949
912	950
912	952
912	961
912	979
912	987
912	988
912	989
912	991
912	996
913	914
913	924
913	942
913	943
913	944
913	946
913	949
913	956
913	960
913	964
913	965
913	969
913	974
913	988
913	989
913	991
913	996
914	916
914	923
914	927
914	937
914	940
914	942
914	950
914	953
914	981
914	986
914	992
914	993
915	921
915	927
915	934
915	940
915	954
915	955
915	969
915	978
915	988
915	990
915	993
915	997
915	999
916	917
916	921
916	923
916	929
916	944
916	962
916	968
916	969
916	974
916	976
916	984
916	987
916	988
917	919
917	925
917	926
917	928
917	935
917	939
917	941
917	942
917	951
917	953
917	956
917	957
917	960
917	961
917	969
917	970
917	972
917	981
917	991
917	997
918	919
918	920
918	924
918	935
918	950
918	955
918	957
918	963
918	967
918	972
918	974
918	977
918	983
918	993
919	920
919	924
919	929
919	949
919	953
919	957
919	964
919	969
919	971
919	977
919	991
919	993
919	996
920	924
920	928
920	931
920	938
920	943
920	945
920	947
920	950
920	951
920	969
920	971
920	973
920	974
920	975
920	980
920	984
920	988
920	994
921	926
921	946
921	954
921	961
921	967
921	972
921	986
921	993
921	994
921	997
921	998
922	923
922	924
922	951
922	955
922	970
922	971
922	975
922	976
922	984
922	991
922	997
923	929
923	933
923	936
923	939
923	940
923	954
923	963
923	972
923	983
923	985
923	989
923	991
923	998
924	934
924	943
924	944
924	948
924	962
924	968
924	979
924	987
924	989
924	996
924	998
925	926
925	934
925	936
925	941
925	951
925	966
925	972
925	976
925	977
925	980
925	987
925	990
925	996
926	930
926	932
926	946
926	947
926	956
926	960
926	962
926	964
926	972
926	976
926	978
926	989
926	990
926	998
926	999
927	928
927	933
927	936
927	941
927	948
927	951
927	952
927	958
927	962
927	967
927	977
927	988
927	997
928	938
928	939
928	954
928	960
928	973
928	974
928	986
928	990
928	992
928	995
929	949
929	950
929	955
929	971
929	980
929	985
929	987
929	988
929	993
930	931
930	936
930	944
930	976
930	994
931	932
931	939
931	943
931	950
931	952
931	954
931	955
931	959
931	960
931	964
931	968
931	970
931	971
931	972
931	979
931	980
931	981
931	985
931	988
931	989
931	992
931	996
932	934
932	941
932	942
932	944
932	960
932	966
932	967
932	972
932	974
932	976
932	977
932	981
932	984
932	986
932	988
932	991
932	994
932	995
932	999
933	936
933	940
933	950
933	957
933	963
933	966
933	970
933	990
933	998
934	947
934	951
934	953
934	958
934	966
934	976
934	977
934	978
934	979
934	983
934	986
934	993
934	997
935	944
935	947
935	948
935	963
935	975
935	989
936	939
936	956
936	960
936	969
936	971
936	976
936	978
936	985
936	997
936	999
937	948
937	950
937	959
937	961
937	963
937	965
937	972
937	976
937	979
937	983
937	991
937	996
938	947
938	954
938	966
938	976
939	945
939	947
939	950
939	952
939	975
939	980
939	990
939	995
940	942
940	944
940	946
940	954
940	956
940	959
940	975
940	979
940	982
940	986
940	990
941	943
941	947
941	948
941	955
941	957
941	971
941	973
941	974
941	980
941	989
941	995
942	943
942	959
942	967
942	968
942	988
943	944
943	949
943	951
943	952
943	963
943	966
943	968
943	974
943	975
943	979
943	981
943	991
944	948
944	955
944	969
944	978
944	988
944	990
944	992
944	993
944	994
945	953
945	954
945	956
945	970
945	972
945	973
945	984
945	998
946	948
946	949
946	950
946	951
946	955
946	970
946	974
946	975
946	985
946	987
946	990
946	991
946	997
947	948
947	951
947	953
947	955
947	956
947	957
947	964
947	968
947	983
947	990
947	995
948	954
948	960
948	961
948	975
948	976
948	990
948	993
949	955
949	974
949	991
949	994
949	997
950	961
950	967
950	973
950	982
950	989
950	995
950	999
951	954
951	955
951	962
951	965
951	968
951	969
951	975
951	976
951	982
951	988
951	990
952	958
952	959
952	968
952	974
952	982
952	984
952	991
953	965
953	971
953	977
953	990
954	966
954	973
954	974
955	957
955	966
955	967
955	969
955	972
955	975
955	977
955	979
955	986
955	991
955	992
955	995
956	957
956	961
956	969
956	976
956	983
956	987
956	989
956	991
957	962
957	963
957	969
957	991
957	993
958	974
958	975
958	976
958	980
958	982
958	996
959	965
959	981
959	984
959	985
959	989
959	991
959	999
960	961
960	968
960	974
960	980
960	981
960	986
960	991
960	997
960	999
961	972
961	980
961	999
962	968
962	969
962	972
962	981
962	982
962	987
962	990
962	992
962	994
962	996
963	980
963	988
964	976
964	977
964	994
965	967
965	974
965	979
965	999
966	982
966	992
966	999
967	967
967	968
967	972
967	987
967	988
967	994
967	997
968	972
968	973
968	976
968	978
968	981
968	983
969	969
969	978
969	983
969	984
969	994
969	995
969	996
969	998
970	977
970	983
970	984
971	972
971	975
971	981
971	985
971	990
971	991
972	973
972	979
972	984
972	996
972	998
972	999
973	994
974	978
974	983
974	985
975	975
975	983
975	995
976	977
976	988
976	990
976	992
976	995
976	998
976	999
977	977
977	980
977	984
977	985
977	987
977	989
978	989
978	994
979	993
980	982
980	991
980	998
980	999
981	981
981	992
981	996
981	997
981	998
982	989
982	997
983	983
983	985
983	987
983	990
983	991
983	996
983	997
984	990
984	993
984	999
985	996
986	987
986	988
986	992
986	996
986	997
987	990
987	993
987	996
988	990
988	991
988	997
989	991
990	993
990	997
990	999
991	994
992	996
992	999
994	998
995	999
996	998
