0	0
0	2
0	4
0	23
0	26
0	45
0	52
0	71
0	82
0	88
0	90
0	133
0	305
0	316
0	382
0	456
0	574
0	610
0	682
0	735
0	774
0	834
1	3
1	17
1	20
1	43
1	50
1	61
1	70
1	99
1	350
1	392
1	458
1	723
1	769
1	806
1	816
2	8
2	36
2	43
2	52
2	68
2	69
2	137
2	159
2	218
2	624
2	764
2	801
2	814
2	857
3	33
3	60
3	62
3	70
3	85
3	126
3	181
3	214
3	357
3	424
3	577
3	640
3	818
3	828
4	7
4	11
4	32
4	42
4	53
4	62
4	64
4	88
4	94
4	95
4	98
4	201
4	238
4	258
4	284
4	346
4	440
4	616
4	703
4	716
5	20
5	21
5	22
5	23
5	42
5	48
5	53
5	57
5	75
5	78
5	81
5	86
5	267
5	364
5	413
5	415
5	421
5	453
5	534
5	546
5	608
5	790
5	811
5	940
5	997
6	7
6	16
6	19
6	23
6	56
6	58
6	59
6	63
6	83
6	96
6	97
6	359
6	373
6	397
6	665
6	790
6	819
6	875
6	993
7	11
7	12
7	55
7	79
7	81
7	84
7	87
7	90
7	107
7	358
7	504
7	554
7	571
7	651
7	765
7	766
7	928
8	34
8	39
8	43
8	53
8	58
8	67
8	91
8	94
8	95
8	270
8	276
8	352
8	636
8	674
8	814
9	10
9	15
9	17
9	30
9	31
9	35
9	36
9	48
9	58
9	65
9	73
9	85
9	89
9	180
9	556
9	727
9	742
9	972
10	21
10	36
10	61
10	82
10	87
10	92
10	95
10	495
10	515
10	587
10	633
10	857
10	931
11	20
11	27
11	28
11	39
11	40
11	48
11	64
11	92
11	95
11	96
11	99
11	146
11	379
11	910
12	21
12	39
12	41
12	52
12	75
12	86
12	116
12	148
12	223
12	337
12	346
12	364
12	374
12	656
12	745
12	918
12	976
13	13
13	32
13	47
13	55
13	65
13	69
13	71
13	83
13	92
13	94
13	386
13	474
13	526
13	643
14	27
14	32
14	46
14	48
14	56
14	59
14	68
14	83
14	90
14	91
14	107
14	165
14	178
14	235
14	401
14	501
14	639
14	765
14	802
14	993
15	16
15	23
15	32
15	37
15	39
15	44
15	76
15	82
15	98
15	117
15	334
15	538
15	623
15	649
15	669
15	726
15	732
15	792
15	949
16	20
16	24
16	47
16	49
16	59
16	63
16	65
16	74
16	77
16	86
16	97
16	98
16	168
16	215
16	250
16	349
16	590
16	756
16	759
16	811
16	827
16	915
16	937
17	22
17	39
17	44
17	46
17	64
17	88
17	142
17	314
17	316
17	500
17	525
17	623
17	747
17	796
17	867
17	915
17	937
17	986
18	19
18	40
18	48
18	64
18	70
18	128
18	167
18	401
18	502
18	578
18	606
18	772
18	868
18	986
19	50
19	64
19	67
19	88
19	131
19	407
19	506
19	540
19	587
19	807
19	909
20	21
20	29
20	31
20	46
20	51
20	52
20	72
20	77
20	85
20	88
20	94
20	231
20	273
21	25
21	33
21	37
21	52
21	60
21	63
21	64
21	83
21	90
21	99
21	340
21	387
21	426
21	465
21	528
21	576
21	589
21	879
21	907
22	41
22	43
22	79
22	92
22	379
22	545
22	675
22	874
22	893
22	894
22	963
23	49
23	59
23	72
23	80
23	128
23	224
23	426
23	618
23	791
23	871
23	873
24	28
24	53
24	54
24	69
24	79
24	82
24	92
24	93
24	133
24	246
24	250
24	260
24	290
24	677
24	722
24	760
24	761
25	41
25	43
25	51
25	62
25	68
25	85
25	93
25	150
25	626
25	817
26	35
26	42
26	60
26	67
26	70
26	71
26	73
26	104
26	195
26	198
26	298
26	327
26	452
26	473
26	536
26	544
26	746
26	759
26	779
26	860
26	983
27	33
27	64
27	65
27	76
27	89
27	141
27	222
27	282
27	404
27	565
27	654
27	706
27	789
27	844
27	854
27	874
27	880
27	988
28	37
28	56
28	74
28	113
28	267
28	306
28	339
28	411
28	698
28	806
28	837
28	870
28	902
29	31
29	32
29	36
29	53
29	59
29	63
29	77
29	91
29	320
29	354
29	364
29	429
29	614
29	700
29	710
29	859
29	942
29	998
30	36
30	48
30	60
30	71
30	92
30	236
30	571
30	696
30	781
30	964
31	38
31	39
31	40
31	58
31	67
31	75
31	76
31	77
31	85
31	93
31	95
31	198
31	288
31	400
31	660
31	792
32	38
32	44
32	53
32	67
32	70
32	73
32	79
32	89
32	99
32	177
32	222
32	234
32	251
32	564
32	613
32	645
32	727
32	729
32	784
33	36
33	40
33	54
33	69
33	80
33	87
33	94
33	116
33	259
33	439
33	509
33	519
33	565
33	677
33	682
33	761
33	890
34	47
34	53
34	60
34	67
34	80
34	93
34	95
34	171
34	192
34	462
34	563
34	634
34	682
34	762
34	827
35	37
35	39
35	60
35	65
35	77
35	80
35	91
35	214
35	426
35	748
35	856
35	906
36	57
36	58
36	65
36	86
36	94
36	141
36	266
36	323
36	404
36	434
36	439
36	584
36	696
36	697
36	739
36	810
36	839
37	71
37	79
37	92
37	96
37	99
37	176
37	189
37	294
37	504
37	806
37	847
37	857
38	48
38	55
38	59
38	63
38	70
38	96
38	98
38	118
38	220
38	441
38	544
38	558
38	615
38	736
38	863
39	39
39	42
39	57
39	65
39	67
39	69
39	76
39	77
39	95
39	97
39	107
39	483
39	490
39	545
39	550
39	580
39	593
39	789
39	893
39	953
39	999
40	62
40	78
40	87
40	88
40	92
40	263
40	614
40	961
40	983
40	997
41	48
41	58
41	77
41	83
41	84
41	86
41	260
41	269
41	415
41	807
42	50
42	52
42	66
42	82
42	92
42	97
42	173
42	179
42	199
42	443
42	627
42	809
42	858
42	968
43	58
43	73
43	75
43	107
43	258
43	382
43	431
43	525
43	564
43	742
44	57
44	63
44	75
44	81
44	84
44	95
44	99
44	261
44	297
44	363
44	569
44	787
44	802
44	827
44	858
45	81
45	90
45	306
45	438
45	494
45	544
45	622
45	804
45	831
45	842
45	859
46	50
46	57
46	65
46	67
46	68
46	177
46	275
46	541
46	595
46	615
46	641
46	710
46	802
46	853
46	888
46	906
47	62
47	68
47	90
47	92
47	98
47	146
47	541
47	637
47	714
47	784
47	844
47	848
47	963
48	50
48	52
48	61
48	69
48	76
48	77
48	82
48	88
48	239
48	516
48	589
48	607
48	761
48	847
49	49
49	67
49	70
49	92
49	95
49	150
49	162
49	234
49	244
49	254
49	450
49	452
49	497
49	535
49	570
49	796
49	953
50	62
50	63
50	67
50	77
50	79
50	81
50	86
50	88
50	94
50	108
50	120
50	135
50	168
50	203
50	374
50	375
50	446
50	448
50	521
50	534
50	538
50	610
50	649
50	728
50	965
51	57
51	65
51	226
51	626
51	662
51	849
51	966
52	56
52	59
52	62
52	63
52	68
52	72
52	82
52	83
52	90
52	405
52	458
52	536
52	543
52	728
52	775
52	876
52	897
53	74
53	75
53	85
53	99
53	131
53	260
53	274
53	299
53	301
53	808
54	55
54	56
54	85
54	96
54	98
54	307
54	377
54	611
54	641
54	738
54	744
54	829
54	899
54	985
55	65
55	69
55	77
55	89
55	155
55	183
55	323
55	482
55	563
55	573
55	590
55	715
55	762
55	813
55	900
56	88
56	94
56	163
56	173
56	284
56	546
56	553
56	651
56	849
56	891
56	893
56	943
57	63
57	66
57	74
57	86
57	98
57	391
57	600
57	705
57	779
57	860
57	941
57	984
57	989
58	70
58	73
58	77
58	80
58	83
58	86
58	88
58	101
58	165
58	192
58	207
58	245
58	358
58	522
58	644
58	680
58	692
58	866
58	877
58	897
58	957
59	75
59	90
59	96
59	125
59	282
59	376
59	463
59	491
59	516
59	690
59	874
59	912
60	66
60	72
60	86
60	89
60	98
60	130
60	150
60	382
60	466
60	576
60	600
60	742
60	744
60	758
60	934
60	983
60	988
61	80
61	81
61	344
61	450
61	505
61	524
61	558
61	682
61	863
62	84
62	95
62	106
62	149
62	202
62	290
62	326
62	330
62	373
62	454
62	513
62	523
62	550
62	615
62	763
62	769
62	802
62	895
63	67
63	68
63	72
63	76
63	129
63	152
63	221
63	227
63	285
63	432
63	438
63	489
63	575
63	766
63	774
63	877
63	920
64	67
64	79
64	97
64	331
64	379
64	447
64	450
64	495
64	501
64	566
64	639
64	678
64	722
64	782
64	847
64	905
64	925
65	79
65	83
65	91
65	118
65	233
65	300
65	453
65	472
65	489
65	614
65	640
65	846
65	962
65	986
66	67
66	90
66	375
66	428
66	510
66	570
66	700
66	720
66	852
66	966
67	75
67	97
67	104
67	164
67	291
67	344
67	581
67	850
68	81
68	84
68	93
68	97
68	440
68	443
68	661
68	675
68	771
68	872
68	903
68	932
69	73
69	76
69	92
69	94
69	174
69	304
70	70
70	131
70	649
70	730
70	764
70	872
70	953
71	76
71	87
71	93
71	97
71	98
71	178
71	199
71	317
71	503
71	718
71	765
71	784
71	845
71	977
72	76
72	83
72	96
72	195
72	280
72	328
72	351
72	490
72	628
72	711
72	742
72	750
72	819
72	877
73	74
73	75
73	84
73	87
73	97
73	198
73	427
73	534
73	665
73	685
73	704
73	791
73	825
73	836
73	858
73	952
74	74
74	80
74	147
74	259
74	297
74	339
74	369
74	520
74	805
74	945
75	86
75	87
75	169
75	203
75	292
75	334
75	512
75	584
75	698
75	705
75	798
75	998
76	77
76	79
76	81
76	89
76	153
76	383
76	712
76	743
76	829
76	932
77	83
77	95
77	98
77	113
77	196
77	239
77	301
77	519
77	780
77	832
77	836
77	943
77	959
77	979
77	990
78	134
78	209
78	395
78	485
78	799
78	815
78	916
78	923
79	94
79	95
79	143
79	205
79	311
79	721
79	757
79	774
79	821
79	980
80	91
80	135
80	158
80	411
80	454
80	499
80	648
80	830
80	879
80	968
81	85
81	92
81	95
81	160
81	199
81	244
81	272
81	273
81	624
81	654
81	666
81	998
82	82
82	117
82	213
82	226
82	322
82	425
82	545
82	622
82	727
82	738
82	763
82	976
83	84
83	92
83	97
83	200
83	249
83	310
83	450
83	460
83	514
83	668
83	765
83	804
83	828
83	926
83	940
83	973
83	976
84	86
84	146
84	162
84	172
84	253
84	319
84	470
84	556
84	701
84	729
84	755
85	99
85	181
85	255
85	393
85	544
85	632
85	664
85	764
85	770
85	893
86	94
86	101
86	112
86	256
86	373
86	740
86	814
86	979
87	89
87	95
87	116
87	285
87	604
87	886
87	927
88	92
88	93
88	166
88	334
88	357
88	423
88	425
88	434
88	530
88	693
88	752
88	797
88	877
89	91
89	175
89	299
89	445
89	693
89	996
90	96
90	113
90	156
90	170
90	180
90	361
90	378
90	418
90	587
90	721
90	729
91	91
91	119
91	159
91	218
91	342
91	374
91	479
91	538
91	713
91	728
91	894
92	96
92	134
92	142
92	145
92	262
92	401
92	636
92	661
92	725
92	739
92	932
93	140
93	271
93	315
93	319
93	337
93	533
93	650
93	665
93	704
93	705
93	865
93	915
93	928
94	94
94	108
94	158
94	185
94	369
94	399
94	483
94	586
94	857
94	899
94	968
95	96
95	100
95	147
95	152
95	222
95	316
95	345
95	368
95	504
95	663
95	975
96	148
96	467
97	132
97	178
97	402
97	435
97	450
97	626
97	694
98	98
98	189
98	190
98	579
98	678
98	741
98	745
99	127
99	236
99	268
99	272
99	624
99	722
99	730
99	881
99	923
99	997
100	112
100	114
100	133
100	142
100	146
100	151
100	154
100	166
100	179
100	185
100	315
100	434
100	459
100	735
100	902
100	934
101	103
101	105
101	107
101	121
101	122
101	133
101	137
101	145
101	158
101	168
101	171
101	187
101	196
101	279
101	281
101	620
101	857
101	909
101	938
102	114
102	157
102	164
102	166
102	173
102	179
102	276
102	393
102	594
102	723
102	742
102	759
103	112
103	124
103	127
103	134
103	144
103	153
103	157
103	172
103	174
103	188
103	199
103	236
103	258
103	411
103	517
103	558
103	611
103	660
103	747
103	818
103	829
103	865
103	887
103	955
104	114
104	118
104	125
104	131
104	138
104	145
104	167
104	168
104	180
104	181
104	189
104	275
104	293
104	311
104	387
104	576
104	655
104	737
104	789
104	992
105	109
105	110
105	120
105	124
105	148
105	152
105	172
105	177
105	178
105	191
105	245
105	280
105	349
105	463
105	531
105	611
105	620
105	661
105	673
105	707
105	709
105	721
105	722
105	817
105	828
105	910
105	973
105	989
106	108
106	109
106	166
106	180
106	196
106	236
106	316
106	382
106	397
106	510
106	568
106	744
106	769
106	844
107	112
107	134
107	139
107	167
107	178
107	189
107	190
107	191
107	309
107	327
107	433
107	461
107	903
107	953
108	117
108	124
108	129
108	141
108	148
108	155
108	169
108	181
108	184
108	199
108	293
108	332
108	373
108	491
108	497
108	645
108	762
108	798
108	888
108	897
108	903
108	952
109	114
109	117
109	133
109	138
109	139
109	145
109	148
109	155
109	167
109	172
109	196
109	326
109	345
109	521
109	721
109	813
109	860
110	110
110	112
110	114
110	117
110	122
110	129
110	135
110	148
110	152
110	157
110	187
110	190
110	223
110	231
110	279
110	307
110	451
110	556
110	603
110	865
110	934
110	961
111	114
111	121
111	131
111	158
111	165
111	168
111	175
111	194
111	420
111	576
111	601
111	603
111	657
111	660
111	667
111	701
111	707
111	855
111	857
111	912
111	931
111	974
112	113
112	124
112	130
112	135
112	159
112	169
112	184
112	192
112	294
112	475
112	724
112	731
112	814
112	832
112	839
113	121
113	132
113	138
113	166
113	168
113	169
113	191
113	195
113	198
113	212
113	293
113	362
113	384
113	638
113	751
113	913
114	116
114	117
114	123
114	131
114	136
114	139
114	147
114	148
114	150
114	183
114	322
114	330
114	367
114	408
114	492
114	587
114	669
114	698
114	737
114	749
114	875
114	957
115	135
115	143
115	145
115	158
115	166
115	167
115	169
115	172
115	180
115	182
115	612
115	620
115	669
115	745
115	905
115	916
116	119
116	123
116	124
116	142
116	144
116	157
116	177
116	192
116	196
116	270
116	293
116	309
116	414
116	463
116	513
116	525
116	565
116	579
116	669
116	881
116	954
116	977
117	120
117	122
117	127
117	154
117	161
117	178
117	192
117	423
117	485
117	499
117	512
117	638
117	836
117	891
118	145
118	148
118	166
118	182
118	187
118	194
118	245
118	268
118	469
118	523
118	565
118	567
118	854
119	120
119	126
119	129
119	130
119	134
119	148
119	150
119	153
119	192
119	197
119	456
119	517
119	534
119	564
119	717
119	740
119	798
119	804
119	893
119	935
120	163
120	195
120	291
120	455
120	465
120	670
120	793
120	889
121	124
121	130
121	147
121	149
121	172
121	176
121	183
121	188
121	192
121	249
121	513
121	896
121	990
122	134
122	135
122	148
122	156
122	171
122	173
122	192
122	213
122	609
122	642
122	976
122	983
123	141
123	143
123	162
123	183
123	198
123	199
123	272
123	379
123	462
123	561
123	680
123	730
123	757
123	989
124	124
124	128
124	145
124	167
124	171
124	175
124	176
124	183
124	186
124	187
124	191
124	345
124	483
124	570
124	711
124	852
124	894
124	914
124	984
125	140
125	151
125	160
125	162
125	176
125	177
125	179
125	192
125	224
125	236
125	374
125	453
125	536
125	602
125	774
125	838
125	882
125	909
125	923
125	947
126	137
126	140
126	160
126	177
126	184
126	185
126	198
126	212
126	369
126	375
126	640
126	774
126	832
126	872
126	982
127	132
127	136
127	139
127	140
127	155
127	163
127	172
127	174
127	175
127	176
127	183
127	187
127	191
127	455
127	475
127	490
127	785
127	856
127	913
128	129
128	150
128	157
128	159
128	168
128	172
128	181
128	187
128	188
128	194
128	259
128	282
128	484
128	487
128	500
128	506
128	544
128	749
128	823
128	894
129	152
129	160
129	162
129	167
129	183
129	184
129	229
129	243
129	269
129	276
129	297
129	429
129	457
129	524
129	585
129	683
129	798
129	832
130	133
130	159
130	185
130	187
130	193
130	197
130	265
130	364
130	491
130	492
130	633
130	697
130	967
131	139
131	142
131	144
131	154
131	163
131	167
131	173
131	183
131	184
131	189
131	278
131	291
131	351
131	383
131	424
131	593
131	707
131	816
131	856
131	860
132	139
132	142
132	153
132	158
132	175
132	317
132	615
132	680
132	788
132	827
132	833
132	867
132	940
133	134
133	152
133	160
133	442
133	497
133	837
133	907
133	934
133	941
134	145
134	149
134	153
134	155
134	160
134	182
134	187
134	189
134	197
134	199
134	247
134	583
134	769
134	914
134	970
135	141
135	156
135	167
135	192
135	353
135	354
135	667
135	671
135	741
135	790
136	142
136	193
136	248
136	447
136	473
136	591
136	653
136	769
136	772
136	788
136	802
136	838
136	846
136	902
137	149
137	150
137	183
137	187
137	188
137	191
137	199
137	362
137	474
137	505
137	582
137	623
137	651
137	660
137	843
137	989
138	184
138	331
138	467
138	498
138	720
138	946
138	965
139	141
139	147
139	156
139	172
139	186
139	187
139	211
139	246
139	257
139	412
139	595
139	609
139	638
139	775
139	968
139	972
140	146
140	151
140	156
140	257
140	435
140	573
140	888
141	149
141	152
141	155
141	169
141	180
141	181
141	195
141	221
141	471
141	521
141	551
141	601
141	723
141	904
141	929
141	935
141	964
142	158
142	159
142	171
142	184
142	222
142	251
142	277
142	299
142	337
142	604
142	733
142	740
142	870
142	962
143	146
143	154
143	157
143	163
143	168
143	171
143	181
143	184
143	191
143	197
143	205
143	221
143	244
143	251
143	289
143	331
143	346
143	438
143	586
143	628
143	689
143	828
143	875
144	147
144	171
144	172
144	178
144	182
144	186
144	600
144	783
144	844
144	949
145	172
145	174
145	182
145	184
145	194
145	199
145	265
145	479
145	519
145	520
145	660
145	701
145	777
145	891
145	925
145	993
146	150
146	151
146	160
146	164
146	172
146	185
146	196
146	243
146	620
146	625
146	902
147	152
147	162
147	179
147	180
147	217
147	355
147	706
147	734
147	760
147	875
147	877
148	155
148	159
148	167
148	171
148	175
148	180
148	185
148	191
148	217
148	260
148	438
148	513
148	703
148	851
148	933
148	955
149	149
149	153
149	154
149	158
149	164
149	170
149	171
149	182
149	479
149	696
149	820
149	890
149	898
150	158
150	163
150	172
150	178
150	183
150	235
150	237
150	286
150	426
150	581
150	678
150	690
150	892
151	175
151	182
151	187
151	193
151	300
151	427
151	466
151	495
151	641
151	713
151	862
152	158
152	160
152	169
152	173
152	185
152	191
152	205
152	247
152	500
152	517
152	533
152	781
152	789
152	872
153	157
153	172
153	192
153	246
153	353
153	397
153	494
153	702
153	710
153	714
153	854
153	865
153	899
153	934
154	180
154	193
154	197
154	198
154	268
154	348
154	386
154	422
154	997
155	159
155	166
155	168
155	185
155	237
155	258
155	881
155	912
155	980
155	993
156	163
156	164
156	169
156	176
156	181
156	184
156	190
156	252
156	292
156	321
156	476
156	775
156	884
157	164
157	167
157	169
157	171
157	191
157	197
157	335
157	434
157	568
157	667
157	807
157	886
157	939
158	158
158	166
158	167
158	183
158	189
158	191
158	277
158	323
158	385
158	720
158	752
158	798
158	813
158	815
158	849
158	868
158	915
159	173
159	193
159	197
159	201
159	218
159	246
159	304
159	357
159	501
159	665
159	736
160	166
160	170
160	174
160	176
160	185
160	189
160	190
160	191
160	520
160	791
160	806
160	917
161	163
161	169
161	172
161	196
161	408
161	789
161	796
161	802
161	940
162	163
162	173
162	175
162	182
162	197
162	219
162	245
162	646
162	704
162	732
162	927
163	165
163	175
163	177
163	181
163	190
163	295
163	338
163	466
163	487
163	607
163	779
164	180
164	197
164	278
164	302
164	471
164	476
164	867
164	923
164	937
165	168
165	173
165	183
165	188
165	606
165	665
165	763
165	878
165	947
165	989
166	167
166	172
166	176
166	186
166	200
166	474
166	561
166	747
166	781
166	809
166	822
166	854
166	884
167	168
167	182
167	183
167	190
167	191
167	240
167	336
167	447
167	726
167	880
167	884
168	185
168	188
168	189
168	193
168	194
168	196
168	273
168	366
168	491
168	545
168	550
168	753
169	170
169	180
169	182
169	185
169	198
169	578
169	627
169	663
169	685
169	888
170	176
170	177
170	191
170	195
170	390
170	699
170	725
170	758
170	854
170	914
171	172
171	173
171	186
171	587
171	733
171	769
171	849
171	886
171	967
172	184
172	188
172	189
172	194
172	290
172	397
172	453
172	481
172	754
172	853
172	894
172	916
173	186
173	194
173	224
173	403
173	429
173	446
173	569
173	741
173	806
173	811
173	854
173	880
174	181
174	189
174	191
174	192
174	199
174	207
174	243
174	270
174	290
174	307
174	491
174	682
174	689
174	700
174	714
174	749
174	790
174	858
174	883
174	934
175	516
175	565
175	701
176	193
176	199
176	275
176	319
177	179
177	190
177	216
177	293
177	309
177	357
177	417
177	508
177	640
177	704
178	190
178	362
178	489
178	506
178	768
178	927
178	929
179	181
179	188
179	373
179	375
179	394
179	421
179	449
179	636
179	664
179	668
179	917
180	376
180	382
180	414
180	891
181	188
181	190
181	196
181	299
181	450
181	545
181	624
181	638
181	692
181	987
182	186
182	189
182	191
182	210
182	246
182	275
182	286
182	368
182	453
182	570
182	580
182	713
182	730
182	739
182	747
182	876
182	916
183	187
183	199
183	229
183	474
183	610
183	810
183	836
184	189
184	417
184	586
184	758
184	893
184	928
185	187
185	245
185	265
185	310
185	330
185	462
185	510
185	602
185	647
185	877
185	904
185	934
185	963
185	978
186	193
186	248
186	335
186	430
186	516
186	578
186	740
186	749
186	920
187	189
187	197
187	199
187	208
187	264
187	279
187	338
187	550
187	559
187	631
187	750
187	831
188	201
188	209
188	279
188	413
188	447
188	689
188	873
188	956
189	264
189	378
189	382
189	637
189	642
189	704
189	760
189	772
189	831
189	836
189	852
189	975
189	992
189	995
190	251
190	252
190	451
190	618
190	619
190	695
190	753
190	778
190	849
190	954
190	992
190	994
191	222
191	242
191	257
191	258
191	809
191	941
192	193
192	197
192	198
192	292
192	488
192	526
192	946
192	955
193	195
193	234
193	268
193	393
193	492
193	991
194	342
194	396
194	661
194	716
195	198
195	231
195	283
195	421
195	437
195	438
195	441
195	546
195	557
195	649
195	690
195	816
195	865
196	209
196	410
196	462
196	487
196	681
196	708
196	791
196	991
196	993
197	347
197	400
197	467
197	509
197	679
197	718
197	734
197	851
197	853
197	989
198	198
198	213
198	253
198	403
198	428
198	699
198	899
198	928
199	212
199	215
199	531
199	735
199	798
199	865
199	870
199	872
200	207
200	221
200	236
200	244
200	261
200	266
200	275
200	280
200	282
200	283
200	420
200	818
200	954
200	986
201	205
201	209
201	252
201	272
201	378
201	514
201	516
201	654
201	700
201	784
201	841
201	857
201	898
202	271
202	274
202	276
202	277
202	279
202	283
202	293
202	439
202	466
202	637
202	902
203	218
203	227
203	230
203	232
203	243
203	266
203	277
203	287
203	288
203	290
203	390
203	456
203	518
203	588
203	792
204	208
204	210
204	217
204	222
204	224
204	235
204	237
204	249
204	253
204	265
204	278
204	280
204	297
204	499
204	688
204	915
204	918
205	206
205	210
205	216
205	217
205	223
205	231
205	255
205	270
205	288
205	291
205	293
205	482
205	510
205	568
205	726
205	786
205	791
205	827
205	900
206	211
206	212
206	218
206	219
206	240
206	260
206	269
206	271
206	277
206	281
206	283
206	288
206	290
206	296
206	330
206	371
206	402
206	498
206	716
206	752
206	807
206	857
206	966
207	219
207	229
207	234
207	239
207	248
207	253
207	270
207	282
207	285
207	289
207	297
207	401
207	566
207	624
207	636
207	670
207	732
207	914
208	209
208	210
208	213
208	222
208	252
208	269
208	271
208	278
208	281
208	287
208	291
208	292
208	323
208	507
208	615
208	665
208	770
208	833
208	864
208	903
209	212
209	222
209	225
209	238
209	250
209	253
209	254
209	258
209	269
209	270
209	277
209	278
209	284
209	322
209	344
209	399
209	402
209	439
209	454
209	505
209	864
209	951
209	961
210	227
210	230
210	248
210	255
210	256
210	257
210	261
210	272
210	282
210	287
210	293
210	567
210	601
210	603
210	741
210	823
210	934
211	222
211	234
211	237
211	240
211	242
211	257
211	258
211	276
211	295
211	328
211	440
211	449
211	482
211	579
211	586
211	628
211	746
211	874
211	906
211	993
212	229
212	242
212	249
212	256
212	260
212	264
212	273
212	290
212	331
212	524
212	592
212	638
212	727
212	851
213	215
213	227
213	230
213	255
213	267
213	270
213	277
213	289
213	296
213	352
213	387
213	405
213	440
213	600
213	709
213	868
213	880
213	967
213	996
214	214
214	224
214	230
214	250
214	253
214	281
214	284
214	286
214	287
214	434
214	568
214	652
214	684
214	698
214	754
214	866
214	996
215	217
215	222
215	234
215	249
215	255
215	262
215	287
215	322
215	339
215	380
215	889
216	217
216	273
216	274
216	277
216	289
216	329
216	611
216	616
216	950
216	968
217	251
217	260
217	280
217	318
217	379
217	479
217	670
217	714
217	726
217	811
218	221
218	236
218	244
218	281
218	301
218	390
218	553
218	594
218	625
218	811
218	896
218	917
219	230
219	233
219	234
219	241
219	257
219	272
219	280
219	282
219	286
219	321
219	388
219	396
219	497
219	568
219	813
220	232
220	235
220	245
220	249
220	263
220	264
220	265
220	267
220	284
220	287
220	288
220	313
220	314
220	339
220	457
220	863
220	912
221	221
221	240
221	255
221	266
221	273
221	288
221	297
221	298
221	321
221	353
221	548
221	604
221	691
221	743
221	821
221	884
221	958
222	223
222	232
222	234
222	237
222	271
222	276
222	287
222	291
222	292
222	316
222	351
222	426
222	458
222	468
222	634
222	734
222	849
222	864
222	984
223	226
223	237
223	238
223	241
223	251
223	259
223	261
223	263
223	266
223	268
223	275
223	295
223	316
223	464
223	592
223	867
223	940
224	238
224	242
224	255
224	287
224	293
224	326
224	694
224	852
224	877
224	945
225	236
225	239
225	242
225	265
225	269
225	287
225	298
225	455
225	462
225	759
226	226
226	245
226	252
226	253
226	258
226	262
226	265
226	268
226	277
226	292
226	324
226	433
226	477
226	551
226	632
226	743
226	769
227	231
227	234
227	245
227	251
227	254
227	260
227	296
227	298
227	391
227	448
227	683
227	712
227	893
227	931
227	973
228	229
228	231
228	248
228	251
228	272
228	274
228	280
228	291
228	489
228	568
228	587
228	703
228	815
229	240
229	252
229	255
229	259
229	292
229	348
229	380
229	415
229	567
229	688
229	771
229	978
229	984
230	247
230	249
230	251
230	257
230	258
230	272
230	282
230	293
230	332
230	475
230	602
230	661
230	789
230	858
230	902
231	238
231	241
231	242
231	245
231	249
231	252
231	254
231	368
231	376
231	650
231	806
232	233
232	264
232	265
232	275
232	286
232	296
232	413
232	486
232	573
232	692
232	932
232	952
233	245
233	253
233	285
233	291
233	328
233	364
233	458
233	564
233	670
233	714
233	741
233	832
234	242
234	256
234	275
234	277
234	285
234	288
234	296
234	428
234	632
234	657
234	920
235	245
235	266
235	276
235	295
235	381
235	452
236	239
236	268
236	285
236	294
236	297
236	298
236	323
236	515
236	567
236	965
237	240
237	249
237	268
237	269
237	281
237	285
237	287
237	293
237	455
237	502
237	553
237	785
238	249
238	283
238	296
238	297
238	298
238	336
238	414
238	423
238	431
238	495
238	501
238	536
238	563
238	710
238	841
238	952
239	251
239	256
239	267
239	270
239	279
239	290
239	298
239	319
239	324
239	552
239	683
239	822
239	942
240	255
240	263
240	264
240	277
240	279
240	293
240	295
240	298
240	401
240	449
240	473
240	643
240	740
240	798
240	926
241	243
241	244
241	249
241	254
241	262
241	372
241	552
241	582
241	635
241	720
241	798
241	877
241	957
242	259
242	270
242	274
242	276
242	277
242	284
242	363
242	636
242	653
242	663
242	667
242	699
242	800
242	846
243	271
243	286
243	363
243	400
243	413
243	601
243	621
243	817
244	250
244	252
244	256
244	257
244	261
244	263
244	269
244	278
244	280
244	295
244	409
244	848
245	246
245	261
245	458
245	509
245	602
245	795
245	881
245	959
246	250
246	255
246	269
246	275
246	277
246	284
246	287
246	375
246	437
246	460
246	487
246	597
246	775
247	263
247	284
247	659
247	734
247	870
247	948
248	250
248	252
248	257
248	263
248	265
248	281
248	289
248	290
248	311
248	360
248	388
248	394
248	461
248	665
248	846
249	252
249	259
249	262
249	268
249	272
249	276
249	286
249	288
249	296
249	297
249	369
249	584
249	703
249	723
250	259
250	269
250	296
250	298
250	299
250	398
250	410
250	610
250	658
250	720
250	730
250	781
250	806
250	848
250	916
250	949
251	252
251	269
251	271
251	284
251	288
251	328
251	472
251	547
251	566
251	576
251	658
251	684
251	726
252	272
252	276
252	278
252	289
252	292
252	351
252	412
252	420
252	468
252	663
252	822
252	877
252	981
252	985
253	260
253	263
253	275
253	278
253	283
253	293
253	375
253	506
253	531
253	555
253	608
253	684
253	922
253	985
254	264
254	272
254	283
254	291
254	378
254	392
254	415
254	441
254	549
254	849
254	982
255	262
255	263
255	267
255	268
255	274
255	279
255	286
255	338
255	396
255	542
255	546
255	587
255	666
255	712
255	722
255	723
255	909
256	264
256	270
256	288
256	443
256	603
256	636
256	648
256	688
256	795
256	849
256	854
256	903
256	955
257	257
257	267
257	277
257	280
257	287
257	296
257	301
257	330
257	396
257	572
257	710
257	917
257	953
258	481
258	552
258	581
258	645
258	828
258	929
259	272
259	277
259	282
259	289
259	292
259	295
259	326
259	327
259	715
259	733
259	749
259	970
260	288
260	345
260	415
260	708
260	737
260	836
261	267
261	270
261	276
261	478
261	519
261	581
261	593
261	633
261	647
261	653
261	746
261	820
261	854
261	878
261	886
262	269
262	277
262	281
262	294
262	405
262	483
262	641
262	773
262	775
262	792
262	897
262	962
262	963
263	271
263	285
263	293
263	340
263	531
263	581
263	586
263	635
263	643
263	710
263	750
264	274
264	289
264	342
264	344
264	358
264	618
264	818
264	869
264	884
264	994
265	266
265	268
265	270
265	293
265	438
265	800
265	819
265	970
266	272
266	281
266	284
266	286
266	296
266	314
266	408
266	501
266	657
266	857
266	946
267	271
267	276
267	279
267	297
267	387
267	568
267	576
267	608
267	938
268	273
268	454
268	520
268	682
268	839
268	841
268	944
269	279
269	289
269	444
269	470
269	514
269	635
269	768
269	794
269	863
269	966
270	296
270	451
270	528
270	563
270	575
270	638
270	720
270	850
270	888
271	288
271	291
271	293
271	297
271	299
271	524
271	548
271	631
271	767
272	280
272	322
272	361
272	419
272	447
272	546
272	604
272	838
273	283
273	285
273	306
273	470
273	532
273	566
273	567
273	665
273	688
273	720
273	728
273	767
273	817
273	952
273	995
274	281
274	282
274	465
274	478
274	512
274	620
274	651
274	700
274	813
274	830
274	855
274	932
274	996
275	285
275	288
275	297
275	805
275	928
275	938
275	968
276	283
276	285
276	330
276	612
276	783
276	872
276	961
276	992
277	278
277	281
277	283
277	285
277	290
277	292
277	383
277	455
277	652
277	813
277	846
277	964
278	283
278	286
278	297
278	298
278	311
278	422
279	296
279	335
279	365
279	402
279	445
279	539
279	567
279	646
279	691
279	757
279	922
280	286
280	296
280	297
280	307
280	349
280	574
280	602
280	606
280	733
280	737
280	778
280	867
280	935
280	990
281	282
281	284
281	292
281	495
281	554
281	619
281	700
281	750
281	823
281	843
281	896
281	938
282	291
282	377
282	428
282	453
282	494
282	529
282	799
282	871
282	957
283	287
283	288
283	449
283	476
283	518
283	595
283	750
283	753
283	761
283	771
283	940
283	962
284	292
284	390
284	587
284	687
284	865
284	934
285	286
285	288
285	542
285	814
285	994
286	290
286	296
286	434
286	475
286	598
286	600
286	849
286	916
287	295
287	419
287	584
287	639
287	645
287	726
287	763
287	903
288	288
288	295
288	297
288	600
288	866
288	890
288	970
289	343
289	352
289	437
289	623
289	713
289	877
289	946
290	292
290	324
290	612
290	650
290	794
290	857
290	868
290	918
290	951
291	298
291	299
291	514
291	519
291	596
291	732
291	792
291	793
291	821
291	831
291	919
292	296
292	379
292	576
292	613
292	649
292	783
292	936
292	990
293	294
293	298
293	385
293	508
293	615
293	732
293	847
293	922
294	434
294	437
294	550
294	588
294	589
294	621
294	979
294	985
295	547
295	548
295	615
295	640
295	652
295	752
295	760
295	956
296	299
296	599
296	640
296	694
296	699
296	717
296	857
297	536
297	751
297	906
298	303
298	362
298	435
298	504
298	526
298	531
298	814
298	939
299	390
299	428
299	513
299	540
299	669
299	809
299	828
300	304
300	307
300	324
300	331
300	339
300	343
300	347
300	351
300	352
300	357
300	363
300	365
300	372
300	377
300	380
300	386
300	541
300	913
300	999
301	329
301	347
301	358
301	369
301	382
301	387
301	521
301	597
301	769
301	834
301	925
302	308
302	321
302	329
302	334
302	342
302	352
302	358
302	368
302	378
302	399
302	431
302	446
302	508
302	566
302	806
302	867
303	304
303	313
303	332
303	336
303	339
303	350
303	379
303	396
303	460
303	595
303	596
303	687
303	996
304	314
304	337
304	338
304	345
304	350
304	370
304	419
304	565
304	594
304	603
304	763
304	854
304	943
305	334
305	348
305	349
305	352
305	369
305	372
305	376
305	386
305	395
305	417
305	452
305	463
305	555
305	569
305	780
305	785
305	788
305	881
305	996
306	322
306	328
306	329
306	336
306	349
306	356
306	360
306	364
306	365
306	368
306	371
306	392
306	397
306	399
306	568
306	598
306	696
306	886
306	944
307	312
307	316
307	320
307	347
307	354
307	355
307	356
307	360
307	363
307	368
307	371
307	453
307	641
307	802
307	941
307	960
308	319
308	325
308	326
308	332
308	342
308	343
308	344
308	357
308	361
308	370
308	388
308	393
308	459
308	516
308	584
308	713
309	323
309	326
309	344
309	351
309	365
309	376
309	397
309	399
309	474
309	592
309	648
309	978
310	333
310	346
310	350
310	357
310	380
310	384
310	409
310	446
310	469
310	551
310	574
310	575
310	597
310	598
310	651
310	799
310	802
310	874
310	942
311	317
311	328
311	344
311	354
311	358
311	367
311	368
311	371
311	377
311	384
311	388
311	397
311	399
311	421
311	491
311	559
311	588
311	744
312	312
312	322
312	331
312	342
312	354
312	355
312	359
312	360
312	370
312	382
312	385
312	398
312	491
312	539
312	610
312	642
312	669
312	733
312	741
312	802
312	818
313	318
313	320
313	342
313	357
313	379
314	322
314	324
314	333
314	360
314	381
314	384
314	386
314	390
314	395
314	526
314	801
315	322
315	336
315	368
315	372
315	376
315	378
315	386
315	389
315	395
315	398
315	403
315	558
315	573
315	845
315	854
315	856
315	895
316	319
316	320
316	328
316	332
316	361
316	387
316	390
316	395
316	418
316	570
316	690
316	773
316	786
316	851
317	321
317	327
317	331
317	334
317	338
317	351
317	358
317	361
317	379
317	397
317	411
317	463
317	526
317	835
318	321
318	323
318	325
318	329
318	341
318	345
318	349
318	350
318	365
318	373
318	382
318	388
318	658
318	682
318	739
318	855
318	971
319	323
319	334
319	345
319	358
319	362
319	377
319	379
319	380
319	384
319	385
319	388
319	391
319	440
319	524
319	543
319	680
319	681
319	730
319	740
320	331
320	333
320	365
320	371
320	372
320	373
320	381
320	395
320	398
320	434
320	553
320	613
320	705
320	722
320	765
321	325
321	344
321	352
321	356
321	358
321	366
321	376
321	382
321	385
321	386
321	394
321	413
321	475
321	494
321	615
321	687
321	915
322	325
322	327
322	343
322	348
322	369
322	372
322	379
322	384
322	389
322	396
322	915
322	974
323	329
323	346
323	347
323	350
323	388
323	397
323	593
323	689
323	714
323	724
323	789
323	792
323	800
323	820
323	967
323	990
324	341
324	346
324	356
324	366
324	370
324	380
324	393
324	394
324	410
324	510
325	336
325	338
325	360
325	366
325	381
325	382
325	385
325	391
325	393
325	399
325	403
325	601
325	706
325	905
325	925
326	332
326	337
326	344
326	352
326	354
326	376
326	380
326	390
326	395
326	397
326	399
326	520
326	649
326	979
327	341
327	356
327	357
327	378
327	417
327	524
327	577
327	582
327	594
327	692
327	851
328	331
328	332
328	362
328	380
328	390
328	415
328	474
328	600
328	640
328	670
328	746
328	751
328	786
328	875
329	339
329	345
329	361
329	385
329	438
329	443
329	460
329	501
329	524
329	550
329	598
329	857
329	875
329	995
330	331
330	340
330	352
330	355
330	363
330	365
330	374
330	378
330	384
330	395
330	439
330	488
330	519
330	565
330	566
330	664
330	740
331	337
331	342
331	372
331	385
331	390
331	391
331	396
331	552
331	669
331	745
331	792
331	803
331	845
331	873
331	922
331	954
331	970
332	336
332	349
332	351
332	357
332	361
332	370
332	386
332	389
332	414
332	773
332	933
333	334
333	356
333	357
333	366
333	367
333	388
333	395
333	502
333	689
333	806
333	942
333	951
334	339
334	341
334	365
334	378
334	379
334	382
334	387
334	394
334	430
334	573
334	634
334	731
334	849
335	336
335	348
335	349
335	376
335	379
335	381
335	389
335	485
335	574
335	587
335	664
335	723
335	736
336	342
336	343
336	357
336	361
336	376
336	377
336	386
336	387
336	391
336	399
336	606
336	707
336	943
336	983
337	339
337	348
337	350
337	358
337	365
337	375
337	378
337	382
337	383
337	397
337	398
337	411
337	415
337	619
337	651
337	814
337	993
338	365
338	372
338	376
338	385
338	391
338	398
338	399
338	551
338	558
338	684
338	759
338	876
339	345
339	355
339	356
339	357
339	368
339	371
339	373
339	375
339	396
339	408
339	420
339	453
339	477
339	896
339	934
339	937
340	342
340	344
340	354
340	378
340	398
340	687
340	699
340	731
341	361
341	370
341	374
341	375
341	415
341	493
341	503
341	510
341	596
341	615
341	666
341	675
341	877
341	944
341	967
342	358
342	363
342	366
342	377
342	391
342	398
342	512
342	560
342	618
342	689
342	780
342	783
342	817
342	832
342	895
342	918
342	940
343	352
343	353
343	358
343	363
343	377
343	378
343	390
343	403
343	415
343	433
343	494
343	503
344	354
344	356
344	364
344	367
344	397
344	619
345	346
345	348
345	350
345	366
345	384
345	388
345	390
345	394
345	436
345	505
345	570
345	615
345	659
345	870
345	912
346	346
346	348
346	353
346	355
346	357
346	359
346	361
346	374
346	386
346	390
346	394
346	404
346	458
346	480
346	596
346	658
346	659
346	677
346	684
346	741
346	754
346	779
346	803
346	839
346	980
347	349
347	365
347	368
347	370
347	378
347	393
347	406
347	492
347	569
347	769
348	356
348	379
348	385
348	388
348	392
348	394
348	428
348	537
348	552
348	674
348	786
348	833
348	904
349	374
349	380
349	384
349	396
349	480
349	527
349	532
349	895
350	350
350	363
350	366
350	374
350	395
350	486
350	494
350	756
350	797
351	365
351	366
351	380
351	391
351	427
351	462
351	530
351	755
351	847
351	930
352	357
352	359
352	367
352	374
352	377
352	380
352	388
352	399
352	447
352	634
352	659
352	969
353	363
353	368
353	381
353	388
353	389
353	426
353	453
353	559
353	588
353	626
353	631
353	670
353	705
353	792
353	924
354	354
354	355
354	365
354	367
354	384
354	576
354	816
354	833
354	896
354	982
355	358
355	368
355	371
355	372
355	373
355	376
355	387
355	388
355	397
355	545
355	548
355	582
355	647
355	967
356	371
356	377
356	385
356	390
356	503
356	685
356	690
356	750
356	872
357	357
357	358
357	359
357	376
357	392
357	438
357	453
357	550
357	714
357	879
357	953
358	359
358	360
358	362
358	389
358	398
358	527
358	535
358	607
358	681
358	725
358	737
358	768
358	872
358	890
358	906
358	936
359	398
359	474
359	502
359	553
359	564
359	698
359	824
360	370
360	380
360	657
360	739
360	876
361	362
361	378
361	383
361	384
361	389
361	550
361	619
361	725
361	816
361	884
362	378
362	381
362	389
362	395
362	397
362	595
362	819
363	377
363	381
363	557
363	619
363	942
363	950
364	384
364	392
364	404
364	470
364	753
364	776
364	869
364	955
365	380
365	385
365	388
365	396
365	398
365	406
365	432
365	444
365	482
365	490
365	822
365	856
365	900
365	956
366	368
366	369
366	374
366	379
366	452
366	851
366	878
367	374
367	380
367	384
367	395
367	541
367	864
367	897
367	904
367	936
367	965
368	376
368	387
368	396
368	608
368	638
368	684
368	693
368	773
368	775
368	813
368	965
369	396
369	399
369	460
369	713
369	855
369	870
370	395
370	545
370	766
370	879
370	936
371	386
371	398
371	405
371	559
371	582
371	597
371	640
371	716
372	381
372	385
372	395
372	396
372	414
372	444
372	479
372	596
372	728
372	778
372	784
372	809
372	918
373	386
373	420
373	566
373	675
373	703
373	848
373	941
374	375
374	382
374	388
374	389
374	719
374	759
374	929
375	378
375	379
375	380
375	388
375	391
375	394
375	468
375	592
375	649
375	903
375	952
376	395
376	424
376	459
376	557
376	666
376	774
377	388
377	396
377	518
377	800
377	845
377	888
378	387
378	399
378	411
378	465
378	560
378	709
378	718
378	832
378	878
379	423
379	456
379	495
379	539
379	566
379	592
379	645
380	382
380	386
380	393
380	406
380	528
380	556
380	743
380	802
380	929
380	938
380	942
381	383
381	385
381	389
381	396
381	554
381	646
382	391
382	396
382	398
382	410
382	441
382	572
382	622
382	682
382	695
382	758
382	903
382	943
383	391
383	396
383	458
383	482
383	738
383	790
383	812
383	901
383	952
383	970
384	698
384	834
384	915
384	966
385	391
385	394
385	708
385	917
386	390
386	398
386	399
386	414
386	466
386	712
386	825
386	871
386	886
386	934
386	973
387	391
387	450
387	570
387	667
387	850
387	867
388	397
388	467
388	519
388	587
388	700
388	782
388	843
389	536
389	684
389	986
390	393
390	422
390	521
390	653
390	746
390	772
390	792
391	405
391	418
391	487
391	529
391	586
391	688
391	702
392	397
392	437
392	465
392	562
392	675
392	677
392	766
392	968
393	393
393	394
393	456
393	462
393	489
393	513
393	531
393	566
393	718
393	755
393	894
393	976
394	395
394	396
394	398
394	450
394	476
394	871
394	877
394	900
394	949
394	974
395	477
395	531
395	572
395	726
395	749
395	894
395	946
395	990
396	561
396	800
396	816
396	834
396	936
397	513
397	561
397	575
397	588
397	669
397	722
397	752
397	762
397	767
398	530
398	599
398	869
399	528
399	575
399	845
400	400
400	437
400	449
400	464
400	472
400	476
400	484
400	545
400	637
400	857
401	403
401	409
401	415
401	417
401	426
401	428
401	429
401	438
401	486
401	497
401	498
401	542
401	655
401	752
401	766
401	964
401	985
402	416
402	420
402	421
402	428
402	431
402	436
402	450
402	481
402	492
402	984
403	404
403	414
403	416
403	423
403	433
403	435
403	442
403	461
403	468
403	469
403	490
403	492
403	537
403	823
403	870
403	889
404	413
404	416
404	429
404	432
404	494
404	519
404	675
404	732
404	844
404	969
404	987
405	421
405	441
405	448
405	458
405	460
405	470
405	472
405	490
405	495
405	853
405	911
406	442
406	447
406	453
406	476
406	497
406	507
406	636
406	649
406	780
406	933
406	979
407	418
407	437
407	495
407	515
407	799
407	921
407	953
408	419
408	423
408	435
408	443
408	444
408	466
408	484
408	495
408	667
408	735
408	819
408	823
408	890
409	439
409	442
409	445
409	455
409	467
409	475
409	494
409	498
409	644
409	664
409	673
409	824
409	902
409	912
410	438
410	441
410	445
410	460
410	461
410	487
410	492
410	498
410	764
410	896
410	908
411	436
411	449
411	461
411	478
411	492
411	536
411	553
411	612
411	710
411	742
411	756
411	815
411	821
411	832
411	959
411	993
412	421
412	425
412	434
412	442
412	444
412	450
412	459
412	460
412	462
412	463
412	480
412	481
412	486
412	494
412	495
412	507
412	589
412	650
412	789
412	901
412	925
412	970
413	416
413	418
413	419
413	437
413	440
413	446
413	448
413	452
413	455
413	462
413	470
413	474
413	480
413	497
413	627
413	680
413	724
413	735
413	743
413	767
413	958
413	993
414	421
414	430
414	440
414	460
414	470
414	473
414	660
414	759
415	428
415	429
415	440
415	449
415	454
415	458
415	465
415	469
415	471
415	496
415	543
415	941
416	421
416	438
416	461
416	466
416	467
416	469
416	470
416	475
416	478
416	484
416	491
416	680
416	747
416	760
417	419
417	432
417	436
417	446
417	447
417	454
417	465
417	493
417	495
417	644
417	731
417	738
417	788
417	803
417	831
417	935
418	433
418	441
418	446
418	451
418	457
418	462
418	474
418	487
418	489
418	494
418	566
418	644
418	697
418	765
418	813
418	962
418	985
418	998
419	425
419	433
419	435
419	449
419	458
419	483
419	490
419	492
419	494
419	499
419	538
419	714
419	759
419	928
420	426
420	429
420	451
420	454
420	459
420	470
420	478
420	497
420	498
420	597
420	616
420	670
420	778
420	886
420	961
420	964
421	425
421	428
421	447
421	469
421	482
421	489
421	491
421	564
421	594
421	792
421	805
421	955
422	436
422	437
422	503
422	557
422	625
422	804
423	427
423	437
423	452
423	453
423	463
423	466
423	539
423	563
423	566
423	671
423	779
424	427
424	434
424	435
424	454
424	463
424	464
424	482
424	488
424	491
424	525
424	532
424	722
424	729
424	749
424	818
424	925
425	441
425	457
425	460
425	467
425	476
425	485
425	487
425	527
425	530
425	545
425	666
425	696
426	436
426	439
426	444
426	450
426	466
426	467
426	474
426	478
426	479
426	487
426	496
426	497
426	516
426	687
426	706
426	750
426	891
426	892
427	434
427	444
427	455
427	456
427	491
427	505
427	535
427	638
427	647
427	665
427	706
427	723
427	784
427	893
427	931
427	942
428	433
428	437
428	463
428	465
428	469
428	472
428	473
428	545
428	611
428	679
428	692
428	705
428	721
428	797
428	829
428	859
428	951
428	979
428	981
429	456
429	461
429	464
429	467
429	468
429	469
429	472
429	475
429	479
429	493
429	498
429	549
429	834
429	866
429	921
430	445
430	453
430	457
430	458
430	465
430	490
430	493
430	495
430	498
430	499
430	761
430	859
431	434
431	438
431	445
431	446
431	447
431	450
431	451
431	461
431	468
431	484
431	485
431	487
431	528
432	488
432	489
432	979
432	983
433	455
433	457
433	467
433	486
433	487
433	499
433	646
433	703
433	733
433	803
433	809
434	440
434	443
434	447
434	466
434	468
434	482
434	483
434	559
434	566
434	581
434	615
434	797
434	849
434	879
434	975
435	436
435	443
435	450
435	458
435	476
435	488
435	496
435	651
435	878
435	937
436	448
436	477
436	485
436	569
436	595
436	598
436	700
436	831
437	453
437	459
437	474
437	496
437	574
437	617
437	673
437	688
437	754
437	856
438	478
438	481
438	527
438	575
438	590
438	705
438	745
438	840
439	440
439	467
439	476
439	478
439	718
440	442
440	444
440	477
440	508
440	538
440	624
440	688
440	830
440	880
441	455
441	466
441	477
441	493
441	547
441	640
441	750
441	836
441	881
441	885
442	444
442	447
442	450
442	451
442	490
442	491
442	494
442	579
442	743
443	456
443	457
443	465
443	468
443	483
443	489
443	496
443	520
443	684
443	728
443	736
443	975
443	992
444	447
444	454
444	460
444	463
444	479
444	488
444	490
444	497
444	535
444	634
444	690
444	802
444	879
444	961
445	462
445	472
445	482
445	485
445	492
445	499
445	606
445	607
445	626
445	631
445	777
445	940
446	452
446	466
446	470
446	471
446	489
446	497
446	641
447	447
447	462
447	467
447	473
447	480
447	486
447	488
447	494
447	495
447	513
447	653
447	711
447	718
447	727
447	732
447	995
448	450
448	453
448	470
448	473
448	475
448	478
448	480
448	487
448	495
448	562
448	742
449	459
449	467
449	468
449	480
449	487
449	489
449	498
449	565
449	694
449	709
449	711
449	911
450	455
450	468
450	485
450	498
450	592
450	780
450	834
450	844
450	864
451	454
451	465
451	470
451	471
451	478
451	486
451	487
451	492
451	505
451	654
451	690
451	700
451	837
451	881
452	455
452	484
452	496
452	765
452	809
452	843
453	457
453	464
453	466
453	470
453	475
453	478
453	494
453	676
453	858
453	877
454	460
454	464
454	466
454	481
454	484
454	778
454	794
454	888
454	988
455	458
455	461
455	474
455	478
455	493
455	531
455	557
455	663
455	689
455	698
455	727
455	915
455	925
455	966
456	459
456	462
456	473
456	476
456	482
456	486
456	657
456	810
456	872
456	890
456	891
456	970
457	463
457	473
457	475
457	490
457	492
457	499
457	585
457	701
457	816
457	945
458	465
458	469
458	477
458	493
458	499
458	516
458	537
458	576
458	805
458	809
458	903
459	475
459	486
459	488
459	514
459	536
459	541
459	587
459	668
459	702
460	469
460	474
460	479
460	481
460	484
460	494
460	612
460	656
460	665
460	918
460	931
461	488
461	495
461	596
461	703
461	854
461	875
461	877
461	951
462	474
462	486
462	489
462	505
462	619
462	672
462	821
462	831
462	879
463	469
463	538
463	577
463	726
463	908
463	994
464	472
464	477
464	482
464	483
464	488
464	668
464	878
464	939
464	969
465	467
465	481
465	492
465	530
465	532
465	680
465	720
465	818
466	471
466	475
466	486
466	496
466	600
466	636
466	787
466	862
466	969
467	467
467	482
467	489
467	493
467	495
467	496
467	594
467	620
467	749
467	789
467	972
468	485
468	491
468	495
468	687
468	715
469	473
469	476
469	484
469	520
469	534
469	583
469	609
469	697
469	731
469	755
469	825
470	488
470	508
470	624
470	639
470	689
470	800
470	875
470	881
471	489
471	511
471	623
471	840
471	858
471	867
471	875
471	956
471	995
472	473
472	483
472	485
472	491
472	496
472	510
472	519
472	814
472	834
472	854
473	474
473	485
473	493
473	553
473	652
473	703
473	881
474	476
474	493
474	495
474	576
474	598
474	641
474	707
474	708
474	712
474	753
475	662
475	699
475	961
476	487
476	555
476	836
477	490
477	491
477	496
477	502
477	559
477	606
477	723
477	741
477	833
478	479
478	494
478	518
478	590
478	636
478	658
478	666
478	713
478	732
478	826
478	829
478	848
478	871
478	882
479	479
479	517
479	586
479	590
479	638
479	660
479	831
479	927
480	481
480	488
480	489
480	495
480	498
480	697
480	706
480	949
480	997
481	492
481	495
481	497
481	575
481	885
482	499
482	784
482	886
483	506
483	597
483	734
483	802
483	852
483	932
483	987
484	498
484	616
484	736
484	788
484	803
484	841
485	499
485	560
485	655
485	691
485	724
485	756
485	983
486	489
486	490
486	562
486	583
486	697
486	700
486	824
486	941
487	570
487	623
487	659
487	681
487	709
487	716
487	757
487	789
487	799
487	895
487	900
487	924
488	488
488	494
488	497
488	697
488	808
488	924
488	978
489	523
489	544
489	592
489	661
490	499
490	513
490	655
490	720
490	806
490	830
490	839
490	845
490	913
491	491
491	496
491	497
491	499
491	508
491	511
491	641
491	837
491	842
491	890
491	917
492	499
492	647
492	649
492	763
492	786
492	866
493	689
493	780
493	903
494	498
494	675
494	698
494	820
494	871
495	795
495	998
496	559
496	863
496	865
496	915
496	987
497	624
497	699
497	754
497	762
497	826
497	878
497	985
498	643
498	689
498	717
498	816
498	921
498	987
499	514
499	600
499	602
499	861
499	875
499	894
500	502
500	507
500	509
500	514
500	526
500	533
500	539
500	578
500	580
500	590
500	592
500	596
500	670
500	868
500	872
500	925
500	944
500	972
500	997
501	531
501	537
501	541
501	585
501	671
501	832
501	914
501	963
501	971
501	989
502	503
502	515
502	529
502	538
502	546
502	560
502	572
502	574
502	581
502	583
502	589
502	593
502	603
502	635
502	749
502	819
502	894
503	519
503	523
503	529
503	547
503	549
503	550
503	555
503	558
503	559
503	568
503	583
503	593
503	766
503	802
503	810
503	820
503	863
503	945
503	950
503	985
504	505
504	512
504	515
504	516
504	522
504	549
504	555
504	556
504	565
504	657
504	700
504	703
504	717
504	726
504	739
504	814
504	939
504	985
505	506
505	548
505	562
505	568
505	572
505	573
505	575
505	582
505	591
505	602
505	635
505	660
505	720
505	959
506	525
506	526
506	552
506	567
506	574
506	579
506	727
506	748
507	513
507	514
507	521
507	526
507	533
507	544
507	549
507	554
507	565
507	570
507	574
507	579
507	596
507	651
507	701
507	788
507	792
508	519
508	536
508	537
508	550
508	551
508	572
508	575
508	583
508	586
508	590
508	593
508	595
508	629
508	660
508	820
509	515
509	519
509	525
509	536
509	545
509	549
509	553
509	559
509	575
509	583
509	585
509	592
509	597
509	598
509	602
509	603
509	824
510	519
510	533
510	535
510	536
510	539
510	552
510	565
510	570
510	577
510	589
510	594
510	596
510	660
510	724
510	777
510	903
510	918
510	920
510	923
511	514
511	518
511	523
511	532
511	552
511	560
511	574
511	575
511	577
511	588
511	641
511	765
511	865
511	928
511	977
512	522
512	528
512	564
512	570
512	588
512	643
512	666
512	736
512	768
512	792
512	810
512	866
513	519
513	520
513	522
513	525
513	540
513	574
513	575
513	581
513	595
513	607
513	658
513	661
513	674
513	757
513	758
513	852
513	912
513	914
513	922
514	524
514	539
514	546
514	553
514	559
514	562
514	574
514	578
514	583
514	584
514	585
514	593
514	659
514	689
514	698
514	725
514	864
514	912
514	927
515	517
515	519
515	520
515	532
515	565
515	575
515	590
515	596
515	630
515	640
515	748
516	560
516	597
516	754
516	792
516	852
516	874
516	890
516	937
517	533
517	539
517	562
517	573
517	584
517	589
517	596
517	597
517	599
517	663
517	859
517	953
517	976
517	980
518	540
518	545
518	574
518	579
518	591
518	596
518	608
518	701
518	748
518	995
519	522
519	527
519	529
519	545
519	549
519	554
519	556
519	557
519	583
519	589
519	624
519	627
519	746
519	796
519	821
519	945
520	521
520	560
520	573
520	575
520	624
520	737
520	785
520	822
520	834
520	926
521	526
521	527
521	537
521	538
521	547
521	550
521	570
521	581
521	593
521	604
521	800
521	843
521	887
522	530
522	535
522	539
522	558
522	560
522	589
522	592
522	596
522	624
522	625
522	719
522	875
522	964
522	995
523	523
523	529
523	533
523	578
523	584
523	586
523	722
523	886
523	917
524	540
524	551
524	560
524	567
524	569
524	574
524	575
524	586
524	591
524	602
524	792
524	996
525	571
525	572
525	582
525	583
525	584
525	585
525	706
525	713
525	745
525	822
526	540
526	548
526	554
526	559
526	567
526	573
526	581
526	595
526	599
527	529
527	539
527	542
527	549
527	562
527	578
527	590
527	592
527	596
527	598
527	643
527	975
527	988
528	529
528	541
528	546
528	547
528	555
528	559
528	569
528	581
528	589
528	596
528	598
528	718
528	790
528	817
528	823
528	869
528	997
529	546
529	560
529	564
529	565
529	568
529	591
529	595
529	598
529	703
529	799
529	965
529	976
530	535
530	548
530	549
530	554
530	560
530	565
530	568
530	571
530	575
530	580
530	606
530	663
530	681
530	785
530	812
530	849
530	966
530	988
531	555
531	556
531	576
531	581
531	594
531	598
531	607
531	616
531	705
531	804
531	849
532	534
532	538
532	547
532	560
532	577
532	578
532	651
532	808
533	538
533	544
533	573
533	574
533	588
533	595
533	721
533	730
533	745
533	856
533	880
533	891
533	957
534	538
534	554
534	557
534	559
534	562
534	573
534	590
534	597
534	699
534	938
534	971
535	541
535	544
535	548
535	576
535	577
535	619
535	827
535	907
535	930
535	995
536	541
536	553
536	555
536	559
536	579
536	585
536	596
536	697
536	768
536	817
536	905
536	959
536	968
537	537
537	540
537	549
537	552
537	553
537	556
537	559
537	575
537	580
537	593
537	699
537	704
537	785
537	794
537	944
537	979
538	563
538	574
538	576
538	582
538	596
538	724
538	779
538	792
538	829
538	833
538	858
538	955
538	965
539	541
539	545
539	550
539	560
539	565
539	569
539	570
539	573
539	579
539	583
539	667
539	718
539	864
540	544
540	551
540	553
540	554
540	566
540	583
540	590
540	594
540	597
540	613
540	651
540	820
541	553
541	558
541	564
541	577
541	579
541	583
541	590
541	598
541	689
541	836
541	955
542	547
542	555
542	573
542	575
542	577
542	584
542	590
542	595
542	617
542	903
543	555
543	558
543	566
543	585
543	599
543	603
543	643
543	651
543	886
543	932
543	938
544	552
544	557
544	594
544	711
544	717
544	755
544	758
544	901
545	549
545	553
545	558
545	566
545	572
545	588
545	816
545	876
545	933
545	968
546	549
546	599
546	641
546	779
546	884
547	554
547	556
547	582
547	589
547	620
547	702
547	715
547	920
547	927
548	553
548	574
548	585
548	589
548	592
548	598
548	662
548	676
548	745
548	841
548	982
549	558
549	569
549	572
549	583
549	587
549	627
549	656
549	768
550	587
550	590
550	596
550	643
550	648
550	719
550	726
551	553
551	566
551	570
551	573
551	575
551	577
551	579
551	589
551	595
551	735
551	920
551	988
552	553
552	558
552	559
552	568
552	570
552	581
552	589
552	597
552	598
552	603
552	673
552	695
552	809
552	837
552	907
553	558
553	559
553	571
553	581
553	608
553	629
553	668
553	737
553	995
554	558
554	571
554	581
554	591
554	625
554	641
554	785
554	793
554	831
554	835
554	881
554	889
554	910
554	913
555	568
555	589
555	590
555	592
555	597
555	599
555	619
555	629
556	556
556	557
556	612
556	691
556	729
556	773
556	919
556	993
557	572
557	576
557	761
557	915
558	566
558	572
558	596
558	598
558	623
558	734
558	752
559	564
559	571
559	573
559	575
559	584
559	585
559	593
559	599
559	753
559	779
559	814
559	855
559	891
559	929
559	940
559	983
559	986
560	564
560	565
560	577
560	581
560	648
560	728
560	935
560	991
561	575
561	581
561	582
561	589
561	645
561	685
561	693
561	802
561	853
561	877
561	879
561	932
561	957
562	711
562	931
563	565
563	574
563	576
563	597
563	598
563	601
563	605
563	781
563	839
563	900
563	916
563	958
563	989
564	568
564	578
564	579
564	589
564	645
564	715
564	717
564	815
564	855
564	966
565	573
565	772
565	805
565	822
565	904
565	926
566	574
566	577
566	578
566	583
566	591
566	594
566	599
566	862
566	939
566	970
567	585
567	586
567	609
567	671
567	727
567	741
567	786
567	811
567	827
567	880
567	894
567	904
567	910
568	571
568	577
568	585
568	589
568	719
568	817
568	883
569	589
569	598
569	925
569	932
570	591
570	792
570	891
570	997
571	579
571	586
571	595
571	599
571	625
571	642
571	689
571	818
571	874
571	992
571	999
572	574
572	596
572	598
572	610
572	683
572	837
572	987
573	573
573	574
573	576
573	597
573	888
574	577
574	580
574	589
574	718
574	731
574	758
574	794
574	938
574	952
575	586
575	587
575	588
575	599
575	649
575	746
575	816
575	922
575	934
575	939
576	578
576	582
576	600
576	637
576	699
576	826
576	856
576	928
577	593
577	596
577	598
577	846
577	970
577	973
578	580
578	595
578	618
578	777
578	799
578	918
579	581
579	583
579	589
579	592
579	635
579	887
579	894
579	985
579	998
580	586
580	589
580	610
580	689
580	917
580	994
581	584
581	589
581	590
581	597
581	598
581	687
581	714
581	983
582	664
582	678
582	681
583	640
583	855
583	960
584	679
584	826
584	879
585	587
585	595
586	598
586	821
586	831
587	593
587	680
587	705
587	880
587	921
587	999
588	594
588	640
588	687
588	782
588	793
589	589
589	594
589	599
589	702
589	948
589	967
590	629
590	634
590	662
590	735
591	598
591	707
591	729
591	911
592	616
592	850
592	869
592	927
592	959
593	631
593	852
594	604
594	713
594	810
594	922
595	731
595	760
595	943
596	597
596	602
596	615
596	638
596	663
596	813
596	892
596	909
596	940
597	598
597	605
597	703
597	935
598	716
598	740
598	903
599	623
599	664
599	667
599	787
600	600
600	627
600	630
600	635
600	647
600	650
600	678
600	685
600	691
600	743
600	775
600	783
600	792
600	816
600	883
600	927
601	610
601	625
601	630
601	643
601	651
601	679
601	682
601	694
601	696
601	699
601	709
601	765
602	622
602	659
602	660
602	664
602	683
602	695
603	613
603	617
603	637
603	642
603	655
603	672
603	673
603	679
603	683
603	694
603	732
603	811
604	618
604	620
604	628
604	629
604	642
604	644
604	645
604	652
604	665
604	680
604	681
604	694
604	960
605	611
605	616
605	628
605	634
605	656
605	668
605	669
605	670
605	697
605	699
605	738
605	890
605	963
606	606
606	621
606	633
606	640
606	647
606	664
606	667
606	677
606	687
606	698
606	699
606	704
606	773
606	775
606	846
606	862
606	933
607	610
607	612
607	613
607	614
607	616
607	622
607	626
607	627
607	643
607	646
607	650
607	657
607	665
607	677
607	758
607	810
607	825
608	652
608	657
608	684
608	830
608	906
609	618
609	658
609	676
609	816
610	611
610	622
610	623
610	647
610	655
610	659
610	670
610	677
610	681
610	683
610	688
610	716
610	798
610	820
611	618
611	622
611	628
611	631
611	632
611	645
611	669
611	676
611	682
611	684
611	687
611	692
611	796
611	945
612	617
612	646
612	648
612	669
612	688
612	711
612	726
612	769
613	613
613	623
613	626
613	631
613	635
613	653
613	671
613	679
613	697
613	699
613	793
614	618
614	625
614	627
614	642
614	643
614	645
614	651
614	654
614	659
614	731
614	885
614	980
615	652
615	653
615	654
615	716
615	728
615	799
615	856
615	909
615	970
616	623
616	632
616	634
616	655
616	657
616	677
616	685
616	690
616	691
616	693
616	847
617	617
617	631
617	633
617	641
617	655
617	663
617	794
617	800
618	621
618	622
618	635
618	638
618	655
618	661
618	665
618	673
618	675
618	683
618	694
618	762
618	879
619	620
619	623
619	625
619	639
619	650
619	653
619	674
619	682
619	731
619	808
619	823
619	888
620	629
620	633
620	667
620	670
620	673
620	681
620	688
620	694
620	699
620	898
620	938
621	631
621	640
621	644
621	759
621	801
621	922
622	644
622	692
622	837
622	870
622	880
622	898
622	937
622	994
623	651
623	655
623	658
623	661
623	689
623	691
623	695
623	703
623	981
624	632
624	649
624	652
624	664
624	678
624	679
624	683
624	685
624	687
624	697
624	766
624	979
624	983
624	997
625	632
625	663
625	671
625	682
625	687
625	689
625	696
625	698
625	699
625	988
626	648
626	660
626	676
626	678
626	693
626	713
626	859
626	976
627	649
627	655
627	662
627	668
627	669
627	671
627	674
627	676
627	679
627	684
627	686
627	687
627	694
627	698
627	739
627	769
627	873
628	638
628	646
628	654
628	661
628	670
628	673
628	680
628	698
628	761
628	762
628	804
628	809
628	832
628	982
629	630
629	637
629	644
629	647
629	653
629	654
629	662
629	675
629	687
629	688
629	837
629	888
629	903
629	925
629	968
629	993
630	631
630	636
630	637
630	644
630	648
630	649
630	650
630	670
630	685
630	686
630	689
630	697
630	804
631	638
631	644
631	656
631	676
631	686
631	750
631	921
632	651
632	652
632	668
632	672
632	675
632	690
632	792
632	797
632	815
632	950
633	638
633	648
633	662
633	678
633	681
633	685
633	690
633	691
633	760
633	869
634	637
634	683
634	689
634	715
634	722
634	804
635	657
635	660
635	663
635	668
635	769
636	636
636	637
636	649
636	658
636	671
636	686
636	688
636	691
636	692
636	741
636	792
636	963
637	654
637	663
637	674
637	685
637	699
637	788
637	888
637	897
637	942
638	656
638	668
638	684
638	694
638	780
638	835
638	841
638	989
639	661
639	676
639	694
639	819
640	643
640	645
640	651
640	660
640	664
640	667
640	673
640	675
640	687
641	656
641	668
641	674
641	680
641	922
642	649
642	673
642	681
642	828
642	848
642	854
642	883
642	911
642	977
643	667
643	686
643	690
643	848
644	644
644	652
644	664
644	681
644	761
644	766
644	769
644	770
644	834
644	856
645	653
645	654
645	667
645	758
645	919
646	648
646	656
646	691
646	696
646	817
646	979
647	649
647	657
647	673
647	679
647	683
647	694
647	696
647	709
648	656
648	657
648	674
648	694
648	695
648	698
648	699
648	762
648	922
649	695
649	697
649	714
649	801
649	811
649	832
649	915
649	956
650	674
650	688
650	701
650	862
650	927
651	684
651	810
651	972
651	981
652	652
652	655
652	659
652	661
652	670
652	673
652	675
652	679
652	693
652	694
652	696
652	697
652	924
653	656
653	657
653	658
653	686
653	738
653	773
653	898
654	654
654	655
654	670
654	671
654	681
654	688
654	694
654	695
655	655
655	660
655	666
655	667
655	671
655	674
655	693
655	836
656	660
656	675
656	698
656	699
656	743
656	836
657	669
657	674
657	678
657	699
657	749
657	796
657	973
658	664
658	684
658	688
658	719
658	768
659	680
659	699
659	708
659	888
659	969
660	670
660	676
660	681
660	684
660	697
660	765
660	803
660	905
661	669
661	673
661	678
661	679
661	686
661	697
661	820
662	689
662	695
663	671
663	680
663	696
663	719
663	842
663	871
663	977
664	667
664	671
664	696
664	770
664	813
665	666
665	670
665	681
665	691
665	693
665	698
665	761
665	809
665	813
665	834
666	667
666	941
667	694
667	728
668	683
668	685
668	688
668	690
668	782
668	840
668	981
668	997
669	677
669	679
669	682
669	698
669	699
669	730
669	749
669	951
670	682
670	688
670	692
670	804
670	830
670	881
670	920
670	922
670	994
671	690
671	694
671	849
671	897
672	673
672	680
672	687
672	696
672	698
672	728
672	996
673	675
673	679
673	687
673	689
673	698
673	780
673	954
674	683
674	714
674	803
674	804
674	815
674	817
674	940
674	943
675	678
675	690
675	697
675	736
675	759
675	846
675	903
675	947
675	998
676	699
676	726
676	769
676	852
676	862
676	931
676	994
677	679
677	936
677	971
678	687
678	693
678	694
678	877
678	934
679	680
680	681
680	686
680	688
680	717
680	763
680	864
680	916
681	693
681	695
681	698
681	726
681	800
681	872
681	937
681	940
682	699
682	856
682	903
682	937
682	981
682	985
683	695
683	696
683	697
683	710
683	839
683	868
683	881
683	993
684	686
684	691
684	729
684	766
684	962
685	686
685	688
685	742
685	772
685	794
685	874
685	899
685	946
686	696
686	723
686	768
686	937
687	691
687	964
687	968
687	995
688	690
689	695
689	696
689	748
689	754
689	856
689	860
689	918
690	824
690	826
691	710
691	721
691	728
691	979
692	695
692	696
692	756
692	801
692	845
692	974
693	695
693	749
693	815
693	901
693	905
694	765
694	914
694	963
694	989
695	697
695	795
695	801
695	857
695	869
695	890
695	952
696	699
696	755
696	813
696	833
696	921
697	699
697	972
697	982
698	699
698	760
698	874
698	916
700	712
700	716
700	721
700	735
700	750
700	758
700	782
700	784
700	786
700	788
700	796
700	840
700	886
701	716
701	725
701	792
701	794
701	795
701	864
702	703
702	708
702	712
702	721
702	725
702	728
702	736
702	745
702	749
702	778
702	781
702	787
702	788
702	795
702	876
703	703
703	708
703	717
703	748
703	749
703	757
703	772
703	774
703	790
703	864
703	909
703	920
703	927
704	709
704	716
704	755
704	760
704	795
704	861
704	872
704	925
704	949
705	706
705	709
705	735
705	741
705	746
705	759
705	768
705	778
705	797
705	905
705	987
706	739
706	745
706	747
706	755
706	759
706	762
706	769
706	778
706	783
706	786
706	795
706	855
706	991
707	712
707	720
707	722
707	728
707	730
707	742
707	745
707	757
707	766
707	769
707	788
707	811
708	713
708	716
708	723
708	727
708	745
708	749
708	757
708	776
708	777
708	785
708	791
708	795
708	799
709	742
709	747
709	749
709	750
709	756
709	758
709	761
709	763
709	776
709	778
709	785
709	794
709	798
709	854
709	904
710	712
710	713
710	715
710	716
710	718
710	720
710	721
710	723
710	724
710	740
710	747
710	750
710	784
710	789
711	714
711	719
711	723
711	733
711	739
711	769
711	786
711	787
711	789
711	792
711	795
711	799
711	944
712	716
712	728
712	736
712	759
712	779
712	791
712	798
712	802
713	713
713	716
713	766
713	861
713	889
713	901
713	952
714	724
714	728
714	736
714	751
714	764
714	772
714	792
714	964
715	734
715	744
715	747
715	750
715	757
715	767
715	812
716	719
716	722
716	729
716	738
716	745
716	747
716	749
716	750
716	754
716	765
716	771
716	778
716	787
716	790
716	791
716	792
716	796
716	859
716	902
716	938
716	940
717	722
717	723
717	725
717	726
717	776
717	778
717	782
717	784
717	785
717	799
718	721
718	722
718	729
718	730
718	751
718	769
718	772
718	777
718	793
718	834
718	890
718	992
719	727
719	734
719	742
719	747
719	756
719	758
719	759
719	770
719	772
719	779
719	799
719	836
719	891
719	900
719	937
719	980
720	726
720	756
720	768
720	785
720	795
720	797
721	726
721	732
721	765
721	772
721	782
721	786
721	793
721	901
721	906
722	741
722	752
722	756
722	767
722	768
722	770
722	788
722	795
722	804
722	832
722	869
722	881
722	948
722	949
723	761
723	781
723	794
723	797
724	733
724	739
724	747
724	754
724	757
724	771
724	782
724	828
724	957
725	730
725	756
725	777
725	791
725	879
725	888
725	913
726	735
726	745
726	752
726	758
726	759
726	767
726	793
726	796
727	727
727	728
727	735
727	758
727	768
727	790
727	793
727	796
727	912
727	946
727	996
728	740
728	766
728	970
729	745
729	747
729	750
729	762
729	763
729	766
729	773
729	795
729	829
729	864
730	745
730	752
730	758
730	762
730	765
730	772
730	773
730	779
730	799
730	831
730	860
730	935
730	941
730	970
731	734
731	746
731	761
731	779
731	785
731	793
731	797
731	843
731	857
731	865
731	999
732	735
732	736
732	743
732	749
732	753
732	772
732	773
732	774
732	779
732	786
732	792
732	904
732	973
733	736
733	742
733	745
733	748
733	764
733	795
733	796
733	798
733	799
733	879
733	995
733	996
734	739
734	740
734	753
734	756
734	759
734	760
734	773
734	789
734	960
735	790
735	844
735	847
735	883
736	738
736	744
736	755
736	759
736	760
736	761
736	767
736	791
736	795
737	743
737	748
737	761
737	764
737	771
737	774
737	782
737	792
738	755
738	760
738	790
738	793
738	797
739	742
739	745
739	752
739	760
739	761
739	777
739	781
739	784
739	785
739	787
739	791
739	794
739	795
739	796
739	819
739	915
739	940
740	742
740	868
740	902
740	973
740	978
741	751
741	770
741	772
741	783
741	820
741	895
741	934
742	755
742	757
742	759
742	761
742	783
742	784
742	791
742	797
742	798
742	803
742	852
742	929
742	985
743	743
743	751
743	753
743	754
743	758
743	768
743	769
743	772
743	796
743	879
743	897
744	754
744	766
744	768
744	769
744	778
744	786
744	877
744	970
744	975
745	756
745	766
745	768
745	782
745	844
746	749
746	750
746	755
746	761
746	765
746	789
746	790
746	799
746	831
747	748
747	773
747	777
747	922
747	989
748	750
748	753
748	756
748	759
748	764
748	766
748	775
748	780
748	785
748	794
748	799
748	845
748	865
748	972
749	766
749	770
749	771
749	791
749	794
749	799
749	846
749	959
750	760
750	768
750	796
750	799
750	802
750	918
750	919
751	754
751	760
751	766
751	783
751	794
751	913
752	763
752	764
752	782
752	940
752	962
753	758
753	764
753	765
753	780
753	821
753	861
753	941
753	971
754	758
754	766
754	784
754	788
754	861
754	870
755	762
755	770
755	948
755	970
756	760
756	766
756	790
756	892
757	770
757	777
757	779
757	797
757	816
757	840
757	947
757	979
757	985
758	759
758	764
758	771
758	778
758	787
758	797
758	806
758	894
759	766
759	778
759	788
759	794
760	769
760	771
760	796
760	799
760	809
760	906
760	913
761	768
761	785
761	787
761	793
762	781
762	786
762	789
762	791
762	799
762	819
762	866
762	897
763	770
763	771
763	773
763	777
763	864
764	772
764	788
764	910
764	998
765	766
765	767
765	781
765	782
765	786
765	793
765	797
765	988
766	784
766	789
766	791
767	773
767	788
767	878
767	881
767	920
768	769
768	770
768	771
768	778
768	781
768	785
768	798
769	783
769	784
769	802
769	870
769	912
769	980
769	982
770	784
770	794
770	796
770	848
770	926
770	934
771	784
771	788
771	962
772	774
772	784
772	787
772	793
772	797
772	883
773	962
774	783
774	791
774	793
774	797
774	799
774	975
775	778
775	794
776	779
776	793
776	833
776	865
776	927
777	840
777	869
777	902
777	954
778	783
778	785
778	826
778	933
778	955
778	966
779	781
779	795
779	797
779	799
779	981
780	791
780	795
780	808
781	782
781	858
782	785
782	788
782	789
783	789
783	795
783	911
784	789
784	799
785	792
785	798
785	919
786	931
786	940
787	795
787	796
788	798
788	956
789	790
789	794
789	860
789	985
789	986
790	799
790	820
791	792
791	796
791	874
792	793
792	797
794	882
794	910
794	949
795	840
795	923
795	936
795	945
796	867
796	950
797	821
797	928
798	799
798	816
798	957
799	805
799	886
799	961
799	971
800	803
800	806
800	814
800	821
800	830
800	841
800	855
800	862
800	874
800	878
800	893
800	926
800	936
801	809
801	826
801	835
801	837
801	852
801	856
801	865
801	866
801	876
801	890
802	803
802	804
802	813
802	816
802	839
802	844
802	855
802	857
802	861
802	871
802	875
802	876
802	880
802	890
802	894
802	932
803	804
803	808
803	809
803	816
803	821
803	842
803	844
803	865
803	873
803	878
803	879
803	881
803	885
803	893
803	960
804	820
804	822
804	833
804	854
804	862
804	880
804	881
804	885
804	890
805	845
805	855
805	857
805	859
805	870
805	882
805	893
805	963
805	986
806	817
806	822
806	837
806	841
806	855
806	856
806	859
806	862
806	879
806	889
806	899
807	813
807	836
807	865
807	867
807	877
807	881
807	893
807	895
808	811
808	817
808	820
808	821
808	828
808	830
808	840
808	852
808	854
808	860
808	875
808	892
808	930
809	813
809	815
809	817
809	823
809	826
809	829
809	835
809	839
809	843
809	846
809	853
809	855
809	859
809	867
809	876
809	884
809	885
809	899
809	988
810	820
810	836
810	844
810	852
810	853
810	869
810	879
810	888
810	889
810	917
810	988
811	824
811	826
811	827
811	835
811	838
811	839
811	846
811	865
811	866
811	885
811	889
811	891
811	894
811	938
812	822
812	825
812	846
812	853
812	854
812	874
812	888
812	890
812	895
812	899
812	901
812	907
813	828
813	846
813	858
813	866
813	867
813	932
813	936
813	949
813	971
814	829
814	832
814	851
814	889
814	895
814	969
814	983
815	816
815	833
815	846
815	867
815	872
815	877
815	889
815	891
815	894
815	899
815	905
815	951
816	819
816	838
816	842
816	843
816	865
816	868
816	875
816	876
816	889
816	897
816	951
817	823
817	833
817	847
817	856
817	892
817	895
817	900
817	949
817	982
818	824
818	833
818	837
818	846
818	848
818	851
818	855
818	856
818	861
818	863
818	864
818	872
818	876
818	893
818	940
818	978
819	828
819	834
819	840
819	844
819	847
819	851
819	855
819	857
820	832
820	841
820	869
820	876
820	877
820	887
820	973
820	985
821	821
821	828
821	837
821	840
821	843
821	873
821	878
821	879
821	883
821	885
821	891
821	892
822	847
822	856
822	874
822	886
822	887
822	888
822	895
823	825
823	827
823	828
823	832
823	835
823	840
823	841
823	844
823	860
823	873
823	886
823	887
823	983
824	831
824	834
824	848
824	850
824	855
824	859
824	865
824	870
824	879
824	890
824	899
824	907
824	937
825	835
825	836
825	842
825	843
825	844
825	865
825	875
825	879
825	881
825	892
825	898
825	988
826	842
826	882
826	885
826	955
827	834
827	855
827	875
827	899
827	964
828	835
828	851
828	860
828	862
828	863
828	871
828	877
828	897
828	963
828	998
829	830
829	854
829	863
829	869
829	878
829	881
829	886
829	890
830	833
830	834
830	837
830	847
830	851
830	854
830	880
830	896
830	943
830	952
830	960
831	838
831	860
831	862
831	863
831	865
831	878
831	896
831	919
832	845
832	853
832	860
832	874
832	877
832	886
832	957
833	835
833	854
833	859
833	865
833	868
833	869
833	871
833	891
833	975
834	838
834	855
834	869
834	878
834	886
835	851
835	853
835	855
835	861
835	863
835	864
835	865
835	869
835	871
835	876
835	887
835	889
835	891
835	893
835	897
836	839
836	842
836	849
836	852
836	863
836	871
836	878
836	890
836	897
836	898
836	939
836	947
837	837
837	839
837	852
837	867
837	869
837	878
837	882
837	953
838	854
838	859
838	871
838	886
838	888
838	892
839	853
839	858
839	862
839	863
839	874
839	879
839	888
839	889
839	952
840	878
840	908
840	974
841	864
841	873
841	882
841	894
842	846
842	862
842	880
842	893
842	897
842	930
843	844
843	855
843	873
843	875
843	881
843	883
843	983
844	852
844	860
844	866
844	870
844	880
844	899
844	965
845	867
845	870
845	877
845	894
846	863
846	865
846	873
846	882
846	883
847	860
847	863
847	873
847	877
847	883
847	889
847	896
847	910
847	932
848	859
848	871
848	887
848	894
848	896
848	993
849	858
849	862
849	863
849	873
850	854
850	879
850	883
850	899
850	907
850	926
850	930
851	862
851	863
851	875
851	877
852	853
852	882
852	883
852	884
852	902
852	920
853	853
853	859
853	884
853	887
853	912
853	963
854	864
854	868
854	871
854	877
854	893
854	898
854	969
855	858
855	859
855	866
855	879
855	884
855	886
855	889
855	891
855	961
855	996
856	869
856	872
856	873
856	874
856	886
856	898
856	999
857	861
857	866
857	870
857	880
858	867
858	883
858	896
858	899
858	935
858	975
859	875
859	878
859	879
859	882
859	890
859	899
859	944
859	963
859	995
860	876
860	878
860	881
860	892
860	894
861	863
861	987
862	862
862	867
862	868
862	870
862	874
862	888
862	893
862	896
862	911
863	868
863	869
863	879
863	894
863	897
864	878
864	894
864	982
865	865
865	893
865	921
866	870
866	873
866	875
866	883
866	898
866	911
867	884
867	888
867	913
868	880
870	889
870	928
870	938
870	960
871	880
871	895
871	896
872	875
872	880
872	882
872	897
872	994
873	888
873	960
873	966
874	877
874	881
874	882
874	890
874	895
874	897
874	968
875	880
875	881
875	886
875	889
875	893
876	880
876	888
877	878
877	879
877	929
878	885
878	888
878	890
878	900
878	988
879	895
879	919
880	881
880	984
881	882
881	898
881	931
881	996
882	913
882	954
883	886
883	891
883	899
883	912
884	896
884	951
885	892
885	912
886	920
887	888
888	894
890	891
891	897
891	984
891	987
893	896
894	899
895	895
895	984
896	899
896	935
897	899
897	901
897	929
897	956
898	944
899	941
900	906
900	909
900	921
900	923
900	940
900	952
900	953
900	956
900	981
900	983
900	996
900	997
901	908
901	911
901	917
901	919
901	925
901	929
901	946
901	954
901	961
901	984
901	985
901	986
902	905
902	914
902	921
902	923
902	928
902	930
902	939
902	947
902	962
902	967
902	972
902	978
902	995
902	999
903	910
903	915
903	918
903	933
903	942
903	960
903	962
903	971
903	977
904	915
904	917
904	922
904	923
904	931
904	961
904	975
904	982
904	992
905	911
905	916
905	926
905	929
905	944
905	983
905	988
906	910
906	921
906	926
906	941
906	960
906	965
906	972
906	973
907	917
907	920
907	922
907	934
907	944
907	967
907	969
907	973
907	984
907	993
908	912
908	920
908	928
908	930
908	935
908	940
908	943
908	944
908	950
908	963
908	979
908	990
908	994
908	999
909	911
909	922
909	936
909	944
909	946
909	967
909	969
909	988
909	995
910	957
910	964
910	986
910	991
911	924
911	938
911	983
911	992
911	998
912	915
912	927
912	940
912	941
912	960
912	965
912	969
912	971
912	981
912	994
913	932
913	934
913	939
913	946
913	952
913	972
913	975
913	976
913	979
913	986
913	988
913	990
913	991
913	992
914	915
914	918
914	934
914	944
914	955
914	958
914	960
914	968
914	972
914	987
914	999
915	917
915	941
915	943
915	948
915	963
915	969
915	983
915	989
915	992
916	927
916	943
916	948
916	965
916	977
916	980
916	984
916	988
916	991
917	920
917	921
917	922
917	929
917	930
917	932
917	934
917	943
917	951
917	957
917	960
918	922
918	936
918	937
918	940
918	947
918	953
918	964
918	967
918	972
918	976
918	977
918	984
918	991
918	996
918	999
919	920
919	933
919	952
919	960
919	967
919	969
919	971
919	998
919	999
920	921
920	928
920	945
920	950
920	955
920	960
920	963
920	972
920	983
920	993
921	921
921	927
921	939
921	943
921	944
921	947
921	948
921	953
921	955
921	967
921	995
921	998
921	999
922	937
922	938
922	944
922	951
922	977
922	992
922	996
923	942
923	956
923	968
923	970
923	974
923	982
923	987
923	989
923	995
924	937
924	949
924	955
924	963
924	976
924	988
924	990
924	997
925	936
925	938
925	939
925	945
925	952
925	958
925	987
926	933
926	943
926	950
926	968
926	969
926	974
927	932
927	950
927	955
927	982
927	995
928	931
928	937
928	961
928	968
928	971
928	981
928	984
928	985
928	987
928	997
929	942
929	952
929	957
929	965
929	988
929	996
930	945
930	948
930	973
930	974
930	983
930	984
930	988
931	960
931	968
931	977
931	987
931	991
931	993
931	998
932	944
932	946
932	954
932	971
932	979
932	988
933	971
933	993
933	994
934	946
934	949
934	973
934	974
934	978
934	982
934	983
934	986
934	989
935	943
935	948
935	956
935	965
935	971
935	989
935	991
935	993
935	999
936	945
936	947
936	948
936	955
936	957
936	958
936	962
936	965
936	966
936	968
936	982
936	986
936	995
937	938
937	944
937	957
937	971
937	973
937	977
937	979
937	988
937	991
938	965
938	978
939	941
939	946
939	949
940	942
940	959
940	963
940	969
940	989
940	997
941	943
941	947
941	951
941	952
941	959
942	948
942	952
942	957
942	959
942	963
942	973
942	984
943	947
943	950
943	967
943	971
943	975
943	987
944	950
944	955
944	958
944	959
944	987
944	989
944	996
944	998
945	948
945	962
945	966
946	949
946	950
946	956
946	964
946	972
947	951
947	964
947	969
947	970
947	976
947	977
948	962
948	964
948	967
948	982
948	991
948	993
949	976
950	952
950	966
950	967
950	977
950	983
951	974
951	982
951	994
952	969
952	979
952	989
953	955
953	979
953	987
954	957
954	960
954	967
954	978
954	981
954	982
954	985
955	958
955	972
955	976
955	981
955	987
955	996
956	963
956	974
956	977
956	980
956	998
957	966
957	982
958	964
958	972
958	979
958	983
958	986
958	989
959	968
959	970
960	971
960	972
960	974
960	995
960	999
961	969
961	973
961	974
961	978
962	962
962	967
962	987
962	995
963	965
963	966
963	974
963	995
964	979
964	996
964	998
965	976
965	980
965	995
965	999
966	969
966	972
966	978
966	994
967	971
967	976
967	999
968	972
969	992
969	998
970	975
970	976
970	986
971	974
971	976
971	991
972	979
972	994
972	995
972	996
973	983
973	988
973	998
974	979
974	980
974	985
974	990
974	997
975	982
976	981
976	983
976	991
976	997
978	978
978	979
978	984
978	997
979	979
979	983
979	994
980	991
980	993
981	989
981	998
982	985
982	988
983	983
983	986
983	990
984	988
984	990
985	985
985	988
985	989
985	996
986	995
986	999
987	990
987	996
988	989
988	992
988	994
989	995
991	994
996	996
997	998
