0	10
0	12
0	14
0	15
0	18
0	20
0	22
0	27
0	29
0	31
0	33
0	34
0	44
0	58
0	65
0	85
0	86
0	90
0	95
0	277
1	1
1	4
1	7
1	12
1	13
1	19
1	25
1	31
1	41
1	52
1	53
1	58
1	63
1	66
1	68
1	73
1	77
1	89
1	93
1	98
1	99
1	109
1	287
1	344
2	2
2	15
2	24
2	26
2	27
2	28
2	30
2	33
2	39
2	48
2	54
2	55
2	60
2	77
2	85
2	440
2	759
2	958
3	7
3	10
3	14
3	16
3	19
3	28
3	37
3	41
3	53
3	64
3	65
3	71
3	78
3	79
3	92
3	94
3	249
4	10
4	20
4	27
4	28
4	40
4	43
4	45
4	52
4	62
4	69
4	73
4	76
4	82
4	91
4	249
4	376
4	829
5	9
5	11
5	12
5	13
5	17
5	27
5	36
5	45
5	58
5	60
5	66
5	81
5	82
5	94
5	96
5	99
5	463
5	567
6	7
6	8
6	9
6	14
6	16
6	28
6	33
6	34
6	43
6	46
6	49
6	53
6	55
6	57
6	58
6	70
6	83
6	89
6	92
6	95
6	96
6	368
6	611
7	10
7	14
7	25
7	33
7	34
7	51
7	53
7	54
7	58
7	72
7	74
7	79
7	80
7	89
7	90
7	91
7	384
7	450
7	536
8	19
8	21
8	22
8	26
8	27
8	39
8	43
8	48
8	50
8	59
8	63
8	66
8	71
8	78
8	79
8	86
8	95
8	995
9	12
9	13
9	22
9	23
9	24
9	28
9	34
9	43
9	52
9	54
9	60
9	61
9	62
9	64
9	68
9	75
9	77
9	87
9	94
9	97
9	152
10	10
10	14
10	16
10	17
10	18
10	19
10	33
10	53
10	58
10	60
10	70
10	71
10	78
10	82
10	83
10	84
10	91
10	95
10	549
10	768
11	17
11	18
11	23
11	26
11	36
11	41
11	66
11	70
11	75
11	83
11	88
11	89
11	91
11	506
11	623
12	16
12	18
12	22
12	26
12	33
12	35
12	39
12	51
12	57
12	62
12	73
12	77
12	91
12	99
12	204
13	27
13	28
13	39
13	40
13	43
13	54
13	66
13	70
13	73
13	81
13	87
13	88
13	95
13	108
13	297
14	22
14	29
14	30
14	35
14	43
14	45
14	47
14	49
14	56
14	71
14	73
14	97
14	290
14	834
14	893
15	16
15	17
15	19
15	49
15	51
15	55
15	65
15	78
15	79
15	88
15	97
15	361
16	17
16	19
16	27
16	29
16	35
16	36
16	37
16	38
16	43
16	47
16	56
16	59
16	68
16	70
16	73
16	82
16	94
16	97
16	234
16	345
16	941
17	25
17	26
17	29
17	33
17	34
17	36
17	51
17	57
17	61
17	65
17	68
17	70
17	71
17	82
17	88
17	91
17	94
17	152
17	473
17	650
18	20
18	23
18	26
18	41
18	52
18	58
18	62
18	64
18	69
18	72
18	89
18	96
18	99
18	287
18	950
19	27
19	40
19	45
19	48
19	63
19	64
19	66
19	69
19	70
19	81
19	108
19	131
19	616
19	784
20	26
20	27
20	35
20	38
20	39
20	42
20	52
20	62
20	66
20	69
20	70
20	76
20	77
20	78
20	95
20	97
20	656
21	21
21	24
21	27
21	28
21	33
21	41
21	49
21	50
21	64
21	65
21	66
21	70
21	71
21	76
21	85
21	89
21	90
21	91
21	441
22	23
22	24
22	34
22	42
22	45
22	55
22	86
22	91
22	464
22	600
23	23
23	39
23	46
23	49
23	53
23	77
23	80
23	86
23	94
23	298
24	26
24	42
24	53
24	56
24	65
24	66
24	68
24	70
24	78
24	87
24	231
24	946
25	53
25	65
25	67
25	71
25	72
25	80
25	85
25	88
25	95
25	233
25	501
26	28
26	35
26	40
26	41
26	45
26	46
26	71
26	77
26	81
26	85
26	86
26	91
26	92
26	99
26	107
26	272
26	662
26	716
27	32
27	33
27	56
27	64
27	66
27	69
27	73
27	77
27	96
27	98
27	277
27	503
27	658
28	32
28	36
28	49
28	60
28	65
28	77
28	89
28	97
28	610
28	628
29	30
29	31
29	35
29	36
29	37
29	39
29	40
29	45
29	54
29	55
29	60
29	62
29	63
29	72
29	78
29	82
29	99
29	184
29	692
30	31
30	33
30	35
30	45
30	47
30	50
30	57
30	62
30	63
30	75
30	84
30	312
30	913
31	33
31	43
31	49
31	51
31	55
31	58
31	59
31	66
31	67
31	69
31	82
31	91
31	92
31	93
31	94
31	99
31	174
31	273
31	565
31	639
32	33
32	34
32	46
32	57
32	64
32	70
32	71
32	74
32	82
32	95
32	728
33	33
33	38
33	39
33	40
33	41
33	43
33	45
33	46
33	48
33	51
33	55
33	65
33	73
33	75
33	85
33	96
33	97
33	99
34	38
34	47
34	50
34	56
34	58
34	61
34	71
34	74
34	75
34	83
34	84
34	85
34	89
34	98
34	446
34	694
35	35
35	39
35	44
35	48
35	49
35	56
35	59
35	60
35	62
35	63
35	65
35	72
35	95
35	98
35	385
35	627
36	37
36	39
36	44
36	53
36	70
36	73
36	79
36	89
36	94
36	96
36	269
36	995
37	39
37	50
37	55
37	59
37	61
37	81
37	82
37	85
37	89
37	99
37	864
38	40
38	45
38	46
38	47
38	52
38	60
38	61
38	62
38	63
38	69
38	70
38	75
38	81
38	85
38	89
38	91
38	786
39	63
39	64
39	66
39	67
39	91
39	259
40	43
40	47
40	51
40	54
40	56
40	66
40	75
40	82
40	95
40	309
40	974
41	42
41	60
41	74
41	78
41	79
41	82
41	92
41	99
42	52
42	68
42	71
42	84
42	86
42	89
42	99
42	115
42	214
42	919
43	53
43	66
43	74
43	76
43	82
43	85
43	91
43	99
43	934
44	51
44	63
44	79
44	86
44	93
44	94
44	123
44	402
44	458
44	472
45	65
45	68
45	71
45	80
45	81
45	84
45	88
45	92
45	352
46	51
46	52
46	63
46	65
46	70
46	72
46	75
46	96
46	863
46	944
47	52
47	57
47	60
47	61
47	62
47	79
47	80
47	83
47	85
47	89
47	90
47	96
47	584
47	612
48	51
48	65
48	68
48	75
48	77
48	80
48	81
48	85
48	91
48	384
48	946
49	51
49	52
49	54
49	57
49	62
49	63
49	66
49	69
49	70
49	76
49	79
50	87
50	90
50	262
50	450
50	857
50	913
51	63
51	73
51	76
51	78
51	79
51	81
51	95
51	96
51	733
51	811
52	57
52	58
52	69
52	82
52	470
52	863
52	962
53	55
53	65
53	67
53	76
53	78
53	79
53	85
53	88
53	89
53	90
53	95
53	96
53	402
54	66
54	76
54	78
54	85
54	87
54	96
54	98
54	281
54	635
54	830
55	68
55	70
55	77
55	83
55	93
55	278
55	547
55	869
56	75
56	82
56	309
56	594
56	817
57	67
57	75
57	76
57	82
57	86
57	91
57	406
58	58
58	65
58	67
58	70
58	75
58	586
59	74
59	78
59	81
59	84
59	111
59	460
59	805
60	60
60	66
60	67
60	70
60	80
60	83
60	155
60	478
60	533
60	807
61	64
61	66
61	71
61	78
61	79
61	81
61	84
61	178
61	222
61	315
61	809
61	836
62	74
62	98
62	99
62	105
62	340
62	657
62	970
63	75
63	80
63	85
63	88
64	65
64	72
64	74
64	82
64	96
64	99
64	725
65	72
65	73
65	77
65	81
65	88
65	94
65	98
65	744
66	74
66	77
66	81
66	83
66	85
66	87
66	97
66	215
66	431
66	874
67	75
67	81
67	83
67	88
67	90
67	96
67	99
67	152
67	785
68	71
68	74
68	85
68	88
68	574
68	605
68	771
68	956
69	71
69	76
69	77
69	79
69	84
69	733
70	87
70	136
71	91
71	93
71	95
71	98
71	354
71	797
72	82
72	91
72	93
72	854
72	951
72	991
73	918
73	977
74	76
74	78
74	82
74	84
74	86
74	760
75	79
75	80
75	85
75	95
75	415
75	533
75	535
76	86
76	93
76	97
77	79
77	85
77	86
77	91
77	99
77	877
77	915
78	81
78	82
78	83
78	84
78	98
78	99
78	391
78	728
79	82
79	84
79	85
79	98
79	560
79	750
80	87
80	88
80	90
80	97
80	226
80	254
80	570
80	629
80	967
81	96
81	97
81	260
82	86
82	88
82	411
83	83
83	91
83	92
83	96
83	98
83	99
83	714
84	85
84	91
84	596
84	733
84	811
85	89
85	91
85	98
85	543
86	97
86	652
86	731
87	87
87	90
87	94
88	89
88	95
88	96
88	386
89	89
89	90
89	99
89	243
89	355
89	486
89	687
90	97
91	94
91	96
91	97
91	468
92	95
92	170
92	569
92	796
92	833
93	95
93	114
94	115
94	256
94	350
94	854
95	95
95	96
95	99
95	444
95	466
95	700
96	99
96	603
96	639
96	707
96	871
97	296
97	510
99	176
99	758
100	109
100	122
100	123
100	126
100	129
100	141
100	142
100	163
100	168
100	183
100	187
100	196
100	909
101	103
101	109
101	110
101	112
101	113
101	119
101	146
101	156
101	157
101	161
101	168
101	169
101	175
101	177
101	179
101	194
102	119
102	129
102	132
102	137
102	149
102	159
102	161
102	173
102	178
102	182
102	187
102	196
102	251
102	455
103	121
103	140
103	149
103	153
103	155
103	172
103	174
103	175
103	178
103	183
103	191
103	195
103	751
104	106
104	109
104	113
104	115
104	116
104	125
104	127
104	128
104	138
104	151
104	152
104	163
104	167
104	178
104	180
104	194
104	197
104	391
105	114
105	121
105	128
105	138
105	143
105	154
105	156
105	164
105	165
105	169
105	176
105	184
105	188
105	198
105	406
105	559
106	115
106	120
106	131
106	136
106	139
106	145
106	153
106	159
106	161
106	165
106	171
106	174
106	185
106	190
106	192
106	194
106	833
106	862
106	870
106	913
107	112
107	113
107	123
107	130
107	132
107	144
107	161
107	167
107	168
107	178
107	184
107	197
107	486
108	112
108	113
108	144
108	145
108	146
108	149
108	158
108	160
108	162
108	163
108	169
108	170
108	180
108	184
108	187
108	194
108	306
108	312
108	564
109	110
109	113
109	128
109	132
109	141
109	146
109	147
109	150
109	161
109	166
109	168
109	171
109	173
109	185
109	192
109	194
109	404
109	561
109	962
110	114
110	115
110	125
110	127
110	129
110	136
110	141
110	152
110	153
110	154
110	162
110	164
110	173
110	176
110	187
110	188
110	197
110	199
110	275
110	378
111	112
111	118
111	119
111	128
111	134
111	136
111	148
111	149
111	154
111	159
111	166
111	169
111	170
111	172
111	181
111	184
111	185
111	191
111	199
111	596
111	658
111	826
111	878
112	131
112	135
112	141
112	148
112	151
112	153
112	162
112	174
112	175
112	185
112	193
112	985
113	116
113	122
113	132
113	133
113	134
113	142
113	146
113	151
113	155
113	158
113	170
113	183
113	193
113	296
113	573
114	131
114	137
114	138
114	158
114	160
114	161
114	164
114	172
114	175
114	188
115	116
115	128
115	130
115	141
115	153
115	159
115	169
115	196
115	223
116	117
116	118
116	120
116	122
116	129
116	130
116	132
116	136
116	137
116	139
116	146
116	150
116	151
116	157
116	167
116	176
116	181
116	190
116	192
116	707
117	122
117	129
117	131
117	134
117	135
117	136
117	140
117	144
117	147
117	150
117	152
117	155
117	163
117	165
117	166
117	167
117	168
117	172
117	182
117	188
117	193
117	199
117	355
117	631
117	696
118	119
118	123
118	143
118	151
118	163
118	164
118	166
118	167
118	170
118	174
118	177
118	178
118	181
118	186
118	190
118	193
118	199
118	804
119	123
119	146
119	151
119	156
119	158
119	163
119	164
119	171
119	174
119	188
119	196
119	199
119	258
119	421
120	123
120	126
120	139
120	146
120	148
120	153
120	159
120	179
120	184
120	185
120	187
120	196
120	517
120	619
120	947
121	124
121	126
121	134
121	140
121	147
121	150
121	155
121	156
121	159
121	167
121	171
121	179
121	190
121	199
122	124
122	135
122	138
122	145
122	149
122	152
122	156
122	158
122	166
122	174
122	178
122	194
122	908
123	124
123	127
123	130
123	134
123	136
123	141
123	145
123	154
123	156
123	159
123	171
123	174
123	179
123	182
123	187
123	190
123	195
123	196
123	397
124	128
124	131
124	135
124	140
124	148
124	149
124	156
124	158
124	159
124	160
124	161
124	166
124	178
124	180
124	181
124	186
124	190
124	194
124	197
124	198
125	130
125	133
125	138
125	147
125	150
125	156
125	163
125	170
125	178
125	185
125	186
125	187
125	191
125	192
125	194
125	199
125	242
125	249
125	589
125	698
126	131
126	132
126	146
126	147
126	154
126	163
126	172
126	174
126	183
126	192
126	194
126	197
126	230
126	402
126	920
127	145
127	168
127	175
127	176
127	180
127	189
127	193
127	199
127	587
128	140
128	146
128	155
128	166
128	172
128	176
128	179
128	180
128	182
128	187
128	190
128	193
128	194
128	593
129	130
129	134
129	135
129	139
129	150
129	152
129	154
129	155
129	158
129	170
129	186
129	187
129	189
129	195
129	198
130	132
130	138
130	155
130	158
130	160
130	161
130	164
130	169
130	171
130	172
130	183
130	188
130	195
130	199
130	794
130	828
131	133
131	145
131	153
131	160
131	166
131	168
131	174
131	182
131	184
132	145
132	146
132	151
132	156
132	162
132	167
132	168
132	169
132	181
132	185
132	188
132	221
132	683
133	158
133	163
133	170
133	172
133	180
133	181
133	183
133	189
133	194
133	197
133	198
133	320
133	501
133	602
134	140
134	147
134	149
134	151
134	163
134	164
134	191
134	198
134	397
134	398
134	460
134	467
135	142
135	145
135	146
135	156
135	157
135	165
135	168
135	184
135	196
135	680
136	138
136	165
136	186
136	188
136	192
136	195
136	199
136	438
136	475
136	999
137	139
137	144
137	155
137	158
137	159
137	163
137	165
137	178
137	181
137	183
137	193
137	199
137	399
137	419
137	941
138	138
138	151
138	162
138	163
138	176
138	182
138	183
138	187
138	191
138	194
138	196
138	199
138	205
138	881
139	141
139	146
139	156
139	158
139	175
139	180
139	181
139	186
139	193
139	406
140	140
140	142
140	151
140	446
140	964
141	142
141	143
141	145
141	147
141	160
141	168
141	174
141	176
141	177
141	178
141	189
141	190
141	193
141	341
141	419
141	788
142	148
142	160
142	163
142	166
142	176
142	189
143	150
143	153
143	160
143	182
143	185
143	626
143	881
144	145
144	150
144	157
144	158
144	166
144	176
144	177
144	181
144	191
144	192
144	195
144	196
144	199
145	156
145	160
145	161
145	171
145	176
145	181
145	187
145	193
145	198
145	402
146	147
146	151
146	154
146	157
146	167
146	170
146	182
146	187
146	189
146	191
146	192
146	197
146	967
147	149
147	156
147	159
147	163
147	178
147	181
147	186
147	187
147	191
147	193
147	764
148	149
148	151
148	163
148	167
148	172
148	178
148	752
148	975
149	153
149	161
149	169
149	174
149	177
149	178
149	186
149	187
149	194
149	433
150	152
150	159
150	163
150	166
150	167
150	168
150	174
150	176
150	189
150	190
150	192
150	194
150	223
151	154
151	155
151	158
151	172
151	173
151	182
151	193
151	470
151	649
152	156
152	158
152	165
152	167
152	172
152	177
152	180
152	185
152	188
152	192
153	156
153	159
153	162
153	163
153	169
153	172
153	182
153	184
153	186
153	187
153	193
153	196
153	230
154	156
154	163
154	164
154	169
154	177
154	182
154	199
154	245
154	306
154	606
154	714
155	159
155	172
155	179
155	183
155	185
155	191
155	193
155	194
155	387
156	160
156	181
156	184
156	188
156	189
156	190
156	194
156	895
157	173
157	177
157	182
157	185
157	193
157	196
158	178
158	199
158	701
159	160
159	162
159	163
159	164
159	166
159	178
159	190
159	195
159	199
159	202
160	173
160	177
160	179
160	181
160	188
160	198
160	978
161	173
161	175
161	176
161	190
161	191
161	196
161	199
161	537
162	167
162	178
162	180
162	196
162	593
163	166
163	171
163	177
163	180
163	185
163	914
164	164
164	170
164	185
164	187
164	199
164	374
164	520
165	172
165	177
165	184
165	192
165	199
165	367
165	653
166	167
166	176
166	181
166	188
166	191
166	193
166	194
166	199
166	328
166	561
166	591
166	928
167	173
167	178
167	184
167	186
167	195
167	698
168	170
168	195
168	199
168	607
168	685
169	174
169	191
169	196
169	503
169	864
169	875
170	171
170	172
170	174
170	177
170	178
170	180
170	192
170	272
170	580
171	175
171	183
171	184
171	187
171	198
171	230
171	251
172	173
172	183
172	185
172	186
172	190
172	194
172	635
172	823
172	936
173	174
173	186
173	198
173	760
174	179
174	188
174	191
174	199
174	249
174	363
174	473
174	751
174	842
175	177
175	183
175	199
175	452
176	177
176	178
176	182
176	190
176	191
176	192
176	193
176	197
176	249
177	179
177	182
177	186
177	187
177	191
177	196
177	409
177	505
177	565
177	679
178	182
178	663
178	711
179	180
179	193
179	389
179	500
179	635
179	790
180	182
180	184
180	187
180	199
181	187
181	196
181	197
181	199
181	842
182	189
182	192
182	198
182	281
182	300
182	626
183	183
184	186
184	199
184	459
184	851
185	185
185	189
185	197
185	199
186	800
186	862
186	902
187	188
187	190
187	199
187	373
188	191
188	193
188	194
188	799
189	193
189	198
189	400
189	526
189	752
190	191
190	195
190	435
191	193
191	197
191	409
192	197
192	292
192	654
192	835
193	197
193	912
194	195
194	568
195	236
195	363
195	443
196	197
196	705
197	703
197	800
198	297
198	308
198	972
198	982
200	204
200	207
200	213
200	217
200	224
200	229
200	232
200	234
200	253
200	261
200	262
200	264
200	274
200	292
200	294
200	299
200	624
200	961
201	201
201	203
201	225
201	232
201	242
201	248
201	250
201	253
201	272
201	280
201	288
201	293
202	212
202	214
202	219
202	222
202	224
202	227
202	240
202	241
202	242
202	243
202	251
202	263
202	266
202	274
202	278
202	294
202	296
203	211
203	219
203	224
203	225
203	227
203	237
203	243
203	245
203	247
203	262
203	264
203	271
203	283
203	290
203	512
203	535
204	206
204	220
204	222
204	224
204	232
204	239
204	241
204	242
204	254
204	259
204	266
204	271
204	275
204	281
204	287
204	289
204	299
204	808
205	222
205	230
205	240
205	242
205	252
205	256
205	263
205	264
205	266
205	273
205	276
205	282
205	297
205	544
206	212
206	219
206	230
206	235
206	240
206	256
206	260
206	262
206	267
206	271
206	272
206	273
206	277
206	280
206	282
206	289
206	291
206	293
207	227
207	228
207	234
207	239
207	249
207	251
207	252
207	254
207	256
207	264
207	267
207	270
207	278
207	281
207	291
207	298
207	742
208	212
208	217
208	218
208	221
208	234
208	235
208	236
208	238
208	249
208	256
208	257
208	264
208	267
208	289
208	503
208	543
208	805
209	210
209	212
209	221
209	225
209	229
209	233
209	234
209	236
209	238
209	248
209	252
209	255
209	264
209	288
209	293
209	560
209	599
210	214
210	216
210	221
210	224
210	229
210	242
210	249
210	254
210	255
210	256
210	259
210	260
210	261
210	262
210	263
210	265
210	272
210	273
210	281
210	288
210	291
210	352
210	599
211	213
211	221
211	223
211	228
211	233
211	237
211	238
211	248
211	260
211	280
211	284
211	761
212	221
212	222
212	224
212	234
212	240
212	244
212	246
212	247
212	255
212	260
212	261
212	270
212	283
212	420
212	516
212	743
212	950
213	214
213	216
213	227
213	237
213	238
213	253
213	254
213	260
213	264
213	272
213	274
213	281
213	536
213	547
214	216
214	224
214	230
214	232
214	245
214	246
214	247
214	251
214	254
214	256
214	257
214	259
214	261
214	264
214	268
214	273
214	277
214	280
214	284
214	286
214	296
214	456
215	216
215	219
215	220
215	224
215	241
215	244
215	246
215	253
215	256
215	259
215	268
215	274
215	282
215	289
215	298
215	344
216	218
216	221
216	234
216	254
216	258
216	267
216	271
216	276
216	280
216	297
216	981
217	229
217	252
217	253
217	257
217	266
217	275
217	276
217	279
217	282
217	287
217	297
217	443
217	479
217	593
217	841
218	224
218	225
218	227
218	229
218	233
218	238
218	247
218	252
218	253
218	260
218	261
218	269
218	272
218	275
218	278
218	279
218	413
219	219
219	222
219	234
219	242
219	245
219	250
219	254
219	260
219	265
219	277
219	478
219	859
220	222
220	234
220	245
220	251
220	255
220	259
220	271
220	272
220	277
220	281
220	288
220	299
221	225
221	233
221	234
221	248
221	266
221	268
221	280
221	281
221	284
221	285
221	289
221	292
221	539
221	645
222	223
222	230
222	232
222	242
222	249
222	259
222	268
222	271
222	273
222	280
222	282
222	285
222	298
222	586
223	235
223	245
223	246
223	250
223	253
223	269
223	285
223	293
223	997
224	226
224	231
224	232
224	235
224	237
224	245
224	246
224	269
224	270
224	272
224	273
224	283
224	287
224	292
224	297
224	811
225	226
225	228
225	231
225	233
225	234
225	243
225	244
225	254
225	257
225	259
225	267
225	268
225	274
225	286
225	296
226	228
226	231
226	233
226	256
226	259
226	269
226	280
226	285
226	287
226	296
227	236
227	241
227	249
227	256
227	262
227	270
227	271
227	294
227	298
228	228
228	233
228	240
228	253
228	260
228	269
228	288
228	290
228	291
228	294
228	295
228	298
228	341
228	490
229	236
229	245
229	247
229	263
229	269
229	278
229	279
229	285
229	467
229	754
230	230
230	232
230	235
230	240
230	242
230	243
230	251
230	252
230	254
230	262
230	264
230	268
230	277
230	278
230	291
230	298
230	299
230	740
230	985
231	233
231	234
231	237
231	242
231	244
231	246
231	253
231	258
231	260
231	267
231	280
231	298
231	299
231	709
231	887
232	236
232	242
232	245
232	246
232	248
232	249
232	251
232	269
232	270
232	277
232	279
232	290
232	560
232	669
232	773
232	909
233	233
233	246
233	251
233	262
233	263
233	265
233	266
233	267
233	271
233	276
233	277
233	396
234	238
234	248
234	268
234	269
234	270
234	273
234	277
235	240
235	244
235	247
235	249
235	259
235	265
235	266
235	272
235	285
235	286
235	287
235	298
235	420
235	479
236	239
236	246
236	259
236	266
236	268
236	273
236	274
236	281
236	285
236	286
236	289
236	295
236	793
237	244
237	257
237	260
237	262
237	264
237	265
237	285
237	287
237	377
237	865
238	248
238	255
238	268
238	272
238	274
238	291
238	293
239	240
239	245
239	246
239	247
239	253
239	259
239	260
239	263
239	264
239	270
239	272
239	281
239	282
239	295
239	929
239	993
240	240
240	241
240	243
240	246
240	248
240	255
240	260
240	279
240	284
240	457
240	839
241	241
241	242
241	250
241	255
241	257
241	262
241	268
241	275
241	278
241	281
241	292
241	296
241	819
242	254
242	265
242	269
242	282
242	285
242	287
242	289
242	290
242	292
242	504
243	245
243	247
243	248
243	256
243	258
243	259
243	276
243	287
243	291
243	293
244	248
244	252
244	256
244	257
244	262
244	277
244	279
244	282
244	283
244	290
244	298
244	378
244	581
245	245
245	251
245	254
245	257
245	277
245	283
245	285
245	290
245	295
245	296
245	299
245	329
245	766
246	249
246	251
246	252
246	295
246	315
246	353
246	642
246	673
247	247
247	278
247	280
247	283
247	285
247	288
247	403
247	411
247	465
248	273
248	274
248	279
248	289
248	297
248	834
249	253
249	259
249	260
249	265
249	266
249	276
249	283
249	292
249	813
250	256
250	271
250	274
250	280
251	253
251	262
251	267
251	271
251	273
251	276
251	283
251	284
251	294
251	295
251	616
252	257
252	267
252	269
252	276
252	278
252	282
252	286
252	289
252	810
253	256
253	257
253	258
253	259
253	260
253	263
253	266
253	269
253	271
253	279
253	281
253	284
253	286
253	291
253	292
253	296
254	258
254	259
254	273
254	277
254	281
254	288
254	857
254	932
254	967
255	259
255	264
255	267
255	269
255	274
255	277
255	278
255	295
255	625
256	262
256	263
256	266
256	283
256	291
256	296
256	754
257	257
257	260
257	268
257	272
257	277
257	280
257	288
257	292
258	259
258	268
258	272
258	289
258	290
258	297
259	259
259	271
259	275
259	296
260	266
260	267
260	274
260	277
260	280
260	282
260	290
260	292
260	296
261	262
261	269
261	271
261	275
261	277
261	278
261	281
261	289
261	290
261	295
261	403
262	263
262	270
262	271
262	283
262	661
262	799
263	270
263	273
263	276
263	278
263	291
263	737
263	799
263	802
264	265
264	270
264	282
264	286
264	288
264	292
264	510
265	272
265	296
265	299
265	777
265	950
266	280
266	288
266	290
266	294
266	558
267	273
267	277
267	285
267	291
267	374
267	718
267	824
267	982
268	280
268	282
268	285
268	286
268	814
269	273
269	274
269	275
269	292
269	293
269	296
269	433
269	480
269	514
270	273
270	277
270	294
270	296
270	661
270	701
270	932
271	291
271	293
271	294
271	340
271	696
272	275
272	279
272	284
272	285
272	297
272	359
273	290
273	293
273	940
274	275
274	280
274	284
274	287
274	292
274	298
274	321
274	644
275	279
275	280
275	281
275	292
275	296
276	278
276	282
276	284
276	286
276	298
276	638
277	277
277	280
277	281
277	698
277	967
278	295
278	296
278	297
278	556
278	702
278	945
279	285
279	286
279	916
280	282
280	285
280	292
280	296
280	889
281	286
281	288
281	290
281	295
281	299
282	286
282	437
282	621
283	284
283	289
283	290
283	294
283	297
283	628
284	284
284	290
284	688
284	891
285	288
285	290
285	293
286	288
286	296
286	299
286	747
286	759
287	289
287	293
287	834
287	934
288	297
288	790
288	991
289	291
289	486
289	986
290	293
291	293
291	299
291	686
292	297
293	361
293	579
295	295
295	858
296	542
298	757
299	686
300	300
300	302
300	303
300	305
300	309
300	317
300	334
300	335
300	342
300	344
300	349
300	354
300	355
300	356
300	368
300	369
300	379
300	381
300	385
300	393
300	396
300	398
300	751
301	306
301	307
301	312
301	322
301	325
301	335
301	339
301	356
301	365
301	368
301	369
301	371
301	374
301	390
301	393
302	303
302	305
302	306
302	311
302	321
302	330
302	331
302	337
302	340
302	342
302	354
302	359
302	365
302	367
302	368
302	377
302	378
302	383
302	384
302	387
302	399
302	410
302	620
302	867
303	307
303	315
303	317
303	323
303	324
303	333
303	354
303	358
303	363
303	376
303	383
303	385
303	388
303	390
303	394
303	541
303	969
304	312
304	318
304	323
304	344
304	349
304	357
304	361
304	365
304	367
304	375
304	376
304	383
304	396
304	397
305	308
305	309
305	316
305	318
305	321
305	328
305	330
305	332
305	335
305	338
305	347
305	348
305	353
305	364
305	369
305	373
305	375
305	380
305	387
305	392
306	308
306	326
306	327
306	329
306	333
306	345
306	347
306	356
306	362
306	368
306	373
306	379
306	384
306	385
306	394
306	837
307	308
307	314
307	321
307	322
307	332
307	334
307	338
307	342
307	348
307	355
307	362
307	364
307	370
307	372
307	373
307	374
307	376
307	377
307	381
307	397
307	787
307	809
308	312
308	314
308	315
308	317
308	320
308	334
308	350
308	356
308	357
308	372
308	380
309	310
309	312
309	314
309	315
309	317
309	318
309	319
309	320
309	325
309	327
309	338
309	339
309	374
309	378
309	380
309	384
309	391
309	396
309	489
310	314
310	319
310	325
310	335
310	344
310	350
310	354
310	382
310	383
310	385
310	387
310	389
310	393
310	399
310	658
311	311
311	317
311	318
311	319
311	335
311	357
311	372
311	382
311	386
312	319
312	323
312	330
312	331
312	348
312	352
312	364
312	366
312	380
312	398
313	325
313	340
313	343
313	344
313	346
313	358
313	365
313	370
313	380
313	397
313	584
313	931
314	316
314	317
314	318
314	322
314	324
314	328
314	341
314	346
314	351
314	355
314	357
314	360
314	368
314	371
314	372
314	375
314	387
314	398
315	331
315	338
315	340
315	341
315	348
315	356
315	358
315	364
315	365
315	370
315	374
315	389
315	390
315	427
316	322
316	328
316	348
316	349
316	355
316	362
316	372
316	374
316	377
316	382
316	384
316	390
316	397
316	398
316	399
317	326
317	327
317	328
317	329
317	335
317	338
317	340
317	342
317	344
317	350
317	360
317	367
317	370
317	371
317	392
317	395
317	399
317	438
317	505
317	682
318	319
318	326
318	332
318	335
318	339
318	350
318	360
318	363
318	367
318	376
318	381
318	383
318	388
318	389
318	390
318	392
318	494
318	496
318	762
318	771
319	320
319	328
319	330
319	336
319	345
319	349
319	355
319	356
319	359
319	360
319	376
319	390
319	551
320	328
320	349
320	350
320	351
320	363
320	370
320	376
320	377
320	378
320	381
320	382
320	391
320	519
321	338
321	340
321	352
321	358
321	360
321	367
321	370
321	377
321	396
322	324
322	327
322	330
322	334
322	339
322	341
322	348
322	355
322	363
322	369
322	371
322	376
322	377
322	381
322	382
322	383
322	384
322	393
322	395
322	567
323	330
323	342
323	343
323	350
323	364
323	374
323	381
323	384
323	386
323	393
323	399
323	757
323	778
324	326
324	332
324	333
324	352
324	359
324	360
324	361
324	365
324	368
324	369
324	370
324	380
324	393
324	395
324	700
325	340
325	344
325	360
325	363
325	374
325	381
325	385
325	386
325	392
325	395
325	399
326	334
326	335
326	339
326	342
326	344
326	351
326	355
326	362
326	364
326	373
326	380
326	389
326	423
326	715
327	330
327	332
327	351
327	354
327	364
327	365
327	367
327	368
327	372
327	382
327	392
327	395
327	799
328	329
328	331
328	339
328	340
328	343
328	347
328	354
328	357
328	364
328	375
328	379
328	381
328	393
328	398
328	588
329	334
329	335
329	344
329	347
329	348
329	351
329	352
329	364
329	373
329	397
329	950
330	331
330	341
330	342
330	344
330	347
330	356
330	358
330	359
330	363
330	368
330	372
330	373
330	375
330	395
330	399
331	334
331	338
331	357
331	366
331	371
331	375
331	378
331	380
331	382
331	384
331	396
331	398
331	472
332	341
332	354
332	355
332	358
332	359
332	363
332	368
332	370
332	375
332	390
332	761
332	771
333	337
333	354
333	358
333	364
333	365
333	369
333	371
333	384
333	387
333	390
333	393
333	394
334	335
334	337
334	340
334	350
334	354
334	356
334	361
334	369
334	370
334	374
334	376
334	378
334	383
334	391
334	398
334	433
334	549
334	673
334	685
335	337
335	349
335	356
335	357
335	359
335	373
335	375
335	376
335	377
335	378
335	383
335	398
335	399
336	344
336	351
336	366
336	373
336	384
336	386
336	388
336	396
337	354
337	357
337	358
337	360
337	363
337	366
337	367
337	369
337	380
337	384
337	390
337	398
337	441
338	341
338	348
338	350
338	358
338	359
338	363
338	364
338	366
338	368
338	392
338	393
338	394
338	728
339	342
339	343
339	348
339	351
339	357
339	368
339	383
339	387
339	389
339	394
339	397
339	936
340	351
340	354
340	364
340	380
340	383
340	387
340	391
340	393
340	395
340	396
341	345
341	355
341	360
341	369
341	375
341	382
341	385
341	388
341	390
341	394
341	398
341	806
341	917
342	344
342	355
342	361
342	364
342	376
342	380
342	382
342	385
342	390
342	392
342	397
342	678
343	352
343	353
343	357
343	361
343	363
343	367
343	369
343	378
343	380
343	390
343	392
343	395
343	609
343	717
344	363
344	364
344	382
344	385
344	389
344	391
344	394
344	396
344	397
344	970
345	353
345	369
345	390
345	931
346	347
346	348
346	361
346	364
346	372
346	378
346	389
346	394
346	398
346	728
346	874
346	954
347	349
347	354
347	360
347	366
347	376
347	383
347	395
347	670
348	351
348	352
348	365
348	380
348	830
348	935
349	372
349	375
349	389
349	612
349	772
349	984
350	363
350	372
350	374
350	382
350	399
351	359
351	362
351	364
351	379
351	384
351	386
351	388
351	393
351	397
351	583
351	833
351	843
352	358
352	360
352	363
352	366
352	375
352	381
352	385
352	396
352	571
353	364
353	365
353	369
353	375
353	398
354	362
354	363
354	365
354	368
354	373
354	381
354	383
354	390
354	391
355	361
355	371
355	374
355	381
355	388
355	396
355	790
355	884
356	381
356	388
356	392
356	394
356	629
356	758
357	363
357	369
357	371
357	378
357	379
357	385
357	388
357	391
357	392
357	690
358	367
358	381
358	386
358	389
358	390
358	391
358	940
359	369
359	371
359	383
359	395
359	881
360	366
360	374
360	375
360	384
360	396
361	388
361	390
361	396
361	398
361	583
362	372
362	378
362	381
362	382
362	387
362	391
362	395
362	397
362	552
363	364
363	365
363	372
363	378
363	379
363	382
363	388
363	391
363	394
363	595
363	764
364	374
364	378
364	390
364	398
364	808
364	987
365	382
365	386
365	397
366	382
366	398
366	399
366	954
367	371
367	379
367	381
367	398
367	411
368	370
368	379
368	383
368	386
368	393
368	417
369	370
369	376
369	377
369	379
369	389
369	397
369	398
369	399
369	473
369	868
370	372
370	377
370	378
370	379
370	395
370	640
371	377
371	389
371	392
371	393
371	395
371	398
372	372
372	374
372	375
372	380
372	384
372	386
372	394
372	399
372	560
373	375
373	384
373	390
373	392
373	393
373	394
373	395
373	396
373	399
373	923
374	374
374	379
374	398
374	811
374	860
375	377
375	388
375	393
375	581
375	614
376	377
376	382
376	383
376	386
376	390
376	392
376	399
376	500
376	676
377	379
377	380
377	386
377	391
377	393
377	397
377	398
378	379
378	380
378	388
378	397
378	464
378	486
378	647
378	873
379	382
379	384
379	386
379	389
379	390
379	807
380	381
380	382
380	391
380	392
380	393
380	398
380	813
380	938
381	391
381	609
382	394
384	385
384	396
384	870
384	893
385	396
385	397
386	387
386	859
387	389
387	398
387	868
388	393
388	760
389	656
389	814
390	394
390	620
391	398
391	399
391	458
391	699
393	395
393	399
393	565
393	660
393	905
393	919
394	545
395	397
395	540
395	646
396	579
397	397
397	398
397	480
397	723
397	996
399	424
399	487
399	768
400	411
400	417
400	427
400	431
400	436
400	437
400	439
400	448
400	450
400	452
400	458
400	466
400	469
400	473
400	476
400	482
400	485
400	488
400	748
401	407
401	420
401	425
401	429
401	435
401	447
401	448
401	449
401	454
401	461
401	462
401	467
401	468
401	472
401	475
401	477
401	483
401	486
401	494
401	496
402	403
402	406
402	414
402	433
402	434
402	436
402	440
402	453
402	459
402	464
402	468
402	473
402	474
402	475
402	482
402	486
402	487
402	491
402	498
402	738
402	799
403	408
403	409
403	418
403	432
403	437
403	440
403	441
403	444
403	455
403	461
403	468
403	470
403	485
403	487
403	489
403	493
403	495
403	496
403	497
404	406
404	420
404	421
404	422
404	423
404	429
404	435
404	445
404	447
404	470
404	484
404	490
404	498
405	411
405	414
405	417
405	418
405	419
405	430
405	441
405	443
405	468
405	469
405	470
405	471
405	481
405	490
405	495
405	571
405	749
405	781
406	408
406	413
406	428
406	441
406	442
406	443
406	451
406	455
406	459
406	461
406	462
406	466
406	469
406	487
406	490
406	493
406	497
407	411
407	414
407	420
407	424
407	427
407	428
407	431
407	434
407	437
407	449
407	476
407	481
407	494
407	496
408	409
408	410
408	413
408	421
408	432
408	440
408	456
408	466
408	473
408	478
408	482
408	487
408	499
409	414
409	435
409	439
409	440
409	446
409	450
409	451
409	455
409	462
409	463
409	476
409	479
409	481
409	485
409	491
409	494
409	564
410	416
410	421
410	422
410	426
410	428
410	432
410	436
410	439
410	444
410	449
410	457
410	459
410	464
410	473
410	481
410	485
410	491
410	499
411	423
411	435
411	438
411	439
411	445
411	453
411	455
411	469
411	474
411	477
411	488
411	489
411	490
411	491
411	496
412	423
412	432
412	433
412	447
412	453
412	456
412	469
412	471
412	495
413	415
413	416
413	418
413	419
413	426
413	429
413	436
413	439
413	446
413	453
413	456
413	465
413	468
413	469
413	472
413	476
413	477
413	483
413	485
413	490
413	492
414	416
414	428
414	433
414	435
414	451
414	453
414	465
414	470
414	484
414	485
414	487
414	494
414	499
414	944
415	416
415	427
415	430
415	435
415	437
415	448
415	466
415	471
415	472
415	480
415	483
415	487
415	492
415	493
415	519
415	710
416	417
416	421
416	429
416	432
416	449
416	451
416	452
416	464
416	471
416	476
416	484
416	485
416	486
416	494
416	825
417	419
417	432
417	433
417	439
417	444
417	450
417	466
417	470
417	701
417	867
417	891
417	941
418	422
418	426
418	436
418	457
418	461
418	462
418	464
418	465
418	485
418	495
418	521
419	424
419	426
419	436
419	443
419	451
419	452
419	453
419	459
419	461
419	472
419	474
419	477
420	427
420	429
420	431
420	434
420	435
420	437
420	440
420	442
420	444
420	446
420	453
420	459
420	468
420	478
420	479
420	480
420	483
420	490
421	462
421	467
421	469
421	473
421	483
421	497
421	560
421	737
422	426
422	428
422	437
422	445
422	446
422	454
422	457
422	464
422	466
422	934
423	424
423	430
423	432
423	433
423	435
423	441
423	443
423	450
423	458
423	460
423	462
423	467
423	478
423	481
423	482
423	484
423	494
423	495
423	737
423	739
424	428
424	435
424	440
424	445
424	447
424	448
424	453
424	454
424	464
424	475
424	476
424	478
424	481
424	498
425	429
425	439
425	449
425	454
425	455
425	472
425	474
425	477
425	478
425	480
425	494
425	755
426	441
426	457
426	458
426	464
426	468
426	469
426	472
426	474
426	489
427	428
427	434
427	436
427	443
427	444
427	449
427	451
427	462
427	465
427	471
427	474
427	499
427	507
428	431
428	433
428	449
428	455
428	458
428	463
428	468
428	472
428	479
428	487
428	489
428	493
428	497
428	556
429	436
429	445
429	453
429	459
429	484
429	490
430	436
430	439
430	442
430	448
430	451
430	460
430	467
430	468
430	483
430	499
430	570
431	436
431	439
431	440
431	464
431	469
431	476
431	485
431	490
431	491
431	496
431	497
432	432
432	441
432	444
432	448
432	453
432	457
432	459
432	460
432	461
432	464
432	466
432	467
432	473
432	486
432	491
432	937
433	437
433	456
433	466
433	468
433	470
433	475
433	480
433	484
433	488
433	495
433	546
433	783
434	435
434	437
434	438
434	444
434	452
434	453
434	465
434	469
434	487
434	488
434	492
435	438
435	450
435	452
435	454
435	461
435	464
435	465
435	466
435	467
435	470
435	472
435	474
435	478
435	480
435	493
435	497
435	498
436	448
436	454
436	469
436	474
436	488
436	490
436	491
436	493
436	495
436	496
436	649
437	444
437	449
437	450
437	454
437	456
437	457
437	466
437	477
437	485
437	486
437	496
437	583
438	445
438	449
438	468
438	472
438	478
438	479
438	482
438	490
438	491
439	442
439	449
439	452
439	455
439	458
439	463
439	473
439	492
440	445
440	446
440	450
440	453
440	455
440	474
440	495
441	456
441	469
441	474
441	482
441	485
441	492
441	494
441	498
441	885
442	442
442	449
442	469
442	476
442	478
442	484
442	494
443	471
443	472
443	481
443	487
444	446
444	447
444	458
444	463
444	471
444	483
444	487
444	498
444	637
445	455
445	463
445	464
445	484
445	486
445	488
445	489
445	492
445	493
445	496
445	529
445	564
446	451
446	452
446	453
446	456
446	460
446	463
446	482
446	491
446	499
447	458
447	461
447	462
447	465
447	471
447	473
447	474
447	486
447	497
447	785
448	449
448	450
448	456
448	458
448	460
448	464
448	478
448	483
448	489
449	449
449	453
449	461
449	465
449	467
449	470
449	472
449	474
449	478
449	492
449	495
449	502
449	590
449	603
449	761
450	451
450	472
450	476
450	487
450	488
450	489
450	490
450	985
451	455
451	458
451	459
451	474
451	479
451	484
451	487
451	493
452	463
452	468
452	469
452	473
452	479
452	480
452	487
452	488
452	491
452	492
452	985
453	454
453	455
453	458
453	466
453	476
453	477
453	491
453	493
453	497
453	988
454	460
454	471
454	472
454	479
454	483
454	491
454	495
454	496
455	461
455	464
455	475
455	492
455	497
455	717
455	863
456	461
456	463
456	464
456	474
456	478
456	481
456	486
456	491
456	499
457	461
457	463
457	471
457	472
457	473
457	481
457	482
457	541
457	623
457	832
457	895
458	460
458	464
458	467
458	472
458	476
458	493
458	496
458	499
458	629
459	460
459	461
459	462
459	466
459	474
459	481
459	496
459	497
459	743
459	841
460	468
460	478
460	483
460	490
461	465
461	468
461	472
461	474
461	480
461	486
461	497
461	566
461	863
462	466
462	469
462	470
462	477
462	488
462	492
462	495
463	499
464	469
464	470
464	481
464	499
464	647
464	703
465	471
465	472
465	475
465	489
465	491
465	493
465	496
465	498
466	467
466	471
466	482
466	488
466	495
466	498
467	469
467	474
467	476
467	480
467	490
467	493
467	496
467	497
468	499
469	473
469	480
469	490
469	496
469	498
469	741
470	472
470	473
470	492
470	494
470	498
470	499
470	937
471	471
471	475
471	486
471	488
471	489
471	497
471	498
471	726
471	948
472	473
472	476
472	477
472	479
472	497
473	492
473	494
474	484
474	492
474	495
474	496
474	497
474	499
474	577
475	479
475	482
475	484
475	492
475	835
476	482
476	484
476	495
476	497
476	541
476	597
477	484
477	498
477	960
478	486
478	498
478	819
478	873
478	997
479	483
479	484
479	488
479	493
479	495
479	498
479	974
480	492
480	497
480	498
480	578
481	483
481	488
482	561
482	777
483	494
483	495
483	496
483	793
484	836
485	488
485	539
486	498
486	913
488	498
489	492
489	493
489	497
490	497
492	595
492	615
493	497
493	499
493	973
494	497
494	816
495	857
496	496
497	639
497	859
498	499
499	717
499	950
500	502
500	514
500	516
500	517
500	520
500	522
500	525
500	529
500	536
500	549
500	551
500	562
500	569
500	584
500	586
500	861
501	507
501	509
501	510
501	518
501	523
501	525
501	538
501	557
501	572
501	585
501	586
501	588
501	591
502	510
502	523
502	525
502	528
502	546
502	547
502	548
502	549
502	551
502	557
502	564
502	565
502	571
502	573
502	579
502	581
502	590
502	591
502	594
502	596
502	598
502	599
502	774
502	881
502	900
503	507
503	509
503	516
503	523
503	538
503	539
503	541
503	542
503	543
503	544
503	547
503	558
503	563
503	571
503	572
503	574
503	582
503	585
503	586
503	594
503	621
503	676
503	999
504	506
504	509
504	511
504	513
504	516
504	518
504	521
504	525
504	534
504	536
504	558
504	575
504	588
504	595
505	506
505	514
505	517
505	522
505	542
505	555
505	556
505	558
505	574
505	579
505	584
505	586
505	591
505	596
505	659
505	912
506	511
506	515
506	517
506	522
506	527
506	534
506	537
506	559
506	563
506	569
506	570
506	571
506	576
506	579
506	586
506	587
506	590
506	768
507	508
507	512
507	518
507	520
507	523
507	533
507	542
507	545
507	563
507	564
507	569
507	571
507	572
507	583
507	588
507	599
507	915
508	512
508	522
508	532
508	537
508	539
508	546
508	559
508	568
508	572
508	574
508	585
508	597
508	599
509	517
509	520
509	523
509	531
509	532
509	536
509	539
509	549
509	550
509	555
509	561
509	562
509	564
509	567
509	570
509	575
509	580
509	585
509	591
509	596
509	599
509	649
509	764
509	813
510	512
510	516
510	535
510	542
510	543
510	555
510	557
510	560
510	566
510	567
510	581
510	588
510	592
510	597
511	512
511	513
511	517
511	518
511	528
511	533
511	534
511	535
511	538
511	541
511	551
511	581
511	599
512	522
512	524
512	526
512	527
512	532
512	543
512	549
512	555
512	566
512	572
512	577
512	582
512	586
512	592
512	597
512	692
513	523
513	530
513	533
513	538
513	545
513	546
513	553
513	555
513	571
513	587
514	529
514	538
514	539
514	561
514	570
514	574
514	580
514	584
514	588
514	593
514	596
514	599
515	516
515	520
515	528
515	530
515	534
515	535
515	541
515	545
515	554
515	560
515	582
515	589
515	593
515	596
515	824
516	517
516	522
516	529
516	532
516	541
516	550
516	552
516	559
516	563
516	585
516	598
516	599
517	530
517	535
517	541
517	544
517	549
517	550
517	556
517	561
517	563
517	576
517	577
517	583
517	596
517	735
518	518
518	525
518	529
518	533
518	534
518	535
518	538
518	539
518	544
518	548
518	550
518	552
518	559
518	568
518	574
518	576
518	577
518	581
518	596
518	682
519	527
519	529
519	533
519	536
519	541
519	549
519	550
519	561
519	565
519	567
519	568
519	582
519	583
519	596
520	527
520	528
520	536
520	544
520	547
520	565
520	574
520	575
520	583
520	710
520	860
520	880
521	529
521	534
521	538
521	552
521	555
521	558
521	562
521	563
521	570
521	574
521	575
521	578
521	579
521	580
521	590
521	593
521	594
521	599
522	526
522	544
522	546
522	547
522	552
522	560
522	562
522	564
522	565
522	573
522	574
522	576
522	582
522	584
522	765
523	528
523	536
523	543
523	545
523	547
523	553
523	554
523	558
523	559
523	561
523	563
523	565
523	593
523	599
524	524
524	525
524	547
524	561
524	570
524	575
524	584
524	592
524	596
525	531
525	532
525	535
525	541
525	546
525	548
525	552
525	555
525	556
525	558
525	560
525	561
525	567
525	568
525	570
525	574
525	583
525	589
525	594
525	824
525	977
526	530
526	535
526	536
526	539
526	549
526	569
526	579
526	580
526	587
526	593
526	594
526	595
526	597
526	683
527	528
527	549
527	551
527	555
527	556
527	572
527	578
527	583
527	584
527	586
527	598
527	774
527	812
527	966
528	531
528	541
528	544
528	552
528	559
528	572
528	576
528	578
528	590
528	596
529	533
529	541
529	543
529	547
529	567
529	568
529	569
529	574
529	585
529	587
529	590
529	591
530	542
530	549
530	552
530	557
530	558
530	589
530	596
530	598
531	536
531	538
531	543
531	550
531	556
531	562
531	570
531	576
531	591
531	594
531	598
532	538
532	548
532	549
532	552
532	557
532	559
532	562
532	572
532	573
532	578
532	579
532	584
532	585
532	587
532	588
532	591
532	595
533	552
533	555
533	570
533	573
533	588
533	593
534	535
534	542
534	543
534	544
534	545
534	550
534	561
534	569
534	584
534	587
534	590
534	599
535	545
535	550
535	551
535	552
535	558
535	559
535	565
535	568
535	571
535	575
535	576
535	577
535	580
535	585
535	586
535	591
535	593
535	653
535	708
535	815
536	545
536	547
536	552
536	553
536	562
536	563
536	566
536	573
536	576
536	585
536	586
536	588
537	549
537	556
537	558
537	568
537	580
537	582
537	584
537	587
537	592
537	599
538	540
538	577
538	581
538	585
538	594
538	796
539	540
539	545
539	556
539	559
539	561
539	567
539	569
539	585
539	592
539	593
539	596
540	543
540	544
540	545
540	546
540	570
540	573
540	574
540	575
540	577
540	579
540	583
540	586
540	589
540	591
540	598
541	545
541	549
541	550
541	551
541	556
541	558
541	559
541	562
541	563
541	564
541	579
541	580
541	581
541	583
541	584
541	585
541	587
541	589
541	590
541	591
541	596
542	546
542	548
542	550
542	552
542	554
542	555
542	559
542	567
542	584
542	586
542	593
542	594
542	598
542	599
543	547
543	552
543	560
543	562
543	576
543	583
543	588
543	593
543	599
544	547
544	551
544	557
544	559
544	576
544	582
544	583
544	584
544	591
544	597
544	955
545	547
545	548
545	553
545	563
545	564
545	566
545	567
545	581
546	554
546	558
546	568
546	576
546	580
546	586
546	587
546	596
546	712
546	749
547	549
547	551
547	554
547	563
547	568
547	571
547	576
547	578
547	582
547	593
547	836
548	553
548	556
548	560
548	566
548	569
548	570
548	572
548	579
548	594
548	598
549	557
549	558
549	560
549	571
549	588
549	590
549	596
549	675
550	551
550	555
550	556
550	557
550	571
550	572
550	573
550	575
550	576
550	580
550	582
550	586
550	589
550	596
550	597
550	623
551	553
551	556
551	561
551	563
551	564
551	567
551	588
552	555
552	560
552	561
552	565
552	568
552	578
552	584
552	587
552	590
552	594
552	749
553	555
553	561
553	564
553	568
553	571
553	572
553	573
553	580
553	590
553	593
553	594
554	565
554	567
554	571
554	580
554	584
554	587
554	594
554	598
555	555
555	561
555	565
555	575
555	578
555	579
555	586
555	587
555	592
555	593
555	594
555	862
556	564
556	565
556	577
556	588
556	594
556	597
557	568
557	581
557	582
557	593
557	802
557	956
558	569
558	574
558	578
558	579
558	581
558	584
558	587
558	589
558	590
558	594
558	597
558	916
559	562
559	564
559	566
559	569
559	583
559	585
559	586
559	588
559	596
559	597
560	566
560	573
560	578
560	581
560	588
560	593
560	809
560	914
561	565
561	566
561	568
561	583
561	587
561	588
561	589
561	590
561	592
561	682
562	581
562	582
562	590
562	593
562	595
562	597
562	806
562	814
563	572
563	575
563	591
563	595
563	968
564	570
564	572
564	585
564	596
565	573
565	575
565	585
565	590
565	591
565	592
565	593
565	595
566	570
566	573
566	582
566	585
566	588
566	590
566	599
566	673
567	570
567	576
567	588
567	590
567	594
567	836
568	576
568	582
568	583
568	587
568	590
568	598
568	599
569	579
569	580
569	585
570	571
570	572
570	597
570	599
570	996
571	572
571	574
571	579
571	591
571	594
571	634
571	923
572	575
572	581
572	582
572	587
572	593
572	596
573	573
573	582
573	584
573	588
573	590
573	596
574	577
574	580
574	586
574	596
574	597
574	651
575	577
575	578
575	582
575	583
575	591
575	593
576	578
576	580
576	581
576	583
576	584
576	585
576	591
576	595
576	814
577	578
577	581
577	591
577	795
578	586
578	587
578	592
579	581
579	583
579	585
580	586
580	592
580	594
580	596
581	589
581	898
581	913
583	585
583	586
583	590
583	598
583	605
583	807
584	585
584	587
584	593
584	596
584	597
584	598
585	587
585	591
585	599
585	823
586	598
586	706
586	746
587	597
588	598
588	695
589	590
589	595
589	687
590	595
590	996
591	594
591	598
591	866
592	595
592	609
592	679
593	595
593	596
594	597
594	786
595	596
595	736
597	629
600	609
600	616
600	620
600	624
600	629
600	635
600	639
600	656
600	664
600	667
600	669
600	672
600	675
600	678
600	680
600	683
600	688
600	696
601	602
601	603
601	608
601	612
601	625
601	638
601	640
601	641
601	648
601	649
601	658
601	665
601	668
601	673
601	681
601	684
601	697
601	721
602	602
602	605
602	607
602	608
602	609
602	624
602	627
602	631
602	646
602	654
602	661
602	666
602	669
602	670
602	671
602	672
602	673
602	676
602	687
602	766
602	886
603	618
603	619
603	629
603	639
603	640
603	649
603	654
603	660
603	663
603	676
603	681
603	691
603	693
603	694
603	698
603	925
604	635
604	636
604	637
604	639
604	645
604	665
604	670
604	673
604	675
604	688
604	693
604	699
605	609
605	652
605	653
605	659
605	660
605	662
605	668
605	673
605	676
605	685
605	694
605	699
606	622
606	631
606	637
606	659
606	668
606	673
606	674
606	675
606	691
606	699
606	959
607	607
607	630
607	640
607	644
607	649
607	653
607	654
607	658
607	665
607	670
607	675
607	676
607	681
607	685
607	687
607	690
607	696
608	620
608	630
608	637
608	641
608	644
608	647
608	650
608	659
608	662
608	672
608	687
608	689
608	796
609	614
609	619
609	620
609	629
609	630
609	632
609	635
609	640
609	641
609	651
609	656
609	660
609	666
609	674
609	682
609	688
609	691
609	840
610	616
610	620
610	631
610	634
610	636
610	647
610	662
610	666
610	667
610	670
610	674
610	678
610	695
610	774
610	841
611	627
611	629
611	630
611	641
611	643
611	646
611	647
611	649
611	660
611	665
611	666
611	673
611	677
611	683
611	692
611	717
611	791
612	612
612	617
612	621
612	633
612	634
612	640
612	647
612	649
612	652
612	658
612	672
612	678
612	681
612	874
612	983
613	618
613	619
613	626
613	649
613	656
613	659
613	662
613	666
613	671
613	672
613	683
613	684
613	696
613	699
614	628
614	637
614	638
614	643
614	647
614	672
614	675
614	676
614	679
614	684
614	686
614	687
614	689
614	692
614	980
615	634
615	637
615	638
615	665
615	672
615	676
615	695
616	624
616	625
616	636
616	647
616	648
616	654
616	660
616	673
616	675
616	686
616	687
616	689
616	691
616	695
617	625
617	630
617	634
617	635
617	647
617	650
617	653
617	675
617	686
617	697
618	619
618	621
618	627
618	637
618	645
618	650
618	676
618	677
618	688
618	691
618	697
618	915
619	626
619	629
619	631
619	636
619	651
619	654
619	667
619	677
619	682
619	685
619	692
619	696
619	925
620	622
620	626
620	635
620	641
620	643
620	644
620	645
620	653
620	654
620	655
620	668
620	676
620	679
620	685
620	686
620	689
620	691
621	626
621	628
621	629
621	632
621	641
621	642
621	650
621	651
621	652
621	662
621	667
621	681
621	692
621	693
621	697
621	862
622	627
622	631
622	636
622	650
622	651
622	658
622	659
622	661
622	666
622	672
622	674
622	677
622	686
622	695
622	698
622	699
623	631
623	643
623	644
623	652
623	655
623	667
623	670
623	672
624	632
624	634
624	640
624	642
624	644
624	646
624	647
624	652
624	653
624	658
624	664
624	666
624	675
624	678
624	681
624	688
625	625
625	635
625	644
625	656
625	658
625	662
625	663
625	675
625	683
625	685
625	689
625	696
626	630
626	633
626	635
626	638
626	649
626	652
626	659
626	672
626	676
626	685
626	689
626	692
626	693
626	696
627	651
627	656
627	662
627	665
627	684
627	688
627	692
627	864
628	631
628	634
628	636
628	638
628	639
628	646
628	654
628	656
628	662
628	669
628	672
628	673
628	679
628	681
628	698
629	632
629	640
629	646
629	651
629	657
629	661
629	663
629	667
629	682
629	683
629	685
629	687
629	697
630	631
630	634
630	640
630	661
630	669
630	671
630	676
630	689
630	694
630	698
630	948
631	634
631	638
631	642
631	651
631	655
631	661
631	671
631	674
631	677
631	689
631	693
631	695
631	699
632	633
632	637
632	639
632	641
632	661
632	671
632	678
632	680
632	687
632	689
632	696
633	634
633	643
633	644
633	651
633	659
633	672
633	673
633	674
633	675
633	676
633	681
633	964
634	639
634	640
634	648
634	654
634	657
634	660
634	675
634	678
634	684
634	689
634	697
635	636
635	656
635	661
635	665
635	672
635	676
635	678
635	679
635	692
635	694
636	641
636	646
636	657
636	660
636	662
636	670
636	680
636	684
636	689
636	693
636	740
637	638
637	642
637	643
637	646
637	652
637	667
637	678
637	679
637	688
637	691
637	692
637	699
637	834
637	959
638	641
638	645
638	650
638	651
638	665
638	680
638	687
638	689
638	691
638	695
638	696
639	644
639	652
639	656
639	657
639	663
639	667
639	673
639	674
639	679
639	684
640	640
640	644
640	646
640	649
640	663
640	666
640	676
640	677
640	682
640	686
641	643
641	656
641	658
641	677
641	680
641	690
641	693
641	694
641	819
642	645
642	648
642	656
642	660
642	662
642	670
642	788
642	850
643	645
643	647
643	666
643	667
643	668
643	669
643	699
643	989
644	644
644	647
644	650
644	657
644	658
644	661
644	663
644	668
644	669
644	678
644	681
644	682
644	687
644	892
645	646
645	655
645	664
645	665
645	680
645	681
645	694
645	699
646	647
646	664
646	665
646	666
646	669
646	676
646	681
646	694
646	696
646	786
646	871
647	652
647	657
647	661
647	662
647	667
647	673
647	679
647	685
647	693
648	649
648	651
648	654
648	661
648	662
648	670
648	678
648	684
648	685
648	697
648	698
649	660
649	666
649	668
649	669
649	672
649	678
649	682
649	684
649	695
650	656
650	664
650	666
650	692
650	697
651	653
651	671
651	690
651	697
651	698
651	816
651	976
652	662
652	675
652	688
652	695
653	654
653	656
653	666
653	676
653	686
653	688
654	661
654	665
654	666
654	669
654	677
654	679
654	693
654	976
655	655
655	658
655	665
655	671
655	681
655	686
655	694
655	695
656	657
656	670
656	676
656	685
656	687
656	689
656	692
656	694
656	695
656	740
657	668
657	673
657	674
658	665
658	671
658	688
658	693
658	699
658	836
659	660
659	683
659	685
659	692
659	698
659	699
660	662
660	666
660	670
660	671
660	673
660	676
660	678
660	679
660	680
660	687
660	699
660	716
660	815
661	668
661	679
661	682
661	684
661	689
661	698
662	670
662	674
662	676
662	682
662	685
662	687
662	688
662	690
662	694
663	667
663	683
663	686
663	691
663	891
664	669
664	671
664	677
664	693
664	694
665	667
665	675
665	681
665	682
665	686
665	693
665	821
666	668
666	669
666	670
666	671
666	673
666	674
666	675
666	697
666	773
667	669
667	673
667	675
667	682
667	683
667	684
667	687
668	672
668	683
668	684
668	685
668	686
668	687
668	691
668	692
668	693
668	694
668	698
669	673
669	678
669	687
669	692
669	694
669	845
670	670
670	688
670	689
670	693
671	672
671	673
671	688
671	689
671	693
671	696
671	699
671	939
672	685
672	690
672	695
673	680
673	682
673	683
673	685
674	677
674	680
674	698
674	849
675	680
675	688
676	688
676	699
676	823
676	933
676	967
677	680
677	681
677	691
677	899
678	680
678	681
678	682
678	684
678	688
678	691
678	692
678	695
678	697
679	682
679	684
679	688
679	689
679	694
680	680
680	682
680	684
680	688
680	694
680	699
680	834
680	995
681	681
682	688
682	699
682	718
683	698
684	684
684	693
685	686
685	689
685	690
685	691
685	694
686	686
686	690
686	729
687	689
687	690
687	697
687	698
687	724
687	742
687	886
688	689
688	691
690	695
690	696
690	697
690	827
691	697
691	699
692	692
693	768
694	696
694	697
695	698
695	850
696	697
696	984
697	782
697	935
698	842
699	699
699	928
700	702
700	704
700	708
700	710
700	713
700	718
700	732
700	733
700	736
700	737
700	740
700	744
700	756
700	759
700	761
700	774
700	775
700	787
700	794
700	795
700	796
700	799
700	837
701	708
701	710
701	717
701	725
701	734
701	735
701	742
701	743
701	749
701	752
701	754
701	758
701	759
701	782
701	791
701	798
702	721
702	729
702	731
702	758
702	764
702	766
702	767
702	768
702	770
702	773
702	784
702	790
702	791
702	797
702	798
703	704
703	705
703	716
703	728
703	730
703	737
703	738
703	740
703	746
703	748
703	749
703	752
703	756
703	758
703	764
703	766
703	773
703	783
703	789
703	792
704	705
704	712
704	726
704	738
704	744
704	746
704	762
704	770
704	784
704	790
704	791
705	729
705	738
705	752
705	765
705	773
705	779
705	787
705	788
706	707
706	708
706	713
706	716
706	726
706	738
706	742
706	751
706	752
706	755
706	779
706	781
706	796
706	878
707	714
707	718
707	729
707	731
707	732
707	733
707	752
707	753
707	760
707	767
707	988
708	712
708	717
708	731
708	733
708	749
708	752
708	758
708	761
708	766
708	778
708	785
708	799
709	711
709	728
709	735
709	747
709	750
709	759
709	761
709	768
709	774
709	779
709	781
709	787
709	788
709	795
710	715
710	727
710	738
710	744
710	747
710	749
710	763
710	765
710	767
710	768
710	769
710	770
710	776
710	781
710	791
710	795
710	796
710	798
710	799
711	714
711	720
711	724
711	727
711	728
711	731
711	732
711	733
711	741
711	750
711	753
711	756
711	757
711	763
711	764
711	774
711	779
711	783
711	793
712	712
712	724
712	726
712	735
712	736
712	740
712	747
712	750
712	754
712	755
712	765
712	767
712	772
712	791
712	815
712	861
713	722
713	727
713	737
713	742
713	752
713	754
713	758
713	762
713	765
713	774
713	776
713	777
713	781
713	785
713	796
713	797
713	799
714	715
714	716
714	726
714	727
714	729
714	733
714	742
714	753
714	754
714	760
714	763
714	766
714	768
714	772
714	777
714	838
715	731
715	734
715	738
715	749
715	753
715	756
715	759
715	760
715	766
715	773
715	782
715	791
716	716
716	730
716	736
716	739
716	751
716	759
716	765
716	768
716	770
716	788
716	793
716	798
717	719
717	721
717	724
717	726
717	738
717	742
717	744
717	748
717	751
717	769
717	770
717	780
717	782
717	783
717	789
717	790
717	799
717	875
718	722
718	723
718	734
718	736
718	737
718	743
718	751
718	756
718	766
718	767
718	772
718	775
718	781
718	790
718	791
718	798
718	828
719	720
719	721
719	725
719	731
719	740
719	741
719	743
719	750
719	751
719	755
719	757
719	760
719	761
719	763
719	773
719	775
719	959
720	720
720	722
720	725
720	732
720	733
720	736
720	740
720	745
720	751
720	752
720	756
720	757
720	762
720	772
720	777
720	794
721	721
721	726
721	731
721	732
721	733
721	750
721	753
721	754
721	762
721	764
721	765
721	787
721	792
722	724
722	731
722	733
722	742
722	744
722	746
722	763
722	764
722	768
722	787
722	795
722	818
723	732
723	733
723	734
723	751
723	755
723	772
723	777
723	787
723	793
723	796
723	797
723	877
724	739
724	741
724	742
724	751
724	759
724	775
724	781
724	791
724	814
725	727
725	731
725	734
725	739
725	743
725	745
725	766
725	767
725	771
725	773
725	783
725	791
725	798
725	799
725	888
726	737
726	764
726	765
726	767
726	769
726	776
726	783
726	788
726	790
727	732
727	766
727	770
727	771
727	776
727	780
727	783
727	787
727	794
727	799
728	729
728	734
728	741
728	743
728	744
728	747
728	748
728	755
728	760
728	766
728	767
728	768
728	773
728	777
728	782
728	792
728	794
728	796
728	797
728	888
729	729
729	731
729	732
729	734
729	736
729	743
729	749
729	756
729	758
729	768
729	769
729	770
729	780
729	781
729	793
729	797
730	760
730	763
730	779
730	783
730	785
730	787
730	793
730	895
731	732
731	739
731	750
731	761
731	766
731	783
731	784
731	793
731	799
731	819
732	733
732	738
732	751
732	762
732	767
732	771
732	773
732	779
732	781
732	789
732	790
733	734
733	742
733	750
733	753
733	761
733	763
733	767
733	768
733	773
733	779
733	783
733	784
733	786
733	787
733	790
734	742
734	743
734	745
734	752
734	755
734	763
734	772
734	781
734	785
734	787
734	795
734	799
734	868
734	895
734	992
735	736
735	743
735	745
735	750
735	752
735	760
735	761
735	773
735	776
735	790
735	791
735	794
735	796
736	741
736	750
736	754
736	758
736	770
736	775
736	777
736	780
736	781
736	784
737	738
737	741
737	762
737	766
737	776
737	786
737	789
737	790
737	795
738	744
738	752
738	760
738	763
738	765
738	779
738	787
738	790
738	796
738	802
739	743
739	744
739	757
739	763
739	782
739	789
739	796
740	747
740	749
740	750
740	752
740	760
740	763
740	764
740	766
740	772
740	776
740	779
740	782
740	785
740	790
740	796
740	830
741	746
741	749
741	750
741	755
741	758
741	765
741	781
741	788
741	962
742	750
742	751
742	753
742	758
742	760
742	763
742	766
742	770
742	776
742	777
742	782
742	786
742	792
742	795
742	798
743	751
743	753
743	754
743	755
743	761
743	777
743	780
743	786
743	798
743	799
744	750
744	751
744	755
744	761
744	764
744	780
744	789
744	796
745	752
745	754
745	755
745	756
745	765
745	766
745	769
745	773
745	792
745	797
746	749
746	768
746	783
746	787
746	791
746	795
747	751
747	757
747	773
747	774
747	779
747	780
747	786
747	788
747	789
747	794
747	797
747	817
748	755
748	758
748	766
748	769
748	770
748	773
748	776
748	785
748	787
748	788
748	790
748	791
748	793
748	795
748	798
749	749
749	751
749	755
749	761
749	763
749	773
749	778
749	782
749	785
750	759
750	766
750	770
750	773
750	775
750	776
750	785
750	787
750	792
750	803
750	877
751	752
751	755
751	759
751	766
751	774
751	781
751	782
751	784
751	789
751	793
751	796
752	761
752	764
752	782
752	783
752	786
752	796
752	797
752	798
753	758
753	760
753	770
753	777
753	793
753	797
754	755
754	760
754	763
754	767
754	770
754	772
754	776
754	779
754	780
754	787
754	796
754	797
755	757
755	758
755	760
755	763
755	765
755	772
755	787
755	788
755	797
756	764
756	765
756	772
756	782
756	790
756	798
756	807
757	764
757	768
757	769
757	778
757	788
757	791
757	792
757	795
758	765
758	770
758	781
758	790
758	799
759	762
759	767
759	772
759	775
759	778
759	794
760	761
760	763
760	765
760	769
760	772
760	784
760	786
760	787
760	793
760	796
761	761
761	764
761	766
761	770
761	773
761	775
761	791
761	794
761	797
762	766
762	781
762	782
763	771
763	777
763	779
763	784
763	797
763	799
764	768
764	772
764	776
764	779
764	788
764	793
764	797
765	768
765	770
765	772
765	777
765	788
765	794
765	798
765	921
766	771
766	780
766	797
767	767
767	772
767	777
767	782
767	783
767	785
767	797
767	816
767	825
768	769
768	779
769	785
769	792
770	773
770	776
770	780
770	781
770	784
770	790
770	892
771	778
771	779
771	790
772	774
772	777
772	780
772	794
773	776
773	779
773	788
773	789
774	774
774	781
774	782
774	784
774	786
774	788
774	791
774	796
775	776
775	787
775	790
776	777
776	779
776	784
776	789
776	791
777	780
777	781
777	783
777	788
777	789
777	794
777	796
778	782
778	783
778	789
778	793
778	795
778	796
779	786
779	790
779	878
780	784
780	791
780	794
780	810
781	785
781	786
781	798
782	787
782	789
783	788
783	789
783	792
783	795
783	821
783	927
784	786
784	796
784	991
785	790
785	796
785	797
786	911
786	961
788	792
788	794
788	796
788	797
788	987
790	791
790	795
792	793
792	796
792	799
793	796
793	799
795	799
797	931
800	801
800	804
800	812
800	814
800	821
800	842
800	843
800	845
800	847
800	851
800	869
800	873
800	875
800	890
800	891
800	897
800	991
801	806
801	809
801	816
801	820
801	822
801	824
801	829
801	831
801	853
801	854
801	855
801	857
801	859
801	861
801	862
801	869
801	898
802	803
802	810
802	819
802	823
802	836
802	853
802	875
802	878
802	886
802	897
802	898
803	806
803	809
803	821
803	828
803	831
803	837
803	841
803	843
803	844
803	851
803	852
803	854
803	863
803	864
803	866
803	871
803	875
803	883
803	892
804	806
804	813
804	819
804	826
804	828
804	829
804	836
804	837
804	842
804	849
804	856
804	857
804	860
804	870
804	874
804	877
804	886
804	895
804	896
804	898
805	811
805	816
805	826
805	827
805	837
805	838
805	844
805	845
805	849
805	852
805	862
805	863
805	864
805	885
805	890
805	891
805	895
806	809
806	815
806	818
806	819
806	822
806	825
806	829
806	831
806	840
806	854
806	857
806	861
806	863
806	871
806	884
806	888
806	890
806	893
806	894
806	895
806	898
807	822
807	829
807	834
807	838
807	843
807	851
807	862
807	872
807	876
807	878
807	881
807	883
807	884
807	889
807	890
807	894
807	896
808	834
808	838
808	840
808	845
808	851
808	852
808	854
808	871
808	879
808	974
809	821
809	824
809	833
809	840
809	856
809	860
809	861
809	862
809	864
809	867
809	871
809	880
809	883
809	885
809	893
810	810
810	819
810	836
810	839
810	845
810	849
810	850
810	855
810	861
810	862
810	874
810	883
810	894
810	895
811	814
811	822
811	832
811	838
811	839
811	849
811	860
811	863
811	864
811	873
811	875
811	892
811	899
812	825
812	833
812	854
812	865
812	870
812	876
812	888
812	892
812	896
812	897
813	826
813	830
813	838
813	844
813	847
813	848
813	852
813	854
813	862
813	863
813	866
813	877
813	882
813	886
813	890
813	895
814	814
814	826
814	829
814	839
814	848
814	869
814	870
814	884
814	886
814	899
815	815
815	817
815	826
815	829
815	833
815	835
815	850
815	854
815	865
815	867
815	873
815	894
815	896
816	821
816	831
816	832
816	834
816	836
816	841
816	842
816	843
816	848
816	859
816	864
816	873
816	879
816	891
816	895
816	897
817	830
817	833
817	835
817	847
817	853
817	867
817	875
817	884
817	885
817	888
818	822
818	846
818	848
818	851
818	852
818	857
818	859
818	860
818	862
818	868
818	874
818	878
818	885
818	894
819	821
819	825
819	833
819	852
819	854
819	865
819	878
819	885
819	886
819	891
819	893
820	822
820	823
820	824
820	826
820	827
820	842
820	843
820	846
820	859
820	863
820	880
821	824
821	828
821	831
821	840
821	842
821	844
821	848
821	849
821	861
821	862
821	864
821	865
821	874
821	877
821	887
821	892
821	895
821	929
822	843
822	845
822	850
822	852
822	856
822	866
822	871
822	881
822	884
822	887
822	893
822	896
822	897
823	827
823	829
823	831
823	832
823	833
823	836
823	851
823	853
823	854
823	857
823	858
823	859
823	863
823	869
823	872
823	877
823	884
823	885
823	886
823	889
824	824
824	825
824	832
824	843
824	845
824	850
824	859
824	867
824	868
824	871
824	875
824	877
824	879
824	886
824	893
824	997
825	836
825	840
825	843
825	846
825	849
825	856
825	864
825	866
825	868
825	869
825	875
825	880
825	887
825	891
825	892
825	893
826	835
826	837
826	843
826	847
826	853
826	855
826	859
826	867
826	868
826	869
826	870
826	878
826	879
826	882
826	886
826	890
826	897
826	899
827	830
827	838
827	839
827	846
827	854
827	856
827	860
827	867
827	876
827	883
827	885
827	891
827	896
828	833
828	847
828	848
828	849
828	859
828	864
828	868
828	870
828	871
828	879
828	880
828	881
828	883
828	889
829	832
829	836
829	837
829	838
829	847
829	857
829	862
829	868
829	871
829	874
829	881
829	884
829	887
829	888
830	833
830	834
830	845
830	851
830	853
830	863
830	868
830	888
830	890
831	850
831	856
831	860
831	865
831	871
831	874
831	876
831	885
831	886
831	887
831	888
831	891
832	844
832	847
832	848
832	851
832	857
832	862
832	890
832	893
832	895
832	998
833	836
833	839
833	857
833	867
833	872
833	876
833	881
833	893
833	895
833	897
834	845
834	846
834	847
834	851
834	855
834	866
834	881
834	893
834	987
835	846
835	848
835	862
835	871
835	872
835	876
835	880
835	950
836	851
836	853
836	858
836	865
836	868
836	869
836	884
836	892
836	893
836	896
836	898
837	839
837	842
837	844
837	858
837	860
837	861
837	870
837	872
837	873
837	882
837	883
837	884
837	889
837	892
837	897
838	838
838	844
838	848
838	852
838	855
838	865
838	876
838	879
838	883
838	888
838	889
838	894
839	842
839	843
839	853
839	858
839	861
839	863
839	864
839	866
839	868
839	877
839	878
839	886
839	887
839	890
839	892
839	896
840	841
840	849
840	853
840	856
840	862
840	865
840	872
840	875
840	876
840	878
840	881
840	883
840	895
840	898
841	842
841	846
841	865
841	871
841	874
841	877
841	878
841	880
841	885
841	888
841	891
841	899
842	851
842	857
842	860
842	861
842	864
842	872
842	875
842	876
842	883
842	884
842	888
842	894
843	849
843	851
843	852
843	853
843	861
843	864
843	868
843	870
843	880
843	883
843	888
843	891
844	848
844	880
844	891
844	893
844	894
845	850
845	857
845	884
846	853
846	861
846	864
846	865
846	871
846	875
846	883
846	892
846	898
847	850
847	857
847	861
847	863
847	874
847	891
847	896
847	898
847	899
848	849
848	853
848	855
848	866
848	868
848	876
848	879
848	885
848	894
848	895
848	897
848	898
849	850
849	852
849	859
849	860
849	867
849	875
849	878
849	879
849	884
849	889
849	898
849	899
850	852
850	862
850	867
850	869
850	874
850	877
850	881
850	884
850	892
850	894
850	898
850	972
851	857
851	861
851	863
851	889
851	894
852	854
852	865
852	867
852	870
852	872
852	874
852	878
852	879
852	880
852	883
852	885
852	889
852	892
852	893
853	859
853	860
853	862
853	869
853	874
853	876
853	878
853	879
853	893
853	897
854	854
854	862
854	869
854	896
855	858
855	861
855	864
855	868
855	873
856	859
856	864
856	869
856	875
856	893
856	896
857	864
857	867
857	868
857	870
857	877
857	886
858	876
858	889
858	890
858	891
858	895
858	939
859	863
859	876
859	878
859	882
859	886
860	871
860	878
860	879
860	886
860	897
861	867
861	871
861	875
861	886
861	887
862	874
862	880
862	888
862	889
862	892
862	898
863	869
863	878
863	881
863	883
863	889
863	895
863	897
864	864
864	869
864	879
865	865
865	868
865	893
865	896
865	897
865	898
866	874
866	884
866	891
866	896
866	898
867	879
867	880
867	881
867	884
867	889
868	880
868	881
868	886
868	887
868	888
868	897
869	880
869	883
869	887
869	890
869	898
869	899
870	870
870	873
870	874
870	878
870	879
870	880
870	889
870	891
870	897
870	899
871	872
871	884
871	894
872	873
872	881
872	882
872	892
872	894
872	896
872	897
873	880
873	888
874	876
874	881
874	883
874	891
874	895
874	896
874	975
875	875
875	877
875	878
875	893
875	894
876	879
876	882
876	887
876	889
876	964
877	881
877	898
878	884
878	895
879	890
879	893
879	894
880	881
880	884
880	891
881	884
881	885
881	892
881	989
882	884
882	983
883	885
883	891
884	888
884	891
884	895
884	899
885	891
886	886
887	895
887	899
888	889
888	891
888	974
889	893
889	895
890	895
892	892
892	896
893	894
893	898
894	894
898	899
900	904
900	908
900	912
900	919
900	934
900	940
900	943
900	946
900	949
900	952
900	957
900	962
900	967
900	979
900	985
900	988
901	907
901	911
901	914
901	915
901	916
901	923
901	925
901	933
901	934
901	938
901	940
901	944
901	954
901	956
901	968
901	970
901	978
901	989
901	996
902	908
902	909
902	915
902	916
902	925
902	938
902	946
902	947
902	967
902	969
902	971
902	985
902	987
902	988
902	997
903	904
903	907
903	908
903	914
903	929
903	932
903	940
903	943
903	955
903	959
903	973
903	977
904	905
904	915
904	918
904	927
904	928
904	931
904	934
904	940
904	945
904	953
904	959
904	969
904	971
904	978
904	982
904	983
904	985
904	994
904	998
905	916
905	917
905	920
905	922
905	924
905	931
905	936
905	943
905	950
905	960
905	965
905	972
905	975
905	980
905	987
905	995
905	999
906	909
906	921
906	922
906	948
906	952
906	953
906	955
906	958
906	963
906	964
906	970
906	982
906	989
906	994
906	997
907	907
907	910
907	921
907	922
907	927
907	938
907	942
907	946
907	953
907	963
907	968
907	972
907	978
907	988
907	992
908	911
908	922
908	941
908	947
908	956
908	957
908	969
908	970
908	972
908	976
908	980
908	982
908	986
908	987
908	991
909	914
909	918
909	926
909	954
909	965
909	968
909	969
909	975
909	978
909	979
909	981
909	990
910	913
910	928
910	931
910	932
910	939
910	950
910	964
910	969
910	971
910	977
910	980
910	993
910	994
911	911
911	922
911	923
911	924
911	928
911	929
911	932
911	938
911	944
911	947
911	955
911	956
911	967
911	976
911	982
911	985
911	995
911	998
912	912
912	913
912	914
912	920
912	929
912	943
912	944
912	947
912	958
912	961
912	969
912	975
912	977
912	983
912	987
912	990
912	992
912	995
912	997
913	916
913	924
913	932
913	943
913	945
913	947
913	953
913	955
913	960
913	966
913	985
913	987
914	918
914	921
914	927
914	937
914	942
914	943
914	944
914	945
914	951
914	954
914	959
914	991
914	994
915	918
915	920
915	937
915	938
915	943
915	951
915	957
915	963
915	967
915	968
915	970
915	981
915	989
915	991
915	994
915	996
916	916
916	920
916	925
916	926
916	933
916	938
916	944
916	955
916	956
916	960
916	969
916	974
916	981
916	997
917	918
917	919
917	922
917	936
917	943
917	945
917	946
917	953
917	962
917	963
917	982
917	983
917	984
917	988
918	924
918	930
918	960
918	962
918	969
918	975
918	991
918	998
918	999
919	927
919	928
919	933
919	937
919	940
919	943
919	946
919	952
919	963
919	974
919	978
919	990
919	996
920	924
920	926
920	944
920	945
920	950
920	957
920	960
920	971
920	973
920	977
920	985
920	989
920	994
921	924
921	932
921	950
921	951
921	954
921	960
921	963
921	964
921	967
921	980
922	929
922	931
922	949
922	953
922	954
922	955
922	958
922	964
922	966
922	969
922	972
922	974
922	975
922	984
922	985
922	986
922	993
922	996
923	925
923	928
923	930
923	943
923	945
923	948
923	949
923	952
923	953
923	959
923	960
923	962
923	965
923	966
923	967
923	968
923	971
923	973
923	974
923	985
923	998
924	928
924	932
924	954
924	956
924	968
924	970
924	980
924	981
924	982
924	990
924	991
924	995
925	928
925	929
925	932
925	958
925	959
925	963
925	967
925	969
925	970
925	971
925	985
925	996
925	997
925	998
926	927
926	932
926	939
926	944
926	946
926	947
926	957
926	959
926	966
926	969
926	972
926	978
926	987
926	994
926	996
927	931
927	932
927	933
927	945
927	961
927	963
927	970
927	971
927	976
927	979
928	932
928	938
928	941
928	945
928	955
928	961
928	963
928	964
928	965
928	966
928	967
928	972
928	981
928	998
928	999
929	941
929	944
929	945
929	948
929	949
929	950
929	956
929	957
929	959
929	967
929	971
929	972
929	977
929	983
929	995
929	999
930	934
930	950
930	951
930	979
930	983
930	987
930	993
930	994
930	996
931	932
931	933
931	953
931	957
931	963
931	969
931	993
932	949
932	957
932	961
932	962
932	977
932	978
932	980
932	984
932	989
932	999
933	940
933	946
933	951
933	952
933	956
933	962
933	965
933	969
933	989
933	990
933	991
933	993
934	937
934	955
934	963
934	965
934	972
934	975
934	983
934	990
934	993
935	947
935	950
935	952
935	958
935	963
935	972
935	975
935	986
936	940
936	950
936	955
936	971
936	972
936	994
937	941
937	951
937	963
937	965
937	976
937	980
937	981
937	990
937	994
938	944
938	945
938	946
938	950
938	953
938	955
938	970
938	975
938	976
938	989
938	996
939	946
939	947
939	949
939	952
939	960
939	963
939	967
939	968
939	978
939	990
940	945
940	947
940	952
940	954
940	956
940	960
940	963
940	964
940	965
940	966
940	973
941	943
941	947
941	958
941	966
941	972
941	978
941	983
941	989
941	992
941	994
941	999
942	967
942	973
942	975
942	976
942	984
942	987
942	989
942	992
943	945
943	983
943	992
944	944
944	945
944	958
944	961
944	971
944	972
944	980
944	988
944	994
945	946
945	947
945	950
945	956
945	965
945	977
945	980
945	988
945	989
945	991
946	950
946	951
946	952
946	958
946	965
946	967
946	970
946	972
946	977
946	980
946	982
946	991
946	992
946	993
947	951
947	963
947	974
947	976
947	979
947	985
947	992
948	971
948	978
948	979
948	982
948	984
948	990
948	995
948	999
949	961
949	966
949	967
949	969
949	978
949	983
949	984
949	997
949	999
950	970
950	975
950	985
950	988
950	991
951	961
951	964
951	965
951	966
951	968
951	970
951	974
951	999
952	954
952	956
952	961
952	962
952	964
952	966
952	970
952	975
952	980
952	981
952	984
952	985
952	999
953	957
953	961
953	963
953	969
953	975
953	976
953	981
953	984
953	994
953	995
954	955
954	956
954	958
954	963
954	966
954	972
954	974
954	980
955	960
955	984
955	989
955	992
956	961
956	962
956	970
956	973
956	975
956	980
956	985
956	989
956	998
956	999
957	962
957	964
957	973
957	981
958	963
958	966
958	969
958	974
958	975
958	984
958	985
958	986
958	994
958	995
959	964
959	997
960	976
960	981
960	988
960	989
961	964
961	967
961	975
961	986
961	990
961	997
962	973
962	978
962	992
962	994
962	997
963	964
963	966
963	974
963	978
963	992
963	995
963	996
963	997
964	969
964	972
964	981
964	984
964	993
965	968
965	970
965	996
966	968
966	971
966	974
966	982
966	993
967	972
967	989
967	994
967	998
968	968
968	978
968	980
968	983
968	985
968	992
969	970
969	974
969	979
969	981
969	988
969	994
969	996
969	998
970	970
970	971
970	982
970	987
970	988
970	993
970	995
970	997
970	999
971	972
971	976
971	977
971	984
971	988
971	992
972	982
972	985
972	987
972	990
972	995
973	974
973	975
973	976
973	977
973	979
973	999
974	989
974	990
974	991
974	993
974	996
975	979
975	989
975	993
975	999
976	982
976	983
976	994
976	995
976	998
977	985
977	990
977	995
978	981
978	994
979	984
979	993
979	997
980	980
980	981
980	987
980	994
980	997
981	982
981	984
981	985
981	989
981	997
982	984
982	994
982	997
983	986
983	992
984	987
984	994
984	997
985	986
985	992
985	994
985	996
985	998
986	990
986	991
986	994
987	989
987	998
989	990
991	994
991	996
993	994
993	996
994	998
995	996
995	998
998	999
