0	0
1	0
2	0
3	0
4	0
5	0
6	0
7	0
8	0
9	0
10	0
11	0
12	0
13	0
14	0
15	0
16	0
17	0
18	0
19	0
20	0
21	0
22	0
23	0
24	0
25	0
26	0
27	0
28	0
29	0
30	0
31	0
32	0
33	0
34	0
35	0
36	0
37	0
38	0
39	0
40	0
41	0
42	0
43	0
44	0
45	0
46	0
47	0
48	0
49	0
50	1
51	1
52	1
53	1
54	1
55	1
56	1
57	1
58	1
59	1
60	1
61	1
62	1
63	1
64	1
65	1
66	1
67	1
68	1
69	1
70	1
71	1
72	1
73	1
74	1
75	1
76	1
77	1
78	1
79	1
80	1
81	1
82	1
83	1
84	1
85	1
86	1
87	1
88	1
89	1
90	1
91	1
92	1
93	1
94	1
95	1
96	1
97	1
98	1
99	1
100	2
101	2
102	2
103	2
104	2
105	2
106	2
107	2
108	2
109	2
110	2
111	2
112	2
113	2
114	2
115	2
116	2
117	2
118	2
119	2
120	2
121	2
122	2
123	2
124	2
125	2
126	2
127	2
128	2
129	2
130	2
131	2
132	2
133	2
134	2
135	2
136	2
137	2
138	2
139	2
140	2
141	2
142	2
143	2
144	2
145	2
146	2
147	2
148	2
149	2
150	3
151	3
152	3
153	3
154	3
155	3
156	3
157	3
158	3
159	3
160	3
161	3
162	3
163	3
164	3
165	3
166	3
167	3
168	3
169	3
170	3
171	3
172	3
173	3
174	3
175	3
176	3
177	3
178	3
179	3
180	3
181	3
182	3
183	3
184	3
185	3
186	3
187	3
188	3
189	3
190	3
191	3
192	3
193	3
194	3
195	3
196	3
197	3
198	3
199	3
200	4
201	4
202	4
203	4
204	4
205	4
206	4
207	4
208	4
209	4
210	4
211	4
212	4
213	4
214	4
215	4
216	4
217	4
218	4
219	4
220	4
221	4
222	4
223	4
224	4
225	4
226	4
227	4
228	4
229	4
230	4
231	4
232	4
233	4
234	4
235	4
236	4
237	4
238	4
239	4
240	4
241	4
242	4
243	4
244	4
245	4
246	4
247	4
248	4
249	4
250	5
251	5
252	5
253	5
254	5
255	5
256	5
257	5
258	5
259	5
260	5
261	5
262	5
263	5
264	5
265	5
266	5
267	5
268	5
269	5
270	5
271	5
272	5
273	5
274	5
275	5
276	5
277	5
278	5
279	5
280	5
281	5
282	5
283	5
284	5
285	5
286	5
287	5
288	5
289	5
290	5
291	5
292	5
293	5
294	5
295	5
296	5
297	5
298	5
299	5
300	6
301	6
302	6
303	6
304	6
305	6
306	6
307	6
308	6
309	6
310	6
311	6
312	6
313	6
314	6
315	6
316	6
317	6
318	6
319	6
320	6
321	6
322	6
323	6
324	6
325	6
326	6
327	6
328	6
329	6
330	6
331	6
332	6
333	6
334	6
335	6
336	6
337	6
338	6
339	6
340	6
341	6
342	6
343	6
344	6
345	6
346	6
347	6
348	6
349	6
350	7
351	7
352	7
353	7
354	7
355	7
356	7
357	7
358	7
359	7
360	7
361	7
362	7
363	7
364	7
365	7
366	7
367	7
368	7
369	7
370	7
371	7
372	7
373	7
374	7
375	7
376	7
377	7
378	7
379	7
380	7
381	7
382	7
383	7
384	7
385	7
386	7
387	7
388	7
389	7
390	7
391	7
392	7
393	7
394	7
395	7
396	7
397	7
398	7
399	7
400	8
401	8
402	8
403	8
404	8
405	8
406	8
407	8
408	8
409	8
410	8
411	8
412	8
413	8
414	8
415	8
416	8
417	8
418	8
419	8
420	8
421	8
422	8
423	8
424	8
425	8
426	8
427	8
428	8
429	8
430	8
431	8
432	8
433	8
434	8
435	8
436	8
437	8
438	8
439	8
440	8
441	8
442	8
443	8
444	8
445	8
446	8
447	8
448	8
449	8
450	9
451	9
452	9
453	9
454	9
455	9
456	9
457	9
458	9
459	9
460	9
461	9
462	9
463	9
464	9
465	9
466	9
467	9
468	9
469	9
470	9
471	9
472	9
473	9
474	9
475	9
476	9
477	9
478	9
479	9
480	9
481	9
482	9
483	9
484	9
485	9
486	9
487	9
488	9
489	9
490	9
491	9
492	9
493	9
494	9
495	9
496	9
497	9
498	9
499	9
500	10
501	10
502	10
503	10
504	10
505	10
506	10
507	10
508	10
509	10
510	10
511	10
512	10
513	10
514	10
515	10
516	10
517	10
518	10
519	10
520	10
521	10
522	10
523	10
524	10
525	10
526	10
527	10
528	10
529	10
530	10
531	10
532	10
533	10
534	10
535	10
536	10
537	10
538	10
539	10
540	10
541	10
542	10
543	10
544	10
545	10
546	10
547	10
548	10
549	10
550	11
551	11
552	11
553	11
554	11
555	11
556	11
557	11
558	11
559	11
560	11
561	11
562	11
563	11
564	11
565	11
566	11
567	11
568	11
569	11
570	11
571	11
572	11
573	11
574	11
575	11
576	11
577	11
578	11
579	11
580	11
581	11
582	11
583	11
584	11
585	11
586	11
587	11
588	11
589	11
590	11
591	11
592	11
593	11
594	11
595	11
596	11
597	11
598	11
599	11
600	12
601	12
602	12
603	12
604	12
605	12
606	12
607	12
608	12
609	12
610	12
611	12
612	12
613	12
614	12
615	12
616	12
617	12
618	12
619	12
620	12
621	12
622	12
623	12
624	12
625	12
626	12
627	12
628	12
629	12
630	12
631	12
632	12
633	12
634	12
635	12
636	12
637	12
638	12
639	12
640	12
641	12
642	12
643	12
644	12
645	12
646	12
647	12
648	12
649	12
650	13
651	13
652	13
653	13
654	13
655	13
656	13
657	13
658	13
659	13
660	13
661	13
662	13
663	13
664	13
665	13
666	13
667	13
668	13
669	13
670	13
671	13
672	13
673	13
674	13
675	13
676	13
677	13
678	13
679	13
680	13
681	13
682	13
683	13
684	13
685	13
686	13
687	13
688	13
689	13
690	13
691	13
692	13
693	13
694	13
695	13
696	13
697	13
698	13
699	13
700	14
701	14
702	14
703	14
704	14
705	14
706	14
707	14
708	14
709	14
710	14
711	14
712	14
713	14
714	14
715	14
716	14
717	14
718	14
719	14
720	14
721	14
722	14
723	14
724	14
725	14
726	14
727	14
728	14
729	14
730	14
731	14
732	14
733	14
734	14
735	14
736	14
737	14
738	14
739	14
740	14
741	14
742	14
743	14
744	14
745	14
746	14
747	14
748	14
749	14
750	15
751	15
752	15
753	15
754	15
755	15
756	15
757	15
758	15
759	15
760	15
761	15
762	15
763	15
764	15
765	15
766	15
767	15
768	15
769	15
770	15
771	15
772	15
773	15
774	15
775	15
776	15
777	15
778	15
779	15
780	15
781	15
782	15
783	15
784	15
785	15
786	15
787	15
788	15
789	15
790	15
791	15
792	15
793	15
794	15
795	15
796	15
797	15
798	15
799	15
800	16
801	16
802	16
803	16
804	16
805	16
806	16
807	16
808	16
809	16
810	16
811	16
812	16
813	16
814	16
815	16
816	16
817	16
818	16
819	16
820	16
821	16
822	16
823	16
824	16
825	16
826	16
827	16
828	16
829	16
830	16
831	16
832	16
833	16
834	16
835	16
836	16
837	16
838	16
839	16
840	16
841	16
842	16
843	16
844	16
845	16
846	16
847	16
848	16
849	16
850	17
851	17
852	17
853	17
854	17
855	17
856	17
857	17
858	17
859	17
860	17
861	17
862	17
863	17
864	17
865	17
866	17
867	17
868	17
869	17
870	17
871	17
872	17
873	17
874	17
875	17
876	17
877	17
878	17
879	17
880	17
881	17
882	17
883	17
884	17
885	17
886	17
887	17
888	17
889	17
890	17
891	17
892	17
893	17
894	17
895	17
896	17
897	17
898	17
899	17
900	18
901	18
902	18
903	18
904	18
905	18
906	18
907	18
908	18
909	18
910	18
911	18
912	18
913	18
914	18
915	18
916	18
917	18
918	18
919	18
920	18
921	18
922	18
923	18
924	18
925	18
926	18
927	18
928	18
929	18
930	18
931	18
932	18
933	18
934	18
935	18
936	18
937	18
938	18
939	18
940	18
941	18
942	18
943	18
944	18
945	18
946	18
947	18
948	18
949	18
950	19
951	19
952	19
953	19
954	19
955	19
956	19
957	19
958	19
959	19
960	19
961	19
962	19
963	19
964	19
965	19
966	19
967	19
968	19
969	19
970	19
971	19
972	19
973	19
974	19
975	19
976	19
977	19
978	19
979	19
980	19
981	19
982	19
983	19
984	19
985	19
986	19
987	19
988	19
989	19
990	19
991	19
992	19
993	19
994	19
995	19
996	19
997	19
998	19
999	19
