0	4
0	10
0	21
0	28
0	58
0	69
0	73
0	85
0	93
0	183
0	398
0	479
0	535
0	563
0	826
0	941
1	18
1	35
1	36
1	37
1	38
1	40
1	43
1	54
1	57
1	62
1	73
1	82
1	88
1	91
1	95
1	97
1	372
1	577
1	594
1	808
2	7
2	14
2	28
2	34
2	38
2	49
2	63
2	80
2	84
2	86
2	92
2	93
2	136
2	444
2	481
2	637
2	639
2	653
2	893
2	948
3	9
3	11
3	12
3	17
3	32
3	35
3	39
3	71
3	72
3	75
3	79
3	89
3	95
3	119
3	312
3	365
3	446
3	648
3	688
4	8
4	11
4	18
4	25
4	43
4	48
4	54
4	66
4	72
4	76
4	81
4	90
4	95
4	97
4	98
4	232
4	260
4	317
4	591
4	601
4	627
5	5
5	8
5	12
5	14
5	38
5	52
5	66
5	195
5	226
5	261
5	444
5	989
6	13
6	15
6	18
6	19
6	39
6	61
6	68
6	72
6	73
6	99
6	183
6	214
6	468
6	719
6	780
6	793
6	815
6	845
7	10
7	15
7	27
7	36
7	45
7	50
7	57
7	85
7	564
7	603
7	773
7	945
8	20
8	25
8	26
8	30
8	31
8	37
8	60
8	67
8	73
8	78
8	83
8	86
8	97
8	99
8	127
8	146
8	248
8	253
8	376
8	492
8	500
8	503
8	745
8	811
8	859
8	946
8	949
9	13
9	21
9	34
9	35
9	47
9	48
9	53
9	60
9	79
9	84
9	98
9	242
9	273
9	302
9	394
9	499
9	756
9	793
9	816
9	910
10	12
10	17
10	18
10	19
10	30
10	46
10	48
10	49
10	54
10	57
10	73
10	82
10	94
10	189
10	299
10	478
10	516
10	610
10	641
10	682
10	735
10	740
11	12
11	25
11	29
11	32
11	50
11	60
11	67
11	77
11	82
11	88
11	91
11	124
11	147
11	189
11	261
11	337
11	356
11	571
11	621
11	625
11	706
11	790
11	973
12	25
12	35
12	49
12	56
12	60
12	68
12	91
12	99
12	288
12	947
13	21
13	25
13	26
13	51
13	61
13	78
13	92
13	94
13	95
13	284
13	455
13	466
13	532
14	41
14	49
14	51
14	54
14	59
14	63
14	65
14	68
14	86
14	89
14	91
14	113
14	438
14	463
14	539
14	595
15	19
15	23
15	25
15	40
15	47
15	51
15	55
15	60
15	72
15	81
15	122
15	228
15	358
15	394
15	498
15	612
15	877
15	918
16	19
16	20
16	21
16	48
16	53
16	66
16	72
16	81
16	84
16	90
16	93
16	222
16	408
16	856
16	869
16	877
16	989
17	25
17	29
17	40
17	60
17	68
17	77
17	93
17	98
17	99
17	251
17	323
17	417
17	747
17	798
17	816
18	21
18	27
18	28
18	36
18	38
18	59
18	60
18	65
18	71
18	89
18	95
18	142
18	200
18	422
18	539
18	541
18	619
18	752
18	878
18	896
18	924
19	20
19	27
19	29
19	30
19	57
19	63
19	66
19	71
19	97
19	217
19	379
19	707
19	797
19	911
19	956
19	996
20	25
20	37
20	38
20	53
20	86
20	88
20	90
20	95
20	183
20	309
20	448
20	571
20	687
20	819
20	908
21	27
21	31
21	42
21	44
21	47
21	61
21	91
21	440
21	452
21	465
21	650
21	666
21	709
22	29
22	37
22	39
22	49
22	51
22	55
22	64
22	68
22	80
22	86
22	88
22	92
22	97
22	143
22	176
22	215
22	601
23	27
23	30
23	64
23	69
23	72
23	76
23	232
23	385
23	575
23	615
23	654
23	817
23	975
24	49
24	52
24	82
24	84
24	87
24	89
24	91
24	153
24	156
24	442
24	482
24	543
24	840
24	855
24	966
25	28
25	30
25	33
25	41
25	46
25	53
25	56
25	60
25	63
25	64
25	71
25	91
25	96
25	199
25	262
25	437
25	621
25	636
25	722
26	26
26	30
26	34
26	38
26	45
26	46
26	50
26	56
26	61
26	122
26	321
26	477
26	674
26	678
26	741
26	784
26	785
26	831
26	837
26	899
26	965
27	34
27	57
27	60
27	79
27	81
27	97
27	242
27	344
27	843
27	933
27	965
28	50
28	52
28	58
28	81
28	87
28	99
28	331
28	503
28	528
28	555
28	764
28	877
28	915
28	988
29	38
29	61
29	64
29	66
29	77
29	78
29	82
29	96
29	242
29	290
29	519
29	688
30	42
30	46
30	69
30	73
30	79
30	198
30	290
30	375
30	681
30	716
30	747
30	858
30	928
31	33
31	34
31	50
31	67
31	69
31	73
31	86
31	128
31	138
31	344
31	420
31	632
31	808
32	48
32	53
32	57
32	59
32	72
32	74
32	95
32	98
32	268
32	739
32	791
32	867
32	891
32	935
32	966
32	982
33	38
33	41
33	44
33	47
33	48
33	65
33	67
33	70
33	79
33	87
33	88
33	92
33	93
33	96
33	114
33	134
33	296
33	359
33	634
34	46
34	53
34	54
34	55
34	62
34	71
34	94
34	99
34	239
34	576
34	581
34	799
34	802
34	815
34	936
34	950
35	39
35	42
35	49
35	64
35	67
35	69
35	86
35	90
35	94
35	95
35	149
35	180
35	235
35	259
35	319
35	507
35	612
35	899
35	941
35	979
36	36
36	58
36	64
36	73
36	81
36	82
36	97
36	301
36	361
36	574
36	603
36	743
36	754
36	770
37	41
37	43
37	47
37	49
37	57
37	58
37	59
37	84
37	351
37	394
37	785
37	836
37	938
38	39
38	41
38	55
38	59
38	78
38	82
38	123
38	140
38	301
38	467
38	572
38	582
38	695
38	735
38	769
38	871
38	971
38	997
39	54
39	60
39	83
39	94
39	122
39	172
39	265
39	270
39	281
39	322
39	596
39	736
39	792
39	808
39	942
40	56
40	65
40	80
40	85
40	86
40	89
40	91
40	95
40	195
40	217
40	342
40	768
41	42
41	43
41	47
41	66
41	73
41	78
41	80
41	87
41	96
41	376
41	425
41	444
41	498
41	501
41	540
41	598
41	687
41	793
41	889
41	999
42	44
42	45
42	47
42	55
42	68
42	73
42	80
42	86
42	149
42	174
42	209
42	246
42	291
42	773
42	982
43	50
43	52
43	69
43	70
43	71
43	72
43	73
43	80
43	94
43	95
43	116
43	350
43	351
43	561
43	643
43	679
43	710
43	818
43	932
43	989
44	48
44	54
44	65
44	68
44	70
44	85
44	88
44	89
44	93
44	96
44	106
44	420
44	583
44	694
44	792
44	902
44	956
44	964
45	45
45	49
45	52
45	54
45	75
45	79
45	87
45	93
45	111
45	222
45	271
45	398
45	442
45	480
45	695
45	719
45	743
45	944
46	54
46	64
46	73
46	74
46	79
46	85
46	129
46	379
46	457
46	458
46	638
46	707
46	730
46	795
46	863
46	865
47	65
47	74
47	75
47	76
47	86
47	138
47	248
47	514
47	667
47	756
47	824
47	999
48	54
48	58
48	60
48	63
48	70
48	85
48	95
48	99
49	60
49	90
49	99
49	300
49	401
49	858
50	56
50	72
50	79
50	85
50	87
50	88
50	259
50	399
50	440
50	593
50	653
50	928
50	955
51	71
51	75
51	81
51	87
51	90
51	92
51	97
51	130
51	178
51	240
51	371
51	764
51	793
51	850
52	56
52	61
52	77
52	85
52	157
52	375
52	695
52	719
52	856
52	895
53	61
53	66
53	83
53	90
53	92
53	93
53	97
53	98
53	253
53	374
53	510
53	622
53	771
53	798
53	871
53	901
53	992
54	66
54	78
54	84
54	257
54	652
54	733
54	986
55	59
55	69
55	86
55	88
55	96
55	210
55	434
56	57
56	60
56	68
56	75
56	88
56	345
56	404
56	523
56	567
56	612
56	699
56	846
56	875
57	63
57	83
57	86
57	92
57	105
57	132
57	146
57	242
57	277
57	513
57	725
57	774
57	808
57	828
58	66
58	75
58	81
58	90
58	93
58	110
58	317
58	320
58	439
58	567
58	602
58	707
58	787
59	74
59	75
59	80
59	81
59	98
59	267
59	537
59	649
59	650
59	695
59	918
60	70
60	82
60	83
60	86
60	88
60	95
60	299
60	526
60	931
61	65
61	70
61	71
61	73
61	85
61	87
61	89
61	95
61	98
61	130
61	655
61	909
62	84
62	86
62	88
62	159
62	259
62	406
62	458
62	524
62	617
62	620
62	693
63	80
63	83
63	85
63	86
63	297
63	310
63	345
63	390
63	762
63	769
64	98
64	195
64	333
64	379
64	526
64	606
64	669
64	889
65	70
65	71
65	78
65	80
65	88
65	109
65	198
65	209
65	362
65	459
65	850
65	926
65	987
66	71
66	76
66	81
66	88
66	94
66	96
66	178
66	205
66	392
66	419
66	547
66	729
66	755
67	70
67	76
67	77
67	78
67	80
67	98
67	99
67	719
67	826
67	954
68	74
68	80
68	88
68	131
68	474
68	475
68	832
69	76
69	98
69	111
69	229
69	249
69	260
69	290
69	329
69	333
69	441
69	516
69	534
69	782
69	932
69	951
69	962
70	88
70	90
70	141
70	249
70	443
70	480
70	498
70	682
70	931
70	977
71	76
71	78
71	85
71	89
71	111
71	138
71	233
71	260
71	276
71	345
71	390
71	425
71	889
71	905
71	924
71	968
72	79
72	84
72	94
72	212
72	362
72	364
72	508
72	728
72	957
72	992
73	74
73	96
73	494
73	540
73	571
73	716
73	819
74	76
74	106
74	194
74	252
74	263
74	425
74	461
74	636
74	646
74	769
74	922
75	116
75	149
75	221
75	360
75	388
75	531
75	552
75	630
76	76
76	79
76	89
76	90
76	92
76	93
76	112
76	269
76	282
76	338
76	359
76	497
76	499
76	575
76	667
76	735
76	975
77	81
77	95
77	107
77	120
77	126
77	341
77	436
77	544
77	612
77	625
77	636
77	931
77	974
78	91
78	94
78	96
78	190
78	214
78	243
78	329
78	353
78	663
78	824
79	92
79	483
79	499
79	618
79	846
79	970
80	82
80	84
80	88
80	98
80	99
80	105
80	360
80	720
80	925
81	84
81	89
81	92
81	99
81	214
81	581
81	662
81	726
81	797
81	904
82	85
82	94
82	95
82	202
82	236
82	366
82	481
82	829
82	907
82	999
83	84
83	88
83	93
83	95
83	554
83	583
83	905
83	906
84	95
84	98
84	404
84	562
84	564
84	625
84	695
84	869
84	875
84	979
85	86
85	154
85	179
85	323
85	349
85	460
85	512
85	768
86	162
86	289
86	477
86	495
86	498
86	602
86	781
87	99
87	501
87	600
87	844
87	879
88	91
88	94
88	96
88	315
88	572
88	641
88	842
88	884
89	137
89	400
89	411
89	499
89	559
89	867
89	926
89	994
90	178
90	526
90	595
90	642
90	742
90	756
90	817
90	914
90	966
90	975
91	93
91	96
91	114
91	210
91	285
91	299
91	660
91	698
91	891
91	947
91	999
92	95
92	98
92	99
92	143
92	297
92	424
92	467
92	494
92	501
92	574
92	627
92	693
92	893
93	99
93	229
93	285
93	784
93	818
94	490
94	697
94	712
94	894
95	368
95	372
95	658
95	659
95	703
95	774
95	944
96	285
96	339
96	539
96	764
97	167
97	228
97	237
97	519
97	816
97	910
98	203
98	356
98	375
98	442
98	727
98	785
98	828
98	860
99	146
99	380
99	885
99	907
100	101
100	104
100	123
100	125
100	129
100	133
100	148
100	152
100	153
100	155
100	185
100	190
100	195
100	196
100	269
100	417
100	533
100	541
100	635
100	662
100	687
100	820
100	854
100	968
101	113
101	119
101	124
101	133
101	135
101	143
101	166
101	170
101	180
101	181
101	268
101	666
101	841
102	106
102	149
102	158
102	161
102	178
102	184
102	195
102	259
102	331
102	449
102	507
102	538
102	567
102	979
102	993
103	103
103	104
103	105
103	111
103	119
103	131
103	144
103	151
103	173
103	180
103	191
103	198
103	737
103	878
103	906
103	908
104	111
104	118
104	132
104	172
104	174
104	287
104	353
104	365
104	442
104	485
104	486
104	582
104	685
104	741
104	929
105	126
105	132
105	136
105	142
105	150
105	154
105	164
105	179
105	183
105	193
105	197
105	276
106	124
106	129
106	134
106	135
106	151
106	166
106	169
106	176
106	182
106	183
106	184
106	190
106	213
106	289
106	479
106	617
106	759
107	115
107	127
107	132
107	133
107	143
107	152
107	161
107	163
107	176
107	179
107	183
107	188
107	194
107	227
107	289
107	391
107	690
107	721
107	729
107	745
107	915
108	118
108	123
108	139
108	154
108	181
108	186
108	299
108	488
108	724
108	782
108	893
108	901
109	123
109	136
109	142
109	161
109	168
109	170
109	183
109	188
109	252
109	348
109	365
109	415
109	629
109	664
109	938
109	957
109	963
110	111
110	125
110	131
110	138
110	148
110	150
110	161
110	172
110	176
110	354
110	377
110	643
110	784
110	925
110	961
111	116
111	122
111	135
111	136
111	146
111	177
111	181
111	187
111	191
111	194
111	241
111	338
111	496
111	661
111	675
111	697
111	974
112	114
112	143
112	145
112	163
112	174
112	255
112	318
112	345
112	543
112	589
112	696
112	997
113	139
113	146
113	159
113	160
113	180
113	185
113	199
113	226
113	288
113	327
113	453
113	524
113	545
113	720
113	784
113	948
113	974
114	118
114	126
114	130
114	135
114	142
114	144
114	147
114	156
114	160
114	188
114	199
114	227
114	894
114	900
114	976
115	130
115	131
115	142
115	156
115	160
115	191
115	193
115	198
115	199
115	338
115	492
115	530
115	712
115	978
116	118
116	126
116	143
116	150
116	152
116	176
116	183
116	190
116	194
116	628
116	717
116	745
116	838
116	862
116	912
116	954
116	995
117	121
117	124
117	135
117	138
117	141
117	143
117	146
117	155
117	159
117	164
117	166
117	167
117	175
117	188
117	239
117	612
117	650
117	906
118	119
118	131
118	138
118	144
118	161
118	167
118	186
118	188
118	197
118	318
118	350
118	436
118	443
118	555
118	707
119	120
119	123
119	127
119	129
119	148
119	150
119	153
119	156
119	161
119	162
119	186
119	210
119	390
119	393
119	487
119	491
119	506
119	699
119	849
120	123
120	126
120	141
120	150
120	163
120	187
120	190
120	191
120	199
120	349
120	895
120	929
121	129
121	134
121	140
121	142
121	146
121	151
121	157
121	169
121	172
121	182
121	191
121	195
121	198
121	243
121	353
121	406
121	439
121	502
121	520
121	565
121	762
122	127
122	129
122	145
122	146
122	152
122	161
122	168
122	290
122	370
122	450
122	480
122	520
122	603
122	725
122	800
122	899
123	140
123	141
123	146
123	163
123	172
123	174
123	178
123	185
123	432
123	733
123	879
124	133
124	137
124	144
124	158
124	159
124	190
124	195
124	245
124	260
124	403
124	481
124	657
124	696
124	966
125	135
125	139
125	158
125	163
125	172
125	174
125	182
125	192
125	514
125	787
125	941
126	131
126	133
126	139
126	172
126	259
126	290
126	428
126	611
126	619
126	794
126	841
126	924
127	137
127	172
127	181
127	198
127	200
127	358
127	378
127	749
127	803
127	957
127	965
128	136
128	143
128	152
128	153
128	155
128	178
128	179
128	181
128	185
128	442
128	499
128	574
128	625
128	703
128	756
128	778
128	795
128	939
129	133
129	148
129	150
129	161
129	170
129	171
129	174
129	180
129	181
129	186
129	192
129	262
129	463
129	640
129	721
129	732
129	885
130	142
130	152
130	154
130	160
130	171
130	173
130	176
130	246
130	306
130	445
130	666
130	725
130	742
130	773
130	822
130	831
130	855
130	987
130	990
131	144
131	147
131	150
131	160
131	167
131	177
131	594
131	723
131	725
131	741
131	855
131	917
132	158
132	160
132	164
132	175
132	178
132	180
132	195
132	197
132	358
132	522
132	571
132	675
132	779
132	935
133	144
133	148
133	152
133	164
133	169
133	187
133	190
133	197
133	457
133	483
133	625
133	730
133	732
133	770
133	835
134	154
134	164
134	186
134	187
134	194
134	333
134	479
134	487
134	558
134	617
134	935
134	992
135	142
135	158
135	180
135	182
135	185
135	188
135	190
135	276
135	299
135	388
135	485
135	489
135	648
135	808
136	141
136	145
136	147
136	148
136	149
136	180
136	187
136	192
136	318
136	429
136	814
137	144
137	159
137	169
137	170
137	190
137	191
137	236
137	248
137	271
137	288
137	387
137	555
137	800
137	914
138	140
138	142
138	146
138	149
138	153
138	166
138	172
138	195
138	306
138	327
138	374
138	419
138	477
138	509
138	587
138	896
139	148
139	183
139	185
139	194
139	199
139	251
139	294
139	586
139	649
139	733
139	815
139	916
140	156
140	182
140	185
140	187
140	188
140	193
140	197
140	354
140	404
140	442
140	449
140	783
140	790
141	141
141	146
141	154
141	158
141	166
141	200
141	208
141	326
141	401
141	420
141	492
141	620
141	644
141	658
141	872
142	148
142	155
142	173
142	175
142	185
142	220
142	317
142	454
142	780
143	146
143	147
143	162
143	166
143	178
143	189
143	190
143	191
143	192
143	195
143	316
143	581
143	708
143	806
143	821
143	859
144	161
144	191
144	193
144	438
144	469
144	509
144	632
144	634
144	646
144	749
144	782
145	161
145	187
145	193
145	422
145	608
145	625
145	700
145	981
146	171
146	173
146	174
146	175
146	177
146	181
146	192
146	276
146	341
146	584
146	803
146	819
146	836
146	864
147	149
147	167
147	168
147	185
147	187
147	261
147	462
147	748
148	149
148	153
148	155
148	164
148	171
148	176
148	184
148	191
148	531
148	710
148	965
149	158
149	161
149	169
149	177
149	188
149	189
149	255
149	640
149	766
149	915
150	167
150	172
150	173
150	174
150	177
150	184
150	186
150	330
150	458
150	986
151	152
151	165
151	190
151	417
151	459
151	503
151	506
151	637
151	769
151	873
151	879
151	928
151	953
152	154
152	160
152	164
152	189
152	194
152	227
152	229
152	491
152	575
152	748
153	155
153	187
153	196
153	304
153	356
153	557
153	639
153	720
154	165
154	189
154	199
154	385
154	524
154	620
154	624
154	635
154	789
154	889
155	162
155	179
155	180
155	186
155	208
155	326
155	507
155	664
155	677
155	825
155	891
155	902
155	940
156	159
156	173
156	175
156	176
156	179
156	181
156	188
156	360
156	451
156	598
156	682
156	760
156	903
156	972
157	158
157	179
157	191
157	202
157	392
157	408
157	438
157	490
157	734
157	984
158	169
158	175
158	179
158	180
158	185
158	192
158	195
158	198
158	211
158	260
158	527
158	598
158	913
158	946
158	983
159	162
159	180
159	189
159	190
159	197
159	228
159	286
159	314
159	415
159	465
159	567
159	609
159	808
160	168
160	175
160	176
160	198
160	199
160	282
160	483
160	731
161	169
161	179
161	186
161	193
161	594
161	719
161	724
161	727
161	798
162	171
162	172
162	175
162	179
162	187
162	191
162	198
162	237
162	343
162	352
162	355
162	602
162	698
162	737
162	874
163	164
163	172
163	186
163	298
163	411
163	418
163	563
164	178
164	183
164	198
164	199
164	204
164	585
164	614
164	683
164	692
164	737
164	824
164	850
164	863
164	928
165	165
165	173
165	187
165	189
165	197
165	464
165	573
166	178
166	182
166	192
166	196
166	209
166	261
166	278
166	620
166	621
166	662
166	838
166	990
167	172
167	193
167	301
167	427
167	543
167	869
167	958
167	994
168	168
168	171
168	174
168	248
168	339
168	453
168	553
168	599
168	641
168	728
168	767
168	812
168	962
169	197
169	237
169	413
169	602
169	610
169	642
169	652
169	659
169	703
169	946
170	175
170	197
170	420
170	479
170	721
170	729
170	791
170	792
170	851
170	866
170	905
170	956
171	187
171	188
171	190
171	197
171	219
171	267
171	434
172	179
172	186
172	193
172	195
172	196
172	229
172	247
172	268
172	933
172	936
173	184
173	195
173	196
173	342
173	503
174	175
174	189
174	191
174	192
174	198
174	490
174	517
174	752
174	937
174	944
175	179
175	238
175	624
175	647
175	836
175	870
175	987
176	177
176	183
176	184
176	193
176	196
176	259
176	427
176	470
176	480
176	569
176	729
176	781
176	794
176	914
177	190
177	197
177	300
177	392
177	518
177	520
178	184
178	190
178	198
178	284
178	290
178	656
179	184
179	185
179	276
179	366
179	460
179	466
179	471
179	536
179	557
179	656
179	751
179	815
179	819
179	948
180	186
180	188
180	193
180	250
180	477
180	566
180	849
180	923
180	955
180	958
180	973
181	190
181	197
181	414
181	443
181	470
181	474
182	190
182	207
182	244
182	283
182	349
182	557
182	787
182	851
182	908
183	190
183	191
183	198
183	199
183	249
183	395
183	557
183	701
183	773
183	803
183	999
184	195
184	351
184	431
184	480
184	559
184	560
184	662
185	190
185	194
185	417
185	449
185	614
185	844
185	869
185	957
185	972
186	198
186	486
186	547
186	554
186	694
186	869
187	193
187	320
187	419
187	607
187	616
187	632
187	730
187	933
188	396
188	454
188	481
188	731
189	250
189	384
189	386
189	390
189	445
189	623
189	757
189	941
190	193
190	195
190	313
190	338
190	399
190	404
190	526
190	663
190	865
190	879
191	233
191	422
191	424
191	481
191	554
191	570
191	737
191	778
191	833
191	854
191	971
192	363
192	492
192	565
192	691
192	709
192	718
192	737
192	800
193	350
193	352
193	513
193	740
193	796
193	803
193	938
193	962
193	966
194	369
194	380
194	449
194	735
194	977
195	230
195	474
195	571
195	686
195	723
195	739
196	236
196	264
196	703
196	923
197	569
197	732
197	928
197	980
198	343
198	351
198	447
198	498
198	566
198	676
198	739
198	745
198	903
198	993
199	370
199	490
199	538
199	555
199	565
199	974
200	205
200	212
200	219
200	224
200	236
200	243
200	253
200	268
200	270
200	274
200	282
200	289
200	290
200	291
200	294
200	296
200	488
200	685
200	697
201	202
201	216
201	219
201	222
201	224
201	225
201	229
201	231
201	240
201	267
201	276
201	288
201	299
201	590
201	612
201	728
201	958
202	206
202	217
202	222
202	226
202	263
202	265
202	269
202	286
202	293
202	320
202	436
202	707
202	963
203	203
203	217
203	238
203	280
203	284
203	578
203	667
203	971
204	211
204	216
204	218
204	223
204	229
204	233
204	239
204	240
204	247
204	256
204	274
204	285
204	421
204	442
204	467
204	840
204	872
205	213
205	228
205	240
205	243
205	245
205	249
205	267
205	273
205	281
205	287
205	292
205	293
205	294
205	456
206	222
206	223
206	253
206	256
206	264
206	278
206	279
206	290
206	357
206	490
206	590
206	819
207	210
207	216
207	223
207	224
207	226
207	229
207	234
207	244
207	251
207	264
207	275
207	283
207	289
207	294
207	444
207	459
207	472
207	547
207	637
207	802
207	921
207	998
208	210
208	218
208	222
208	226
208	233
208	252
208	255
208	265
208	270
208	278
208	294
208	295
208	298
208	417
208	627
208	821
208	843
208	876
208	902
209	222
209	223
209	224
209	229
209	231
209	238
209	244
209	247
209	268
209	269
209	274
209	283
209	288
209	293
209	379
209	422
209	657
209	699
209	827
209	971
210	211
210	225
210	236
210	244
210	254
210	270
210	272
210	275
210	287
210	289
210	658
210	738
210	911
211	213
211	223
211	226
211	228
211	231
211	233
211	239
211	243
211	245
211	250
211	283
211	284
211	713
211	753
211	929
212	234
212	236
212	239
212	243
212	256
212	262
212	263
212	266
212	275
212	277
212	280
212	371
212	449
212	541
212	827
213	220
213	223
213	225
213	234
213	235
213	254
213	256
213	258
213	260
213	264
213	273
213	274
213	291
213	293
213	295
213	298
213	353
213	829
213	941
213	990
214	246
214	254
214	263
214	264
214	292
214	713
214	904
214	907
214	952
214	982
215	226
215	236
215	248
215	249
215	260
215	261
215	271
215	277
215	285
215	293
215	299
215	305
215	393
215	685
215	719
215	767
215	830
215	873
215	993
216	228
216	240
216	248
216	255
216	279
216	280
216	288
216	296
216	582
216	819
217	226
217	232
217	236
217	238
217	239
217	241
217	253
217	261
217	271
217	272
217	285
217	288
217	289
217	341
217	417
217	469
217	497
217	561
217	587
217	628
217	899
217	969
218	222
218	229
218	243
218	247
218	253
218	254
218	257
218	265
218	270
218	271
218	273
218	281
218	285
218	286
218	287
218	288
218	291
218	295
218	395
218	500
218	556
218	729
218	749
218	785
218	857
218	866
218	887
218	983
219	226
219	229
219	236
219	237
219	239
219	251
219	273
219	282
219	285
219	294
219	353
219	362
219	516
219	520
219	753
219	768
219	825
220	227
220	228
220	257
220	266
220	267
220	275
220	285
220	294
220	299
220	307
220	410
220	504
220	526
220	537
220	608
220	689
220	777
220	787
220	793
220	900
221	243
221	258
221	270
221	281
221	292
221	361
221	368
221	410
221	462
221	471
221	753
221	764
221	803
221	900
222	226
222	241
222	249
222	256
222	264
222	275
222	277
222	283
222	284
222	289
222	292
222	293
222	295
222	312
222	383
222	433
222	684
222	981
223	232
223	236
223	237
223	238
223	259
223	261
223	268
223	269
223	279
223	289
223	555
223	585
223	917
223	989
224	229
224	230
224	234
224	249
224	252
224	253
224	272
224	278
224	288
224	291
224	295
224	331
224	365
224	510
224	549
224	761
224	795
224	898
225	230
225	252
225	261
225	262
225	296
225	439
225	499
225	559
225	646
225	661
225	740
225	919
225	944
226	228
226	231
226	245
226	268
226	276
226	286
226	373
226	737
226	779
226	780
226	784
226	785
226	798
226	820
226	864
226	882
227	274
227	280
227	281
227	283
227	290
227	448
227	563
228	260
228	272
228	276
228	277
228	282
228	284
228	288
228	443
228	447
228	663
228	871
229	230
229	233
229	239
229	240
229	246
229	268
229	270
229	286
229	287
229	298
229	513
229	566
229	793
229	803
229	817
230	244
230	246
230	254
230	262
230	267
230	275
230	280
230	281
230	293
230	295
230	337
230	355
230	410
230	415
230	433
230	464
230	478
230	499
230	607
230	763
230	775
230	853
230	897
230	943
230	976
231	233
231	245
231	246
231	251
231	254
231	257
231	259
231	262
231	263
231	264
231	291
231	295
231	298
231	358
231	468
231	489
231	493
231	778
231	798
231	862
232	239
232	240
232	242
232	245
232	247
232	251
232	271
232	276
232	291
232	351
232	445
232	508
232	593
232	822
232	860
232	864
233	238
233	243
233	245
233	258
233	260
233	262
233	270
233	295
233	297
233	328
233	366
233	433
233	658
233	763
233	833
233	959
233	964
233	966
234	262
234	281
234	331
234	334
234	375
234	541
234	636
234	703
234	828
234	969
234	978
235	235
235	241
235	244
235	248
235	257
235	260
235	269
235	275
235	288
235	364
235	396
235	604
235	667
236	238
236	261
236	263
236	270
236	289
236	296
236	368
236	807
236	934
236	980
237	251
237	254
237	265
237	271
237	272
237	280
237	284
237	289
237	362
237	390
237	476
237	535
237	561
237	621
237	658
237	700
237	711
237	716
237	867
237	895
237	928
238	239
238	247
238	251
238	261
238	298
238	394
238	622
238	863
238	913
238	995
239	239
239	241
239	242
239	243
239	247
239	268
239	270
239	286
239	287
239	292
239	392
239	432
239	515
239	592
239	677
239	771
240	248
240	255
240	260
240	267
240	269
240	277
240	279
240	283
240	425
240	669
240	716
240	820
240	877
241	282
241	290
241	335
241	399
241	461
241	464
241	644
241	786
241	789
242	242
242	252
242	253
242	257
242	258
242	259
242	261
242	265
242	270
242	276
242	281
242	291
242	475
242	698
242	731
242	859
243	252
243	258
243	266
243	272
243	275
243	286
243	290
243	295
243	298
243	505
243	543
243	640
243	706
243	768
243	956
244	252
244	259
244	274
244	288
244	426
244	446
244	456
244	658
244	746
244	788
244	834
245	261
245	270
245	277
245	290
245	295
245	307
245	527
245	550
245	568
245	677
245	787
246	255
246	265
246	292
246	294
246	367
246	673
246	749
246	965
247	260
247	262
247	273
247	280
247	298
247	419
248	248
248	251
248	255
248	258
248	266
248	270
248	275
248	279
248	287
248	298
248	844
248	976
248	990
249	251
249	267
249	274
249	279
249	280
249	284
249	289
249	295
249	485
249	559
249	617
249	707
250	337
250	510
250	611
250	731
250	743
250	774
250	966
251	252
251	266
251	283
251	294
251	317
251	359
251	733
251	787
251	805
251	835
251	838
251	897
252	253
252	257
252	271
252	274
252	275
252	283
252	284
252	315
252	672
252	677
252	901
252	947
252	985
253	261
253	267
253	277
253	290
253	295
253	425
253	483
253	913
254	256
254	283
254	294
254	297
254	350
254	547
254	698
254	742
254	958
255	261
255	274
255	281
255	291
255	293
255	440
255	447
255	536
255	605
255	716
255	722
255	768
255	984
256	298
256	326
256	352
256	500
256	649
256	785
256	922
257	262
257	266
257	267
257	276
257	291
257	406
257	905
257	921
257	923
258	272
258	286
258	290
258	291
258	328
258	374
258	437
258	519
258	533
258	649
258	863
258	950
259	267
259	288
259	294
259	295
259	338
259	493
259	725
259	735
259	884
260	262
260	278
260	280
260	281
260	283
260	285
260	290
260	323
260	419
260	717
260	921
261	276
261	279
261	285
261	397
261	432
261	435
261	473
261	523
261	669
261	864
262	296
262	297
262	355
262	418
262	809
262	814
262	868
262	897
263	265
263	270
263	275
263	276
263	279
263	285
263	290
263	297
263	382
263	784
263	834
263	947
264	288
264	294
264	402
264	411
264	434
264	461
264	519
264	646
265	268
265	276
265	284
265	307
265	314
265	577
265	592
265	606
265	622
265	691
265	907
266	270
266	277
266	279
266	523
266	761
266	848
267	273
267	283
267	290
267	476
267	588
267	827
267	879
267	901
268	280
268	281
268	284
268	287
268	308
268	515
268	540
268	651
268	661
268	857
268	928
268	945
269	274
269	283
269	285
269	290
269	366
269	497
269	540
270	277
270	298
270	299
270	516
270	555
270	877
270	914
270	919
270	932
271	271
271	273
271	274
271	284
271	289
271	548
271	637
271	676
271	808
271	964
272	278
272	283
272	289
272	380
272	406
272	666
272	826
273	280
273	558
273	660
273	781
273	818
273	894
273	902
273	973
274	277
274	285
274	294
274	326
274	331
274	471
274	536
274	717
275	287
275	292
275	293
275	295
275	407
275	465
275	635
275	676
275	704
275	718
275	747
275	774
275	795
276	291
276	296
276	364
276	627
276	686
276	848
276	935
277	277
277	284
277	299
277	392
277	683
277	686
277	725
277	727
277	793
277	833
277	863
278	279
278	431
278	474
278	521
278	542
278	707
278	944
279	292
279	383
279	652
279	733
279	873
280	282
280	293
280	436
280	871
280	999
281	298
281	408
281	721
281	837
282	284
282	396
282	422
282	431
282	575
282	615
282	616
282	647
282	800
282	806
283	285
283	289
283	294
283	296
283	316
283	503
283	571
283	902
284	288
284	295
284	543
284	562
284	654
284	911
284	926
284	939
285	288
285	297
285	380
285	822
285	907
285	957
285	995
286	335
286	366
286	712
286	865
286	903
287	288
287	473
287	534
287	742
287	744
287	775
288	289
288	345
288	381
288	488
288	613
289	295
289	340
289	517
289	633
289	855
290	297
290	486
290	595
290	661
290	753
290	844
290	851
290	910
290	924
290	945
291	312
291	375
291	440
291	453
291	555
291	669
291	678
292	294
292	295
292	391
292	437
292	438
292	599
292	751
292	980
293	446
293	690
293	777
293	975
294	350
294	652
294	653
294	785
294	842
294	901
295	355
295	444
295	450
295	539
295	607
295	657
295	986
296	344
296	361
296	490
296	562
296	628
296	787
296	872
296	889
296	926
297	322
297	397
297	457
297	784
297	817
298	413
298	465
298	515
298	673
298	811
298	812
299	539
299	683
299	819
299	978
300	301
300	305
300	320
300	328
300	339
300	357
300	373
300	379
300	381
300	675
300	907
301	313
301	320
301	323
301	338
301	350
301	366
301	369
301	372
301	378
301	382
301	392
301	394
301	397
301	399
301	987
302	312
302	340
302	350
302	357
302	364
302	365
302	370
302	384
302	391
302	393
302	395
302	399
302	474
302	491
302	573
302	702
303	304
303	310
303	316
303	324
303	325
303	335
303	357
303	362
303	368
303	374
303	381
303	387
303	400
303	461
304	323
304	335
304	344
304	356
304	361
304	377
304	381
304	393
304	395
304	453
304	464
304	502
304	520
304	809
304	864
304	962
304	982
305	315
305	317
305	318
305	328
305	374
305	378
305	388
305	428
305	633
305	889
306	330
306	338
306	353
306	361
306	364
306	374
306	379
306	395
306	534
306	722
306	755
306	788
306	864
306	905
307	316
307	318
307	326
307	329
307	336
307	341
307	344
307	351
307	369
307	380
307	383
307	384
307	388
307	613
307	794
307	812
307	942
308	311
308	317
308	329
308	331
308	334
308	341
308	342
308	344
308	358
308	378
308	394
308	395
308	411
308	467
308	528
308	546
308	605
308	715
308	759
308	811
308	817
308	889
308	916
308	955
309	311
309	320
309	328
309	334
309	336
309	341
309	347
309	355
309	368
309	389
309	393
309	434
309	474
309	476
309	599
309	761
309	875
309	910
309	913
310	313
310	320
310	329
310	342
310	351
310	353
310	371
310	395
310	396
310	663
310	770
310	824
310	889
310	896
311	321
311	328
311	330
311	331
311	341
311	348
311	352
311	354
311	380
311	385
311	393
311	395
311	422
311	587
311	790
312	322
312	324
312	332
312	333
312	338
312	352
312	367
312	379
312	384
312	398
312	650
312	712
312	903
312	983
313	314
313	348
313	358
313	359
313	362
313	366
313	392
313	393
313	398
313	399
313	528
313	715
313	913
313	995
314	318
314	323
314	325
314	355
314	358
314	363
314	366
314	367
314	376
314	382
314	388
314	392
314	792
314	796
314	800
314	882
314	965
315	330
315	334
315	337
315	338
315	339
315	341
315	347
315	348
315	354
315	356
315	374
315	375
315	379
315	384
315	398
315	408
316	320
316	331
316	333
316	344
316	355
316	365
316	369
316	379
316	381
316	394
316	396
316	418
317	329
317	335
317	336
317	339
317	343
317	377
317	379
317	380
317	449
317	555
317	713
317	975
318	335
318	341
318	345
318	349
318	357
318	367
318	386
318	426
318	689
318	763
318	886
319	324
319	347
319	372
319	378
319	386
319	586
319	636
319	735
319	759
320	324
320	337
320	351
320	355
320	375
320	376
320	379
320	380
320	386
320	396
320	397
320	405
320	707
320	735
320	759
320	924
320	969
320	981
321	329
321	337
321	344
321	360
321	363
321	368
321	375
321	376
321	385
321	462
321	645
321	883
321	898
321	926
322	325
322	329
322	343
322	355
322	356
322	367
322	369
322	372
322	380
322	385
322	391
322	393
322	601
322	663
322	707
322	773
322	885
322	888
323	350
323	352
323	374
323	378
323	388
323	391
323	397
323	398
323	437
323	831
323	913
323	914
323	929
323	966
324	325
324	334
324	339
324	346
324	349
324	356
324	365
324	379
324	380
324	494
324	521
324	645
324	872
324	902
324	944
325	331
325	333
325	344
325	347
325	368
325	370
325	375
325	384
325	385
325	386
325	409
325	423
325	481
325	510
325	549
325	571
325	663
325	739
325	980
326	328
326	329
326	330
326	351
326	352
326	366
326	368
326	393
326	396
326	571
326	827
326	984
327	335
327	341
327	352
327	379
327	381
327	383
327	387
327	392
327	429
327	492
327	562
327	694
327	898
327	906
328	336
328	340
328	350
328	358
328	377
328	389
328	390
328	539
328	813
328	876
329	355
329	373
329	390
329	391
329	396
329	761
329	969
330	332
330	350
330	357
330	364
330	399
330	415
330	523
330	602
330	618
330	874
330	964
331	333
331	356
331	375
331	377
331	379
331	406
331	407
331	608
332	340
332	356
332	360
332	372
332	378
332	393
332	395
332	397
332	465
333	338
333	340
333	344
333	355
333	368
333	389
333	394
333	396
333	465
333	483
333	870
333	912
333	953
334	342
334	355
334	365
334	366
334	368
334	372
334	381
334	391
334	398
334	403
334	804
335	339
335	347
335	351
335	354
335	355
335	356
335	362
335	366
335	374
335	375
335	379
335	382
335	392
335	396
335	464
335	502
335	537
335	607
335	728
335	793
335	904
336	337
336	340
336	346
336	368
336	378
336	389
336	395
336	564
336	620
336	626
336	665
336	750
336	825
336	970
336	997
337	342
337	355
337	358
337	359
337	365
337	367
337	380
337	536
337	726
337	863
337	944
337	970
338	358
338	361
338	364
338	369
338	370
338	379
338	383
338	396
338	398
338	399
338	425
338	517
338	837
339	340
339	344
339	354
339	362
339	370
339	379
339	380
339	398
339	526
339	802
340	340
340	358
340	363
340	367
340	381
340	385
340	386
340	391
340	599
340	705
340	784
340	872
340	876
340	992
341	342
341	348
341	353
341	355
341	360
341	361
341	364
341	367
341	371
341	377
341	380
341	381
341	384
341	390
341	443
341	544
341	568
341	849
341	899
342	351
342	353
342	355
342	365
342	372
342	381
342	389
342	398
342	610
342	709
342	759
342	807
342	930
342	979
343	343
343	357
343	359
343	360
343	375
343	378
343	380
343	390
343	393
343	588
343	862
344	355
344	364
344	365
344	374
344	390
344	393
344	394
344	395
344	398
344	399
344	477
344	620
344	666
345	361
345	378
345	386
345	391
345	395
345	426
345	525
345	650
345	799
345	827
345	929
346	350
346	356
346	369
346	375
346	380
346	588
346	872
346	892
347	351
347	374
347	378
347	380
347	396
347	746
347	899
348	350
348	351
348	353
348	380
348	385
348	462
348	500
348	606
348	701
348	740
348	796
348	800
348	986
349	354
349	360
349	362
349	377
349	379
349	393
349	398
349	434
349	472
349	478
349	553
349	757
349	771
349	829
349	917
349	933
350	354
350	381
350	384
350	389
350	487
350	520
350	529
350	627
350	668
350	671
350	703
350	775
350	800
350	833
350	979
351	370
351	374
351	378
351	385
351	394
351	396
351	465
351	468
351	590
352	352
352	362
352	378
352	385
352	386
352	394
352	396
352	397
352	476
352	665
352	862
352	892
353	358
353	390
353	396
353	464
353	494
353	709
353	710
353	737
353	792
353	840
354	355
354	371
354	384
354	508
354	581
354	672
354	890
355	357
355	365
355	366
355	375
355	395
355	435
355	691
355	761
355	797
355	802
355	846
356	361
356	364
356	386
356	439
356	541
356	561
356	756
356	770
356	817
356	820
356	856
357	366
357	374
357	375
357	379
357	381
357	533
357	997
357	998
358	368
358	380
359	365
359	369
359	381
359	384
359	388
359	390
359	396
359	590
359	799
359	846
359	891
359	898
360	362
360	363
360	392
360	393
360	398
360	829
360	853
360	974
361	366
361	378
361	386
361	391
361	412
361	701
361	744
361	868
362	366
362	372
362	375
362	377
362	384
362	385
362	391
362	396
362	447
362	455
362	653
362	730
363	364
363	367
363	373
363	375
363	386
363	390
363	500
363	547
363	979
363	996
364	380
364	381
364	389
364	397
364	786
365	382
365	384
365	396
365	397
365	662
365	705
365	801
365	872
365	890
366	374
366	397
366	509
366	742
366	825
366	859
366	864
366	976
367	369
367	393
367	604
367	663
367	862
367	879
368	371
368	375
368	377
368	546
368	565
368	693
368	829
368	877
368	915
368	983
369	382
369	383
369	389
369	393
369	521
369	564
369	776
369	922
370	388
370	417
370	582
371	385
371	391
371	393
371	554
371	635
371	706
371	750
372	381
372	384
372	385
372	387
372	393
372	417
372	453
372	459
372	670
372	698
372	857
373	381
373	588
373	630
373	931
374	385
374	386
374	395
374	398
374	439
374	528
374	746
374	863
374	902
374	930
375	393
376	376
376	395
376	398
376	455
376	548
376	608
376	621
376	783
376	921
376	928
376	929
376	973
377	379
377	384
377	397
377	418
377	525
377	604
377	612
377	649
377	823
377	853
377	866
377	894
377	945
377	949
377	963
378	392
378	399
378	857
379	379
379	390
379	401
379	515
379	661
379	766
379	802
379	834
379	889
380	384
380	391
380	392
380	394
380	397
380	680
380	700
380	722
380	744
380	829
380	888
381	389
381	889
382	382
382	389
382	390
382	393
382	394
382	506
382	619
382	772
383	385
383	387
383	389
383	501
383	651
384	509
384	630
385	392
385	395
385	536
385	710
385	882
385	896
385	922
385	969
386	398
386	469
386	523
386	560
386	581
386	826
387	417
387	441
387	770
387	968
387	985
388	396
388	577
388	585
388	641
388	786
388	838
388	852
389	392
389	393
389	397
389	402
389	695
389	748
389	848
389	930
389	959
390	395
390	399
390	638
390	882
390	909
391	395
391	457
391	480
391	575
391	618
391	860
391	933
392	397
392	534
392	610
392	623
392	740
392	771
392	774
392	930
393	398
393	428
393	438
393	547
393	926
393	936
394	448
394	540
394	568
394	850
394	928
395	478
395	563
395	658
395	719
395	871
396	397
396	478
396	664
396	799
397	406
397	465
397	478
397	496
397	780
398	470
398	598
398	798
398	858
398	943
398	985
399	409
399	554
399	795
399	910
400	402
400	403
400	410
400	426
400	431
400	443
400	449
400	464
400	471
400	473
400	481
400	489
400	496
400	511
400	906
401	404
401	412
401	435
401	443
401	453
401	458
401	469
401	488
401	504
401	637
401	676
401	692
401	732
401	880
401	990
402	418
402	436
402	442
402	448
402	453
402	454
402	468
402	477
402	481
402	496
402	573
402	582
402	683
402	788
403	424
403	427
403	430
403	438
403	445
403	453
403	454
403	455
403	459
403	469
403	496
403	509
403	593
403	655
403	760
403	838
403	998
404	404
404	421
404	425
404	438
404	441
404	470
404	495
404	730
405	417
405	418
405	423
405	433
405	438
405	465
405	469
405	486
405	495
405	712
406	410
406	416
406	419
406	455
406	468
406	481
406	568
406	574
406	649
406	657
406	775
406	868
406	894
407	408
407	420
407	421
407	425
407	436
407	437
407	452
407	456
407	457
407	469
407	470
407	472
407	473
407	487
407	493
407	629
407	822
407	964
408	422
408	436
408	445
408	459
408	479
408	490
408	654
408	662
408	696
408	745
408	910
408	947
409	411
409	423
409	426
409	443
409	448
409	468
409	479
409	492
409	617
409	717
409	742
409	838
409	916
410	417
410	460
410	465
410	466
410	469
410	486
410	489
410	494
410	860
410	909
411	412
411	422
411	435
411	457
411	458
411	464
411	467
411	475
411	479
411	482
411	483
411	492
411	493
411	499
411	526
411	628
411	689
412	415
412	435
412	439
412	441
412	447
412	453
412	459
412	465
412	512
412	718
412	741
412	753
412	784
412	799
412	877
412	887
412	972
412	999
413	433
413	439
413	441
413	452
413	458
413	465
413	491
413	693
413	901
413	930
413	934
413	978
414	443
414	445
414	459
414	468
414	470
414	480
414	483
414	489
414	491
414	600
414	668
415	424
415	426
415	438
415	445
415	450
415	452
415	454
415	455
415	457
415	471
415	477
415	481
415	494
415	539
415	713
415	789
415	811
415	888
415	912
416	443
416	447
416	453
416	454
416	455
416	456
416	459
416	464
416	466
416	474
417	422
417	425
417	427
417	429
417	439
417	446
417	448
417	453
417	488
417	528
417	598
417	685
417	755
417	931
417	960
418	421
418	426
418	427
418	438
418	444
418	447
418	450
418	451
418	468
418	477
418	479
418	485
418	852
419	429
419	435
419	439
419	457
419	469
419	481
419	483
419	672
419	770
419	947
420	436
420	443
420	444
420	455
420	458
420	460
420	475
420	481
420	482
420	486
420	490
420	493
420	496
420	663
420	690
421	425
421	431
421	444
421	473
421	493
421	502
421	582
421	701
421	927
421	991
422	430
422	432
422	433
422	434
422	438
422	440
422	445
422	450
422	455
422	459
422	460
422	463
422	464
422	468
422	480
422	482
422	489
422	492
422	531
422	970
422	980
423	441
423	454
423	455
423	460
423	463
423	492
423	493
423	494
423	507
423	640
423	756
423	866
423	887
424	425
424	432
424	435
424	443
424	445
424	471
424	477
424	490
424	495
424	498
424	674
424	838
425	430
425	487
425	492
425	498
425	552
425	834
425	969
426	452
426	458
426	465
426	495
426	826
427	457
427	470
427	490
427	614
427	632
427	767
427	978
428	430
428	432
428	435
428	444
428	447
428	452
428	463
428	466
428	474
428	484
428	487
428	490
428	526
428	760
428	800
429	434
429	455
429	456
429	459
429	475
429	494
429	499
429	513
429	990
430	439
430	447
430	451
430	458
430	475
430	491
430	717
431	435
431	436
431	455
431	470
431	483
431	488
431	489
431	495
431	581
432	457
432	462
432	471
432	472
432	487
432	547
432	621
432	740
432	826
433	440
433	451
433	453
433	455
433	464
433	470
433	475
433	482
433	483
433	489
433	492
433	494
434	440
434	461
434	465
434	475
434	477
434	487
434	495
434	513
434	714
434	975
435	440
435	444
435	445
435	454
435	456
435	466
435	472
435	474
435	498
435	595
435	744
435	854
435	874
435	978
436	442
436	443
436	447
436	450
436	461
436	467
436	471
436	479
436	481
436	494
436	649
436	729
436	783
436	935
436	952
437	438
437	440
437	481
437	486
437	494
437	499
437	569
437	829
437	904
437	929
437	981
438	455
438	456
438	465
438	479
438	487
438	497
438	498
438	573
438	742
438	753
438	780
438	943
439	445
439	459
439	462
439	463
439	464
439	468
439	473
439	477
439	482
439	483
439	484
439	490
439	491
439	495
439	499
439	619
439	632
439	734
439	798
439	808
439	810
439	885
440	447
440	452
440	457
440	460
440	468
440	475
440	477
440	482
440	493
440	499
440	525
440	576
440	685
440	703
440	742
440	863
441	445
441	451
441	457
441	466
441	474
441	478
441	779
441	842
442	459
442	462
442	465
442	468
442	470
442	482
442	493
442	498
442	626
442	656
442	740
442	767
442	863
442	901
442	980
443	444
443	452
443	458
443	466
443	470
443	484
443	496
443	593
444	454
444	456
444	459
444	482
444	488
444	494
444	510
444	673
444	802
444	898
445	455
445	456
445	457
445	461
445	466
445	468
445	483
445	631
445	821
445	893
445	909
445	921
446	453
446	464
446	465
446	475
446	477
446	478
446	490
446	533
446	555
447	451
447	456
447	464
447	478
447	480
447	489
447	494
447	500
447	574
447	597
447	753
447	754
448	461
448	471
448	540
448	551
448	671
448	884
448	929
448	950
448	963
449	451
449	463
449	476
449	669
449	790
449	873
449	949
450	454
450	456
450	461
450	469
450	474
450	485
450	492
451	461
451	463
451	487
451	495
452	459
452	466
452	471
452	474
452	492
452	496
452	524
452	535
452	690
452	797
452	855
452	910
453	459
453	467
453	471
453	475
453	487
453	493
453	589
454	454
454	466
454	480
454	494
454	496
454	528
454	629
454	688
454	773
454	784
454	839
454	885
454	951
455	464
455	466
455	473
455	496
455	499
455	553
455	878
456	474
456	492
457	459
457	463
457	476
457	478
457	492
457	499
457	839
458	461
458	465
458	482
458	489
458	993
459	466
459	472
459	485
459	490
459	491
459	495
459	497
459	846
459	880
459	970
460	460
460	466
460	467
460	468
460	491
460	493
460	567
460	611
460	679
460	730
460	738
460	888
460	968
461	493
461	646
461	870
462	462
462	475
462	478
462	496
462	498
462	525
462	720
462	732
462	801
462	810
463	474
463	483
463	489
463	531
463	760
463	766
463	867
463	945
464	467
464	482
464	488
464	490
464	492
464	499
464	526
464	561
464	619
464	892
465	620
465	900
465	947
466	468
466	481
466	487
466	491
466	499
466	589
466	651
466	829
466	931
466	963
467	480
467	482
467	492
467	494
467	793
467	812
467	863
467	997
468	478
468	488
468	495
468	498
468	543
468	558
468	576
468	644
468	795
468	983
469	470
469	476
469	477
469	489
469	493
469	726
469	758
469	855
469	876
469	908
469	921
469	996
470	479
470	483
470	490
470	629
470	920
470	989
471	481
471	486
471	490
471	567
472	477
472	485
472	487
472	540
472	544
472	574
472	709
472	904
472	993
473	479
473	485
473	487
473	494
473	534
473	686
473	726
473	729
473	743
473	747
474	482
474	596
474	670
474	674
474	710
474	804
475	492
475	493
475	682
475	868
475	891
476	491
476	495
476	613
476	670
476	792
477	478
477	486
477	488
477	494
477	516
477	644
477	733
477	767
477	847
478	480
478	482
478	486
478	490
478	494
478	521
478	542
478	626
478	712
478	754
478	916
479	521
479	550
479	576
479	865
479	890
479	981
480	482
480	487
480	490
480	606
480	678
480	786
480	889
480	903
481	488
481	759
481	966
482	487
482	489
482	628
482	650
482	691
482	709
483	527
483	624
483	890
483	988
484	490
484	493
484	495
484	651
484	826
485	495
485	499
485	526
485	606
485	749
485	895
486	490
486	750
486	783
486	814
486	863
487	497
487	498
487	531
487	561
487	867
488	489
488	526
488	534
488	625
488	713
488	722
488	851
488	975
489	618
489	937
490	491
490	584
490	631
490	715
490	845
490	872
491	498
491	579
491	686
491	755
491	779
492	492
492	540
492	579
492	594
492	687
492	869
492	903
492	952
493	495
493	546
493	573
493	608
493	694
493	701
493	906
493	990
494	622
494	693
494	695
494	720
494	762
494	771
494	843
494	877
494	940
494	985
495	497
495	582
495	604
495	931
495	982
496	521
496	739
496	871
496	879
496	948
497	565
497	583
497	735
497	833
497	971
498	639
498	721
498	876
498	966
499	570
499	581
499	651
499	858
499	972
500	508
500	509
500	511
500	544
500	551
500	563
500	571
500	572
500	576
500	586
500	785
500	838
500	921
501	508
501	511
501	522
501	529
501	532
501	539
501	542
501	546
501	549
501	550
501	556
501	559
501	563
501	564
501	565
501	569
501	570
501	581
501	599
501	681
501	705
501	771
501	921
501	924
501	925
502	505
502	508
502	516
502	523
502	531
502	534
502	537
502	538
502	565
502	569
502	579
502	591
502	594
502	596
502	643
502	666
502	824
502	848
502	873
502	931
503	515
503	521
503	546
503	552
503	555
503	565
503	582
503	590
503	730
503	786
504	504
504	510
504	522
504	525
504	541
504	556
504	560
504	566
504	567
504	573
504	585
504	836
505	505
505	507
505	511
505	517
505	522
505	543
505	556
505	565
505	575
505	584
505	585
505	595
505	750
505	760
505	848
505	898
506	506
506	508
506	512
506	521
506	522
506	531
506	533
506	547
506	548
506	551
506	597
506	632
506	782
506	950
507	517
507	522
507	537
507	541
507	549
507	564
507	565
507	577
507	580
507	597
507	598
507	650
507	659
507	690
507	767
507	929
507	982
508	509
508	527
508	539
508	543
508	550
508	552
508	553
508	575
508	577
508	588
508	596
508	611
508	915
508	962
509	511
509	512
509	517
509	518
509	522
509	530
509	532
509	536
509	537
509	538
509	542
509	555
509	571
509	574
509	581
509	594
509	731
509	820
509	860
510	530
510	540
510	550
510	565
510	588
510	591
510	599
510	613
510	791
510	926
511	514
511	519
511	521
511	522
511	524
511	531
511	537
511	541
511	543
511	553
511	582
511	614
511	634
511	704
511	886
511	966
512	519
512	528
512	532
512	533
512	550
512	557
512	569
512	574
512	579
512	599
512	644
512	703
512	768
513	516
513	518
513	519
513	522
513	524
513	536
513	543
513	551
513	552
513	556
513	565
513	569
513	570
513	584
513	589
513	593
513	595
513	808
513	860
514	518
514	529
514	530
514	538
514	594
514	670
514	754
514	799
514	912
515	525
515	531
515	536
515	548
515	557
515	561
515	562
515	563
515	565
515	599
515	887
516	520
516	521
516	526
516	533
516	534
516	539
516	541
516	545
516	548
516	559
516	569
516	579
516	584
516	591
516	869
516	926
517	518
517	523
517	528
517	529
517	545
517	551
517	554
517	555
517	559
517	577
517	580
517	581
517	583
517	593
517	596
517	714
517	810
517	851
518	539
518	543
518	547
518	552
518	574
518	595
518	971
518	988
519	522
519	526
519	534
519	536
519	542
519	551
519	552
519	554
519	555
519	558
519	559
519	561
519	567
519	568
519	595
519	867
519	924
520	524
520	530
520	547
520	548
520	565
520	571
520	594
520	947
521	527
521	546
521	548
521	554
521	555
521	577
521	581
521	590
521	597
521	656
521	663
521	703
521	839
521	868
521	890
522	531
522	540
522	543
522	544
522	546
522	549
522	560
522	567
522	575
522	576
522	578
522	593
522	594
522	599
522	634
522	817
522	987
523	541
523	543
523	544
523	558
523	588
523	590
523	596
523	597
523	637
523	677
523	904
524	541
524	542
524	548
524	556
524	567
524	577
524	593
524	597
524	602
524	710
524	844
524	960
525	533
525	543
525	546
525	547
525	561
525	566
525	580
525	583
525	591
525	674
525	846
525	933
525	946
526	529
526	548
526	560
526	577
526	867
526	952
527	534
527	541
527	543
527	544
527	545
527	554
527	559
527	565
527	571
527	580
527	587
527	598
527	719
527	804
528	539
528	541
528	544
528	547
528	548
528	560
528	571
528	583
528	587
528	591
528	767
528	919
529	530
529	549
529	551
529	558
529	588
529	629
529	747
529	861
529	986
530	542
530	547
530	549
530	556
530	558
530	574
530	670
530	702
530	769
530	912
531	540
531	547
531	569
531	571
531	807
531	889
532	533
532	537
532	540
532	543
532	561
532	568
532	582
532	583
532	588
532	593
532	598
532	725
532	919
533	537
533	544
533	550
533	563
533	564
533	569
533	573
533	581
533	588
533	597
533	599
533	603
533	615
533	976
533	983
534	546
534	553
534	568
534	570
534	577
534	765
534	769
534	917
535	539
535	546
535	562
535	564
535	578
535	595
535	597
535	673
535	691
535	806
536	556
536	570
536	581
536	582
536	590
536	597
536	598
536	710
536	950
537	547
537	566
537	570
537	580
537	589
537	623
537	668
537	723
537	839
537	857
537	923
537	957
538	547
538	554
538	566
538	568
538	572
538	573
538	574
538	581
538	594
538	745
539	543
539	546
539	553
539	556
539	564
539	569
539	572
539	575
539	581
539	589
539	597
539	663
539	758
540	558
540	560
540	572
540	579
540	580
540	593
540	598
540	735
541	546
541	548
541	563
541	574
541	589
541	590
541	619
541	623
541	657
542	554
542	567
542	568
542	569
542	574
542	590
542	594
542	595
542	608
542	896
542	980
543	547
543	554
543	557
543	578
543	579
543	592
543	833
544	572
544	583
544	584
544	588
544	596
544	665
544	827
544	889
544	905
545	548
545	556
545	558
545	567
545	572
545	575
545	886
545	964
545	996
546	555
546	556
546	558
546	565
546	568
546	575
546	581
546	584
546	585
546	994
547	550
547	556
547	569
547	574
547	579
547	583
547	590
547	599
547	805
547	902
547	958
548	561
548	586
548	899
548	946
549	550
549	557
549	565
549	578
549	580
549	595
549	691
549	695
549	879
550	566
550	571
550	581
550	582
550	585
550	586
551	557
551	558
551	561
551	576
551	589
551	812
552	562
552	572
552	599
552	657
552	661
552	673
552	823
552	974
552	982
553	558
553	561
553	572
553	573
553	577
554	557
554	563
554	564
554	565
554	582
554	587
554	590
554	592
554	598
554	801
554	931
555	556
555	557
555	564
555	574
555	589
555	717
555	833
555	902
555	926
555	969
555	987
556	556
556	564
556	572
556	584
556	586
556	599
556	622
556	698
556	952
557	565
557	568
557	570
557	572
557	581
557	586
557	798
557	881
557	974
558	577
558	584
558	591
558	593
558	698
558	787
559	561
559	581
559	582
559	588
559	589
559	610
559	632
560	570
560	585
560	599
560	647
560	662
560	693
560	951
561	590
561	596
561	691
561	703
561	777
562	576
562	582
562	590
562	593
562	742
562	900
562	908
563	563
563	571
563	576
563	588
563	593
563	667
563	694
563	703
563	713
563	750
563	914
564	564
564	569
564	596
564	675
564	702
564	828
564	859
564	976
565	567
565	592
565	595
565	596
565	599
565	602
565	619
565	646
565	694
565	763
565	882
566	574
566	609
566	710
566	822
567	570
567	584
567	588
567	663
567	843
568	570
568	571
568	572
568	575
568	593
568	750
568	904
568	938
568	953
569	793
569	859
569	890
569	911
570	575
570	582
570	595
570	599
570	646
570	744
570	851
570	886
570	924
571	573
571	590
571	740
571	928
572	579
572	590
572	593
572	710
572	821
572	835
572	887
572	908
573	576
573	579
573	591
573	598
573	656
573	715
573	895
574	579
574	583
574	590
574	752
574	771
574	889
575	590
575	591
575	596
575	759
575	791
575	907
576	577
576	578
576	583
576	584
576	588
576	597
576	721
576	845
576	988
576	997
577	580
577	585
577	708
577	996
578	581
578	583
578	599
578	651
578	658
578	844
578	876
579	584
579	596
579	606
579	782
579	843
579	890
580	582
580	584
580	643
580	647
580	805
580	971
580	984
581	582
581	595
581	598
581	628
581	665
581	688
581	737
581	743
581	826
581	895
581	947
582	584
582	591
582	592
582	599
582	645
582	954
583	590
583	593
583	597
583	885
584	592
584	596
584	718
584	767
584	890
585	592
585	598
585	637
585	657
585	705
585	738
585	787
585	858
586	596
586	630
586	673
586	734
586	746
586	823
586	834
587	648
587	696
587	812
587	841
587	899
588	589
588	595
588	597
588	598
588	636
588	760
588	829
589	593
589	640
589	709
589	914
590	630
590	775
590	946
591	596
591	751
591	789
591	917
591	967
592	598
592	658
592	705
592	871
592	901
592	963
593	595
593	599
593	831
593	907
594	694
594	931
595	903
596	630
596	744
596	753
596	936
596	951
596	965
597	645
597	655
597	703
598	793
598	972
599	743
599	824
599	935
599	954
600	612
600	616
600	621
600	623
600	628
600	631
600	636
600	654
600	656
600	660
600	662
600	673
600	678
600	699
600	759
600	969
601	611
601	616
601	620
601	624
601	628
601	637
601	663
601	668
601	671
601	683
601	690
601	693
601	696
601	773
601	862
602	603
602	604
602	609
602	620
602	622
602	642
602	649
602	683
602	684
602	690
602	698
602	699
602	942
603	607
603	609
603	614
603	617
603	642
603	663
603	666
603	670
603	675
603	693
603	841
603	882
604	617
604	621
604	635
604	656
604	658
604	662
604	663
604	667
604	690
604	694
604	699
604	760
604	761
604	851
604	861
605	610
605	614
605	617
605	626
605	627
605	633
605	636
605	646
605	650
605	656
605	668
605	685
605	689
605	691
605	695
605	825
605	859
605	894
606	609
606	621
606	632
606	656
606	668
606	673
606	681
606	692
606	695
606	699
606	730
606	734
606	932
607	618
607	629
607	630
607	635
607	636
607	643
607	663
607	674
607	684
607	694
607	739
607	760
607	914
607	947
608	610
608	614
608	615
608	617
608	633
608	634
608	647
608	651
608	653
608	669
608	688
608	697
608	750
609	613
609	637
609	646
609	663
609	666
609	669
609	673
609	674
609	686
609	691
609	860
609	947
610	621
610	637
610	649
610	653
610	661
610	669
610	682
610	988
610	992
611	625
611	635
611	662
611	672
611	675
611	682
611	694
611	912
612	616
612	621
612	623
612	631
612	643
612	659
612	665
612	670
612	678
612	681
612	691
612	768
612	810
612	975
613	632
613	637
613	644
613	651
613	666
613	681
613	692
613	695
613	700
613	767
613	775
613	818
613	918
613	952
614	621
614	631
614	638
614	639
614	671
614	673
614	677
614	680
614	798
614	871
614	986
615	620
615	629
615	630
615	633
615	641
615	663
615	668
615	687
615	688
615	765
615	825
615	994
616	621
616	626
616	628
616	630
616	637
616	641
616	652
616	663
616	666
616	667
616	678
616	679
616	682
616	684
616	696
616	802
616	870
617	628
617	648
617	649
617	650
617	652
617	653
617	656
617	667
617	679
617	681
617	687
617	691
617	707
617	788
617	897
618	619
618	637
618	645
618	650
618	662
618	669
618	674
618	677
618	678
618	680
618	684
618	687
618	691
619	631
619	634
619	635
619	637
619	641
619	650
619	653
619	654
619	662
619	668
619	689
619	924
619	967
620	634
620	639
620	642
620	663
620	671
620	824
620	901
620	929
621	627
621	630
621	635
621	657
621	659
621	660
621	670
621	903
622	661
622	662
622	669
622	677
622	684
622	688
622	705
622	749
623	625
623	628
623	641
623	648
623	652
623	653
623	673
623	679
623	687
623	695
623	767
623	971
624	646
624	652
624	657
624	659
624	671
624	672
624	690
624	830
624	954
625	628
625	634
625	642
625	652
625	655
625	666
625	679
625	680
625	697
625	698
625	773
625	953
626	628
626	633
626	634
626	638
626	642
626	661
626	666
626	671
626	673
626	676
626	697
626	698
626	720
626	895
627	637
627	642
627	645
627	655
627	661
627	669
627	670
627	671
627	679
627	698
627	700
627	747
627	850
628	640
628	644
628	647
628	661
628	679
628	688
628	691
628	696
629	642
629	650
629	653
629	655
629	668
629	675
629	841
630	634
630	653
630	655
630	666
630	673
630	682
630	697
630	711
631	631
631	646
631	648
631	666
631	692
631	699
631	776
632	635
632	640
632	644
632	646
632	649
632	669
632	683
632	691
632	693
632	828
633	641
633	643
633	647
633	665
633	667
633	680
633	701
633	773
633	824
633	878
633	914
634	637
634	646
634	647
634	661
634	666
634	682
634	683
634	684
634	690
634	692
634	765
635	645
635	647
635	668
635	674
635	676
635	678
635	680
635	688
635	696
635	895
635	945
636	648
636	651
636	656
636	667
636	671
636	672
636	675
636	682
636	696
636	835
637	663
637	671
637	686
637	691
637	694
637	702
637	858
638	663
638	670
638	675
638	688
639	648
639	650
639	659
639	660
639	664
639	667
639	670
639	691
639	693
639	697
639	709
639	992
639	993
640	645
640	650
640	651
640	652
640	657
640	689
640	690
640	775
640	851
640	868
641	654
641	658
641	666
641	669
641	674
641	678
641	785
641	820
641	868
641	885
642	665
642	668
642	669
642	670
642	674
642	677
642	697
642	699
642	803
642	974
643	659
643	667
643	669
643	676
643	677
643	694
643	978
644	647
644	656
644	661
644	672
644	680
644	681
644	860
644	866
644	920
644	934
645	657
645	664
645	665
645	677
645	682
645	690
645	879
646	651
646	664
646	667
646	670
646	673
646	678
646	687
646	763
646	915
646	968
647	654
647	663
647	665
647	713
647	785
647	847
647	852
647	927
647	930
648	655
648	671
648	674
648	677
648	689
649	649
649	652
649	657
649	669
649	685
649	697
649	698
649	894
650	663
650	667
650	671
650	678
650	695
650	750
650	882
650	915
650	985
651	653
651	654
651	656
651	664
651	668
651	669
651	673
651	676
651	677
651	679
651	683
651	729
651	809
651	842
652	654
652	669
652	671
652	696
652	760
653	666
653	686
653	690
653	714
653	958
654	661
654	665
654	668
654	674
654	677
654	683
654	695
655	660
655	661
655	680
655	685
655	691
655	697
655	911
655	967
656	667
656	674
656	678
656	687
656	691
656	696
656	822
656	945
656	963
657	674
657	688
657	719
657	803
658	669
658	675
658	691
658	692
658	750
658	910
659	669
659	672
659	681
659	685
659	690
659	693
659	780
659	890
660	690
660	696
660	714
661	664
661	668
661	669
661	675
661	680
661	696
661	861
661	876
661	936
662	680
662	696
662	697
662	724
662	921
662	934
663	677
663	696
663	704
663	729
664	667
664	681
664	684
664	685
664	689
664	697
664	698
664	701
664	748
664	845
664	862
665	667
665	685
665	697
665	698
666	681
666	694
666	811
667	669
667	672
667	676
667	679
668	669
668	688
669	671
669	692
669	697
670	670
670	679
670	688
670	834
670	985
671	680
672	681
672	683
672	690
672	691
672	816
672	954
673	675
673	677
673	679
673	750
673	777
673	880
673	970
674	676
674	678
674	679
674	693
675	682
675	686
675	687
675	695
675	696
675	697
675	698
675	699
675	719
675	873
675	900
676	681
676	691
676	692
676	695
676	733
677	685
677	691
677	867
678	679
678	681
678	686
678	688
678	694
678	699
678	801
678	820
678	966
679	683
679	836
679	889
680	690
680	805
680	908
681	690
681	733
681	840
681	846
681	918
682	683
682	695
682	798
682	849
682	961
683	683
683	691
683	692
683	737
683	801
683	945
684	687
684	689
684	691
685	689
685	712
685	725
686	687
686	734
686	906
687	690
687	698
687	799
687	877
688	690
688	695
688	736
688	841
688	855
688	939
689	697
689	790
689	874
689	935
690	698
690	739
690	795
690	868
690	872
690	922
690	959
690	987
691	967
692	694
692	776
692	809
692	855
692	948
693	694
693	801
693	949
694	695
694	848
694	946
694	948
695	698
695	748
695	863
695	867
696	739
696	932
697	813
697	884
698	790
698	877
698	967
698	985
699	808
700	701
700	708
700	717
700	718
700	721
700	723
700	727
700	736
700	747
700	792
700	799
700	951
701	706
701	710
701	717
701	718
701	722
701	727
701	729
701	731
701	732
701	736
701	757
701	772
701	776
701	782
701	784
701	788
701	846
701	946
701	980
702	708
702	719
702	723
702	725
702	726
702	741
702	752
702	753
702	756
702	770
702	799
702	890
702	935
703	703
703	705
703	709
703	713
703	734
703	741
703	744
703	748
703	757
703	759
703	766
703	781
703	794
703	827
703	888
704	710
704	732
704	751
704	757
704	764
704	771
704	779
704	780
704	783
704	784
704	789
704	823
704	914
705	714
705	715
705	716
705	719
705	729
705	732
705	742
705	749
705	753
705	757
705	766
705	777
705	780
705	783
705	785
705	786
705	788
705	866
705	975
706	707
706	718
706	720
706	727
706	739
706	782
706	793
706	794
706	858
706	868
706	932
707	716
707	717
707	729
707	760
707	764
707	781
707	789
707	792
707	795
707	833
707	908
708	710
708	719
708	726
708	731
708	739
708	790
708	792
708	797
708	878
709	717
709	742
709	747
709	752
709	762
709	766
709	768
709	769
709	771
709	785
709	786
709	787
709	789
709	793
709	813
710	712
710	717
710	718
710	742
710	745
710	758
710	775
710	784
710	786
710	787
710	790
710	848
710	859
710	904
711	717
711	724
711	734
711	746
711	765
711	766
711	769
711	773
711	778
711	781
711	787
711	788
711	910
712	717
712	728
712	732
712	739
712	753
712	757
712	787
712	788
712	790
712	891
712	892
713	722
713	738
713	740
713	745
713	756
713	764
713	767
713	775
713	780
713	791
713	964
714	734
714	741
714	744
714	753
714	757
714	766
714	769
714	787
714	996
715	726
715	727
715	733
715	738
715	740
715	743
715	752
715	760
715	768
715	770
715	779
715	788
715	894
716	716
716	721
716	750
716	767
716	770
716	778
717	727
717	729
717	736
717	739
717	745
717	760
717	764
717	789
717	798
717	801
717	813
717	938
718	724
718	729
718	737
718	738
718	752
718	766
718	771
718	775
718	778
718	787
718	789
718	793
718	798
718	875
719	734
719	740
719	761
719	773
719	780
719	798
720	725
720	730
720	732
720	733
720	734
720	742
720	748
720	755
720	767
720	771
720	774
720	780
720	796
720	923
720	932
721	722
721	736
721	739
721	763
721	797
721	822
721	887
721	948
722	723
722	725
722	744
722	746
722	748
722	753
722	754
722	766
722	767
722	768
722	776
722	789
722	798
722	827
722	865
722	940
723	743
723	744
723	749
723	753
723	768
723	786
723	793
723	983
723	993
724	726
724	750
724	773
724	780
724	781
724	789
725	736
725	738
725	751
725	759
725	780
725	783
725	785
725	791
725	792
725	798
725	860
725	920
726	726
726	729
726	731
726	748
726	756
726	766
726	770
726	779
726	780
726	844
726	876
726	892
727	730
727	731
727	734
727	747
727	750
727	751
727	761
727	765
727	767
727	770
727	771
727	772
727	826
727	843
727	936
728	728
728	729
728	764
728	770
728	781
728	783
728	795
728	850
728	936
729	731
729	733
729	754
729	770
729	771
729	773
729	779
729	797
730	733
730	737
730	744
730	747
730	752
730	755
730	759
730	760
730	772
730	779
730	782
730	791
730	794
730	795
730	798
730	852
730	890
731	744
731	766
731	767
731	769
731	781
731	786
731	790
731	939
731	973
731	977
732	734
732	735
732	756
732	764
732	781
732	783
732	785
732	786
732	788
733	754
733	777
733	778
733	798
733	937
734	740
734	745
734	766
734	772
734	783
734	807
735	747
735	756
735	765
735	774
735	782
735	792
735	797
735	812
736	742
736	754
736	759
736	766
736	767
737	740
737	750
737	763
737	774
737	782
737	794
737	799
738	741
738	746
738	751
738	762
738	765
738	781
738	799
738	928
738	969
739	748
739	785
739	787
739	789
739	790
739	792
739	797
740	740
740	754
740	756
740	757
740	760
740	774
740	787
740	790
740	799
741	742
741	766
741	775
741	779
741	780
741	784
741	787
741	789
741	793
741	794
741	796
741	799
742	743
742	744
742	751
742	752
742	763
742	774
742	787
742	791
742	794
742	795
742	796
743	752
743	755
743	758
743	759
743	764
743	783
743	795
743	799
744	747
744	755
744	779
744	780
744	792
744	793
744	926
744	975
745	745
745	766
745	769
745	772
745	777
745	781
745	791
745	822
746	765
746	772
746	777
746	785
746	786
746	798
746	803
746	812
747	748
747	749
747	761
747	766
747	771
747	774
747	776
747	778
747	787
747	788
747	796
747	799
748	753
748	756
748	757
748	767
748	770
748	771
748	772
748	786
748	792
748	797
748	886
749	761
749	764
749	773
749	774
749	779
749	782
749	793
749	863
749	895
749	956
750	757
750	766
750	769
750	783
750	784
750	792
750	797
750	879
750	959
751	761
751	762
751	774
751	786
751	796
751	831
752	756
752	759
752	773
752	774
752	932
753	756
753	761
753	762
753	767
753	770
753	776
753	778
753	784
753	790
753	792
753	817
753	819
753	881
753	899
754	756
754	760
754	770
754	779
754	780
754	783
754	788
754	793
754	795
754	837
755	760
755	763
755	764
755	767
755	799
755	829
755	889
755	915
756	757
756	759
756	760
756	762
756	763
756	769
756	776
756	778
756	783
756	786
756	787
756	791
757	760
757	769
757	776
757	782
757	785
757	792
757	796
757	846
757	852
757	894
757	959
758	771
758	773
758	780
758	782
758	818
758	883
758	891
758	934
759	763
759	764
759	786
759	790
759	792
759	797
760	762
760	767
760	786
760	791
760	792
761	785
761	790
761	793
761	796
761	797
761	961
762	763
762	765
762	772
762	776
762	786
762	790
762	791
762	792
762	798
762	900
762	930
762	941
763	768
763	769
763	771
763	773
763	774
763	775
763	788
763	832
763	981
764	767
764	775
764	778
764	788
764	791
764	792
764	797
764	928
765	765
765	778
765	787
765	791
765	797
765	912
765	972
766	773
766	775
766	788
767	781
767	799
767	959
767	978
768	768
768	769
768	778
768	780
768	784
768	794
769	774
769	779
769	792
769	795
769	993
771	773
771	779
771	783
771	785
771	791
771	792
771	793
771	799
771	857
771	871
771	996
772	786
772	797
773	789
773	917
774	778
774	786
774	882
774	962
775	778
775	782
775	792
775	797
775	826
775	967
776	781
776	803
776	847
777	779
777	785
777	787
778	787
778	788
778	790
778	792
778	796
778	875
778	890
778	941
779	780
779	791
779	814
780	790
780	791
780	793
780	794
780	844
780	934
780	988
781	789
781	819
781	950
782	786
782	794
782	822
783	793
783	794
784	785
785	790
785	798
785	934
786	969
786	997
787	797
787	933
788	793
788	794
788	798
788	815
788	983
789	795
789	799
789	833
790	805
790	910
790	957
791	796
791	797
791	904
792	813
792	819
792	918
793	799
793	885
794	845
794	957
796	798
796	877
796	880
797	800
797	824
798	979
799	855
800	801
800	802
800	807
800	811
800	820
800	849
800	853
800	865
800	876
800	879
800	890
801	807
801	810
801	822
801	828
801	830
801	837
801	856
801	860
801	873
801	922
801	946
801	997
802	804
802	812
802	820
802	824
802	825
802	827
802	835
802	847
802	848
802	852
802	860
802	862
802	864
802	881
802	884
802	895
803	809
803	811
803	817
803	819
803	823
803	838
803	839
803	840
803	843
803	852
803	861
803	864
803	893
804	806
804	810
804	811
804	815
804	824
804	826
804	829
804	832
804	833
804	846
804	855
804	861
804	863
804	866
804	871
804	874
804	882
804	883
804	885
804	894
804	977
805	841
805	852
805	858
805	875
805	899
805	902
805	974
806	809
806	823
806	825
806	826
806	827
806	837
806	838
806	841
806	850
806	853
806	858
806	861
806	866
806	871
806	881
807	812
807	827
807	852
807	853
807	859
807	873
807	882
807	887
807	890
807	897
807	963
808	809
808	823
808	827
808	835
808	841
808	849
808	856
808	860
808	868
808	875
808	878
808	881
808	886
809	825
809	827
809	848
809	862
809	871
809	881
809	883
809	897
809	914
810	811
810	812
810	819
810	822
810	833
810	846
810	848
810	859
810	872
810	882
810	890
810	895
811	815
811	820
811	845
811	849
811	860
811	883
811	889
811	929
812	818
812	826
812	837
812	868
812	879
812	885
812	887
812	888
812	891
812	894
813	829
813	836
813	854
813	868
813	880
813	944
814	824
814	831
814	836
814	838
814	868
814	871
814	875
814	888
814	897
814	898
814	951
814	956
815	825
815	827
815	847
815	856
815	867
815	875
815	882
815	883
815	884
815	887
815	890
815	933
815	978
816	843
816	846
816	847
816	895
817	826
817	830
817	832
817	835
817	836
817	837
817	848
817	852
817	868
817	883
817	886
817	945
818	824
818	848
818	854
818	864
818	866
818	870
818	877
818	878
818	884
818	887
819	835
819	861
819	865
819	875
819	877
819	882
819	888
820	821
820	828
820	835
820	846
820	859
820	874
820	877
820	881
820	897
821	841
821	842
821	849
821	855
821	874
821	888
821	895
822	846
822	857
822	860
822	879
822	899
823	845
823	852
823	864
823	877
824	833
824	851
824	856
824	865
824	871
824	881
824	884
824	897
824	918
825	829
825	835
825	839
825	846
825	853
825	857
825	862
825	870
825	879
825	884
825	886
825	899
825	986
826	827
826	845
826	846
826	856
826	866
826	885
826	896
826	970
826	983
827	834
827	846
827	863
827	868
827	882
827	895
827	896
828	843
828	851
828	857
828	861
828	871
828	876
828	892
828	895
829	852
829	863
829	869
829	872
829	886
830	832
830	833
830	877
830	880
830	890
830	961
830	965
831	832
831	857
831	862
831	869
831	870
831	876
831	887
831	934
832	835
832	840
832	841
832	862
832	866
832	872
832	874
832	879
832	880
832	882
832	883
832	892
832	898
832	975
833	833
833	841
833	843
833	854
833	861
833	866
833	868
833	873
833	876
833	879
833	880
833	887
833	888
833	898
834	849
834	871
834	875
834	880
834	891
834	895
835	835
835	841
835	848
835	851
835	884
835	886
835	888
835	892
835	897
835	909
835	933
836	839
836	841
836	869
836	890
836	903
837	841
837	856
837	879
837	880
837	884
837	888
837	896
837	911
838	844
838	849
838	859
838	867
838	870
838	893
838	916
838	937
838	941
838	952
839	842
839	845
839	846
839	851
839	855
839	864
839	891
839	980
840	841
840	843
840	858
840	860
840	865
840	867
840	893
840	894
840	908
840	974
841	848
841	862
841	877
842	850
842	854
842	860
842	863
842	865
842	874
842	889
842	892
842	893
842	901
842	952
843	853
843	855
843	860
843	866
843	870
843	875
843	890
843	892
844	848
844	857
844	871
844	883
844	886
844	893
845	845
845	877
845	886
845	887
845	892
845	999
846	855
846	888
846	940
847	852
847	868
847	870
847	879
848	871
848	872
848	881
848	896
848	898
849	857
849	861
849	871
849	872
849	873
849	883
849	890
849	893
849	898
849	899
849	921
849	956
850	863
850	864
850	868
850	885
850	887
850	890
851	863
851	879
851	881
851	886
852	857
852	862
852	883
852	891
852	895
852	925
853	861
853	862
853	863
853	866
853	871
853	885
853	894
853	920
854	859
854	862
854	865
854	867
854	870
854	878
854	883
854	884
854	897
854	905
854	951
854	975
854	995
854	997
855	860
855	882
855	898
855	969
856	861
856	862
856	863
856	875
856	883
856	896
856	898
857	862
857	870
857	871
857	873
857	875
857	885
857	894
857	903
858	860
858	863
858	877
858	891
858	893
858	896
859	865
859	867
859	882
859	883
859	892
859	904
859	915
860	872
860	874
860	875
860	885
860	940
861	870
861	871
861	874
861	877
861	879
861	887
861	888
861	894
861	899
862	871
862	874
862	882
862	884
862	890
862	892
862	898
862	993
863	867
863	877
863	878
863	892
864	870
864	880
864	892
864	895
864	937
864	944
864	970
865	872
865	877
865	885
865	898
865	899
866	872
866	875
866	876
866	879
867	871
867	876
867	892
867	894
867	926
868	886
868	887
868	888
868	947
869	873
869	927
869	942
869	974
870	871
870	873
870	875
870	987
871	881
871	888
871	893
872	896
873	873
873	877
873	892
874	895
875	883
875	889
875	897
875	930
875	959
876	878
876	881
876	898
877	877
877	890
877	891
878	885
878	888
878	894
878	908
879	888
879	893
880	885
881	889
881	891
881	896
882	887
883	885
884	898
884	899
884	921
885	889
885	894
886	994
887	887
887	888
887	890
888	891
888	892
888	974
889	954
889	976
890	971
890	985
891	898
892	895
892	896
893	893
893	895
893	896
894	895
894	896
895	925
895	997
898	973
900	910
900	915
900	916
900	920
900	930
900	942
900	950
900	967
900	987
900	992
900	997
901	902
901	906
901	921
901	924
901	942
901	954
901	965
901	972
901	974
901	985
901	989
901	992
901	994
901	995
902	905
902	907
902	914
902	920
902	933
902	934
902	938
902	946
902	948
902	951
902	958
902	965
902	990
902	991
902	994
902	999
903	907
903	911
903	919
903	922
903	923
903	936
903	942
903	950
903	952
903	953
903	995
904	905
904	913
904	923
904	934
904	935
904	937
904	943
904	954
904	955
904	956
904	959
904	976
904	993
904	994
904	995
904	999
905	908
905	909
905	918
905	923
905	924
905	927
905	930
905	933
905	952
905	959
905	986
905	992
906	914
906	930
906	936
906	937
906	938
906	940
906	945
906	952
906	953
906	965
906	975
906	978
906	981
906	988
907	910
907	917
907	927
907	934
907	936
907	939
907	951
907	969
907	971
907	973
907	974
908	914
908	927
908	938
908	947
908	999
909	909
909	917
909	918
909	919
909	920
909	922
909	937
909	939
909	945
909	951
909	956
909	958
909	959
909	964
909	965
909	970
909	971
909	980
909	989
909	991
909	997
910	918
910	925
910	926
910	929
910	934
910	940
910	941
910	953
910	957
910	960
910	985
910	992
911	935
911	940
911	946
911	949
911	957
911	964
911	973
911	974
911	977
911	982
911	990
912	914
912	920
912	925
912	930
912	934
912	941
912	945
912	946
912	947
912	948
912	962
912	982
912	988
912	990
912	999
913	917
913	943
913	961
913	965
913	978
913	980
914	920
914	929
914	933
914	934
914	941
914	944
914	984
914	989
914	993
914	995
915	937
915	943
915	949
915	961
915	967
915	980
915	993
915	995
915	999
916	918
916	937
916	941
916	949
916	952
916	967
916	975
916	982
916	997
917	926
917	944
917	948
917	954
917	955
917	975
917	978
917	988
917	991
917	996
918	920
918	931
918	933
918	984
918	992
918	999
919	925
919	926
919	928
919	929
919	932
919	940
919	952
919	959
919	973
919	989
919	996
920	934
920	937
920	939
920	949
920	953
920	964
920	983
920	984
920	985
920	986
921	921
921	922
921	932
921	934
921	935
921	948
921	957
921	966
921	976
921	982
921	984
921	993
921	995
922	939
922	948
922	949
922	956
922	959
922	962
922	981
922	982
923	932
923	938
923	943
923	948
923	959
923	982
924	929
924	931
924	943
924	947
924	950
924	951
924	958
924	982
924	992
925	926
925	927
925	939
925	941
925	955
925	960
925	973
926	932
926	948
926	959
926	972
926	979
926	989
927	927
927	940
927	942
927	956
927	971
927	973
927	974
927	985
928	930
928	935
928	943
928	944
928	947
928	956
928	961
928	967
928	988
929	958
929	969
929	974
929	979
929	981
929	989
929	990
929	993
930	932
930	934
930	939
930	974
930	983
930	987
930	995
931	932
931	934
931	935
931	961
931	963
931	981
931	983
931	996
932	957
932	968
932	974
932	977
932	983
932	993
933	941
933	946
933	967
933	977
933	999
934	947
934	950
934	955
934	958
934	962
934	969
934	976
934	977
934	980
934	982
934	989
934	994
935	939
935	958
935	963
935	964
935	968
935	969
935	972
935	986
935	987
935	989
935	998
936	938
936	940
936	945
936	956
936	961
936	983
936	995
936	998
937	973
937	992
938	940
938	943
938	944
938	967
938	969
938	971
939	940
939	961
939	972
939	990
940	944
940	952
940	954
940	964
940	985
940	992
940	996
940	998
941	958
941	964
941	971
941	973
941	976
941	982
941	988
941	997
941	999
942	943
942	961
942	966
942	980
942	986
943	947
943	950
943	970
943	975
943	982
943	998
944	944
944	947
944	971
944	980
944	993
945	948
945	961
945	963
945	969
945	977
946	948
946	950
946	951
946	954
946	990
946	995
946	997
947	952
947	957
947	970
947	976
947	978
947	979
947	983
947	984
947	988
948	966
948	967
948	970
948	975
948	984
949	956
949	964
949	968
949	972
949	975
949	990
949	991
949	996
950	951
950	957
950	959
950	973
950	984
950	985
950	988
951	951
951	953
951	958
951	963
951	969
951	970
951	982
951	984
951	986
951	987
952	954
952	956
952	979
952	983
952	997
953	955
953	960
953	965
953	968
953	971
953	973
953	975
953	990
953	994
954	957
954	991
954	998
955	957
955	965
955	969
955	971
955	977
955	980
955	984
955	988
955	990
955	996
955	997
956	959
956	971
956	972
956	981
956	983
956	988
957	979
958	959
958	968
958	973
958	978
958	979
958	981
958	982
958	986
959	970
959	973
959	976
959	979
960	972
960	973
960	974
961	965
961	984
961	985
962	992
963	971
963	981
963	987
963	991
963	998
963	999
964	970
964	973
964	976
964	985
964	996
965	967
965	999
966	978
966	981
966	985
966	989
966	990
967	971
967	972
967	981
967	990
968	971
968	978
968	980
968	997
969	972
969	981
969	983
970	975
970	976
970	981
970	991
971	978
971	988
971	990
973	977
974	977
974	980
974	983
975	989
975	993
975	994
975	995
976	986
976	994
977	977
977	978
977	989
977	995
978	998
979	979
979	987
979	995
979	996
979	999
980	984
981	988
981	994
983	986
984	991
984	992
985	986
985	987
985	997
985	998
986	987
987	995
988	994
988	997
990	993
990	999
991	996
993	994
994	994
995	996
995	997
