0	3
0	5
0	22
0	27
0	44
0	70
0	83
0	93
0	171
0	180
0	233
0	250
0	550
0	655
0	703
0	855
0	890
0	893
0	916
1	1
1	19
1	20
1	39
1	40
1	41
1	51
1	59
1	78
1	86
1	136
1	280
1	779
1	786
1	843
1	873
2	5
2	9
2	23
2	42
2	49
2	52
2	55
2	69
2	82
2	135
2	217
2	283
2	294
2	456
2	573
3	3
3	6
3	23
3	42
3	59
3	65
3	67
3	92
3	93
3	141
3	205
3	246
3	341
3	375
3	380
3	423
3	448
3	481
3	645
3	709
3	740
3	780
3	832
3	880
3	903
3	986
4	22
4	26
4	31
4	64
4	67
4	88
4	93
4	194
4	217
4	305
4	443
4	468
4	583
4	646
5	8
5	14
5	35
5	40
5	63
5	69
5	76
5	87
5	89
5	95
5	125
5	297
5	476
5	730
5	939
6	21
6	22
6	24
6	28
6	32
6	35
6	42
6	52
6	59
6	60
6	76
6	80
6	426
6	454
6	539
6	679
6	851
6	854
7	17
7	22
7	28
7	43
7	49
7	51
7	55
7	62
7	63
7	70
7	78
7	82
7	86
7	91
7	97
7	306
7	397
7	426
7	453
7	614
7	618
8	16
8	29
8	38
8	42
8	84
8	87
8	92
8	96
8	245
8	359
8	606
8	635
8	666
8	763
8	820
9	12
9	19
9	55
9	151
9	243
9	569
9	584
9	710
9	893
9	948
9	976
10	13
10	23
10	26
10	30
10	50
10	54
10	64
10	67
10	72
10	80
10	169
10	404
10	556
10	577
10	585
10	623
10	713
10	731
10	881
10	981
11	13
11	26
11	40
11	43
11	54
11	57
11	66
11	68
11	78
11	83
11	189
11	322
11	525
11	542
11	599
11	923
11	982
12	27
12	35
12	40
12	51
12	52
12	56
12	58
12	59
12	62
12	64
12	75
12	203
12	293
12	412
12	473
12	554
12	591
12	694
12	876
13	15
13	17
13	28
13	33
13	43
13	57
13	86
13	99
13	239
13	768
13	969
13	975
14	15
14	51
14	52
14	56
14	59
14	63
14	66
14	84
14	123
14	207
14	220
14	421
14	513
14	523
14	580
14	634
14	716
14	736
14	737
14	769
14	775
14	825
14	922
15	17
15	27
15	42
15	45
15	55
15	73
15	79
15	81
15	89
15	95
15	97
15	154
15	164
15	339
15	497
15	511
15	672
15	814
15	853
15	902
16	19
16	44
16	47
16	52
16	60
16	75
16	80
16	83
16	84
16	96
16	99
16	372
16	528
16	652
16	712
16	811
16	828
17	25
17	26
17	27
17	33
17	39
17	42
17	56
17	65
17	66
17	71
17	73
17	74
17	75
17	77
17	88
17	96
17	196
17	234
17	249
17	308
17	372
17	388
17	629
17	755
17	814
17	817
17	939
17	955
17	988
17	989
18	31
18	35
18	38
18	42
18	55
18	229
18	517
18	581
18	620
18	750
18	816
18	996
18	998
19	20
19	34
19	38
19	61
19	74
19	96
19	97
19	284
19	541
19	657
19	745
20	28
20	32
20	35
20	42
20	47
20	59
20	67
20	84
20	95
20	96
20	107
20	130
20	164
20	387
20	462
20	556
20	815
20	843
20	860
21	23
21	36
21	42
21	47
21	79
21	98
21	103
21	166
21	270
21	316
21	362
21	433
21	439
21	858
21	874
22	26
22	34
22	39
22	40
22	48
22	56
22	60
22	88
22	113
22	427
22	498
22	651
22	880
23	28
23	39
23	44
23	63
23	77
23	90
23	99
23	135
23	136
23	184
23	467
23	477
23	513
23	917
23	976
24	28
24	50
24	55
24	66
24	75
24	77
24	83
24	86
24	128
24	168
24	336
24	505
24	572
24	708
24	714
24	755
24	940
24	942
24	968
25	33
25	37
25	38
25	39
25	51
25	57
25	59
25	65
25	68
25	84
25	131
25	132
25	180
25	227
25	249
25	375
25	396
25	463
25	762
25	970
25	975
26	30
26	34
26	48
26	70
26	83
26	92
26	105
26	341
26	659
26	724
26	755
26	810
26	839
26	881
26	977
27	29
27	36
27	40
27	43
27	44
27	53
27	66
27	80
27	97
27	99
27	210
27	232
27	400
27	658
27	670
27	677
27	773
27	782
27	865
27	928
27	949
27	960
27	986
28	35
28	36
28	39
28	51
28	58
28	68
28	76
28	78
28	95
28	97
28	232
28	319
28	320
28	361
28	369
28	391
28	394
28	493
28	798
28	810
28	882
29	30
29	51
29	72
29	99
29	139
29	149
29	214
29	220
29	328
29	346
29	414
29	504
29	574
29	775
29	818
30	39
30	88
30	92
30	167
30	231
30	239
30	388
30	433
30	528
30	601
30	684
30	819
30	998
31	48
31	55
31	69
31	71
31	77
31	95
31	122
31	174
31	202
31	285
31	305
31	497
31	569
31	591
31	637
32	35
32	36
32	46
32	47
32	61
32	62
32	76
32	81
32	82
32	85
32	89
32	94
32	150
32	193
32	217
32	219
32	244
32	327
32	366
32	389
32	400
32	530
32	766
32	852
32	887
32	922
32	940
32	985
33	43
33	49
33	80
33	92
33	96
33	271
33	409
33	442
33	444
33	581
33	606
33	702
33	723
33	814
33	840
34	44
34	50
34	79
34	80
34	83
34	92
34	94
34	99
34	122
34	574
34	790
34	966
35	44
35	48
35	53
35	55
35	67
35	71
35	72
35	75
35	84
35	87
35	103
35	257
35	293
35	452
35	623
35	638
35	883
36	59
36	87
36	92
36	97
36	120
36	207
36	259
36	387
36	453
36	512
36	520
36	561
36	569
36	656
36	660
36	667
36	755
36	830
37	41
37	44
37	63
37	73
37	77
37	94
37	126
37	147
37	260
37	440
37	465
37	479
37	721
37	760
37	881
37	958
37	981
38	46
38	48
38	66
38	71
38	89
38	141
38	170
38	292
38	294
38	359
38	391
38	398
38	557
38	799
38	887
38	924
39	45
39	66
39	76
39	78
39	105
39	116
39	450
39	594
39	719
39	775
39	916
39	918
40	51
40	52
40	77
40	82
40	87
40	99
40	114
40	215
40	219
40	260
40	333
40	520
40	586
40	802
40	847
40	863
40	981
41	43
41	50
41	52
41	57
41	59
41	66
41	68
41	71
41	79
41	83
41	282
41	347
41	601
41	717
41	823
42	45
42	59
42	62
42	71
42	92
42	98
42	167
42	175
42	364
42	618
42	638
42	907
43	52
43	81
43	89
43	92
43	197
43	219
43	495
43	644
43	843
43	993
44	46
44	48
44	51
44	61
44	62
44	76
44	85
44	99
44	155
44	185
44	231
44	390
44	589
44	667
44	680
44	861
44	949
45	48
45	50
45	80
45	88
45	96
45	143
45	194
45	249
45	303
45	373
45	582
45	687
45	789
45	838
45	906
45	983
46	49
46	60
46	65
46	66
46	67
46	81
46	83
46	88
46	98
46	193
46	227
46	273
46	407
46	470
46	541
46	564
46	674
46	793
46	901
46	962
46	984
47	47
47	53
47	87
47	128
47	364
47	409
47	493
47	540
47	561
47	567
47	623
47	641
47	741
47	779
47	805
47	809
47	832
48	57
48	65
48	72
48	79
48	92
48	111
48	184
48	197
48	220
48	555
48	698
48	707
48	740
48	873
48	951
48	999
49	53
49	93
49	98
49	105
49	106
49	186
49	323
49	352
49	451
49	594
49	637
49	707
49	819
49	988
50	58
50	62
50	65
50	70
50	83
50	97
50	351
50	599
50	682
50	702
50	789
50	800
50	895
50	903
51	69
51	75
51	86
51	90
51	91
51	141
51	269
51	404
51	439
51	563
51	652
51	752
51	831
51	863
51	888
51	908
51	916
52	55
52	56
52	57
52	64
52	69
52	71
52	76
52	79
52	80
52	91
52	96
52	97
52	381
52	557
52	648
52	656
52	809
52	821
52	924
53	53
53	55
53	60
53	71
53	90
53	96
53	322
53	386
53	423
53	648
53	752
53	996
54	82
54	88
54	96
54	99
54	295
54	322
54	324
54	436
54	443
54	726
54	880
54	936
54	970
55	60
55	72
55	77
55	79
55	82
55	88
55	91
55	127
55	203
55	330
55	489
55	506
55	524
55	573
56	61
56	64
56	77
56	95
56	100
56	154
56	172
56	221
56	285
56	361
56	714
56	737
56	796
56	956
57	65
57	66
57	78
57	82
57	84
57	249
57	389
57	551
57	834
57	976
58	58
58	73
58	86
58	88
58	96
58	100
58	109
58	182
58	331
58	436
58	612
58	661
58	708
58	812
58	870
58	923
58	984
59	63
59	148
59	149
59	307
59	498
59	621
59	666
59	732
59	794
59	807
59	933
59	942
59	955
59	966
59	991
60	61
60	79
60	96
60	97
60	151
60	187
60	457
60	689
60	810
60	939
60	958
61	62
61	63
61	161
61	237
61	418
61	424
61	473
61	644
61	743
61	774
61	876
62	82
62	84
62	88
62	95
62	158
62	190
62	203
62	293
62	303
62	354
62	461
62	506
62	547
62	621
62	643
62	948
63	82
63	83
63	84
63	93
63	95
63	254
63	323
63	491
63	686
63	692
63	739
63	830
63	923
64	75
64	79
64	82
64	95
64	122
64	537
64	611
64	891
64	932
65	213
65	236
65	456
65	517
65	646
65	680
65	851
65	932
66	84
66	95
66	403
66	406
66	473
66	689
66	774
66	845
66	997
67	81
67	86
67	137
67	275
67	280
67	320
67	800
67	818
68	68
68	74
68	76
68	78
68	89
68	94
68	123
68	411
68	667
68	710
68	792
68	853
68	917
68	952
68	972
68	980
69	70
69	75
69	78
69	88
69	92
69	97
69	139
69	170
69	205
69	227
69	236
69	459
69	501
69	553
69	721
69	722
69	749
69	753
69	837
69	861
69	889
70	70
70	74
70	89
70	205
70	248
70	408
70	466
70	514
70	540
70	713
70	808
70	888
70	993
70	994
71	76
71	78
71	91
71	95
71	210
71	225
71	315
71	420
71	473
71	580
71	903
72	73
72	80
72	95
72	103
72	252
72	303
72	341
72	441
72	471
72	492
72	550
72	610
72	626
72	653
72	686
72	832
72	934
72	937
72	957
72	997
73	74
73	78
73	79
73	146
73	297
73	431
73	712
73	765
73	816
73	916
73	965
73	967
74	77
74	87
74	188
74	588
74	645
74	657
74	676
74	713
74	761
74	765
74	797
74	964
75	79
75	80
75	86
75	92
75	94
75	187
75	212
75	345
75	551
75	772
75	973
76	77
76	97
76	98
76	146
76	195
76	205
76	211
76	459
76	563
76	722
76	733
77	93
77	95
77	369
77	396
77	444
77	505
77	623
77	656
77	813
78	90
78	97
78	110
78	623
78	627
78	741
78	828
78	833
78	908
79	92
79	93
79	96
79	98
79	142
79	348
79	525
79	568
79	613
79	726
79	778
80	88
80	128
80	208
80	510
80	564
80	593
80	628
81	87
81	91
81	247
81	275
81	375
81	449
81	546
81	582
81	886
82	91
82	187
82	190
82	412
82	477
82	541
82	649
82	664
82	769
82	808
82	858
82	859
82	972
83	88
83	254
83	311
83	353
83	545
83	856
84	85
84	96
84	186
84	187
84	493
84	665
84	691
84	911
85	135
85	300
85	381
85	434
85	635
85	820
85	959
86	89
86	93
86	260
86	434
86	558
86	647
86	673
86	687
86	745
86	896
86	992
87	111
87	204
87	275
87	298
87	423
87	687
87	709
87	790
87	842
87	866
87	894
87	975
88	90
88	93
88	158
88	172
88	404
88	690
88	700
88	705
88	959
88	968
89	93
89	94
89	97
89	145
89	255
89	353
89	504
89	678
89	753
90	91
90	150
90	171
90	358
90	567
90	659
90	783
90	919
91	94
91	195
91	323
91	386
91	437
91	442
91	503
91	797
91	855
91	934
91	961
91	969
92	168
92	195
92	371
92	386
92	478
92	566
92	579
92	589
92	729
92	731
92	756
92	758
92	922
93	98
93	115
93	228
93	469
93	543
93	593
93	994
94	347
94	413
94	467
94	626
94	665
94	703
94	715
94	937
95	134
95	636
95	777
95	883
95	896
95	911
95	949
96	147
96	231
96	281
96	351
96	413
96	772
96	908
96	984
97	98
97	287
97	393
97	410
97	483
97	486
97	531
97	558
97	636
97	675
97	724
97	951
98	134
98	251
98	298
98	362
98	441
98	480
98	498
98	591
98	723
98	733
98	944
99	440
100	103
100	139
100	144
100	164
100	165
100	187
100	214
100	226
100	406
100	476
100	553
100	574
100	674
100	702
100	779
100	789
100	943
100	994
101	104
101	108
101	124
101	130
101	132
101	143
101	145
101	150
101	151
101	152
101	155
101	167
101	184
101	186
101	194
101	195
101	198
101	217
101	243
101	481
101	502
101	631
101	972
101	975
102	108
102	114
102	122
102	138
102	156
102	158
102	163
102	164
102	188
102	189
102	239
102	320
102	577
102	594
102	703
102	793
102	868
102	903
103	107
103	111
103	119
103	121
103	123
103	128
103	138
103	158
103	164
103	166
103	171
103	181
103	183
103	190
103	286
103	287
103	387
103	468
103	551
103	644
103	819
103	843
103	884
103	919
104	107
104	114
104	122
104	126
104	135
104	152
104	180
104	187
104	231
104	316
104	388
104	439
104	602
104	644
104	725
104	925
105	110
105	113
105	116
105	120
105	132
105	137
105	138
105	140
105	141
105	151
105	152
105	166
105	180
105	181
105	183
105	199
105	233
105	424
105	516
105	751
106	117
106	127
106	136
106	139
106	149
106	150
106	156
106	160
106	166
106	176
106	197
106	198
106	220
106	306
106	404
106	422
106	459
106	498
106	568
106	639
106	755
106	760
106	960
106	982
107	111
107	120
107	142
107	143
107	157
107	172
107	233
107	240
107	264
107	282
107	321
107	421
107	500
108	108
108	110
108	126
108	131
108	136
108	144
108	150
108	157
108	171
108	178
108	191
108	199
108	242
108	306
108	445
108	485
108	488
108	490
108	818
108	925
108	936
109	119
109	143
109	154
109	159
109	161
109	165
109	170
109	193
109	216
109	329
109	386
109	582
109	775
109	780
109	898
109	929
110	117
110	118
110	125
110	135
110	159
110	175
110	192
110	329
110	330
110	715
110	857
110	995
111	125
111	126
111	131
111	136
111	137
111	141
111	147
111	153
111	167
111	168
111	180
111	181
111	183
111	189
111	192
111	194
111	372
111	438
111	446
111	490
111	526
111	580
111	701
111	832
111	949
111	953
112	114
112	120
112	121
112	126
112	128
112	150
112	153
112	162
112	166
112	171
112	175
112	178
112	188
112	193
112	211
112	599
112	667
112	808
112	860
112	882
112	907
112	921
113	127
113	133
113	139
113	143
113	147
113	173
113	178
113	196
113	294
113	317
113	335
113	349
113	363
113	468
113	507
113	538
113	734
113	934
114	179
114	181
114	196
114	292
114	355
114	358
114	379
114	546
114	602
114	693
114	701
114	845
114	909
114	949
114	993
115	116
115	132
115	134
115	147
115	156
115	175
115	178
115	187
115	253
115	314
115	391
115	416
115	430
115	494
115	692
115	720
115	757
115	767
115	963
116	131
116	150
116	161
116	165
116	171
116	182
116	242
116	316
116	467
116	502
116	601
117	125
117	132
117	133
117	141
117	143
117	150
117	160
117	166
117	167
117	171
117	174
117	182
117	189
117	192
117	197
117	309
117	558
117	623
117	650
117	812
117	893
118	135
118	139
118	145
118	150
118	158
118	160
118	164
118	175
118	194
118	195
118	205
118	223
118	234
118	299
118	307
118	308
118	325
118	341
118	471
118	474
118	516
118	543
118	569
118	574
118	578
118	607
118	814
118	946
119	130
119	132
119	177
119	179
119	183
119	186
119	196
119	199
119	211
119	218
119	322
119	346
119	479
119	575
119	655
119	676
119	843
119	993
120	127
120	143
120	183
120	189
120	287
120	368
120	534
120	590
120	743
120	944
121	146
121	152
121	159
121	183
121	186
121	198
121	239
121	381
121	493
121	581
121	586
121	602
121	609
121	688
122	123
122	127
122	128
122	135
122	145
122	147
122	155
122	160
122	179
122	182
122	191
122	276
122	294
122	312
122	341
122	505
122	741
122	916
122	948
123	130
123	134
123	150
123	156
123	157
123	172
123	188
123	190
123	194
123	196
123	548
123	684
123	791
124	125
124	144
124	153
124	156
124	158
124	163
124	164
124	177
124	185
124	196
124	340
124	374
124	442
124	482
124	536
124	560
124	745
124	747
124	766
124	782
124	863
124	865
124	889
125	127
125	128
125	148
125	150
125	158
125	170
125	181
125	198
125	216
125	316
125	334
125	393
125	403
125	456
125	565
125	732
125	774
125	877
125	903
125	959
125	985
126	139
126	164
126	186
126	190
126	484
126	533
126	725
126	737
127	132
127	135
127	137
127	145
127	147
127	168
127	178
127	179
127	187
127	190
127	198
127	226
127	256
127	325
127	480
127	524
127	602
127	629
127	671
127	792
127	885
127	905
127	910
127	987
128	129
128	132
128	147
128	148
128	149
128	150
128	179
128	195
128	259
128	282
128	385
128	562
128	834
129	131
129	138
129	141
129	143
129	162
129	178
129	190
129	232
129	239
129	362
129	446
129	458
129	474
129	479
129	554
129	577
129	676
129	692
129	735
129	991
129	995
129	998
130	131
130	149
130	154
130	155
130	160
130	171
130	172
130	175
130	181
130	185
130	233
130	372
130	480
130	624
130	840
130	868
130	933
130	966
130	993
131	132
131	133
131	136
131	160
131	166
131	176
131	182
131	278
131	321
131	451
131	563
131	903
131	922
132	181
132	192
132	391
132	439
132	608
132	765
132	796
132	817
132	822
132	992
133	136
133	150
133	161
133	164
133	173
133	177
133	186
133	269
133	324
133	327
133	374
133	519
133	674
133	721
133	739
133	750
133	801
133	898
134	144
134	169
134	175
134	191
134	198
134	493
134	573
134	766
134	896
134	959
135	148
135	154
135	156
135	169
135	185
135	186
135	190
135	257
135	325
135	367
135	631
135	700
135	733
135	957
136	165
136	173
136	176
136	178
136	185
136	188
136	196
136	307
136	338
136	404
136	448
136	500
136	829
136	888
137	140
137	169
137	175
137	176
137	184
137	185
137	192
137	351
137	456
137	819
137	937
138	139
138	148
138	156
138	165
138	170
138	175
138	177
138	183
138	189
138	192
138	195
138	199
138	298
138	302
138	418
138	449
138	699
138	832
138	850
138	901
139	145
139	154
139	157
139	159
139	160
139	167
139	169
139	171
139	176
139	194
139	199
139	441
139	520
139	582
139	760
139	791
140	162
140	180
140	183
140	185
140	187
140	313
140	704
140	784
140	804
140	911
140	921
141	154
141	162
141	179
141	180
141	184
141	185
141	188
141	373
141	407
141	430
141	472
141	483
141	512
141	572
141	594
141	773
141	794
141	879
141	959
141	985
142	144
142	170
142	178
142	181
142	188
142	256
142	280
142	287
142	320
142	324
142	423
142	488
142	520
142	533
142	559
142	598
142	636
142	701
142	833
142	992
143	151
143	158
143	165
143	188
143	191
143	287
143	294
143	470
143	483
143	548
143	561
143	587
143	693
143	789
143	791
143	966
144	164
144	165
144	171
144	181
144	186
144	198
144	204
144	245
145	148
145	158
145	160
145	164
145	174
145	198
145	218
145	397
145	451
145	457
145	724
145	943
146	160
146	180
146	188
146	191
146	193
146	238
146	340
146	345
146	396
146	540
146	696
146	708
146	990
147	165
147	173
147	182
147	186
147	190
147	326
147	332
147	556
147	568
147	664
147	723
147	987
148	148
148	154
148	156
148	167
148	183
148	193
148	214
148	480
148	610
148	946
149	156
149	160
149	164
149	173
149	181
149	185
149	187
149	191
149	235
149	400
149	527
149	576
149	590
149	815
150	154
150	163
150	165
150	168
150	172
150	176
150	187
150	191
150	215
150	221
150	610
150	753
150	759
150	807
150	870
150	899
151	162
151	186
151	190
151	213
151	304
151	352
151	508
151	528
151	669
151	984
152	154
152	166
152	182
152	288
152	472
152	477
152	521
152	550
152	624
152	641
152	714
152	778
153	155
153	159
153	164
153	183
153	278
153	511
153	566
153	576
154	161
154	163
154	168
154	177
154	191
154	228
154	294
154	333
154	391
154	688
154	699
154	930
154	956
155	166
155	170
155	171
155	176
155	184
155	196
155	198
155	259
155	294
155	302
155	311
155	393
155	413
155	418
155	539
155	545
155	607
155	831
155	851
155	992
156	167
156	168
156	185
156	192
156	199
156	293
156	312
156	435
156	563
156	600
156	748
156	909
157	162
157	174
157	195
157	304
157	479
157	513
157	525
157	530
157	606
157	742
157	877
157	914
158	179
158	180
158	185
158	187
158	212
158	262
158	333
158	526
158	652
158	827
158	842
158	890
159	162
159	180
159	196
159	353
159	406
159	439
159	493
159	552
159	600
159	702
159	749
159	844
159	859
160	180
160	270
160	299
160	397
160	467
160	506
160	650
160	997
161	166
161	169
161	172
161	174
161	190
161	198
161	226
161	657
161	725
161	774
161	884
161	892
161	911
162	165
162	168
162	169
162	276
162	288
162	595
162	600
162	632
162	837
162	857
162	911
162	946
163	164
163	170
163	188
163	418
163	620
163	693
163	736
163	744
163	823
163	876
164	690
164	841
164	885
164	968
164	972
164	984
164	985
164	991
165	172
165	177
165	189
165	196
165	418
165	435
165	694
165	802
166	168
166	171
166	174
166	184
166	289
166	502
166	626
166	636
166	673
166	689
166	762
166	830
167	168
167	184
167	190
167	191
167	199
167	441
167	718
167	760
167	772
167	858
167	915
168	180
168	190
168	199
168	205
168	394
168	409
168	426
168	608
168	647
168	783
168	791
168	939
168	941
168	970
169	181
169	318
169	439
169	455
169	728
169	787
169	892
170	176
170	178
170	484
170	535
170	588
170	718
170	868
170	935
170	950
170	972
171	181
171	182
171	184
171	200
171	257
171	320
171	378
171	578
171	598
171	741
171	907
171	934
171	990
172	194
172	219
172	392
172	439
172	526
172	576
172	827
172	962
173	181
173	310
173	462
173	584
173	589
173	606
173	612
173	641
173	905
174	189
174	250
174	446
174	642
174	658
174	811
174	989
175	188
175	212
175	332
175	666
175	717
175	729
175	825
175	981
176	181
176	239
176	372
176	431
176	548
176	634
176	666
176	731
176	753
176	760
176	830
176	862
176	897
176	951
177	180
177	194
177	257
177	336
177	367
177	393
177	451
177	503
177	583
177	601
177	630
177	765
178	183
178	192
178	193
178	194
178	199
178	577
178	607
178	647
178	726
178	842
178	945
179	180
179	181
179	193
179	222
179	599
179	739
179	758
180	181
180	182
180	190
180	195
180	224
180	272
180	427
180	450
180	572
180	590
180	998
181	182
181	194
181	214
181	428
181	468
181	471
181	856
181	866
181	915
181	958
181	995
182	248
182	478
182	606
182	941
182	956
182	964
182	987
183	184
183	198
183	379
183	438
183	626
183	721
183	860
183	968
184	191
184	193
184	199
184	384
184	610
184	665
184	741
185	191
185	200
185	446
185	475
185	585
185	638
185	740
185	846
185	891
185	908
185	957
186	301
186	352
186	506
186	865
186	983
186	999
187	188
187	191
187	234
187	344
187	538
187	908
188	190
188	199
188	309
188	442
188	563
188	688
188	803
188	866
188	948
189	215
189	255
189	767
189	996
190	203
190	205
190	227
190	246
190	332
190	443
190	505
190	583
190	707
190	777
190	850
191	448
191	531
191	583
191	712
191	993
192	291
192	379
192	602
192	604
192	620
192	660
192	818
193	194
193	198
193	253
193	272
193	531
193	562
193	848
193	866
193	938
193	972
194	232
194	502
194	509
194	517
194	556
194	584
194	695
195	280
195	369
195	499
195	568
195	609
195	618
195	675
195	864
195	962
195	978
196	221
196	264
196	367
196	676
196	827
196	860
196	912
196	988
197	260
197	261
197	263
197	417
197	430
197	457
197	538
197	827
197	941
198	209
198	233
198	253
198	333
198	352
198	374
198	387
198	452
198	455
198	710
198	724
198	815
198	846
198	854
198	862
198	887
199	399
199	421
199	506
199	615
199	790
199	912
199	916
199	948
200	208
200	214
200	217
200	238
200	241
200	253
200	258
200	264
200	269
200	279
200	284
200	285
200	288
200	289
200	290
200	372
200	633
200	673
200	703
200	709
200	877
201	205
201	213
201	220
201	221
201	222
201	233
201	250
201	257
201	259
201	264
201	267
201	271
201	277
201	287
201	296
201	299
201	500
201	546
201	901
201	909
202	203
202	207
202	211
202	217
202	222
202	227
202	247
202	248
202	277
202	282
202	337
202	376
202	416
202	427
202	508
202	641
202	704
202	765
202	976
202	994
203	217
203	221
203	235
203	241
203	249
203	270
203	279
203	329
203	402
203	697
203	854
203	901
204	217
204	246
204	264
204	265
204	266
204	288
204	289
204	299
204	333
204	350
204	353
204	364
204	474
204	618
204	688
204	696
204	790
205	209
205	212
205	219
205	222
205	239
205	256
205	258
205	263
205	287
205	295
205	423
205	503
205	539
205	670
205	685
205	791
205	840
205	923
206	215
206	219
206	220
206	221
206	227
206	232
206	235
206	258
206	267
206	281
206	285
206	289
206	294
206	461
206	664
206	820
206	937
206	982
207	208
207	212
207	222
207	229
207	230
207	233
207	245
207	256
207	263
207	288
207	294
207	298
207	638
207	668
207	735
207	811
207	902
208	245
208	279
208	302
208	307
208	436
208	557
208	640
208	981
208	997
209	217
209	225
209	239
209	247
209	251
209	265
209	270
209	271
209	273
209	410
209	636
209	663
209	900
210	213
210	248
210	257
210	261
210	271
210	273
210	278
210	286
210	287
210	288
210	298
210	329
210	446
210	719
210	820
210	976
210	984
211	213
211	219
211	227
211	228
211	231
211	240
211	241
211	243
211	253
211	264
211	268
211	271
211	280
211	291
211	301
211	455
211	665
211	709
211	770
211	804
211	854
211	943
211	987
211	993
211	997
212	226
212	230
212	234
212	243
212	244
212	246
212	249
212	255
212	267
212	273
212	282
212	291
212	379
212	743
212	782
212	843
212	859
212	989
213	217
213	240
213	243
213	245
213	258
213	262
213	284
213	285
213	287
213	296
213	333
213	406
213	483
213	528
213	611
213	946
213	982
214	218
214	228
214	238
214	240
214	242
214	243
214	249
214	252
214	253
214	255
214	265
214	277
214	283
214	287
214	312
214	354
214	562
214	618
214	851
214	921
214	941
214	999
215	221
215	230
215	233
215	244
215	262
215	271
215	272
215	273
215	280
215	292
215	299
215	406
215	621
215	783
215	822
216	222
216	240
216	259
216	260
216	266
216	270
216	274
216	278
216	280
216	294
216	295
216	313
216	439
216	603
216	706
216	833
216	932
216	957
217	227
217	234
217	235
217	250
217	274
217	278
217	280
217	388
218	226
218	232
218	237
218	265
218	268
218	276
218	282
218	324
218	325
218	425
218	498
218	508
219	221
219	225
219	239
219	244
219	245
219	257
219	258
219	268
219	272
219	276
219	283
219	290
219	299
219	653
219	723
219	747
219	788
219	868
220	227
220	236
220	237
220	238
220	255
220	269
220	272
220	279
220	296
220	297
220	352
220	367
220	492
220	556
220	582
220	593
220	596
220	670
220	803
220	904
220	932
220	981
221	254
221	277
221	298
221	376
221	413
221	561
221	607
221	724
221	944
222	224
222	228
222	229
222	239
222	255
222	259
222	271
222	275
222	277
222	279
222	297
222	299
222	530
222	659
222	927
223	232
223	248
223	252
223	254
223	284
223	287
223	300
223	407
223	472
223	559
223	641
223	724
223	756
224	226
224	227
224	234
224	242
224	246
224	253
224	266
224	276
224	288
224	361
224	412
224	430
224	472
224	515
224	548
224	605
224	666
224	723
224	768
224	877
225	241
225	242
225	252
225	258
225	276
225	277
225	285
225	291
225	292
225	306
225	376
225	721
225	858
226	231
226	237
226	241
226	250
226	258
226	261
226	266
226	272
226	280
226	293
226	438
226	578
226	583
226	602
226	725
227	229
227	231
227	240
227	243
227	250
227	255
227	256
227	263
227	275
227	281
227	449
227	462
227	591
227	632
227	689
227	714
227	906
227	978
228	254
228	267
228	283
228	285
228	339
228	476
228	543
228	562
228	575
228	623
228	881
228	955
229	238
229	266
229	268
229	271
229	285
229	297
229	473
229	496
229	575
229	611
229	626
229	913
230	296
230	397
230	423
230	442
230	486
230	639
230	702
230	836
230	997
231	235
231	240
231	248
231	251
231	253
231	258
231	292
231	298
231	327
231	545
231	607
231	785
231	843
231	905
231	991
232	245
232	252
232	253
232	265
232	267
232	281
232	286
232	386
232	481
232	560
232	589
232	944
232	991
233	252
233	256
233	257
233	259
233	265
233	275
233	288
233	289
233	291
233	296
233	532
233	598
233	795
233	799
233	834
233	919
234	243
234	245
234	247
234	251
234	259
234	263
234	276
234	298
234	371
234	382
234	471
234	639
234	787
234	924
235	246
235	251
235	263
235	278
235	287
235	319
235	455
235	677
235	852
235	952
236	254
236	276
236	299
236	331
236	379
236	442
236	538
236	560
236	610
236	638
236	883
237	239
237	242
237	257
237	260
237	265
237	267
237	270
237	278
237	281
237	290
237	293
237	390
237	447
237	490
237	611
237	684
237	837
237	884
237	889
237	902
238	242
238	261
238	264
238	267
238	270
238	272
238	290
238	375
238	402
238	436
238	604
238	670
238	677
238	714
238	842
238	866
238	873
239	242
239	247
239	251
239	264
239	277
239	283
239	296
239	379
239	464
239	493
239	509
239	639
239	720
239	754
239	768
239	777
239	811
239	888
240	247
240	263
240	282
240	287
240	449
240	647
240	827
240	946
240	957
240	996
241	246
241	248
241	257
241	298
241	300
241	406
241	413
241	476
241	549
241	655
241	785
241	791
242	246
242	267
242	286
242	291
242	334
242	375
242	442
242	467
242	509
242	520
242	704
242	709
242	836
242	857
242	927
243	251
243	260
243	264
243	280
243	282
243	287
243	404
243	926
243	971
244	252
244	254
244	258
244	269
244	275
244	279
244	298
244	310
244	344
244	451
244	527
244	573
244	693
244	913
245	255
245	259
245	269
245	292
245	312
245	370
245	530
245	627
245	709
245	738
245	748
245	842
246	259
246	268
246	284
246	286
246	298
246	335
246	351
246	402
246	457
246	672
246	809
247	252
247	267
247	299
247	451
247	538
247	587
247	693
247	694
247	806
248	262
248	277
248	283
248	296
248	299
248	457
248	707
248	996
249	256
249	285
249	293
249	295
249	300
249	601
249	641
249	743
249	947
250	255
250	274
250	290
250	296
250	348
250	350
250	508
250	551
250	809
250	901
250	930
250	947
250	957
251	262
251	296
251	426
251	433
251	495
251	668
251	919
252	254
252	255
252	257
252	267
252	276
252	282
252	295
252	314
252	387
252	408
252	526
252	634
252	843
252	933
253	266
253	278
253	340
253	367
253	393
253	577
253	615
253	750
253	801
253	933
254	256
254	258
254	268
254	274
254	283
254	284
254	292
254	293
254	350
254	397
254	446
254	561
254	568
254	647
254	656
254	669
254	683
254	904
254	912
255	281
255	283
255	323
255	444
255	531
255	563
255	583
255	663
255	745
255	755
255	838
255	885
256	259
256	275
256	283
256	296
256	297
256	329
256	393
256	422
256	624
256	713
256	725
256	730
256	767
256	992
257	261
257	272
257	274
257	285
257	664
257	707
257	824
257	874
257	909
257	938
257	943
257	968
258	258
258	260
258	267
258	278
258	286
258	289
258	512
258	626
258	737
258	747
258	855
258	856
258	933
259	275
259	281
259	287
259	293
259	302
259	303
259	617
259	726
259	743
259	788
259	853
259	982
260	264
260	276
260	284
260	291
260	293
260	467
260	661
260	682
260	687
260	745
260	759
260	826
261	265
261	269
261	273
261	279
261	283
261	286
261	294
261	483
261	506
261	612
261	708
261	817
261	838
261	918
262	264
262	267
262	282
262	340
262	429
262	431
262	507
262	637
262	730
263	263
263	265
263	276
263	286
263	287
263	294
263	297
263	319
263	355
263	382
263	676
264	266
264	271
264	479
264	640
264	770
264	800
264	887
265	288
265	293
265	327
265	389
265	498
265	746
265	804
265	806
265	900
265	916
265	928
266	282
266	294
266	298
266	299
266	323
266	355
266	605
266	618
266	734
267	271
267	290
267	297
267	435
267	487
267	665
267	734
268	280
268	299
268	339
268	559
268	574
268	577
268	695
268	765
269	273
269	275
269	285
269	292
269	403
269	492
269	510
269	599
269	628
269	675
269	756
269	779
269	885
270	277
270	281
270	295
270	296
270	298
270	510
270	535
270	887
270	903
270	988
271	278
271	294
271	299
271	324
271	492
271	574
271	623
271	654
271	722
271	730
271	866
272	287
272	361
272	439
272	465
272	500
272	532
272	611
272	650
272	712
272	773
272	781
272	791
272	900
273	273
273	276
273	278
273	287
273	293
273	471
273	537
273	553
273	580
273	586
273	688
273	704
273	790
273	843
273	868
274	275
274	282
274	292
274	338
274	413
274	492
274	508
274	595
274	723
274	777
274	800
274	863
275	279
275	280
275	285
275	411
275	415
275	850
275	985
276	280
276	281
276	434
276	571
276	826
276	893
276	922
276	968
277	288
277	420
277	660
277	753
277	868
277	954
278	291
278	296
278	317
278	345
278	569
278	771
278	817
279	293
279	418
279	526
279	663
279	872
280	283
280	286
280	292
280	300
280	316
280	329
280	354
280	432
280	477
280	550
280	833
280	859
281	417
281	426
281	437
281	474
281	494
281	516
281	806
282	287
282	292
282	294
282	512
282	521
282	536
282	618
282	774
282	897
282	944
283	296
283	344
283	702
283	836
284	299
284	340
284	412
284	480
284	539
284	562
284	698
284	914
285	364
285	382
285	408
285	469
285	521
285	553
285	869
285	901
285	927
285	949
286	301
286	357
286	495
286	756
286	886
286	903
286	985
287	310
287	346
287	396
287	547
287	702
287	781
287	855
287	876
288	295
288	297
288	413
288	493
288	597
288	747
288	996
289	382
289	406
289	436
289	507
289	520
289	521
289	552
289	589
289	618
289	634
289	637
289	683
289	772
289	788
289	938
289	943
289	960
289	972
290	295
290	406
290	445
290	474
290	640
290	870
291	298
291	332
291	448
291	657
291	698
291	886
291	952
291	965
291	986
292	303
292	359
292	396
292	498
292	650
292	687
292	726
292	954
293	338
293	397
293	440
293	599
293	704
293	906
293	926
293	998
294	299
294	334
294	351
294	438
294	487
294	505
294	647
294	855
294	944
295	298
295	368
295	389
295	655
295	694
295	863
295	929
296	398
296	638
296	664
296	671
296	707
296	963
297	299
297	544
297	886
297	954
298	336
298	391
298	451
298	507
298	718
298	738
299	668
299	805
299	871
299	907
299	962
300	324
300	329
300	341
300	351
300	360
300	374
300	382
300	390
300	393
300	394
300	395
301	320
301	333
301	380
301	604
301	651
301	688
301	742
301	806
301	874
301	965
302	320
302	327
302	335
302	336
302	343
302	353
302	357
302	362
302	364
302	368
302	372
302	377
302	384
302	390
302	424
302	451
302	487
302	772
302	798
302	876
302	984
303	311
303	312
303	313
303	315
303	354
303	363
303	369
303	374
303	388
303	432
303	543
303	593
303	634
303	641
303	880
303	962
303	971
304	321
304	330
304	336
304	343
304	350
304	359
304	368
304	372
304	381
304	396
305	310
305	340
305	361
305	365
305	387
305	388
305	393
305	396
305	573
305	614
305	651
305	819
305	980
306	310
306	323
306	328
306	330
306	334
306	355
306	368
306	371
306	389
306	524
306	552
306	682
306	819
306	837
306	842
306	916
307	322
307	329
307	343
307	345
307	348
307	385
307	391
307	392
307	399
307	494
307	522
307	545
307	552
307	862
307	886
307	916
307	948
307	969
308	310
308	323
308	342
308	349
308	358
308	383
308	385
308	467
308	638
308	670
308	813
309	312
309	315
309	325
309	331
309	350
309	354
309	371
309	373
309	377
309	382
309	386
309	389
309	392
309	604
309	623
309	700
309	706
309	759
310	310
310	320
310	321
310	325
310	334
310	336
310	339
310	343
310	346
310	347
310	352
310	370
310	381
310	383
310	395
310	398
310	400
310	427
310	472
310	513
310	588
310	709
310	763
310	785
310	823
310	925
311	312
311	326
311	339
311	340
311	360
311	398
311	399
311	486
311	908
312	321
312	329
312	343
312	351
312	353
312	354
312	359
312	375
312	378
312	384
312	388
312	389
312	470
312	688
312	916
313	316
313	321
313	323
313	350
313	358
313	369
313	370
313	375
313	376
313	386
313	437
313	446
313	512
313	768
313	816
314	324
314	337
314	348
314	353
314	363
314	364
314	365
314	366
314	367
314	368
314	382
314	801
314	933
315	315
315	329
315	339
315	341
315	355
315	372
315	395
315	461
315	479
315	673
315	751
315	782
316	320
316	330
316	353
316	356
316	378
316	398
316	454
316	561
316	563
316	645
316	835
316	902
317	317
317	318
317	324
317	336
317	345
317	360
317	369
317	388
317	393
317	478
317	607
317	960
318	322
318	329
318	332
318	360
318	366
318	368
318	372
318	374
318	542
318	708
318	842
319	333
319	334
319	344
319	348
319	351
319	357
319	364
319	370
319	379
319	382
319	427
319	525
319	608
319	703
319	886
319	906
320	325
320	336
320	343
320	376
320	382
320	383
320	388
320	396
320	403
320	500
320	659
320	988
321	327
321	338
321	343
321	345
321	349
321	351
321	353
321	358
321	360
321	364
321	365
321	381
321	471
321	542
321	566
321	692
321	718
321	737
321	941
322	343
322	354
322	355
322	356
322	363
322	373
322	378
322	384
322	388
322	391
322	392
322	394
322	750
322	765
322	990
323	331
323	332
323	339
323	341
323	358
323	360
323	364
323	374
323	380
323	386
323	546
323	587
323	630
323	718
323	858
323	970
324	354
324	355
324	363
324	368
324	397
324	514
324	693
324	855
324	918
324	971
325	331
325	333
325	347
325	350
325	368
325	390
325	400
325	410
325	441
325	473
325	703
325	739
326	336
326	340
326	342
326	361
326	363
326	367
326	372
326	377
326	387
326	390
326	393
326	394
326	436
326	706
326	724
326	739
326	902
327	340
327	344
327	347
327	362
327	381
327	394
327	502
327	739
328	328
328	344
328	353
328	370
328	371
328	373
328	387
328	394
328	399
328	504
328	815
328	985
328	999
329	331
329	332
329	335
329	338
329	359
329	361
329	366
329	375
329	379
329	509
329	582
329	709
329	724
329	731
329	772
329	812
329	830
329	888
329	901
330	333
330	344
330	353
330	356
330	357
330	377
330	398
330	530
330	597
330	598
330	607
330	682
330	901
330	913
330	914
330	972
331	334
331	343
331	373
331	376
331	398
331	440
331	443
331	497
331	683
331	737
331	877
331	919
332	337
332	343
332	344
332	352
332	356
332	384
332	395
332	435
332	463
332	569
332	698
333	339
333	350
333	361
333	382
333	386
333	492
333	514
333	588
333	743
333	759
333	760
333	799
333	839
333	859
333	987
334	337
334	340
334	345
334	348
334	372
334	377
334	385
334	387
334	394
334	452
334	516
334	517
334	583
334	787
335	342
335	345
335	352
335	368
335	374
335	388
335	411
335	475
335	528
335	529
335	585
335	618
335	933
335	969
336	339
336	342
336	344
336	350
336	361
336	371
336	372
336	380
336	381
336	395
336	399
336	429
336	504
336	508
336	654
336	909
337	340
337	347
337	361
337	369
337	378
337	388
337	391
337	392
337	468
337	532
337	562
337	586
337	626
337	661
337	678
338	342
338	343
338	349
338	374
338	384
338	385
338	399
338	433
338	515
338	709
338	718
338	891
338	961
339	344
339	347
339	358
339	359
339	361
339	368
339	373
339	389
339	473
339	630
339	675
339	713
339	721
339	843
339	868
339	920
339	964
339	965
340	344
340	349
340	376
340	387
340	390
340	421
340	526
340	593
340	738
340	813
340	817
340	871
341	375
341	380
341	387
341	388
341	399
341	415
341	450
341	503
341	518
341	543
341	761
341	874
341	928
341	980
342	382
342	390
342	597
343	364
343	380
343	386
343	389
343	397
343	412
343	434
343	451
343	452
343	886
343	982
344	369
344	373
344	375
344	386
344	394
344	395
344	529
344	765
344	872
344	971
344	973
345	359
345	367
345	386
345	393
345	394
345	527
345	586
345	645
345	828
345	855
345	895
346	347
346	353
346	358
346	365
346	373
346	374
346	429
346	492
346	566
346	694
346	696
346	765
346	821
346	881
347	353
347	359
347	379
347	385
347	388
347	392
347	661
347	777
347	952
348	354
348	374
348	379
348	389
348	390
348	489
348	703
348	764
348	780
348	853
348	880
349	363
349	379
349	388
349	390
349	392
349	489
349	528
349	604
349	698
349	746
349	754
349	898
349	924
349	973
350	351
350	366
350	368
350	393
350	397
350	505
350	527
350	567
350	569
350	623
350	814
350	815
350	880
350	996
351	352
351	353
351	364
351	367
351	369
351	373
351	388
351	390
351	391
351	398
351	399
351	408
351	484
351	500
351	568
351	703
351	722
351	734
351	747
351	751
351	870
351	927
352	360
352	361
352	482
352	735
352	758
352	907
352	917
352	987
353	372
353	373
353	374
353	381
353	387
353	537
353	591
353	647
353	844
353	857
354	362
354	369
354	370
354	371
354	377
354	381
354	385
354	390
354	535
354	747
354	780
354	798
354	816
354	823
354	890
355	358
355	362
355	370
355	375
355	388
355	393
355	533
355	612
355	731
355	800
355	833
356	369
356	372
356	392
356	395
356	396
356	414
356	427
356	495
356	677
356	775
356	925
356	993
357	370
357	373
357	378
357	384
357	385
357	388
357	389
357	393
357	503
357	560
357	562
357	579
357	602
357	635
357	678
357	799
357	931
358	366
358	369
358	390
358	396
358	618
358	676
358	695
358	754
358	760
358	804
358	930
359	361
359	362
359	382
359	389
359	390
359	600
359	727
359	805
359	818
359	972
360	380
360	389
360	398
360	494
360	568
360	635
360	650
360	761
360	884
360	885
360	892
361	364
361	367
361	379
361	387
361	392
361	397
361	398
361	399
361	570
361	982
362	380
362	394
362	397
362	594
362	609
362	737
362	777
362	804
362	869
362	898
362	906
362	927
362	937
362	938
362	961
363	370
363	397
363	457
363	642
363	890
363	902
363	985
364	381
364	390
364	396
364	398
364	503
364	577
364	662
364	786
364	971
365	374
365	385
365	386
365	389
365	394
365	396
365	397
365	415
365	760
365	964
366	372
366	385
366	388
366	444
366	582
366	624
366	632
366	679
366	748
366	899
367	368
367	398
367	694
367	825
367	844
367	878
367	917
368	368
368	370
368	398
368	901
368	902
368	929
368	979
369	369
369	374
369	377
369	390
369	396
369	404
369	562
369	575
369	814
369	826
369	833
369	900
370	371
370	385
370	401
370	535
370	648
370	696
370	778
370	795
370	848
370	862
370	871
370	896
371	386
371	388
371	392
371	396
371	398
371	415
371	502
371	567
371	655
371	810
371	832
371	864
372	391
372	396
372	499
372	591
372	788
372	813
372	834
372	864
373	392
373	398
373	505
373	561
373	583
373	614
373	745
373	765
374	374
374	376
374	377
374	386
374	397
374	398
374	628
374	664
374	802
374	845
374	880
374	896
375	380
375	383
375	398
375	688
375	732
375	957
376	391
376	392
376	477
376	511
376	616
376	698
376	775
376	821
376	854
376	949
377	388
377	462
377	513
377	564
377	646
377	689
377	731
377	738
377	864
377	926
377	945
378	384
378	391
378	396
378	488
378	500
378	813
379	424
379	502
379	558
379	575
379	702
379	749
379	789
379	866
379	935
380	386
380	398
380	456
380	477
380	540
380	603
380	661
380	670
380	738
380	883
380	886
380	948
381	391
381	480
381	522
381	542
381	623
381	705
381	782
381	785
381	851
381	957
382	395
382	397
382	494
382	526
382	646
382	728
382	813
382	968
382	991
383	386
383	387
383	397
383	457
383	691
383	720
383	763
383	790
383	876
383	955
384	387
384	392
384	403
384	501
384	561
384	658
384	729
384	776
384	866
384	880
385	390
385	620
386	389
386	390
386	397
386	403
386	451
386	549
386	634
386	764
386	870
386	915
386	925
387	387
387	399
387	531
387	690
387	702
387	757
387	962
387	987
388	395
388	398
388	478
388	492
388	526
388	725
388	744
388	816
388	831
388	856
388	893
389	393
389	746
389	990
390	408
390	441
390	743
390	808
390	825
390	907
391	505
391	704
391	843
391	865
391	868
391	930
392	393
392	399
392	401
392	671
392	687
392	739
392	763
392	837
392	992
393	453
393	475
393	596
393	708
393	779
393	783
393	804
393	824
393	850
393	882
393	996
394	396
394	517
394	533
394	569
394	632
394	639
394	724
394	805
395	540
395	720
395	836
395	866
396	417
396	601
396	652
396	812
396	829
396	890
396	933
397	398
397	595
397	660
397	923
398	537
398	591
398	592
398	606
398	822
398	833
398	874
398	993
399	471
399	496
399	694
399	925
400	401
400	403
400	408
400	412
400	415
400	420
400	423
400	424
400	427
400	434
400	436
400	444
400	458
400	463
400	464
400	465
400	466
400	494
400	581
400	831
401	402
401	405
401	415
401	417
401	421
401	440
401	444
401	446
401	453
401	456
401	476
401	478
401	481
401	498
401	526
401	544
401	629
401	661
401	676
401	696
401	825
401	834
401	849
401	936
402	408
402	410
402	422
402	427
402	457
402	478
402	494
402	628
402	649
402	703
402	778
402	890
402	989
403	406
403	431
403	432
403	443
403	456
403	459
403	461
403	466
403	475
403	499
403	502
403	637
404	404
404	406
404	427
404	429
404	435
404	440
404	443
404	452
404	453
404	455
404	460
404	463
404	475
404	481
404	485
404	490
404	597
404	637
404	707
404	715
404	718
404	739
404	765
404	773
404	780
404	799
404	908
404	912
405	423
405	424
405	425
405	431
405	448
405	450
405	477
405	481
405	489
405	498
405	558
405	673
405	864
405	886
405	957
406	406
406	430
406	431
406	448
406	449
406	450
406	460
406	475
406	476
406	489
406	490
406	498
406	499
406	568
406	573
406	635
406	676
406	830
406	878
407	420
407	438
407	467
407	477
407	490
407	550
407	634
407	666
407	840
407	915
407	960
407	998
408	418
408	448
408	459
408	474
408	475
408	486
408	500
408	618
408	704
408	797
408	861
408	894
408	953
409	409
409	425
409	433
409	463
409	467
409	475
409	476
409	485
409	498
409	529
409	610
409	845
409	881
409	885
409	976
410	411
410	434
410	436
410	447
410	453
410	462
410	481
410	484
410	492
410	500
410	527
410	529
410	792
410	794
410	852
410	878
410	885
410	902
411	428
411	436
411	444
411	449
411	450
411	452
411	461
411	465
411	471
411	511
411	545
411	733
411	948
412	416
412	420
412	430
412	442
412	474
412	477
412	485
412	497
412	499
412	583
412	856
412	928
412	943
412	956
412	973
413	413
413	418
413	435
413	445
413	467
413	477
413	478
413	487
413	493
413	555
413	596
413	672
413	810
413	875
414	430
414	441
414	461
414	468
414	484
414	493
414	507
414	532
414	555
414	604
414	673
415	430
415	441
415	453
415	465
415	466
415	474
415	489
416	422
416	432
416	445
416	485
416	907
417	435
417	444
417	447
417	462
417	472
417	482
417	483
417	485
417	490
417	493
417	501
417	648
417	694
417	920
417	970
418	434
418	436
418	439
418	440
418	448
418	453
418	457
418	481
418	552
418	704
418	722
418	796
418	851
418	896
419	424
419	429
419	432
419	439
419	447
419	450
419	453
419	467
419	470
419	472
419	476
419	480
419	485
419	515
419	534
419	566
419	671
419	808
419	980
419	990
420	423
420	429
420	436
420	437
420	438
420	463
420	476
420	550
420	589
420	619
420	760
421	422
421	430
421	431
421	433
421	439
421	452
421	455
421	460
421	478
421	497
421	517
421	878
421	943
421	970
422	427
422	440
422	448
422	460
422	468
422	474
422	488
422	521
422	723
422	727
422	793
422	811
422	982
423	426
423	429
423	447
423	457
423	460
423	464
423	471
423	475
423	482
423	495
423	538
423	552
423	729
423	742
423	755
423	762
423	904
423	926
423	998
424	434
424	436
424	440
424	451
424	459
424	464
424	517
424	661
424	826
424	991
425	439
425	457
425	458
425	464
425	470
425	471
425	473
425	477
425	478
425	484
425	488
425	491
425	835
426	428
426	443
426	454
426	456
426	470
426	477
426	482
426	487
426	613
426	658
426	722
426	822
427	427
427	434
427	436
427	440
427	444
427	447
427	454
427	484
427	491
427	540
427	684
427	715
427	718
427	816
427	950
428	433
428	437
428	440
428	451
428	453
428	468
428	471
428	482
428	484
428	512
428	534
428	896
429	432
429	444
429	456
429	459
429	475
429	558
429	618
429	680
429	693
429	699
429	975
429	994
430	430
430	444
430	450
430	452
430	468
430	478
430	510
430	643
430	661
430	689
430	853
430	864
430	867
430	874
430	930
431	438
431	447
431	448
431	458
431	484
431	500
431	614
431	716
431	741
431	831
431	913
431	950
432	433
432	436
432	477
432	486
432	499
432	799
432	812
432	827
432	845
432	934
433	446
433	451
433	453
433	471
433	474
433	475
433	478
433	490
433	492
433	494
433	498
433	559
433	744
433	819
433	887
433	917
434	440
434	445
434	447
434	452
434	457
434	458
434	463
434	498
434	656
434	703
434	768
434	814
434	817
434	857
435	438
435	478
435	493
435	566
436	450
436	461
436	463
436	494
436	758
436	938
437	447
437	449
437	464
437	481
437	494
437	631
437	707
437	808
437	913
437	920
438	452
438	464
438	472
438	477
438	479
438	487
438	493
438	497
438	543
438	571
438	574
438	580
438	733
438	787
438	873
439	443
439	445
439	452
439	455
439	463
439	485
439	491
439	496
439	691
439	731
439	753
439	836
439	953
439	960
440	445
440	450
440	481
440	494
440	814
440	884
441	450
441	454
441	487
441	495
441	537
441	773
441	824
441	877
441	964
442	453
442	481
442	482
442	494
442	498
442	554
442	573
442	846
442	979
443	447
443	459
443	469
443	483
443	510
443	582
443	650
443	815
443	936
444	447
444	465
444	473
444	478
444	494
444	708
444	965
445	451
445	452
445	480
445	487
445	490
445	601
445	605
445	608
445	659
445	706
445	852
445	911
446	447
446	451
446	452
446	455
446	457
446	460
446	462
446	464
446	468
446	470
446	476
446	480
446	488
446	489
446	490
446	495
446	519
446	577
446	659
446	882
446	900
446	985
447	452
447	453
447	464
447	469
447	496
447	512
447	514
447	755
448	451
448	480
448	965
449	450
449	453
449	456
449	460
449	465
449	476
449	487
449	490
449	559
449	717
449	720
449	847
449	872
449	877
449	928
449	939
450	455
450	469
450	472
450	475
450	479
450	492
450	582
450	613
450	823
450	893
451	461
451	462
451	482
451	492
451	494
451	502
451	534
451	585
451	586
451	649
452	479
452	495
452	501
452	553
452	576
452	624
452	776
452	924
452	937
452	990
453	461
453	478
453	901
453	946
454	484
454	487
454	494
454	853
454	856
454	957
455	468
455	474
455	485
455	493
455	712
455	864
455	866
456	466
456	469
456	486
456	560
456	704
456	798
456	825
456	943
456	958
456	980
457	471
457	476
457	556
457	624
457	816
458	460
458	478
458	480
458	829
459	472
459	480
459	483
459	485
459	490
459	571
459	600
459	730
459	870
460	461
460	479
460	488
460	492
460	576
460	596
460	825
460	839
460	952
461	472
461	478
461	488
461	607
461	702
461	841
461	873
461	901
461	902
461	919
461	983
462	477
462	487
462	495
462	545
462	626
462	849
462	976
463	467
463	478
463	495
463	538
463	636
463	643
463	701
463	868
464	477
464	482
464	496
464	518
464	557
464	619
464	661
464	698
464	760
464	775
464	799
465	476
465	477
465	484
465	488
465	571
465	600
465	710
465	776
465	798
465	953
466	470
466	471
466	472
466	479
466	485
466	486
466	669
466	701
466	876
466	923
466	934
467	479
467	482
467	494
467	625
467	627
467	777
467	838
467	865
467	880
467	927
468	472
468	473
468	484
468	492
468	672
468	679
468	752
468	762
469	470
469	485
469	486
469	489
469	496
469	646
469	731
469	839
470	471
470	473
470	476
470	483
470	525
470	757
470	902
471	491
471	494
471	663
471	707
471	748
471	753
472	670
472	699
472	951
473	488
473	622
473	624
473	672
473	700
473	846
473	857
474	486
474	488
474	678
474	740
474	967
475	479
475	481
475	488
475	491
475	498
475	545
475	604
475	663
475	804
475	990
476	476
476	480
476	492
476	495
476	553
476	746
476	766
476	806
477	484
477	490
477	497
477	519
477	815
477	942
477	962
478	481
478	483
478	488
478	544
478	902
478	910
478	958
479	481
479	687
479	826
479	953
480	481
480	486
480	492
480	581
480	656
480	683
480	843
481	698
481	843
481	953
482	488
482	498
482	573
482	589
482	649
482	744
482	941
482	980
482	981
483	486
483	651
483	688
483	739
483	748
483	897
484	512
484	592
484	600
484	722
484	737
484	779
484	860
484	957
484	971
485	498
485	525
485	526
485	606
485	761
485	882
486	493
486	553
486	607
486	651
486	763
486	947
487	491
487	492
487	553
487	998
488	490
488	499
488	704
488	741
488	783
489	491
489	514
489	534
489	698
489	756
489	789
490	497
490	547
490	578
490	715
490	746
490	783
490	794
490	855
490	893
491	542
491	653
491	807
491	857
492	612
492	723
492	818
492	956
492	995
493	499
493	622
493	628
493	664
493	719
493	817
493	872
493	898
493	991
494	498
494	526
494	634
494	693
494	712
494	792
494	959
495	729
495	941
495	958
496	553
496	693
496	905
496	999
497	681
497	818
497	841
497	967
498	697
498	741
498	742
498	747
498	780
498	852
498	949
498	975
499	551
499	556
499	563
499	822
499	837
499	944
500	506
500	528
500	544
500	571
500	579
500	582
500	614
500	712
500	797
500	906
500	910
500	913
500	957
501	516
501	530
501	540
501	542
501	550
501	551
501	568
501	584
501	594
501	616
501	628
501	636
501	660
501	687
501	779
501	888
501	911
502	509
502	528
502	537
502	540
502	543
502	547
502	557
502	563
502	624
502	702
502	793
502	988
503	531
503	536
503	540
503	558
503	572
503	574
503	580
503	592
503	594
503	596
503	658
503	689
503	717
503	829
503	846
503	975
504	509
504	522
504	524
504	547
504	561
504	572
504	579
504	584
504	589
504	596
504	650
504	656
504	796
504	865
504	925
505	508
505	510
505	529
505	530
505	533
505	552
505	562
505	584
505	585
505	587
505	596
505	597
505	714
505	718
505	769
505	785
505	853
505	885
505	894
506	512
506	520
506	521
506	546
506	547
506	552
506	556
506	557
506	565
506	568
506	569
506	590
506	594
506	596
506	704
506	948
506	979
507	509
507	516
507	522
507	527
507	541
507	552
507	588
507	596
507	920
507	940
508	509
508	512
508	523
508	532
508	535
508	547
508	576
508	583
508	596
508	621
508	906
509	521
509	523
509	526
509	533
509	563
509	565
509	585
509	594
509	597
509	749
509	960
509	974
510	511
510	534
510	541
510	544
510	551
510	552
510	564
510	570
510	587
510	594
510	723
510	738
510	739
510	793
511	511
511	519
511	523
511	524
511	526
511	535
511	547
511	554
511	578
511	592
511	656
511	687
511	821
512	513
512	531
512	541
512	576
512	584
512	715
513	513
513	517
513	521
513	524
513	534
513	551
513	559
513	578
513	582
513	592
513	595
513	670
513	762
513	773
513	910
514	516
514	528
514	529
514	532
514	540
514	542
514	543
514	548
514	562
514	576
514	577
514	693
514	843
514	937
515	518
515	525
515	527
515	528
515	531
515	550
515	564
515	565
515	578
515	585
515	590
515	595
515	608
515	685
515	758
515	774
515	964
516	523
516	527
516	533
516	535
516	539
516	565
516	567
516	634
516	840
517	524
517	538
517	539
517	553
517	562
517	566
517	577
517	587
517	592
517	596
517	660
518	522
518	527
518	546
518	549
518	551
518	554
518	558
518	567
518	571
518	583
518	586
518	593
518	664
518	691
518	705
519	524
519	530
519	535
519	536
519	571
519	579
519	590
519	594
519	718
519	766
519	867
519	949
519	967
520	521
520	525
520	548
520	571
520	588
520	593
520	697
520	749
520	804
520	832
521	529
521	548
521	579
521	580
521	587
521	595
521	716
521	735
521	736
521	829
521	935
522	535
522	536
522	544
522	545
522	549
522	570
522	572
522	585
522	667
522	720
522	723
522	794
522	836
522	988
523	544
523	558
523	561
523	567
523	585
523	679
523	789
523	899
523	905
524	530
524	545
524	557
524	567
524	580
524	583
524	615
524	793
524	808
524	820
524	954
525	531
525	538
525	563
525	570
525	573
525	575
525	587
525	590
525	654
525	754
525	963
526	529
526	535
526	536
526	537
526	543
526	548
526	549
526	559
526	571
526	574
526	577
526	578
526	586
526	599
526	752
526	782
526	838
526	925
527	550
527	558
527	573
527	575
527	582
527	584
528	530
528	533
528	546
528	566
528	576
528	580
528	591
528	598
528	645
528	763
528	792
528	903
528	943
529	538
529	545
529	577
529	582
529	775
529	818
529	857
529	885
530	536
530	547
530	550
530	564
530	588
530	595
530	596
530	777
530	943
531	531
531	533
531	546
531	551
531	561
531	566
531	569
531	574
531	733
531	779
531	834
531	844
531	899
531	949
531	988
532	534
532	537
532	552
532	581
532	809
532	827
532	987
533	537
533	543
533	556
533	565
533	571
533	592
533	758
534	546
534	553
534	556
534	558
534	574
534	584
534	724
534	984
535	553
535	556
535	559
535	563
535	569
535	576
535	579
535	580
535	596
535	669
536	543
536	544
536	545
536	548
536	561
536	577
536	581
536	583
536	586
536	592
536	598
536	607
536	613
536	779
536	791
536	815
536	836
536	978
537	540
537	543
537	559
537	561
537	567
537	569
537	576
537	599
537	630
537	725
537	867
537	946
537	979
538	541
538	543
538	545
538	551
538	574
538	580
538	590
538	598
538	628
538	803
538	896
539	540
539	546
539	561
539	568
539	574
539	584
539	652
539	672
539	684
539	739
539	747
539	755
539	841
539	897
539	953
540	541
540	547
540	553
540	554
540	559
540	565
540	572
540	585
540	588
540	598
540	607
540	621
540	753
541	541
541	548
541	551
541	567
541	581
541	588
541	708
542	551
542	553
542	555
542	562
542	564
542	566
542	568
542	571
542	577
542	598
542	629
542	659
542	890
542	923
542	998
543	550
543	552
543	554
543	560
543	593
543	596
543	599
543	735
543	736
543	886
544	567
544	568
544	572
544	577
544	580
544	581
544	583
544	587
544	596
544	645
544	708
544	712
544	740
544	860
544	916
545	552
545	554
545	573
545	578
545	579
545	580
545	584
545	587
545	597
545	619
545	664
545	681
545	870
546	569
546	574
546	588
546	594
546	619
546	725
546	752
546	887
546	916
546	987
547	548
547	582
547	589
547	659
547	680
547	959
547	999
548	556
548	558
548	571
548	573
548	576
548	577
548	586
548	593
548	634
548	706
548	747
548	813
548	829
548	920
549	549
549	550
549	586
549	594
549	597
549	789
549	925
549	983
549	998
550	551
550	554
550	558
550	573
550	594
550	717
550	740
550	842
550	858
550	908
550	911
550	959
551	557
551	570
551	927
552	560
552	570
552	576
552	581
552	583
552	584
552	743
552	836
552	918
553	555
553	575
553	576
553	577
553	579
553	584
553	851
553	860
553	874
553	877
553	906
554	555
554	585
554	589
554	593
554	771
554	867
555	558
555	566
555	581
555	582
555	587
555	624
555	721
555	797
555	942
555	945
556	579
556	582
556	590
556	598
556	831
556	860
556	893
557	559
557	562
557	565
557	566
557	581
557	582
557	721
557	828
557	949
558	568
558	579
558	582
558	584
558	585
558	594
558	604
559	581
559	598
559	615
559	870
559	962
560	571
560	581
560	584
560	590
560	591
560	681
560	744
560	795
560	828
560	830
561	570
561	571
561	578
561	579
561	583
561	593
561	678
561	757
561	837
561	873
561	880
561	956
561	959
561	975
562	566
562	570
562	577
562	580
562	582
562	589
562	594
562	596
562	598
562	790
562	887
562	918
563	573
563	575
563	582
563	586
564	568
564	570
564	574
564	577
564	578
564	588
564	589
564	638
564	769
564	962
565	581
565	608
565	672
565	775
565	925
565	972
565	990
566	567
566	569
566	575
566	577
566	585
566	940
567	582
567	583
567	700
567	775
567	794
567	923
568	570
568	578
568	582
568	595
568	696
568	897
568	931
568	969
569	571
569	574
569	577
569	581
569	589
569	594
569	632
569	910
570	672
570	766
571	582
571	593
571	595
571	734
571	914
572	580
572	598
572	727
573	580
573	590
573	986
574	577
574	590
574	592
574	593
574	620
574	651
574	724
574	880
574	905
574	909
575	597
575	625
575	697
575	765
575	781
575	822
575	906
576	587
576	589
576	727
576	743
576	749
576	899
576	904
576	978
577	853
578	589
578	594
578	670
578	724
578	877
578	893
579	579
579	585
579	591
579	599
579	661
579	711
579	830
579	831
579	880
579	922
579	935
580	582
580	711
580	811
581	590
581	597
581	734
581	817
581	835
582	590
582	612
582	716
582	766
582	823
582	839
582	878
582	921
582	979
583	591
583	594
583	728
583	818
584	586
584	722
584	821
584	970
585	651
585	654
585	700
585	827
585	856
585	866
585	893
586	591
586	777
586	917
587	778
587	861
587	881
588	693
588	704
588	715
588	728
588	951
588	966
589	591
589	595
589	633
589	705
589	716
589	786
589	807
589	855
589	918
590	592
590	593
590	597
590	598
590	696
591	595
591	597
591	599
591	726
591	745
591	920
591	994
591	998
592	649
592	729
592	744
592	942
593	595
593	646
593	889
593	983
594	637
594	646
594	947
595	597
595	598
595	797
595	939
595	949
596	686
596	776
596	783
596	848
596	890
597	599
597	670
597	696
597	711
597	775
598	666
598	768
598	844
598	879
599	672
599	781
599	793
599	993
600	607
600	608
600	629
600	667
600	691
600	731
600	823
600	842
600	871
601	613
601	615
601	626
601	644
601	646
601	647
601	684
601	745
601	796
601	801
601	889
602	606
602	610
602	619
602	621
602	634
602	654
602	658
602	663
602	669
602	671
602	687
602	800
602	895
602	908
603	607
603	631
603	635
603	651
603	670
603	675
603	689
603	698
603	699
603	923
604	608
604	611
604	612
604	623
604	632
604	641
604	645
604	649
604	658
604	675
604	676
604	679
604	681
604	682
604	689
604	691
604	797
604	976
605	615
605	621
605	627
605	651
605	652
605	660
605	663
605	665
605	676
605	678
605	950
606	608
606	618
606	623
606	628
606	634
606	637
606	649
606	696
606	898
607	630
607	632
607	664
607	675
607	684
607	689
607	690
607	914
607	951
608	609
608	634
608	640
608	651
608	655
608	656
608	657
608	661
608	669
608	675
608	686
608	687
608	692
608	695
608	822
608	877
609	638
609	639
609	656
609	658
609	673
609	677
609	687
609	695
609	699
609	820
609	864
610	633
610	635
610	637
610	639
610	661
610	667
610	673
610	929
610	946
610	979
611	612
611	617
611	631
611	644
611	645
611	646
611	661
611	682
611	689
611	695
611	717
611	916
612	614
612	618
612	634
612	642
612	644
612	645
612	653
612	660
612	674
612	680
612	681
612	695
612	697
612	823
612	868
612	936
612	991
613	662
613	671
613	673
613	674
613	684
613	688
613	691
613	695
613	696
613	720
613	751
613	812
613	964
614	627
614	631
614	642
614	643
614	653
614	655
614	660
614	677
614	693
614	697
614	716
614	813
614	982
615	623
615	641
615	652
615	662
615	664
615	693
615	695
615	697
615	780
615	947
615	986
615	999
616	625
616	631
616	641
616	647
616	650
616	655
616	660
616	661
616	666
616	669
616	674
616	677
616	695
616	734
616	828
616	929
616	956
617	621
617	622
617	623
617	651
617	658
617	667
617	668
617	676
617	682
617	685
617	837
617	915
618	620
618	632
618	640
618	643
618	662
618	664
618	679
618	681
618	686
618	697
619	636
619	643
619	644
619	648
619	655
619	668
619	674
619	675
619	679
619	693
619	694
619	697
619	761
619	811
620	626
620	632
620	637
620	658
620	661
620	777
620	787
620	919
620	958
621	622
621	623
621	624
621	653
621	663
621	667
621	686
621	689
621	692
621	729
622	631
622	654
622	688
622	698
622	721
622	905
623	642
623	653
623	682
623	892
623	900
623	914
624	625
624	634
624	659
624	663
624	664
624	680
624	698
624	737
624	751
624	775
624	831
624	943
624	974
625	626
625	630
625	633
625	659
625	671
625	682
625	688
625	720
625	889
626	633
626	636
626	641
626	644
626	653
626	662
626	666
626	678
626	698
626	787
626	885
627	646
627	653
627	681
627	683
627	688
627	691
627	693
627	763
627	865
627	940
627	997
628	631
628	663
628	665
628	683
628	698
628	712
628	953
629	647
629	655
629	657
629	659
629	666
629	671
629	681
629	684
629	686
629	878
629	949
629	965
630	636
630	641
630	642
630	660
630	665
630	677
630	680
630	819
630	900
631	656
631	679
631	689
631	699
631	772
631	975
632	640
632	646
632	647
632	667
632	671
632	673
632	677
632	693
632	835
632	940
633	636
633	643
633	652
633	654
633	658
633	686
633	688
633	699
633	766
633	846
633	897
633	990
634	639
634	660
634	662
634	665
634	671
634	676
634	690
634	692
634	694
634	804
634	832
634	862
635	649
635	654
635	671
635	672
635	687
635	688
635	873
635	981
636	636
636	639
636	641
636	657
636	679
636	697
636	739
636	915
636	968
637	646
637	648
637	656
637	659
637	677
637	679
637	686
638	643
638	653
638	666
638	677
638	679
638	682
638	694
638	727
638	771
638	838
639	640
639	642
639	679
639	846
639	883
639	986
640	646
640	660
640	678
640	679
640	686
640	689
640	691
640	872
640	981
641	659
641	665
641	666
641	670
641	673
641	692
641	701
641	820
641	863
641	910
641	980
642	644
642	648
642	655
642	660
642	668
642	674
642	695
642	729
642	986
643	653
643	658
643	659
643	661
643	664
643	693
643	712
643	723
643	831
643	902
643	922
644	645
644	649
644	658
644	661
644	663
644	666
644	675
644	688
644	691
644	694
644	760
644	807
644	901
645	650
645	652
645	663
645	666
645	689
645	697
645	715
645	782
645	839
645	864
645	938
646	665
646	674
646	678
646	679
646	690
646	730
647	653
647	661
647	668
647	670
647	677
647	687
647	692
647	716
647	760
647	836
647	839
647	851
647	901
648	649
648	657
648	776
648	835
648	914
648	940
649	655
649	656
649	690
649	788
649	862
649	871
649	889
650	658
650	682
650	690
650	694
650	926
650	961
651	658
651	675
651	682
651	684
651	687
651	689
651	690
651	696
651	697
651	705
651	780
651	813
652	654
652	664
652	680
652	691
652	698
652	834
652	872
653	657
653	659
653	668
653	674
653	683
653	693
653	698
653	953
653	967
654	654
654	662
654	682
654	694
654	695
654	756
654	764
654	799
654	841
654	950
655	658
655	674
655	689
655	725
655	845
655	865
656	658
656	682
656	706
656	884
657	660
657	665
657	668
657	669
657	684
657	686
657	691
657	719
657	752
657	775
657	839
657	890
658	661
658	664
658	665
658	670
658	680
658	686
658	690
658	691
658	817
659	660
659	662
659	664
659	667
659	676
659	688
659	695
659	851
659	885
659	904
659	981
660	670
660	671
660	699
661	665
661	670
661	681
661	699
661	748
661	767
661	783
662	666
662	679
662	682
662	692
662	865
663	666
663	667
663	668
663	680
663	699
663	739
664	674
664	698
664	948
664	961
665	673
665	684
665	689
665	696
665	741
665	833
665	916
665	933
666	668
666	669
666	678
666	686
666	698
666	770
666	850
666	994
667	678
667	681
667	694
667	729
668	750
668	852
669	719
669	769
669	817
669	910
670	677
670	679
670	680
670	682
670	690
670	694
670	707
670	732
670	853
670	930
671	678
671	694
671	712
671	807
671	949
671	987
672	673
672	681
672	693
672	694
672	704
672	735
672	765
672	989
673	687
673	693
673	753
673	962
674	684
674	760
674	833
674	842
675	683
675	684
675	686
675	688
675	691
675	696
675	741
675	998
676	676
676	693
676	697
676	698
677	683
677	699
677	770
677	852
677	904
678	693
678	788
678	870
678	951
679	876
679	954
680	687
680	689
680	696
680	699
680	718
680	904
680	950
680	991
681	729
681	775
681	788
681	801
682	691
682	692
682	781
682	935
682	981
683	683
683	685
683	693
683	694
683	926
683	957
683	990
684	694
684	699
684	710
684	731
684	880
685	697
685	739
685	854
685	989
686	695
686	711
686	739
687	694
687	739
687	863
687	940
688	690
689	696
689	770
689	781
689	824
690	698
690	947
691	691
691	776
691	847
691	933
692	851
693	901
694	724
694	747
694	776
694	905
694	928
694	937
695	707
695	725
695	858
695	863
695	885
696	708
696	740
696	747
696	749
696	912
697	759
698	862
698	883
698	970
699	795
699	959
700	704
700	723
700	730
700	735
700	746
700	747
700	756
700	764
700	773
700	774
700	779
700	794
700	796
700	814
700	889
701	710
701	716
701	717
701	734
701	768
701	775
701	782
701	876
702	705
702	718
702	720
702	734
702	750
702	756
702	764
702	770
702	772
702	784
702	787
702	790
702	791
702	792
702	798
702	814
702	830
702	838
702	984
703	713
703	717
703	724
703	730
703	736
703	739
703	741
703	751
703	769
703	780
703	790
703	803
703	979
703	982
704	753
704	762
704	772
704	773
704	781
704	787
704	789
704	795
704	851
704	931
704	980
705	715
705	723
705	727
705	729
705	738
705	753
705	765
705	777
705	789
705	792
705	795
705	796
705	797
705	840
705	861
705	869
705	875
705	967
706	710
706	719
706	730
706	733
706	738
706	739
706	740
706	742
706	748
706	755
706	756
706	786
706	793
706	797
706	798
707	711
707	715
707	721
707	725
707	734
707	737
707	741
707	753
707	754
707	760
707	762
707	769
707	773
707	780
707	796
707	798
707	883
707	919
707	936
708	729
708	732
708	733
708	735
708	736
708	739
708	750
708	757
708	759
708	778
708	780
708	791
708	792
708	793
708	897
709	715
709	717
709	723
709	734
709	740
709	742
709	752
709	753
709	755
709	771
709	788
709	796
709	958
710	712
710	715
710	722
710	733
710	763
710	768
710	777
710	845
710	963
711	744
711	746
711	747
711	773
711	838
712	714
712	717
712	730
712	738
712	739
712	740
712	748
712	761
712	767
712	771
712	778
712	779
712	791
712	839
712	889
712	985
713	719
713	727
713	729
713	741
713	771
713	793
713	937
714	716
714	728
714	754
714	761
714	769
714	773
714	785
714	798
715	749
715	758
715	780
715	789
715	810
715	966
715	987
716	719
716	743
716	748
716	765
716	827
717	737
717	752
717	753
717	760
717	769
717	778
717	783
717	786
717	796
717	798
718	747
718	751
718	770
718	787
718	796
718	807
718	834
719	721
719	724
719	745
719	758
719	759
719	764
719	769
719	776
719	780
719	794
719	841
719	844
719	939
719	949
719	952
719	969
720	725
720	737
720	750
720	751
720	764
720	795
720	821
720	839
720	880
720	894
720	942
720	953
721	725
721	737
721	757
721	759
721	772
721	992
722	735
722	739
722	741
722	745
722	750
722	758
722	759
722	771
722	778
722	779
722	796
722	798
722	799
722	969
723	729
723	737
723	738
723	739
723	742
723	744
723	755
723	760
723	784
724	730
724	733
724	744
725	725
725	729
725	738
725	742
725	744
725	753
725	759
725	769
725	772
725	774
725	779
725	783
725	792
725	794
725	797
725	828
725	969
726	746
726	768
726	775
726	813
726	841
726	869
727	729
727	732
727	739
727	756
727	760
727	770
727	774
727	776
727	781
727	920
727	959
728	735
728	751
728	752
728	754
728	768
728	773
728	775
728	782
728	783
728	785
729	742
729	764
729	766
729	792
730	732
730	747
730	752
730	780
730	795
730	911
731	732
731	737
731	739
731	766
731	784
731	789
731	796
732	750
732	776
732	779
732	786
732	787
732	798
732	818
732	836
732	998
733	741
733	757
733	762
733	763
733	774
733	784
733	794
733	866
733	926
734	742
734	748
734	769
734	770
734	772
734	784
734	787
734	793
734	797
734	834
734	969
735	742
735	744
735	746
735	772
735	773
735	774
735	778
735	790
735	850
735	897
735	906
736	745
736	747
736	761
736	772
736	777
736	780
736	787
736	788
736	789
737	764
737	773
737	784
737	790
737	793
737	996
738	740
738	755
738	773
738	779
738	783
738	790
738	798
738	830
738	836
738	902
738	930
739	745
739	779
739	783
739	785
739	790
739	794
739	798
739	856
739	956
740	747
740	763
740	766
740	771
740	925
741	761
741	772
741	782
741	785
741	789
741	792
741	797
741	809
741	912
742	743
742	746
742	748
742	758
742	773
742	785
742	799
742	891
742	982
743	744
743	748
743	753
743	754
743	759
743	768
743	775
743	777
743	790
743	906
744	746
744	749
744	758
744	763
744	768
744	847
744	940
745	750
745	755
745	761
745	782
745	799
745	817
745	835
745	850
745	896
746	747
746	757
746	758
746	759
746	762
746	765
746	769
746	775
746	776
746	793
746	880
747	750
747	780
747	789
747	794
747	795
747	825
747	842
747	957
748	749
748	750
748	758
748	765
748	792
748	795
748	799
748	917
748	943
749	764
749	768
749	776
749	778
749	779
749	782
749	785
749	787
749	889
749	910
750	755
750	756
750	771
750	785
750	799
750	932
751	765
751	797
751	894
752	754
752	757
752	761
752	762
752	764
752	778
752	787
752	793
752	922
752	970
753	759
753	797
753	799
753	889
754	763
754	769
754	969
755	764
755	773
755	775
755	785
755	798
755	860
755	978
756	781
756	782
756	822
756	978
757	762
757	767
757	787
757	795
757	799
757	848
757	937
757	972
757	984
758	766
758	767
758	770
758	780
758	784
758	788
758	796
759	765
759	773
759	789
759	791
759	793
759	855
759	989
760	760
760	770
760	787
760	796
760	935
760	964
761	764
761	774
761	779
761	785
761	792
761	793
761	857
761	946
762	766
762	767
762	782
762	785
762	887
763	763
763	765
763	779
763	781
763	788
763	789
763	794
763	934
763	959
764	772
764	782
764	788
764	794
764	795
764	921
765	779
765	791
765	792
766	780
766	783
766	939
767	769
767	774
767	782
767	795
767	801
767	926
767	934
768	775
768	784
768	791
768	982
768	988
769	774
769	776
769	778
769	807
769	852
769	872
769	962
770	776
770	786
770	792
771	784
771	787
771	795
771	798
771	837
771	928
771	958
772	780
772	781
772	789
772	791
772	794
773	776
773	777
773	782
773	792
773	846
774	780
774	817
774	890
774	921
774	970
775	778
775	798
775	918
776	777
776	782
776	784
776	788
776	796
776	798
776	986
777	787
777	796
777	868
777	911
778	782
778	785
778	834
778	959
779	780
779	784
779	794
780	785
780	789
780	807
780	955
780	974
781	781
781	794
781	928
781	954
782	794
782	844
782	946
782	991
783	783
783	828
783	900
784	789
784	793
784	796
785	793
785	896
785	923
786	878
786	879
786	884
786	994
787	911
787	970
788	795
788	817
788	847
789	789
789	790
789	821
789	907
789	973
790	794
790	798
790	889
791	797
791	852
791	994
792	798
792	799
793	798
793	811
793	934
794	813
794	903
794	986
795	798
796	799
798	943
799	917
799	939
799	945
799	972
799	975
799	988
800	806
800	812
800	825
800	835
800	854
800	868
800	877
800	882
800	891
800	913
801	808
801	813
801	834
801	843
801	846
801	847
801	849
801	852
801	854
801	859
801	861
801	868
801	872
801	875
801	876
801	881
801	895
801	896
802	826
802	827
802	830
802	837
802	839
802	849
802	857
802	873
802	886
802	895
802	906
803	834
803	836
803	857
803	858
803	861
803	874
803	880
803	986
804	815
804	816
804	844
804	846
804	863
804	875
804	883
804	884
804	895
805	813
805	817
805	819
805	822
805	825
805	826
805	881
805	884
805	886
805	892
806	813
806	820
806	834
806	837
806	838
806	847
806	852
806	859
806	870
806	890
806	891
807	808
807	810
807	819
807	828
807	834
807	838
807	858
807	863
807	865
807	866
807	871
807	906
807	933
808	813
808	820
808	822
808	830
808	839
808	864
808	878
808	884
808	887
809	809
809	814
809	819
809	821
809	823
809	824
809	832
809	837
809	840
809	848
809	856
809	862
809	878
809	896
809	899
810	819
810	836
810	840
810	842
810	848
810	870
810	877
810	878
810	882
810	885
810	926
811	829
811	834
811	838
811	840
811	845
811	866
811	868
811	875
811	879
811	887
811	893
811	913
812	817
812	833
812	844
812	850
812	896
812	902
813	814
813	817
813	843
813	851
813	853
813	857
813	858
813	894
813	897
813	975
814	835
814	836
814	838
814	863
814	873
814	876
814	884
815	820
815	858
815	873
815	887
815	893
815	968
815	991
816	828
816	831
816	837
816	850
816	851
816	858
816	866
816	872
816	878
816	886
816	889
817	825
817	833
817	840
817	854
817	863
817	870
817	889
817	892
818	839
818	841
818	861
818	874
818	894
818	967
818	989
819	823
819	850
819	866
819	873
819	881
819	889
819	896
819	906
819	940
819	941
819	978
820	824
820	830
820	858
820	861
820	895
820	960
821	823
821	834
821	836
821	840
821	850
821	856
821	918
822	837
822	840
822	848
822	851
822	852
822	856
822	858
822	867
822	928
822	943
823	824
823	828
823	831
823	843
823	853
823	863
823	871
823	875
823	879
823	880
823	889
823	895
823	938
824	827
824	828
824	863
824	865
824	883
824	889
824	899
825	831
825	832
825	848
825	899
825	909
826	845
826	855
826	862
826	863
826	868
826	889
826	892
826	893
826	894
826	988
827	832
827	837
827	846
827	847
827	849
827	862
827	872
827	873
827	875
827	885
827	898
827	941
828	829
828	850
828	853
828	859
828	868
828	889
828	939
829	835
829	847
829	848
829	853
829	858
829	862
829	876
829	891
829	896
829	898
829	899
829	980
830	840
830	845
830	847
830	863
830	864
830	865
830	872
830	929
831	835
831	836
831	851
831	896
832	850
832	854
832	865
832	866
832	870
832	899
832	909
832	911
832	934
832	961
832	964
833	877
833	879
833	881
833	891
833	895
833	899
833	944
833	977
834	866
834	873
834	876
834	885
834	890
834	897
834	978
835	864
835	867
835	868
835	869
835	871
835	881
835	884
835	888
835	889
835	891
835	940
835	945
836	846
836	862
836	869
836	872
836	875
836	876
836	881
836	891
836	894
836	895
836	919
836	974
837	858
837	870
837	884
837	885
837	891
837	895
837	898
837	987
838	839
838	841
838	842
838	862
838	870
838	873
838	888
838	953
838	965
838	993
839	840
839	850
839	851
839	873
839	880
839	890
840	840
840	842
840	848
840	859
840	866
840	873
840	876
840	893
841	842
841	846
841	862
841	864
841	884
841	886
841	899
842	846
842	853
842	854
842	857
842	879
842	888
842	892
842	910
842	970
843	845
843	864
843	879
843	884
843	890
843	947
844	846
844	854
844	866
844	868
844	878
844	880
844	883
844	888
844	890
845	859
845	874
845	883
845	963
846	853
846	863
846	870
846	875
846	880
846	882
846	890
846	896
847	860
847	865
847	867
847	873
847	884
847	885
847	970
848	851
848	853
848	887
848	894
848	903
848	904
848	910
849	857
849	863
849	872
849	875
849	877
849	880
849	885
849	887
849	896
850	851
850	861
850	869
850	872
850	879
850	888
850	890
850	916
850	934
850	943
850	960
851	853
851	855
851	857
851	884
851	896
851	899
851	997
852	862
852	877
852	894
852	998
853	857
853	858
853	860
853	889
853	890
853	892
853	899
853	920
854	870
854	880
854	885
854	886
854	897
855	856
855	878
855	904
855	992
856	887
856	890
856	899
857	859
857	868
857	880
857	974
858	868
858	876
858	880
858	907
859	859
859	861
859	872
859	875
859	876
859	881
859	888
859	896
859	944
860	865
860	882
860	883
860	885
860	910
860	972
861	865
861	867
861	868
861	869
861	875
861	965
862	862
862	892
862	897
862	975
862	993
863	872
863	887
863	898
863	921
863	932
864	872
864	873
864	885
864	898
864	983
865	872
865	881
865	891
865	895
866	873
866	875
866	894
867	871
867	875
867	882
867	883
867	891
867	912
867	975
868	869
868	899
869	874
869	875
869	888
869	895
869	896
869	955
870	887
870	894
870	895
870	905
870	970
871	877
871	896
871	898
872	899
872	932
872	981
873	887
873	956
873	981
874	879
874	880
875	886
876	887
876	895
876	898
877	887
877	941
877	999
878	884
878	889
878	917
878	918
878	962
879	881
879	888
879	891
879	923
880	885
880	896
881	885
881	890
882	891
882	898
882	899
883	886
883	890
883	899
883	907
883	927
884	885
884	896
884	921
884	943
884	970
885	889
886	894
886	898
887	887
887	892
887	975
888	892
888	938
888	947
889	889
889	958
890	894
890	895
890	947
892	895
892	896
892	934
892	960
892	962
893	904
894	895
894	993
895	960
896	896
896	947
898	934
898	994
900	902
900	904
900	919
900	927
900	930
900	935
900	938
900	951
900	954
900	965
900	978
900	980
900	984
900	995
901	917
901	927
901	930
901	934
901	937
901	940
901	945
901	960
901	974
901	985
901	999
902	902
902	906
902	909
902	930
902	943
902	975
902	979
902	982
902	998
903	917
903	932
903	941
903	950
903	961
903	986
904	910
904	912
904	926
904	941
904	951
904	952
904	962
904	970
904	983
905	906
905	908
905	909
905	919
905	928
905	935
905	958
905	967
905	970
905	989
906	907
906	914
906	931
906	932
906	948
906	971
906	972
906	976
906	978
906	979
907	936
907	940
907	952
907	962
907	972
907	979
907	984
907	994
908	908
908	918
908	943
908	950
908	976
908	978
908	985
909	922
909	928
909	933
909	943
909	946
909	949
909	957
909	962
909	967
909	978
909	992
909	996
910	914
910	916
910	921
910	936
910	938
910	946
910	957
910	959
910	968
910	984
910	992
910	997
911	913
911	933
911	940
911	967
911	971
911	984
912	920
912	935
912	936
912	945
912	967
912	970
912	978
913	917
913	920
913	930
913	946
913	957
913	974
913	985
914	922
914	942
914	957
914	965
914	967
914	993
914	996
915	929
915	936
915	949
915	959
915	961
915	986
916	917
916	918
916	921
916	942
916	956
916	962
916	965
916	966
916	967
916	974
916	982
917	924
917	932
917	933
917	934
917	936
917	938
917	939
917	942
917	944
917	945
917	949
917	966
917	968
917	973
917	974
917	975
917	982
917	989
918	919
918	944
918	946
918	959
918	971
918	973
918	975
918	976
918	984
918	985
918	993
918	995
919	922
919	931
919	932
919	935
919	954
919	966
919	985
919	993
919	994
919	998
920	978
920	996
921	928
921	930
921	950
921	961
921	965
921	980
921	985
921	994
922	930
922	936
922	957
922	962
922	987
923	927
923	944
923	945
923	946
923	962
923	967
923	968
923	971
923	974
923	980
923	988
923	995
923	998
924	924
924	940
924	947
924	972
924	985
924	989
924	999
925	931
925	939
925	943
925	951
925	952
925	966
925	971
925	981
925	994
926	932
926	937
926	944
926	945
926	961
926	972
926	976
926	978
926	985
927	930
927	931
927	932
927	944
927	948
927	952
928	932
928	951
928	954
928	979
928	997
929	942
929	952
929	964
929	970
929	972
929	974
929	983
929	994
929	997
929	999
930	936
930	945
930	960
930	978
930	992
931	943
931	957
931	960
931	963
931	969
931	970
931	981
931	997
932	967
932	971
932	972
932	978
932	987
933	935
933	937
933	938
933	939
933	977
933	981
934	942
934	950
934	956
934	977
934	979
934	980
934	989
935	953
935	961
935	970
935	984
935	993
936	974
936	991
936	994
937	938
937	940
937	941
937	981
937	990
937	992
938	940
938	951
938	965
938	967
939	945
939	955
939	959
939	983
939	994
939	995
940	940
940	943
940	945
940	948
940	977
941	949
941	955
941	957
941	959
941	970
941	988
941	990
942	949
942	954
942	957
942	988
942	996
943	956
943	968
943	989
943	993
944	947
944	956
944	982
944	987
944	996
945	946
945	955
945	981
945	992
946	958
946	963
946	973
946	999
947	966
947	972
947	975
947	982
947	984
947	990
947	998
948	949
948	961
948	963
948	973
948	982
948	989
949	958
949	968
949	971
949	972
949	977
949	980
949	981
949	984
949	996
950	954
950	959
950	970
950	979
950	988
950	992
951	958
951	965
951	984
951	985
952	977
952	983
952	988
953	965
953	987
953	995
954	969
954	973
954	982
954	984
954	986
954	996
955	966
955	976
955	986
955	989
955	990
956	978
956	982
956	992
956	997
957	980
957	999
958	960
958	983
958	997
959	965
959	971
959	981
959	982
959	988
960	964
960	965
960	978
960	986
960	987
960	994
961	967
961	981
961	986
961	994
962	972
963	975
963	987
963	991
963	993
963	995
964	974
964	981
964	987
964	994
964	996
964	998
965	967
965	972
965	991
965	993
965	994
966	989
966	991
966	997
967	971
967	984
968	970
968	977
968	983
968	998
969	979
969	993
969	999
970	976
970	977
970	988
970	992
971	982
971	986
972	978
972	982
972	991
972	995
972	998
973	990
973	999
975	988
975	999
976	980
976	981
976	989
976	994
976	997
977	982
977	991
977	993
978	980
978	983
978	985
978	992
979	984
979	986
980	989
981	982
981	983
981	987
981	988
981	989
981	991
981	995
982	987
982	993
983	985
983	995
984	988
984	996
985	997
987	995
988	991
989	993
993	998
993	999
994	997
994	999
995	997
