0	4
0	7
0	8
0	12
0	15
0	17
0	23
0	29
0	32
0	36
0	39
0	41
0	43
0	44
0	45
0	49
0	54
0	60
0	71
0	83
0	86
0	90
0	96
0	830
1	8
1	9
1	11
1	12
1	14
1	15
1	20
1	33
1	34
1	38
1	42
1	50
1	52
1	54
1	57
1	58
1	60
1	63
1	64
1	67
1	68
1	70
1	75
1	82
1	84
1	87
1	440
2	33
2	35
2	37
2	46
2	50
2	51
2	52
2	56
2	66
2	80
2	170
2	250
3	16
3	45
3	50
3	54
3	58
3	64
3	65
3	70
3	72
3	73
3	81
3	82
3	255
3	423
3	611
3	696
3	830
4	6
4	9
4	28
4	29
4	36
4	38
4	39
4	41
4	43
4	45
4	47
4	51
4	52
4	57
4	58
4	59
4	67
4	72
4	73
4	77
4	78
4	80
4	81
4	87
4	91
4	93
4	96
5	10
5	17
5	20
5	24
5	28
5	30
5	31
5	32
5	41
5	45
5	51
5	63
5	66
5	74
5	81
5	82
5	87
5	97
5	720
5	801
6	8
6	12
6	18
6	29
6	36
6	41
6	45
6	51
6	57
6	60
6	62
6	71
6	74
6	76
6	78
6	94
7	8
7	24
7	28
7	34
7	35
7	38
7	40
7	42
7	43
7	64
7	65
7	67
7	69
7	80
7	91
7	98
8	16
8	20
8	21
8	26
8	28
8	32
8	37
8	40
8	54
8	71
8	73
8	81
8	82
8	85
8	89
8	91
8	92
8	94
8	98
8	822
9	22
9	27
9	29
9	46
9	51
9	72
9	75
9	87
9	96
9	97
9	992
10	13
10	15
10	16
10	21
10	22
10	28
10	29
10	33
10	37
10	51
10	54
10	58
10	63
10	67
10	76
10	87
10	88
10	89
10	95
10	204
10	354
10	383
10	543
10	843
11	12
11	20
11	21
11	23
11	26
11	28
11	31
11	38
11	40
11	42
11	51
11	54
11	57
11	63
11	93
11	862
12	12
12	33
12	43
12	44
12	47
12	66
12	76
12	79
12	81
12	89
12	94
12	95
12	380
12	986
13	17
13	22
13	23
13	25
13	26
13	27
13	34
13	38
13	45
13	68
13	72
13	76
13	78
13	81
13	89
13	91
13	410
13	514
13	583
14	20
14	21
14	23
14	28
14	30
14	32
14	33
14	39
14	40
14	47
14	49
14	51
14	54
14	71
14	74
14	89
14	96
14	258
14	682
14	844
15	22
15	29
15	31
15	32
15	51
15	53
15	65
15	66
15	68
15	72
15	79
15	87
15	89
15	93
15	96
15	512
15	530
15	686
15	865
16	30
16	31
16	33
16	45
16	51
16	53
16	56
16	57
16	59
16	68
16	70
16	72
16	91
16	98
16	177
17	24
17	25
17	26
17	27
17	28
17	36
17	41
17	54
17	76
17	81
17	82
17	91
17	95
17	189
18	19
18	28
18	35
18	44
18	50
18	52
18	59
18	82
18	85
19	23
19	32
19	37
19	42
19	59
19	63
19	72
19	74
19	75
19	79
19	82
19	83
19	84
19	90
19	95
19	97
19	99
19	556
20	21
20	23
20	28
20	35
20	39
20	42
20	45
20	55
20	73
20	74
20	86
20	93
20	749
20	913
21	22
21	26
21	44
21	57
21	58
21	60
21	73
21	87
21	91
21	96
21	263
21	268
21	558
21	761
21	801
21	852
22	32
22	37
22	38
22	40
22	41
22	42
22	48
22	79
22	81
22	83
22	88
22	90
22	467
23	23
23	40
23	55
23	59
23	61
23	63
23	64
23	91
23	99
23	247
23	261
23	547
23	992
24	26
24	27
24	33
24	46
24	49
24	58
24	68
24	69
24	73
24	81
24	82
24	90
25	27
25	37
25	41
25	46
25	47
25	48
25	52
25	54
25	57
25	67
25	88
25	89
25	92
25	96
25	614
26	27
26	28
26	50
26	61
26	62
26	70
26	71
26	73
26	90
26	93
26	98
26	966
26	978
27	29
27	31
27	34
27	52
27	57
27	58
27	71
27	72
27	73
27	78
27	79
27	80
27	87
27	835
27	951
28	28
28	30
28	46
28	55
28	62
28	64
28	72
28	73
28	81
28	83
28	87
28	95
28	314
28	773
28	784
29	31
29	36
29	44
29	52
29	62
29	72
29	76
29	83
29	87
29	88
29	94
29	96
30	42
30	65
30	79
30	97
30	587
30	913
31	32
31	36
31	42
31	43
31	48
31	57
31	62
31	70
31	71
31	73
31	74
31	83
31	84
31	86
31	90
31	97
31	114
31	115
31	214
31	439
31	874
32	34
32	36
32	43
32	44
32	51
32	54
32	55
32	56
32	67
32	68
32	450
33	46
33	72
33	77
33	79
33	89
33	91
33	94
33	98
33	348
33	924
34	36
34	42
34	49
34	52
34	56
34	57
34	62
34	65
34	67
34	68
34	69
34	83
34	87
34	93
34	656
35	37
35	45
35	52
35	55
35	56
35	57
35	60
35	64
35	67
35	73
35	84
35	88
35	91
35	93
35	120
36	36
36	39
36	45
36	49
36	52
36	56
36	65
36	67
36	69
36	71
36	75
36	76
36	81
36	93
36	98
36	205
36	348
36	516
36	761
36	911
37	38
37	40
37	46
37	52
37	54
37	67
37	74
37	81
37	85
37	93
37	118
37	740
38	41
38	50
38	55
38	58
38	60
38	67
38	74
38	75
38	77
38	80
38	87
38	88
38	95
38	97
38	98
38	740
39	43
39	55
39	64
39	69
39	80
39	85
39	86
39	87
39	342
39	781
40	53
40	54
40	61
40	62
40	68
40	80
40	81
40	84
40	88
40	93
40	94
40	96
40	99
40	220
40	322
41	47
41	49
41	51
41	52
41	54
41	60
41	67
41	68
41	71
41	87
41	93
42	49
42	66
42	75
42	79
42	90
42	93
42	95
42	97
42	382
43	49
43	51
43	52
43	56
43	58
43	74
43	75
43	86
43	92
43	96
43	704
43	897
44	46
44	48
44	74
44	80
44	87
44	93
44	98
44	671
44	976
45	57
45	58
45	59
45	64
45	74
45	79
45	84
45	86
45	93
45	98
45	181
45	308
45	920
46	47
46	58
46	60
46	75
46	90
46	96
46	970
47	50
47	55
47	61
47	62
47	63
47	67
47	73
47	77
47	92
47	97
48	48
48	52
48	56
48	58
48	69
48	71
48	98
48	491
48	914
49	67
49	78
49	80
49	85
49	93
49	98
49	691
50	51
50	53
50	56
50	61
50	62
50	70
50	73
50	78
50	81
50	95
50	236
50	426
50	520
51	52
51	62
51	68
51	78
51	80
51	92
51	99
52	57
52	60
52	63
52	64
52	67
52	72
52	75
52	81
52	99
52	168
52	721
52	955
53	60
53	61
53	62
53	71
53	82
53	84
53	85
53	97
53	650
53	670
54	61
54	62
54	63
54	71
54	77
54	79
54	87
54	89
54	93
54	95
54	122
55	57
55	65
55	73
55	74
55	76
55	87
55	88
55	92
55	95
55	618
55	980
56	57
56	58
56	71
56	72
56	83
56	87
56	367
57	60
57	64
57	69
57	70
57	71
57	76
57	84
57	86
57	145
58	60
58	79
58	92
58	99
58	148
58	520
59	63
59	68
59	77
59	81
59	515
60	69
60	71
60	72
60	78
60	85
60	90
60	98
60	171
60	612
60	916
61	63
61	70
61	80
61	84
61	86
61	88
62	63
62	65
62	74
62	76
62	78
62	85
62	410
63	71
63	72
63	73
63	74
63	84
63	91
63	92
63	93
63	95
63	98
63	351
64	65
64	66
64	75
64	77
64	85
64	92
64	93
64	95
64	172
65	68
65	70
65	71
65	73
65	77
65	80
65	84
65	89
65	92
65	263
65	595
65	828
66	69
66	88
66	613
67	67
67	79
67	81
67	339
67	952
68	70
68	73
68	76
68	83
68	86
68	87
68	89
68	98
68	99
68	121
68	703
69	73
69	79
69	90
69	95
69	418
69	696
70	72
70	75
70	77
70	97
70	298
71	76
72	73
72	83
72	84
72	91
72	92
72	98
72	635
72	862
72	864
72	937
73	75
73	76
73	77
73	81
73	82
73	83
73	86
73	93
73	296
74	76
74	337
74	449
75	78
75	80
75	84
75	90
75	92
75	96
75	612
76	81
76	85
76	865
76	949
77	84
77	86
77	88
77	154
77	372
77	670
77	988
78	92
78	93
78	99
78	636
78	734
78	867
79	95
79	96
79	98
79	372
80	81
80	82
80	84
80	86
80	96
80	99
80	385
81	84
81	85
81	87
81	97
81	166
81	841
82	83
82	94
82	116
82	139
83	87
83	95
83	96
83	99
83	109
83	505
83	776
84	86
85	86
85	91
85	95
85	97
85	99
85	501
85	700
86	86
86	90
86	607
86	843
87	90
87	93
87	94
87	707
88	88
88	89
88	92
88	93
88	147
88	295
88	371
88	595
88	650
88	805
89	90
89	98
89	780
90	95
91	99
92	97
92	248
92	468
92	589
92	682
93	809
94	96
94	99
94	851
95	112
96	97
97	187
97	507
97	638
98	349
98	630
98	920
100	103
100	113
100	119
100	121
100	127
100	136
100	142
100	160
100	167
100	169
100	174
100	180
100	190
100	195
100	198
100	864
101	105
101	116
101	125
101	130
101	133
101	142
101	159
101	163
101	165
101	178
101	181
101	182
101	189
101	191
101	535
101	816
101	854
102	102
102	109
102	119
102	125
102	129
102	130
102	135
102	138
102	141
102	144
102	146
102	153
102	154
102	156
102	158
102	159
102	166
102	167
102	168
102	183
102	184
102	188
102	189
102	197
103	103
103	104
103	107
103	112
103	116
103	119
103	128
103	131
103	134
103	138
103	141
103	149
103	150
103	153
103	159
103	165
103	172
103	175
103	176
103	182
103	184
103	186
103	199
103	772
104	116
104	118
104	128
104	131
104	132
104	142
104	152
104	159
104	165
104	166
104	168
104	169
104	174
104	175
104	181
104	185
104	191
104	341
104	730
105	124
105	127
105	133
105	136
105	140
105	141
105	144
105	153
105	160
105	162
105	170
105	173
105	177
105	196
105	402
106	109
106	114
106	122
106	133
106	134
106	140
106	145
106	153
106	172
106	173
106	179
106	186
106	192
106	198
106	386
106	667
107	111
107	112
107	114
107	125
107	132
107	136
107	142
107	157
107	162
107	163
107	165
107	168
107	174
107	184
107	187
107	190
107	194
107	197
107	198
108	112
108	115
108	118
108	121
108	122
108	123
108	130
108	132
108	135
108	143
108	149
108	161
108	162
108	168
108	172
108	191
108	194
108	702
109	111
109	112
109	120
109	123
109	150
109	157
109	158
109	159
109	170
109	172
109	175
109	177
109	192
109	822
110	116
110	119
110	130
110	134
110	137
110	138
110	140
110	142
110	144
110	146
110	148
110	158
110	160
110	168
110	169
110	178
110	183
110	184
110	195
110	574
110	579
111	115
111	125
111	136
111	143
111	144
111	145
111	162
111	163
111	174
111	180
111	440
112	115
112	119
112	133
112	141
112	147
112	148
112	156
112	162
112	167
112	170
112	176
112	183
112	194
112	196
112	701
112	850
113	115
113	119
113	121
113	126
113	134
113	136
113	137
113	138
113	140
113	143
113	153
113	167
113	173
113	175
113	179
113	186
113	192
113	194
114	117
114	119
114	121
114	123
114	126
114	127
114	129
114	138
114	144
114	145
114	159
114	162
114	168
114	183
114	184
114	188
114	195
114	197
114	658
114	922
115	121
115	122
115	129
115	134
115	146
115	150
115	161
115	173
115	177
115	180
115	194
115	195
115	196
115	346
115	549
116	120
116	125
116	126
116	131
116	137
116	147
116	154
116	168
116	173
116	178
116	180
116	181
116	643
116	669
117	124
117	129
117	132
117	138
117	139
117	145
117	148
117	150
117	159
117	166
117	170
117	172
117	182
117	190
117	228
117	447
118	120
118	122
118	136
118	137
118	140
118	142
118	149
118	159
118	164
118	170
118	175
118	183
118	192
118	193
118	194
118	196
118	198
118	344
119	119
119	120
119	128
119	133
119	135
119	145
119	152
119	161
119	164
119	168
119	170
119	173
119	175
119	178
119	186
119	191
119	192
120	139
120	142
120	146
120	156
120	157
120	159
120	172
120	177
120	179
120	182
120	187
121	123
121	129
121	139
121	145
121	146
121	151
121	156
121	158
121	159
121	165
121	168
121	173
121	179
121	183
121	186
121	191
121	193
121	195
121	197
121	322
122	127
122	142
122	145
122	146
122	150
122	157
122	167
122	175
122	179
122	193
122	197
122	199
122	613
122	909
123	133
123	138
123	148
123	152
123	161
123	176
123	186
123	190
123	193
123	194
123	199
123	728
124	128
124	131
124	145
124	155
124	156
124	165
124	181
124	183
124	195
124	198
124	377
124	414
124	790
124	827
125	132
125	138
125	140
125	143
125	149
125	151
125	152
125	153
125	154
125	161
125	170
125	172
125	174
125	182
125	185
125	194
126	138
126	154
126	163
126	165
126	177
126	182
126	190
126	192
126	193
126	194
126	702
127	134
127	151
127	165
127	166
127	170
127	183
127	184
127	196
127	289
127	696
127	908
128	133
128	141
128	147
128	162
128	164
128	186
128	187
128	194
128	196
128	197
128	363
128	529
129	131
129	136
129	149
129	152
129	166
129	173
129	175
129	177
129	180
129	181
129	316
129	943
130	131
130	133
130	134
130	138
130	142
130	153
130	159
130	163
130	168
130	175
130	177
130	188
130	192
130	195
130	199
130	891
131	138
131	151
131	152
131	157
131	163
131	169
131	171
131	186
131	187
131	188
131	190
131	191
131	192
131	196
132	135
132	139
132	148
132	154
132	163
132	165
132	166
132	178
132	191
132	195
132	321
133	147
133	150
133	155
133	156
133	157
133	158
133	159
133	168
133	171
133	186
133	187
133	278
133	386
133	971
133	979
134	147
134	157
134	162
134	172
134	180
134	181
134	184
134	185
134	187
134	189
134	488
135	144
135	150
135	158
135	174
135	194
135	197
136	138
136	144
136	156
136	167
136	170
136	182
136	185
136	186
136	190
136	195
136	505
136	631
136	899
137	140
137	142
137	143
137	147
137	155
137	160
137	162
137	167
137	177
137	179
137	181
137	183
137	184
137	186
137	197
137	198
137	420
138	152
138	159
138	160
138	170
138	179
138	187
138	279
138	682
139	139
139	142
139	172
139	188
139	191
139	199
139	316
140	141
140	156
140	159
140	169
140	171
140	177
140	183
140	184
140	190
140	196
140	198
140	366
140	751
141	145
141	148
141	153
141	160
141	164
141	178
141	180
141	186
141	189
141	190
141	197
141	198
141	199
141	290
142	144
142	146
142	157
142	162
142	166
142	168
142	174
142	179
142	189
142	192
142	397
142	928
143	149
143	152
143	157
143	161
143	174
143	189
143	193
143	195
143	394
143	996
144	155
144	159
144	165
144	170
144	181
144	182
144	183
144	184
144	190
144	215
144	434
145	149
145	168
145	177
145	186
145	197
146	154
146	157
146	158
146	178
146	181
146	189
146	223
146	234
146	535
147	153
147	156
147	159
147	163
147	167
147	170
147	177
147	182
147	186
147	191
147	396
147	621
147	916
148	149
148	150
148	153
148	174
148	176
148	181
148	191
148	196
148	538
148	828
149	152
149	165
149	166
149	168
149	169
149	172
149	175
149	181
149	185
149	187
149	192
149	196
149	506
150	153
150	159
150	160
150	168
150	172
150	175
150	182
150	183
150	189
150	191
150	193
150	197
150	198
151	152
151	166
151	174
151	180
151	183
151	215
152	158
152	163
152	182
152	186
153	157
153	160
153	182
153	190
153	198
153	412
153	679
154	158
154	168
154	170
154	174
154	182
154	183
154	184
154	190
154	430
155	156
155	159
155	177
155	182
155	185
155	188
155	193
155	197
155	198
155	320
156	161
156	180
156	181
156	187
156	188
156	199
156	370
156	394
157	166
157	173
157	180
157	190
157	191
157	194
158	164
158	166
158	169
158	171
158	178
158	182
158	188
158	189
158	194
158	197
158	513
158	584
158	617
159	159
159	161
159	162
159	175
159	178
159	187
159	195
159	199
159	474
159	590
160	161
160	167
160	172
160	174
160	185
160	190
160	196
160	199
160	901
161	170
161	171
161	176
161	177
161	191
161	192
161	195
162	164
162	167
162	168
162	170
162	171
162	172
162	173
162	178
162	195
162	196
162	668
162	718
163	184
163	185
163	189
163	196
163	197
164	183
164	184
164	187
164	191
164	193
164	194
164	449
164	961
165	169
165	183
165	189
165	192
165	194
165	197
165	597
165	617
166	193
166	195
166	197
166	332
166	667
167	188
167	191
167	192
167	196
167	199
167	828
168	183
168	188
168	192
168	194
168	197
168	488
168	678
168	773
169	174
169	184
169	193
169	195
169	348
169	376
169	383
170	175
170	182
170	190
170	193
170	196
170	586
170	715
171	174
171	179
171	180
171	181
171	189
171	190
171	191
171	198
171	199
171	289
171	722
172	175
172	179
172	184
172	185
172	187
172	189
172	193
172	197
172	198
172	199
172	525
172	573
172	636
172	938
173	176
173	180
173	181
173	190
173	199
173	491
173	537
173	726
173	913
173	943
174	182
174	183
174	188
174	197
174	530
175	179
175	185
175	191
175	439
175	995
176	176
176	179
176	181
176	183
176	185
176	875
177	185
177	187
177	195
177	889
178	183
178	185
178	193
178	195
178	324
178	607
178	958
179	185
179	188
179	189
179	337
179	485
180	185
180	338
180	825
180	979
181	187
181	190
181	193
181	194
181	195
181	197
181	996
182	189
182	193
182	194
182	195
182	196
182	351
182	457
182	458
183	184
183	193
183	195
183	199
183	423
184	418
184	482
184	702
184	849
185	189
185	199
185	773
185	879
186	188
186	610
187	195
187	198
187	591
187	763
188	189
188	192
188	594
189	190
189	191
189	197
189	198
189	362
189	645
189	673
189	979
190	940
191	192
191	353
191	919
192	260
192	413
192	849
193	198
193	199
194	194
194	899
195	199
195	646
196	196
196	562
196	622
197	199
197	671
198	997
200	213
200	216
200	218
200	229
200	241
200	245
200	246
200	255
200	265
200	267
200	268
200	285
200	293
200	294
201	201
201	208
201	216
201	217
201	220
201	221
201	222
201	237
201	239
201	244
201	245
201	247
201	254
201	269
201	274
201	290
201	551
201	870
202	205
202	206
202	209
202	214
202	220
202	240
202	243
202	246
202	267
202	270
202	272
202	282
202	283
202	284
202	286
202	290
202	291
202	292
202	650
203	204
203	207
203	211
203	219
203	229
203	234
203	249
203	251
203	252
203	257
203	270
203	273
203	275
203	280
203	283
203	285
203	286
203	290
203	552
203	770
204	205
204	207
204	208
204	211
204	212
204	219
204	220
204	221
204	222
204	223
204	230
204	234
204	237
204	240
204	244
204	246
204	254
204	256
204	258
204	264
204	268
204	273
204	291
204	527
205	209
205	214
205	216
205	217
205	233
205	234
205	242
205	243
205	244
205	254
205	259
205	263
205	264
205	266
205	282
205	284
205	295
205	299
205	552
205	680
206	220
206	223
206	234
206	241
206	249
206	259
206	261
206	268
206	271
206	273
206	275
206	278
206	279
206	281
206	382
206	843
206	910
207	210
207	227
207	240
207	251
207	255
207	259
207	261
207	264
207	265
207	266
207	273
207	275
207	279
207	281
207	287
207	290
207	295
207	297
207	416
208	212
208	213
208	217
208	222
208	228
208	231
208	233
208	246
208	251
208	255
208	257
208	264
208	266
208	274
208	282
208	291
208	296
209	209
209	216
209	222
209	243
209	245
209	246
209	248
209	252
209	260
209	261
209	265
209	268
209	281
209	283
209	292
209	307
209	584
209	999
210	214
210	220
210	221
210	223
210	232
210	236
210	243
210	244
210	248
210	253
210	264
210	271
210	279
210	294
210	919
211	213
211	215
211	222
211	223
211	227
211	229
211	234
211	243
211	261
211	264
211	272
211	274
211	275
211	276
211	277
211	278
211	287
211	293
211	296
211	299
212	220
212	223
212	225
212	226
212	239
212	246
212	247
212	253
212	257
212	260
212	261
212	270
212	282
212	287
212	292
212	294
212	297
212	320
212	662
212	871
212	926
213	217
213	225
213	230
213	237
213	238
213	240
213	242
213	245
213	253
213	256
213	269
213	271
213	275
213	281
213	283
213	285
213	286
213	289
213	295
213	480
213	554
214	217
214	221
214	227
214	242
214	258
214	278
214	286
214	287
214	291
214	585
214	758
215	217
215	234
215	235
215	236
215	242
215	245
215	252
215	257
215	258
215	264
215	285
215	298
215	704
215	766
216	217
216	230
216	233
216	242
216	245
216	246
216	253
216	268
216	270
216	271
216	273
216	275
216	287
216	600
217	218
217	226
217	231
217	259
217	262
217	265
217	267
217	268
217	269
217	274
217	276
217	277
217	280
217	284
217	287
217	294
217	297
217	299
218	221
218	223
218	224
218	226
218	227
218	230
218	232
218	243
218	253
218	254
218	256
218	263
218	280
218	285
218	289
218	294
218	621
219	222
219	231
219	232
219	234
219	235
219	236
219	238
219	248
219	262
219	272
219	274
219	275
219	276
219	277
219	279
219	281
219	284
219	293
219	299
219	334
220	222
220	223
220	227
220	231
220	236
220	241
220	254
220	257
220	259
220	261
220	278
220	279
220	284
220	286
220	585
220	603
221	227
221	234
221	236
221	237
221	246
221	249
221	268
221	272
221	287
221	290
221	294
222	238
222	249
222	251
222	266
222	267
222	269
222	277
222	278
222	284
222	287
222	508
222	671
223	224
223	227
223	232
223	233
223	236
223	256
223	261
223	267
223	268
223	281
223	287
223	291
223	297
223	299
223	386
224	229
224	231
224	233
224	238
224	248
224	252
224	253
224	254
224	261
224	276
224	289
224	293
224	339
224	450
225	226
225	234
225	242
225	244
225	259
225	262
225	275
225	289
225	292
225	293
225	294
226	233
226	235
226	238
226	242
226	251
226	256
226	257
226	260
226	263
226	271
226	275
226	276
226	281
226	282
226	288
226	290
226	293
226	294
226	298
227	229
227	240
227	241
227	248
227	249
227	252
227	253
227	267
227	288
227	289
227	299
227	863
228	230
228	233
228	236
228	240
228	242
228	245
228	250
228	254
228	256
228	275
228	277
228	280
228	300
228	848
229	232
229	239
229	253
229	265
229	266
229	275
229	290
229	296
229	298
229	544
230	231
230	235
230	239
230	242
230	246
230	254
230	257
230	260
230	261
230	265
230	283
230	285
230	286
230	295
230	774
231	247
231	257
231	269
231	273
231	281
231	292
231	293
231	295
231	744
232	234
232	238
232	262
232	276
232	282
232	285
232	286
232	291
233	247
233	248
233	254
233	269
233	270
233	280
233	284
233	285
233	288
233	292
233	294
233	855
234	242
234	243
234	254
234	256
234	267
234	273
234	275
234	276
234	278
234	291
234	783
235	243
235	249
235	253
235	257
235	259
235	267
235	270
235	271
235	273
235	276
235	277
235	285
235	292
235	688
236	239
236	249
236	250
236	260
236	262
236	263
236	266
236	270
236	272
236	276
236	284
236	294
236	297
236	299
236	560
236	925
236	937
237	242
237	250
237	261
237	265
237	280
237	289
237	298
238	245
238	246
238	249
238	255
238	270
238	278
238	279
238	292
238	293
238	297
238	625
238	804
238	945
239	247
239	258
239	259
239	265
239	269
239	275
239	278
239	284
239	295
239	669
239	699
239	838
240	242
240	258
240	284
240	295
240	297
240	299
240	625
241	244
241	250
241	252
241	255
241	257
241	277
241	290
241	297
241	298
241	299
241	506
242	246
242	247
242	251
242	262
242	266
242	280
242	291
242	293
242	675
242	905
242	943
243	248
243	249
243	259
243	260
243	265
243	271
243	275
243	280
243	287
243	293
243	297
243	411
243	816
244	249
244	253
244	257
244	263
244	268
244	272
244	276
244	277
244	278
244	287
244	294
244	295
244	862
244	959
245	253
245	259
245	263
245	267
245	270
245	272
245	279
245	280
245	287
245	288
245	293
245	296
245	923
246	247
246	248
246	249
246	254
246	255
246	256
246	261
246	262
246	263
246	272
246	276
246	277
246	284
246	292
246	401
246	812
246	856
247	261
247	277
247	280
247	289
247	291
247	292
247	296
247	299
248	250
248	251
248	262
248	275
248	278
248	279
248	281
248	284
248	285
248	293
248	296
248	299
248	519
248	778
248	830
248	866
248	993
249	251
249	253
249	257
249	268
249	273
249	276
249	277
249	278
249	283
249	286
249	290
249	292
249	296
249	298
250	251
250	253
250	255
250	256
250	260
250	262
250	263
250	279
250	281
250	287
251	258
251	259
251	261
251	264
251	284
251	285
251	287
251	289
251	293
251	297
251	299
251	642
251	651
251	829
252	254
252	255
252	261
252	270
252	281
252	285
252	288
252	293
252	295
252	491
252	614
253	269
253	282
253	283
253	601
253	897
254	255
254	258
254	262
254	263
254	266
254	273
254	275
254	279
254	281
254	283
254	285
254	288
254	289
254	291
254	293
254	297
254	517
254	795
255	270
255	277
255	284
255	291
255	298
255	493
256	257
256	258
256	261
256	268
256	274
256	277
256	287
257	262
257	269
257	272
257	277
257	278
257	281
257	284
257	295
257	297
257	565
257	628
257	896
258	260
258	261
258	269
258	272
258	282
258	291
258	292
258	299
258	692
258	704
259	263
259	265
259	269
259	273
259	274
259	276
259	280
259	287
259	869
259	974
260	260
260	269
260	271
260	273
260	284
260	285
260	288
260	299
261	276
261	278
261	285
261	287
261	291
261	297
261	445
261	521
262	268
262	269
262	276
262	279
262	282
262	525
263	264
263	266
263	268
263	275
263	285
263	287
263	296
263	299
263	345
263	575
263	744
264	264
264	266
264	269
264	289
264	295
264	298
264	525
264	917
265	266
265	276
265	282
265	743
265	873
266	272
266	278
266	279
266	283
266	284
266	287
266	288
266	291
266	293
266	295
266	521
267	268
267	276
267	280
267	293
267	564
268	270
268	277
268	278
268	296
269	281
269	284
269	291
269	292
269	299
269	413
269	624
269	770
269	873
270	274
270	284
270	286
270	287
270	293
270	296
270	587
271	292
271	295
271	296
271	299
271	648
272	280
272	286
272	287
272	884
272	980
273	273
273	281
273	285
273	288
273	289
273	291
273	402
273	981
274	280
274	285
274	286
274	381
274	568
275	285
275	295
275	296
275	297
275	298
275	976
276	280
276	281
276	289
276	291
276	296
276	299
276	396
277	282
277	287
277	291
277	774
278	282
278	291
278	296
278	297
278	843
278	884
279	280
279	286
279	291
279	330
279	778
280	284
280	290
280	846
280	912
281	297
281	375
282	296
282	359
283	290
283	294
283	299
284	285
284	296
284	297
284	298
284	496
284	770
284	987
285	291
285	292
285	299
285	546
286	892
287	291
287	292
287	295
287	411
287	627
287	943
288	294
288	295
288	297
289	292
289	577
291	296
291	297
291	602
292	295
292	296
292	705
293	373
293	410
293	943
294	306
294	990
295	338
295	355
295	676
296	297
296	750
296	762
297	299
297	501
297	550
297	801
298	526
298	854
299	299
300	304
300	306
300	311
300	318
300	319
300	328
300	329
300	339
300	347
300	349
300	352
300	354
300	357
300	360
300	362
300	369
300	374
300	377
300	378
300	390
301	307
301	308
301	311
301	331
301	332
301	342
301	344
301	353
301	359
301	363
301	369
301	379
301	382
301	385
301	386
301	387
301	388
301	389
301	397
301	496
301	645
302	308
302	312
302	317
302	321
302	324
302	341
302	351
302	362
302	372
302	384
302	385
302	386
302	388
302	606
303	305
303	309
303	311
303	314
303	329
303	337
303	349
303	357
303	358
303	359
303	366
303	373
303	378
303	388
303	389
303	391
303	394
303	397
304	306
304	308
304	310
304	315
304	320
304	323
304	326
304	338
304	354
304	360
304	364
304	370
304	374
304	375
304	382
304	392
304	398
304	403
304	430
304	747
305	307
305	316
305	339
305	350
305	352
305	356
305	364
305	376
305	379
305	392
305	398
305	712
305	849
306	316
306	322
306	327
306	329
306	333
306	334
306	344
306	348
306	355
306	357
306	363
306	364
306	367
306	372
306	375
306	379
306	387
306	394
306	420
306	491
307	314
307	315
307	326
307	328
307	342
307	343
307	346
307	355
307	362
307	363
307	372
307	376
307	377
307	380
307	384
307	385
307	394
307	504
308	314
308	324
308	330
308	333
308	341
308	343
308	349
308	357
308	359
308	361
308	368
308	383
308	387
308	388
308	394
308	395
308	396
308	398
308	759
308	790
309	321
309	323
309	332
309	342
309	344
309	352
309	364
309	367
309	370
309	373
309	374
309	382
309	386
309	387
309	389
309	390
309	393
310	310
310	318
310	319
310	333
310	364
310	365
310	368
310	371
310	372
310	384
310	397
310	399
310	468
311	312
311	322
311	326
311	327
311	334
311	339
311	343
311	357
311	358
311	369
311	379
311	385
311	388
311	483
311	969
312	313
312	328
312	330
312	342
312	353
312	360
312	365
312	366
312	369
312	371
312	382
312	389
312	391
312	987
313	314
313	320
313	326
313	329
313	334
313	339
313	343
313	347
313	355
313	356
313	363
313	364
313	365
313	366
313	369
313	370
313	386
313	387
313	388
313	394
313	524
314	315
314	320
314	322
314	323
314	325
314	330
314	331
314	341
314	344
314	345
314	370
314	371
314	376
314	384
314	390
314	399
314	515
314	829
314	882
315	324
315	351
315	353
315	363
315	367
315	373
315	375
315	378
315	380
315	381
315	385
315	387
315	394
315	419
315	817
316	323
316	325
316	341
316	343
316	347
316	356
316	364
316	376
316	377
316	387
316	388
316	582
317	328
317	331
317	342
317	345
317	352
317	354
317	358
317	369
317	377
317	385
317	392
317	397
317	497
317	735
318	318
318	322
318	326
318	328
318	332
318	333
318	347
318	356
318	357
318	359
318	360
318	364
318	366
318	368
318	379
318	382
318	387
318	389
318	399
318	610
318	976
319	334
319	340
319	355
319	377
319	379
319	380
319	383
319	393
320	322
320	328
320	329
320	332
320	345
320	348
320	364
320	371
320	372
320	380
320	383
320	386
320	395
320	400
320	648
321	321
321	330
321	333
321	341
321	351
321	355
321	364
321	370
321	371
321	372
321	375
321	381
321	388
321	390
321	397
321	852
321	920
322	322
322	325
322	326
322	330
322	338
322	339
322	340
322	347
322	366
322	372
322	381
322	384
322	390
322	391
322	393
322	397
322	819
323	326
323	332
323	335
323	350
323	351
323	357
323	360
323	361
323	365
323	371
323	374
323	375
323	379
323	381
323	384
323	385
323	391
323	394
323	399
323	818
324	325
324	336
324	341
324	354
324	359
324	364
324	367
324	368
324	379
324	389
324	634
324	680
324	910
324	992
325	326
325	338
325	343
325	357
325	370
325	375
325	376
325	378
325	781
326	334
326	348
326	356
326	358
326	367
326	370
326	381
326	394
326	429
326	823
327	333
327	339
327	341
327	342
327	348
327	355
327	359
327	360
327	361
327	373
327	378
327	383
327	387
327	390
327	396
328	341
328	342
328	343
328	360
328	368
328	370
328	381
328	386
328	398
329	356
329	365
329	384
329	391
329	398
329	406
329	708
330	330
330	335
330	339
330	342
330	351
330	355
330	380
330	386
330	388
330	397
330	959
331	332
331	339
331	351
331	353
331	356
331	360
331	366
331	372
331	396
331	398
331	477
332	346
332	371
332	377
332	386
332	394
332	398
332	673
332	900
332	946
333	342
333	346
333	372
333	375
333	383
333	389
333	390
333	394
333	397
333	409
333	784
334	345
334	350
334	358
334	374
334	377
334	380
334	382
334	389
334	392
334	396
334	525
335	338
335	347
335	351
335	357
335	368
335	372
335	375
335	378
335	379
335	390
335	391
335	392
335	398
336	343
336	351
336	365
336	371
336	376
336	377
336	388
336	390
336	391
336	394
336	395
337	343
337	348
337	349
337	352
337	355
337	358
337	364
337	374
337	385
337	398
338	345
338	348
338	349
338	358
338	361
338	362
338	367
338	368
338	372
338	374
338	380
338	399
339	347
339	351
339	356
339	368
339	369
339	373
339	375
339	380
339	390
339	802
339	984
340	340
340	356
340	367
340	369
340	374
340	375
340	377
340	389
340	395
340	518
340	818
341	342
341	351
341	360
341	368
341	373
341	374
341	380
341	385
341	392
341	397
341	745
341	970
342	352
342	353
342	354
342	360
342	362
342	372
342	380
342	389
342	392
342	433
342	995
343	343
343	353
343	354
343	356
343	360
343	364
343	376
343	378
343	384
343	387
343	391
343	580
343	843
343	931
344	350
344	360
344	362
344	382
344	383
344	384
344	387
344	393
344	397
345	351
345	355
345	367
345	378
345	380
345	381
345	387
345	396
345	398
345	399
345	787
346	353
346	375
346	381
346	398
346	509
346	870
347	351
347	374
347	377
347	399
347	709
347	915
348	353
348	355
348	356
348	363
348	387
348	395
348	495
349	350
349	362
349	367
349	379
349	380
349	388
349	395
349	401
349	686
350	352
350	353
350	357
350	366
350	367
350	381
350	385
350	387
350	393
350	399
351	352
351	354
351	360
351	361
351	376
351	378
351	392
351	396
351	397
351	399
352	353
352	362
352	365
352	369
352	372
352	374
352	382
352	386
352	391
352	393
353	353
353	360
353	361
353	365
353	370
353	373
353	375
353	385
353	388
353	519
354	361
354	362
354	364
354	372
354	374
354	382
354	387
354	388
354	397
355	360
355	364
355	365
355	366
355	378
355	382
355	637
356	367
356	373
356	384
356	387
356	391
356	397
357	359
357	363
357	364
357	374
357	380
357	389
357	397
357	915
358	364
358	376
358	378
358	379
358	387
358	395
358	396
358	560
358	567
359	363
359	371
359	378
359	385
359	386
359	399
359	454
359	773
359	807
360	373
360	388
360	399
360	595
360	732
360	959
361	366
361	368
361	370
361	380
361	390
361	391
361	398
361	562
361	931
362	366
362	370
362	384
362	390
362	396
362	399
362	931
363	364
363	366
363	372
363	375
363	378
363	380
363	386
363	390
363	391
363	397
363	448
364	371
364	701
365	372
365	382
365	385
365	393
365	397
365	481
365	605
366	388
366	391
366	392
366	398
367	372
367	373
367	377
367	384
367	386
367	388
367	389
367	391
367	395
367	397
368	369
368	376
368	378
368	395
368	396
368	601
368	699
368	755
369	374
369	382
369	385
369	391
369	393
370	379
370	381
370	387
370	391
370	393
370	395
371	372
371	391
371	395
371	398
371	408
371	870
372	373
372	376
372	382
372	389
372	390
372	391
372	395
372	440
372	464
372	524
373	374
373	378
373	382
373	387
373	396
373	397
373	469
373	681
374	375
374	377
374	381
374	385
374	398
374	399
374	599
374	831
374	857
375	386
375	396
375	572
375	595
375	651
375	756
375	759
375	877
376	377
376	382
376	386
376	394
376	398
376	695
376	779
376	977
377	378
377	386
377	396
377	401
378	381
378	382
378	894
379	386
379	393
379	394
379	974
380	380
380	383
380	387
380	388
380	393
380	516
380	758
380	860
381	568
381	581
381	928
382	383
382	386
383	398
383	760
383	806
384	394
384	893
385	399
385	419
385	523
385	895
386	391
386	394
386	531
387	387
387	394
387	399
387	452
388	394
388	396
388	504
388	911
389	398
389	399
389	698
390	398
390	506
390	725
390	812
390	867
391	397
391	398
392	393
392	394
392	396
392	682
393	395
393	416
394	397
394	398
396	769
396	946
397	606
397	859
398	398
398	943
399	399
399	889
400	410
400	419
400	420
400	425
400	427
400	430
400	443
400	447
400	452
400	453
400	454
400	469
400	470
400	480
400	495
400	496
401	402
401	407
401	419
401	427
401	440
401	441
401	457
401	458
401	463
401	464
401	474
401	478
401	479
401	496
401	499
401	663
402	406
402	410
402	417
402	425
402	430
402	455
402	457
402	462
402	463
402	473
402	478
402	479
402	483
402	487
402	488
402	495
402	498
402	603
403	410
403	415
403	419
403	433
403	434
403	436
403	437
403	441
403	443
403	451
403	460
403	461
403	465
403	468
403	470
403	478
403	482
403	484
403	490
403	499
403	543
404	409
404	411
404	417
404	419
404	421
404	426
404	445
404	464
404	466
404	469
404	470
404	473
404	475
404	487
404	489
404	494
404	498
405	410
405	417
405	424
405	426
405	429
405	441
405	451
405	453
405	455
405	458
405	462
405	465
405	474
405	475
405	484
405	489
405	492
405	497
405	499
405	849
406	415
406	425
406	454
406	458
406	462
406	486
406	495
406	496
407	410
407	411
407	414
407	419
407	429
407	440
407	442
407	466
407	468
407	473
407	485
407	491
407	494
407	497
407	714
408	412
408	420
408	427
408	428
408	431
408	433
408	457
408	459
408	460
408	474
408	490
409	410
409	411
409	427
409	437
409	447
409	454
409	461
409	463
409	465
409	475
409	478
409	479
409	482
409	490
409	866
410	410
410	416
410	417
410	420
410	427
410	429
410	430
410	437
410	441
410	453
410	456
410	459
410	463
410	466
410	470
410	482
410	487
410	488
410	491
410	568
411	415
411	416
411	436
411	451
411	458
411	476
411	481
411	483
411	485
411	486
411	487
411	808
412	418
412	434
412	436
412	437
412	443
412	447
412	450
412	477
412	482
412	492
412	494
412	498
413	414
413	421
413	446
413	449
413	456
413	457
413	463
413	467
413	470
413	473
413	475
413	479
413	848
413	974
413	986
414	419
414	420
414	430
414	433
414	436
414	444
414	447
414	461
414	463
414	470
414	489
414	491
415	422
415	423
415	431
415	436
415	437
415	440
415	443
415	449
415	451
415	457
415	460
415	461
415	464
415	474
415	478
416	421
416	424
416	425
416	438
416	440
416	441
416	450
416	452
416	453
416	466
416	481
416	488
416	493
416	496
416	608
417	419
417	423
417	430
417	432
417	433
417	434
417	454
417	468
417	470
417	531
417	609
417	827
418	420
418	428
418	441
418	447
418	448
418	458
418	459
418	472
418	493
418	495
418	498
418	636
418	727
418	795
419	426
419	443
419	444
419	451
419	458
419	476
419	478
419	489
419	491
419	499
419	508
420	425
420	446
420	458
420	462
420	469
420	482
420	483
420	488
420	491
420	493
420	516
420	984
421	433
421	455
421	460
421	461
421	468
421	469
421	479
421	482
421	487
421	488
422	430
422	434
422	444
422	447
422	448
422	449
422	452
422	454
422	458
422	470
422	476
422	478
422	479
422	480
422	483
422	490
422	498
422	520
422	529
423	437
423	441
423	443
423	447
423	453
423	454
423	462
423	465
423	469
423	476
423	478
423	480
423	495
423	496
424	425
424	429
424	441
424	450
424	459
424	463
424	469
424	473
424	476
424	479
424	480
424	486
424	490
424	496
424	795
425	427
425	428
425	433
425	434
425	435
425	439
425	459
425	460
425	462
425	487
425	489
425	498
425	499
425	586
425	604
425	672
425	902
426	432
426	434
426	436
426	459
426	467
426	472
426	473
426	484
426	486
426	488
427	470
427	472
427	477
427	484
427	485
427	487
427	489
427	494
427	497
427	584
427	691
428	431
428	440
428	458
428	468
428	476
428	481
428	484
428	490
428	491
428	892
429	429
429	443
429	447
429	452
429	453
429	462
429	463
429	467
429	473
429	477
429	481
429	486
429	487
429	492
429	494
429	495
430	432
430	434
430	447
430	450
430	456
430	462
430	469
430	472
430	475
430	479
430	488
430	489
430	493
430	643
430	687
431	433
431	444
431	450
431	457
431	463
431	471
431	473
431	487
431	499
431	990
432	449
432	450
432	452
432	456
432	465
432	474
432	477
432	487
432	488
432	497
432	516
433	440
433	452
433	453
433	454
433	460
433	467
433	471
433	477
433	488
433	489
433	493
433	633
433	693
433	755
433	876
434	435
434	442
434	447
434	450
434	452
434	453
434	464
434	467
434	469
434	483
434	494
434	495
434	498
435	438
435	441
435	447
435	452
435	456
435	457
435	461
435	467
435	481
435	487
435	489
435	492
435	493
435	495
435	561
436	439
436	447
436	448
436	458
436	465
436	472
436	496
436	497
436	498
436	915
437	438
437	439
437	442
437	450
437	452
437	453
437	454
437	456
437	462
437	464
437	468
437	474
437	495
437	497
437	707
438	439
438	443
438	446
438	455
438	461
438	467
438	484
438	486
438	490
438	491
438	497
438	805
438	955
439	440
439	446
439	450
439	451
439	456
439	460
439	471
439	478
439	482
439	489
440	442
440	449
440	452
440	462
440	464
440	465
440	468
440	469
440	490
440	495
440	496
441	442
441	448
441	449
441	457
441	458
441	462
441	464
441	469
441	483
441	486
441	487
441	489
441	494
441	499
442	449
442	462
442	471
442	474
442	477
442	478
442	486
442	499
443	445
443	467
443	468
443	470
443	473
443	475
443	478
443	480
443	493
443	494
443	495
443	496
444	445
444	446
444	455
444	458
444	474
444	477
444	480
444	486
444	489
444	494
444	496
444	498
444	499
444	981
445	452
445	465
445	467
445	468
445	489
446	463
446	470
447	452
447	454
447	459
447	473
447	484
447	485
447	489
448	453
448	461
448	473
448	474
448	489
448	491
449	454
449	455
449	461
449	463
449	464
449	465
449	471
449	472
449	492
449	817
450	452
450	457
450	459
450	460
450	461
450	463
450	464
450	469
450	473
450	483
450	489
450	493
450	496
450	497
451	457
451	482
451	485
451	488
452	463
452	473
452	479
452	485
452	486
452	495
452	599
453	467
453	472
453	473
453	474
453	476
453	493
453	499
453	542
453	577
453	770
454	461
454	465
454	484
455	461
455	472
455	480
455	487
455	499
456	457
456	470
456	475
456	477
456	479
456	480
456	482
456	483
456	484
456	486
456	489
456	497
456	552
456	652
456	990
457	461
457	462
457	463
457	484
457	486
457	488
457	491
457	539
458	460
458	462
458	472
458	474
458	475
458	476
459	480
459	486
459	492
459	493
459	498
460	473
460	480
460	490
460	491
460	493
460	498
460	895
461	477
461	478
461	481
461	482
461	483
461	485
461	490
462	464
462	466
462	468
462	476
462	483
462	486
462	492
462	493
462	494
462	499
462	519
462	536
463	464
463	477
463	486
463	487
463	492
463	494
464	466
464	469
464	476
464	477
464	485
464	487
464	489
465	475
465	486
465	487
465	498
466	481
466	483
466	487
466	488
466	492
466	496
466	641
466	657
466	709
466	783
466	973
467	468
467	476
467	491
467	492
467	499
467	535
468	474
468	479
468	488
468	761
469	476
469	480
469	488
469	489
469	496
469	575
469	809
470	472
470	475
470	479
470	482
471	477
471	480
471	483
471	485
471	489
471	493
471	496
471	612
471	778
472	477
472	494
472	881
473	478
473	486
473	492
474	475
474	495
474	498
474	963
474	972
475	481
475	489
475	494
475	498
476	478
476	486
476	487
476	489
476	720
477	486
477	490
477	493
477	678
478	479
478	484
478	494
478	497
478	983
479	482
479	496
480	484
480	497
480	836
481	485
481	488
481	492
482	484
482	486
482	494
482	496
483	484
483	488
484	487
484	489
484	491
484	495
484	573
484	888
485	490
485	491
485	493
485	497
486	491
486	657
486	672
487	489
487	491
487	496
487	498
487	637
487	744
488	489
488	766
489	495
489	725
490	494
490	495
490	497
490	685
490	985
491	492
491	493
491	973
492	499
493	494
493	497
493	498
494	494
494	495
494	695
494	992
495	496
496	499
497	499
498	632
500	501
500	504
500	507
500	509
500	519
500	525
500	529
500	530
500	534
500	543
500	547
500	557
500	565
500	576
500	577
500	587
500	594
500	597
501	505
501	513
501	525
501	529
501	532
501	534
501	537
501	545
501	548
501	550
501	556
501	560
501	562
501	563
501	564
501	574
501	575
501	590
502	515
502	518
502	531
502	533
502	534
502	546
502	549
502	562
502	563
502	566
502	570
502	571
502	576
502	580
502	586
502	590
502	592
502	596
502	597
503	507
503	513
503	520
503	532
503	536
503	541
503	542
503	546
503	549
503	552
503	553
503	561
503	564
503	572
503	593
503	597
503	676
504	518
504	559
504	560
504	568
504	572
504	581
504	584
504	587
504	588
504	590
504	591
504	593
504	598
505	505
505	506
505	514
505	516
505	520
505	521
505	528
505	539
505	545
505	558
505	569
505	570
505	581
505	587
505	596
505	656
505	839
506	517
506	518
506	519
506	529
506	541
506	543
506	550
506	557
506	563
506	568
506	576
506	579
506	587
506	590
506	597
506	598
507	515
507	525
507	536
507	540
507	547
507	556
507	579
507	584
507	588
507	617
508	511
508	513
508	514
508	516
508	519
508	521
508	526
508	528
508	532
508	533
508	538
508	548
508	555
508	558
508	563
508	567
508	572
508	575
508	587
508	592
508	593
508	919
509	515
509	517
509	525
509	526
509	530
509	537
509	557
509	561
509	566
509	568
509	578
509	582
509	583
509	585
509	587
509	592
510	511
510	518
510	521
510	527
510	548
510	551
510	569
510	575
510	582
510	583
510	586
510	591
510	596
510	904
511	514
511	527
511	530
511	536
511	549
511	563
511	566
511	567
511	585
511	642
511	837
512	514
512	519
512	523
512	524
512	530
512	544
512	547
512	549
512	551
512	554
512	565
512	568
512	569
512	592
512	594
512	821
512	880
513	523
513	524
513	526
513	527
513	528
513	534
513	535
513	540
513	546
513	552
513	554
513	555
513	558
513	559
513	562
513	564
513	569
513	572
513	574
513	583
513	587
513	588
513	591
514	517
514	518
514	526
514	528
514	553
514	554
514	563
514	567
514	568
514	578
514	591
514	593
514	595
514	597
514	827
514	922
515	515
515	522
515	531
515	534
515	538
515	541
515	542
515	564
515	566
515	573
515	576
515	579
515	587
515	590
515	598
515	820
516	531
516	535
516	546
516	554
516	570
516	575
516	578
516	579
516	598
516	854
517	519
517	527
517	535
517	538
517	542
517	548
517	552
517	556
517	559
517	563
517	572
517	574
517	581
517	584
517	588
517	590
517	592
517	595
518	527
518	529
518	531
518	534
518	541
518	548
518	551
518	557
518	561
518	565
518	571
518	575
518	589
518	593
519	527
519	532
519	537
519	545
519	546
519	548
519	551
519	556
519	559
519	564
519	565
519	587
519	591
519	596
519	696
519	704
520	521
520	536
520	542
520	547
520	560
520	567
520	573
520	578
520	582
520	585
520	587
520	588
520	589
520	596
521	526
521	530
521	535
521	537
521	538
521	545
521	553
521	561
521	566
521	577
521	584
521	585
521	586
521	588
521	592
521	593
521	597
522	527
522	541
522	546
522	554
522	559
522	565
522	577
522	579
522	583
522	590
522	593
522	595
523	524
523	526
523	531
523	534
523	539
523	544
523	546
523	557
523	560
523	561
523	565
523	577
523	578
523	585
523	586
523	594
523	760
524	538
524	557
524	561
524	563
524	567
524	578
524	582
524	596
524	799
524	878
525	525
525	542
525	551
525	556
525	560
525	563
525	576
525	578
525	585
525	968
526	532
526	535
526	540
526	541
526	545
526	546
526	548
526	550
526	555
526	558
526	568
526	570
526	574
526	585
526	590
526	597
527	529
527	531
527	537
527	546
527	552
527	553
527	561
527	566
527	574
527	575
527	582
527	585
527	586
528	531
528	535
528	545
528	546
528	548
528	558
528	563
528	568
528	570
528	577
528	578
528	595
528	597
528	599
529	534
529	538
529	539
529	549
529	550
529	561
529	562
529	563
529	566
529	578
529	582
529	586
529	592
529	914
530	537
530	555
530	563
530	580
530	589
530	593
530	595
530	597
530	616
531	532
531	538
531	540
531	541
531	542
531	563
531	567
531	576
531	579
531	585
531	591
531	596
531	598
531	599
532	538
532	543
532	546
532	556
532	564
532	565
532	566
532	570
532	574
532	575
532	579
532	586
532	587
532	593
532	595
532	596
532	678
533	546
533	554
533	558
533	559
533	560
533	561
533	567
533	577
533	580
533	583
533	588
533	596
533	608
534	541
534	543
534	545
534	547
534	549
534	553
534	554
534	556
534	567
534	574
534	598
534	794
535	536
535	549
535	556
535	557
535	563
535	565
535	567
535	570
535	856
536	538
536	541
536	546
536	560
536	563
536	567
536	593
536	594
537	544
537	545
537	546
537	547
537	550
537	552
537	553
537	565
537	566
537	587
537	589
537	594
537	596
537	644
538	541
538	553
538	558
538	565
538	575
538	579
538	581
538	583
538	591
538	592
538	594
538	595
538	596
539	545
539	562
539	563
539	571
539	579
539	582
539	586
539	591
540	562
540	569
540	576
540	694
540	793
540	909
541	544
541	548
541	561
541	574
541	576
541	581
541	582
541	584
541	587
541	592
541	594
541	598
542	548
542	552
542	563
542	564
542	567
542	572
542	581
542	585
542	592
543	546
543	550
543	560
543	568
543	571
543	586
543	589
543	596
543	599
543	844
544	550
544	555
544	570
544	574
544	580
544	581
544	582
544	583
544	588
544	589
544	592
544	593
544	886
545	569
545	572
545	573
545	574
545	575
545	581
545	582
545	586
545	587
545	597
545	640
546	550
546	552
546	553
546	574
546	596
546	658
547	553
547	559
547	562
547	563
547	578
547	582
547	587
547	591
547	592
548	549
548	551
548	567
548	574
548	575
548	579
548	580
548	582
548	583
548	588
548	787
549	551
549	552
549	555
549	570
549	571
549	572
549	575
549	588
550	552
550	553
550	557
550	566
550	574
550	586
550	587
550	590
550	592
550	682
551	556
551	565
551	570
551	594
551	596
551	935
552	560
552	561
552	563
552	564
552	569
552	573
552	574
552	598
552	676
553	556
553	562
553	563
553	571
553	573
553	578
553	580
553	588
553	593
554	555
554	558
554	572
554	579
554	583
554	591
554	593
554	597
555	556
555	558
555	566
555	570
555	579
555	585
555	588
555	596
555	880
555	974
556	568
556	573
556	594
556	597
556	725
557	563
557	564
557	566
557	573
557	579
557	582
557	590
557	778
558	560
558	577
558	596
558	599
559	566
559	576
559	584
559	585
559	588
559	596
560	561
560	564
560	566
560	570
560	573
560	580
560	588
560	592
560	593
560	594
560	595
560	740
561	562
561	565
561	567
561	574
561	579
561	586
561	600
561	791
562	575
562	579
562	582
562	586
562	587
562	593
562	595
562	596
563	565
563	566
563	569
563	573
563	586
563	590
563	596
563	598
564	580
564	584
564	585
564	591
564	735
565	567
565	588
565	596
565	597
565	599
566	566
566	572
566	585
566	586
566	590
566	596
566	601
566	612
567	570
567	571
567	576
567	581
567	584
567	710
568	580
568	583
568	585
568	590
568	593
568	598
568	689
568	869
569	573
569	580
569	588
569	589
569	591
569	593
569	594
569	595
569	597
569	975
570	578
570	584
570	592
570	595
570	599
570	776
571	578
571	594
572	579
572	582
572	583
572	589
572	597
572	891
572	960
573	577
573	580
573	584
573	585
573	586
573	591
573	594
573	595
573	834
574	575
574	583
574	585
574	589
574	598
574	713
575	580
575	581
575	585
575	596
576	579
576	586
576	592
576	597
576	598
576	599
577	578
577	586
577	670
578	582
578	584
578	595
579	580
579	583
579	591
579	598
579	599
579	626
579	758
579	962
580	595
580	596
581	587
581	591
581	598
582	583
582	584
582	588
582	592
582	597
582	599
582	671
583	595
583	601
583	837
583	867
584	585
584	589
584	592
585	592
585	596
585	598
586	590
586	595
586	596
586	858
586	979
587	588
587	589
587	597
588	594
588	706
588	714
588	725
589	599
589	684
589	853
590	599
590	881
591	596
591	598
592	598
593	595
593	598
593	599
594	599
594	815
594	885
595	597
595	847
596	597
596	598
596	905
597	598
597	630
600	602
600	607
600	608
600	625
600	641
600	646
600	651
600	653
600	662
600	678
600	686
600	695
600	699
600	826
600	847
601	601
601	606
601	610
601	619
601	626
601	627
601	638
601	642
601	644
601	650
601	658
601	661
601	668
601	670
601	676
601	678
601	689
601	691
601	695
601	696
601	852
602	609
602	613
602	621
602	627
602	629
602	630
602	638
602	640
602	643
602	661
602	663
602	666
602	669
602	675
602	691
602	692
603	606
603	608
603	615
603	628
603	633
603	641
603	651
603	660
603	671
603	674
603	686
603	693
603	696
604	615
604	616
604	618
604	621
604	631
604	634
604	639
604	644
604	665
604	668
604	673
604	674
604	683
604	686
604	690
604	692
604	699
605	612
605	615
605	616
605	617
605	618
605	624
605	625
605	626
605	627
605	633
605	650
605	656
605	658
605	661
605	663
605	671
605	676
605	688
605	690
605	756
605	842
606	606
606	613
606	631
606	637
606	638
606	644
606	645
606	655
606	668
606	674
606	676
606	677
606	679
606	682
606	687
606	690
606	691
606	694
607	607
607	609
607	623
607	624
607	627
607	636
607	644
607	649
607	655
607	660
607	662
607	678
607	682
607	685
607	687
607	692
607	936
608	609
608	611
608	619
608	626
608	631
608	636
608	637
608	645
608	677
608	678
608	686
608	688
608	689
608	691
608	695
608	895
608	958
609	610
609	622
609	631
609	632
609	649
609	650
609	658
609	659
609	668
609	670
609	674
609	685
609	694
609	695
609	847
609	956
610	613
610	624
610	633
610	647
610	648
610	660
610	663
610	665
610	672
610	676
610	677
610	686
610	692
611	612
611	614
611	626
611	628
611	634
611	635
611	644
611	660
611	668
611	680
611	697
611	698
612	615
612	620
612	628
612	629
612	645
612	655
612	656
612	664
612	674
612	676
612	680
612	683
612	691
612	692
612	694
613	616
613	619
613	623
613	626
613	629
613	635
613	656
613	662
613	667
613	670
613	672
613	675
613	683
613	684
613	695
613	815
613	959
614	615
614	618
614	619
614	631
614	632
614	634
614	643
614	650
614	652
614	663
614	664
614	668
614	673
614	687
614	688
614	689
614	691
614	695
614	697
615	621
615	628
615	631
615	637
615	642
615	646
615	653
615	658
615	660
615	661
615	668
615	677
615	679
615	681
615	689
615	697
616	616
616	617
616	622
616	633
616	639
616	649
616	651
616	654
616	662
616	665
616	668
616	681
616	686
616	689
616	694
616	712
617	619
617	625
617	626
617	627
617	640
617	656
617	659
617	660
617	683
617	699
617	939
618	619
618	620
618	625
618	626
618	630
618	633
618	640
618	644
618	646
618	648
618	664
618	667
618	671
618	673
618	678
618	687
618	691
619	628
619	629
619	632
619	637
619	649
619	654
619	670
619	672
619	678
619	680
620	620
620	622
620	641
620	642
620	643
620	658
620	673
620	677
620	685
620	686
620	688
620	690
620	693
620	699
621	632
621	635
621	636
621	638
621	639
621	641
621	643
621	645
621	648
621	649
621	652
621	653
621	656
621	660
621	665
621	674
621	676
621	691
621	696
621	699
621	769
622	624
622	626
622	627
622	633
622	640
622	646
622	648
622	655
622	661
622	676
622	681
622	689
622	694
622	982
623	627
623	629
623	634
623	640
623	643
623	645
623	649
623	654
623	664
623	669
623	670
623	673
623	678
623	684
623	686
623	691
623	698
624	628
624	631
624	634
624	644
624	649
624	662
624	666
624	672
624	674
624	685
624	689
624	690
624	697
624	872
625	635
625	641
625	646
625	664
625	665
625	669
625	674
625	687
625	693
626	632
626	643
626	647
626	650
626	652
626	681
626	688
626	691
626	698
626	725
626	815
627	629
627	643
627	650
627	655
627	656
627	658
627	663
627	668
627	670
627	687
627	689
627	694
627	696
628	633
628	642
628	643
628	645
628	655
628	658
628	668
628	672
628	693
628	696
628	727
629	635
629	641
629	644
629	647
629	666
629	675
629	676
629	677
629	681
629	687
629	688
629	690
629	696
630	639
630	642
630	647
630	653
630	667
630	682
630	690
630	695
630	696
630	697
630	699
631	631
631	639
631	647
631	657
631	663
631	664
631	677
631	684
631	685
631	687
631	690
632	633
632	642
632	649
632	650
632	656
632	667
632	675
632	686
632	687
632	688
632	694
633	639
633	642
633	650
633	652
633	653
633	673
633	676
633	679
633	690
633	692
633	695
633	696
633	697
634	635
634	637
634	641
634	647
634	651
634	652
634	655
634	658
634	688
634	689
634	820
635	650
635	654
635	655
635	656
635	662
635	678
635	688
635	828
636	646
636	647
636	650
636	670
636	672
636	679
636	685
636	687
636	688
636	696
636	701
637	643
637	644
637	645
637	646
637	647
637	666
637	674
637	677
637	683
637	684
637	685
637	691
637	694
637	698
637	736
638	642
638	643
638	650
638	653
638	654
638	658
638	662
638	663
638	686
638	695
638	714
639	643
639	649
639	652
639	655
639	656
639	659
639	673
639	674
639	677
639	683
639	685
639	694
640	645
640	666
640	670
640	676
640	680
640	681
640	685
640	697
640	831
641	644
641	650
641	654
641	669
641	671
641	672
641	678
641	680
641	681
641	687
641	692
642	644
642	646
642	649
642	650
642	652
642	653
642	654
642	659
642	663
642	666
642	670
642	671
642	673
642	676
642	683
642	690
642	692
642	698
643	644
643	647
643	656
643	665
643	666
643	667
643	676
643	697
643	719
644	648
644	657
644	660
644	671
644	673
644	674
644	680
644	681
644	689
644	692
644	698
645	645
645	655
645	669
645	677
645	678
645	685
645	689
645	694
645	695
645	699
646	646
646	647
646	653
646	661
646	663
646	677
646	687
646	689
646	691
646	693
646	706
647	666
647	678
647	681
647	691
647	698
647	846
648	648
648	663
648	667
648	678
648	680
648	681
648	687
648	689
648	696
649	657
649	660
649	661
649	678
649	681
649	684
649	686
649	692
649	695
650	658
650	666
650	669
650	674
650	682
650	684
650	685
650	688
650	691
650	697
650	791
650	792
651	653
651	660
651	662
651	663
651	674
651	678
651	682
651	842
651	901
652	653
652	661
652	662
652	665
652	666
652	668
652	674
652	679
652	684
652	686
652	688
652	697
652	698
652	699
652	940
653	655
653	667
653	668
653	671
653	672
653	676
653	678
653	682
653	691
653	693
654	664
654	665
654	682
654	683
654	692
655	658
655	659
655	660
655	673
655	675
655	677
655	690
655	694
655	695
656	659
656	672
656	673
656	684
656	689
656	690
656	694
656	695
656	696
656	989
657	660
657	665
657	676
657	679
657	681
657	684
657	692
657	985
658	658
658	659
658	669
658	672
658	675
658	676
658	688
658	698
658	911
659	663
659	670
659	673
659	683
659	696
659	698
659	919
660	685
660	698
661	693
661	694
662	664
662	670
662	678
662	687
662	693
662	694
662	698
662	752
663	669
663	677
663	685
663	687
663	688
663	694
663	695
663	912
664	666
664	669
664	678
664	682
664	684
664	692
664	695
664	922
664	946
665	669
665	674
665	678
665	681
665	683
665	684
665	690
665	691
665	693
665	699
666	679
666	680
666	686
666	692
666	697
666	922
667	670
667	677
667	690
667	695
667	967
668	677
668	678
668	682
668	691
668	797
669	670
669	671
669	677
669	678
669	680
669	695
669	697
669	749
670	677
670	679
670	694
671	679
671	715
672	672
672	676
672	691
672	695
672	789
673	684
673	693
674	674
674	690
674	699
674	777
675	678
675	680
675	684
675	685
675	690
676	695
677	682
677	683
677	686
677	690
678	692
678	695
678	696
679	684
679	685
680	696
680	748
681	684
681	686
681	689
681	692
681	894
682	685
682	688
682	691
682	695
683	685
683	687
683	690
683	691
683	694
683	699
683	847
684	693
684	695
684	697
685	686
685	691
686	988
687	688
687	694
689	690
689	691
689	693
689	695
689	737
690	690
690	692
690	694
690	695
691	695
691	730
692	924
692	981
693	693
693	751
694	695
694	697
694	952
698	760
700	704
700	715
700	723
700	727
700	730
700	740
700	760
700	764
700	772
700	794
700	798
701	703
701	706
701	715
701	721
701	725
701	730
701	734
701	735
701	737
701	739
701	740
701	741
701	746
701	747
701	767
701	768
701	776
701	777
701	780
701	782
701	785
701	786
701	789
701	795
701	797
702	703
702	705
702	710
702	711
702	725
702	740
702	745
702	748
702	757
702	758
702	771
702	784
702	789
703	704
703	707
703	712
703	716
703	720
703	731
703	748
703	762
703	769
703	771
703	776
703	780
703	781
703	782
703	784
703	789
703	792
704	711
704	712
704	720
704	721
704	724
704	731
704	741
704	742
704	748
704	751
704	760
704	766
704	768
704	771
704	798
705	705
705	710
705	715
705	716
705	719
705	722
705	723
705	735
705	740
705	742
705	747
705	755
705	758
705	763
705	767
705	774
705	775
705	788
705	797
705	799
706	707
706	713
706	725
706	744
706	756
706	757
706	760
706	766
706	769
706	775
706	781
706	797
707	709
707	715
707	718
707	724
707	732
707	734
707	735
707	738
707	747
707	750
707	751
707	755
707	757
707	761
707	762
707	764
707	772
707	788
707	796
708	713
708	717
708	721
708	725
708	742
708	750
708	753
708	778
708	779
708	785
709	713
709	714
709	718
709	719
709	727
709	729
709	731
709	734
709	736
709	740
709	755
709	761
709	762
709	765
709	772
709	796
710	738
710	758
710	772
710	774
710	776
710	777
710	781
711	712
711	713
711	714
711	729
711	730
711	743
711	744
711	749
711	752
711	756
711	764
711	766
711	769
711	771
711	773
711	774
711	776
711	779
711	780
711	791
711	799
712	715
712	720
712	726
712	732
712	736
712	740
712	744
712	749
712	753
712	754
712	756
712	766
712	789
712	796
713	713
713	715
713	722
713	723
713	730
713	737
713	738
713	740
713	741
713	745
713	748
713	749
713	778
713	993
714	716
714	718
714	732
714	736
714	740
714	759
714	762
714	765
714	774
714	781
714	787
714	789
714	793
714	795
714	796
714	825
714	899
715	722
715	729
715	740
715	742
715	743
715	746
715	749
715	764
715	776
715	782
715	790
715	795
716	727
716	734
716	739
716	747
716	750
716	755
716	758
716	764
716	775
716	776
716	778
716	783
716	791
716	796
717	717
717	732
717	733
717	746
717	766
717	778
717	779
717	785
717	793
717	797
717	816
717	933
718	726
718	728
718	736
718	739
718	744
718	746
718	748
718	750
718	755
718	760
718	764
718	767
718	772
718	774
718	777
718	778
718	790
718	792
718	795
718	798
719	719
719	720
719	721
719	732
719	738
719	742
719	743
719	760
719	770
719	785
719	797
719	799
719	802
719	902
720	720
720	724
720	728
720	736
720	741
720	742
720	750
720	753
720	761
720	765
720	772
720	783
720	791
720	792
720	794
721	735
721	742
721	743
721	768
721	770
721	772
721	774
721	789
721	799
722	723
722	728
722	730
722	732
722	734
722	742
722	743
722	752
722	757
722	758
722	760
722	767
722	770
722	772
722	773
722	776
722	780
722	782
722	785
722	795
722	968
723	723
723	727
723	729
723	731
723	733
723	735
723	737
723	746
723	753
723	757
723	760
723	766
723	780
723	783
723	784
723	796
724	729
724	736
724	748
724	752
724	757
724	758
724	761
724	767
724	773
724	781
724	794
725	733
725	740
725	741
725	758
725	760
725	766
725	768
725	776
725	792
725	793
725	990
726	726
726	731
726	735
726	748
726	751
726	752
726	753
726	758
726	760
726	764
726	768
726	781
726	787
726	789
726	795
727	729
727	735
727	736
727	752
727	761
727	767
727	776
727	781
727	785
727	792
727	794
728	730
728	751
728	753
728	754
728	756
728	760
728	763
728	764
728	765
728	777
728	781
728	792
728	797
729	737
729	740
729	742
729	748
729	757
729	768
729	770
729	773
729	785
729	790
729	798
730	733
730	737
730	739
730	745
730	784
730	787
730	789
730	790
730	794
731	736
731	744
731	752
731	754
731	758
731	759
731	771
731	781
731	784
731	792
731	796
731	798
731	982
731	983
732	733
732	740
732	742
732	743
732	762
732	765
732	768
732	784
732	786
732	788
732	794
733	735
733	756
733	775
733	777
733	787
733	788
733	795
733	799
733	966
734	745
734	763
734	764
734	769
734	775
734	777
734	778
734	787
734	789
734	793
734	798
734	918
735	737
735	738
735	741
735	742
735	744
735	745
735	748
735	749
735	754
735	760
736	751
736	760
736	765
736	780
736	786
736	788
736	796
737	745
737	749
737	750
737	769
737	776
737	783
737	789
737	796
737	799
738	740
738	743
738	751
738	757
738	759
738	760
738	764
738	767
738	769
738	774
738	785
738	794
738	795
738	798
739	742
739	749
739	772
739	775
739	777
739	783
739	784
739	791
739	868
740	742
740	749
740	760
740	763
740	766
740	770
740	773
740	782
740	786
740	798
740	964
741	742
741	743
741	746
741	752
741	754
741	757
741	764
741	777
741	781
741	794
742	746
742	749
742	752
742	759
742	766
742	768
742	771
742	776
742	781
742	785
742	791
742	832
743	773
743	781
743	792
744	752
744	753
744	755
744	758
744	763
744	764
744	769
744	771
744	777
744	779
744	783
744	784
744	788
744	796
744	798
744	832
745	747
745	750
745	754
745	764
745	766
745	768
745	773
745	783
745	790
745	792
745	794
745	799
746	758
746	774
746	778
746	780
746	790
746	895
747	750
747	754
747	755
747	756
747	757
747	764
747	768
747	779
747	782
747	787
747	792
747	793
747	798
747	816
747	844
747	999
748	748
748	755
748	769
748	776
748	777
748	778
748	793
748	798
749	754
749	765
749	771
749	773
749	776
749	789
749	793
750	762
750	769
750	771
750	772
750	774
750	779
750	782
750	791
750	796
750	798
750	840
750	958
751	760
751	762
751	763
751	769
751	770
751	772
751	775
751	784
751	788
751	793
751	798
751	964
752	756
752	760
752	765
752	770
752	788
753	753
753	754
753	758
753	760
753	765
753	770
753	772
753	786
753	792
754	757
754	773
754	783
754	785
754	796
754	831
755	758
755	761
755	775
755	777
755	780
756	759
756	765
756	769
756	779
756	780
756	788
756	796
756	819
757	760
757	771
757	780
757	783
757	785
757	788
757	790
757	792
758	763
758	765
758	776
758	780
758	781
758	791
758	911
758	923
759	762
759	763
759	764
759	766
759	776
759	790
759	797
759	798
760	768
760	769
760	770
760	784
760	794
760	795
761	764
761	770
761	771
761	778
761	786
761	794
762	784
762	799
762	800
763	787
763	799
763	805
763	883
764	781
764	783
764	797
765	765
765	778
765	782
765	794
765	796
766	769
766	774
766	775
766	777
766	778
766	780
766	781
766	784
766	788
766	794
767	767
767	768
767	777
767	794
767	795
767	823
767	849
767	867
768	772
768	792
768	929
769	774
769	777
769	782
769	787
769	791
769	799
770	773
770	777
770	782
770	783
770	787
770	840
770	910
770	918
771	774
771	777
771	785
771	788
771	792
772	776
772	782
772	783
772	794
773	774
773	776
773	777
773	781
773	799
774	780
774	784
774	787
774	788
774	794
775	786
775	789
775	793
775	799
775	873
776	780
776	790
776	796
777	778
777	780
777	786
777	791
777	794
777	797
778	783
778	786
779	779
779	785
779	836
780	787
780	874
781	786
781	787
781	796
781	799
782	793
782	794
782	934
782	966
784	786
784	788
784	791
784	796
784	799
785	789
785	794
786	796
786	798
787	798
787	799
787	846
788	788
788	792
788	795
788	799
789	798
789	799
790	797
791	791
791	840
792	795
794	795
796	798
797	798
797	853
799	828
800	802
800	809
800	814
800	815
800	816
800	829
800	832
800	836
800	839
800	850
800	855
800	856
800	869
800	925
801	815
801	825
801	836
801	838
801	846
801	849
801	854
801	862
801	871
801	872
801	873
801	874
801	882
801	886
801	889
801	892
801	956
802	805
802	808
802	810
802	811
802	826
802	841
802	876
802	877
802	880
802	886
803	803
803	813
803	828
803	831
803	842
803	855
803	857
803	858
803	861
803	875
803	876
803	879
803	891
803	894
803	896
803	898
804	819
804	821
804	824
804	825
804	829
804	854
804	861
804	874
804	878
804	883
804	885
804	891
804	892
805	811
805	813
805	828
805	838
805	846
805	847
805	849
805	850
805	862
805	870
805	873
805	878
805	882
805	887
805	892
805	897
806	810
806	812
806	820
806	821
806	822
806	834
806	844
806	845
806	854
806	856
806	866
806	867
806	868
806	869
806	870
806	872
806	874
806	890
806	894
807	815
807	817
807	831
807	832
807	838
807	848
807	849
807	850
807	858
807	878
807	881
807	882
807	890
807	897
808	815
808	826
808	834
808	835
808	836
808	837
808	842
808	843
808	858
808	865
808	872
808	882
808	883
808	892
809	816
809	817
809	819
809	820
809	824
809	835
809	839
809	844
809	855
809	859
809	861
809	863
809	870
809	871
809	879
810	822
810	830
810	837
810	838
810	839
810	849
810	852
810	865
810	868
810	872
810	895
811	820
811	825
811	827
811	830
811	831
811	840
811	845
811	853
811	856
811	858
811	861
811	866
811	869
811	874
811	888
811	892
811	894
811	896
812	816
812	819
812	824
812	825
812	827
812	830
812	833
812	834
812	835
812	840
812	843
812	853
812	854
812	864
812	865
812	867
812	873
812	881
812	897
813	820
813	847
813	849
813	858
813	859
813	864
813	873
813	874
813	897
813	899
814	817
814	822
814	856
814	858
814	863
814	875
814	876
814	878
814	882
814	889
815	817
815	820
815	821
815	831
815	833
815	834
815	839
815	850
815	852
815	856
815	872
815	873
815	874
815	875
815	877
815	892
815	893
815	895
815	896
816	817
816	822
816	823
816	824
816	835
816	836
816	848
816	849
816	853
816	863
816	880
816	881
816	899
817	825
817	833
817	836
817	839
817	842
817	843
817	852
817	853
817	854
817	856
817	862
817	865
817	869
817	872
817	888
817	893
817	897
817	920
818	834
818	837
818	838
818	841
818	848
818	868
818	869
818	874
818	878
818	888
818	896
818	898
818	899
819	826
819	828
819	839
819	846
819	847
819	852
819	867
819	871
819	881
819	887
819	891
819	897
819	898
820	830
820	839
820	842
820	845
820	850
820	859
820	870
820	873
820	876
820	877
820	887
820	895
820	899
821	822
821	827
821	836
821	842
821	847
821	850
821	852
821	854
821	855
821	858
821	864
821	869
821	874
821	878
821	883
821	888
821	895
822	823
822	835
822	840
822	843
822	852
822	857
822	862
822	866
822	867
822	872
822	882
822	892
822	898
822	983
823	827
823	831
823	832
823	833
823	837
823	840
823	841
823	846
823	848
823	851
823	853
823	855
823	880
823	883
823	887
823	889
824	827
824	828
824	843
824	845
824	847
824	849
824	854
824	860
824	865
824	867
824	886
824	896
825	828
825	830
825	843
825	853
825	854
825	856
825	859
825	865
825	879
825	881
825	883
825	885
825	887
825	888
825	893
825	895
825	896
826	830
826	835
826	843
826	851
826	852
826	859
826	861
826	862
826	863
826	869
826	870
826	873
826	884
826	890
826	894
827	827
827	828
827	831
827	837
827	847
827	849
827	863
827	874
827	880
827	881
827	885
827	892
827	895
827	897
827	899
828	829
828	830
828	835
828	837
828	841
828	845
828	847
828	854
828	857
828	868
828	874
828	879
828	885
828	890
828	893
829	834
829	843
829	844
829	847
829	851
829	883
829	889
829	893
829	897
830	835
830	837
830	843
830	856
830	860
830	863
830	869
830	879
830	882
830	884
830	888
830	890
830	899
831	832
831	842
831	861
831	872
831	885
831	898
832	859
832	868
832	878
832	888
832	891
832	895
833	836
833	843
833	846
833	848
833	853
833	858
833	861
833	871
833	872
833	878
833	885
833	888
833	956
834	838
834	848
834	856
834	857
834	869
834	880
834	886
834	893
834	899
835	838
835	845
835	850
835	855
835	857
835	866
835	870
835	882
835	890
835	891
835	894
835	895
836	836
836	848
836	851
836	852
836	853
836	867
836	870
836	880
836	884
836	887
836	888
836	890
836	894
836	899
837	838
837	847
837	850
837	860
837	861
837	865
837	868
837	872
837	873
837	877
837	878
837	887
837	888
838	840
838	846
838	847
838	849
838	852
838	854
838	864
838	865
838	872
838	885
838	886
838	887
838	893
838	896
839	839
839	843
839	849
839	852
839	855
839	862
839	873
839	877
839	884
839	886
839	890
840	842
840	848
840	850
840	851
840	857
840	862
840	867
840	877
840	882
840	885
840	895
840	898
841	846
841	862
841	864
841	868
841	869
841	871
841	884
841	888
841	896
841	898
841	899
842	846
842	860
842	871
842	876
842	880
842	882
842	884
842	886
842	887
842	890
842	895
842	987
843	846
843	848
843	855
843	858
843	862
843	863
843	865
843	873
843	876
843	883
843	898
844	847
844	848
844	850
844	855
844	865
844	876
844	894
845	859
845	866
845	872
845	888
846	853
846	857
846	860
846	867
846	868
846	876
846	881
846	892
846	898
846	899
847	848
847	850
847	851
847	853
847	854
847	865
847	871
847	873
847	883
848	869
848	872
848	874
848	881
848	892
848	896
848	897
848	898
849	854
849	863
849	865
849	868
849	882
849	885
849	890
849	893
849	898
850	853
850	857
850	867
850	868
850	870
850	874
850	880
850	887
851	866
851	867
851	870
851	874
851	885
851	887
851	889
851	898
852	854
852	856
852	863
852	865
852	876
852	877
852	884
852	891
853	853
853	872
853	878
853	883
853	888
853	892
853	895
853	897
853	948
854	859
854	865
854	867
854	869
854	871
854	872
854	876
854	877
854	885
854	889
854	896
855	856
855	867
855	873
855	874
855	875
855	878
855	880
855	884
855	885
855	928
856	859
856	861
856	862
856	865
856	867
856	869
856	878
856	883
857	859
857	894
857	896
858	866
858	879
858	890
858	891
858	893
858	957
859	863
859	869
859	873
859	875
859	891
859	892
859	893
859	897
859	898
859	899
860	861
860	863
860	872
860	875
860	883
860	896
861	883
861	893
861	897
861	903
862	880
862	894
862	937
863	868
863	878
863	899
864	873
864	876
864	881
864	882
864	884
864	890
864	893
864	896
864	898
864	989
865	873
865	875
865	876
865	886
865	888
865	897
866	898
867	867
867	872
867	888
867	893
867	898
868	872
868	880
868	884
868	886
868	892
868	894
868	898
869	872
869	874
869	878
869	879
869	884
869	946
869	961
870	886
870	889
870	890
871	873
871	874
871	875
871	879
871	881
871	884
871	891
871	894
871	896
871	899
872	875
872	877
872	879
872	891
872	893
872	894
872	895
872	899
873	880
873	884
873	890
873	893
873	895
873	896
873	903
873	977
874	875
874	876
874	887
874	890
874	891
874	895
874	899
875	875
875	877
875	879
875	883
875	886
875	897
875	905
875	951
876	877
876	882
876	884
876	895
876	898
877	879
877	882
877	893
877	895
877	897
878	880
878	881
878	882
878	893
878	895
878	896
879	882
879	892
879	899
880	893
880	895
881	884
881	885
881	889
881	896
882	882
882	894
882	896
884	896
885	888
885	890
885	898
886	892
886	894
886	898
887	893
887	897
887	899
887	960
888	889
888	890
891	896
892	899
893	895
893	899
894	899
898	899
900	900
900	907
900	908
900	912
900	915
900	916
900	917
900	920
900	922
900	923
900	938
900	939
900	945
900	947
900	952
900	956
900	957
900	961
900	963
900	971
900	974
900	976
900	983
901	912
901	928
901	945
901	947
901	949
901	955
901	964
901	971
901	975
901	977
901	983
902	906
902	910
902	912
902	914
902	924
902	925
902	953
902	954
902	955
902	963
902	970
902	990
903	905
903	907
903	910
903	914
903	918
903	923
903	929
903	931
903	943
903	954
903	958
903	959
903	980
903	982
903	987
903	989
903	992
903	993
903	994
903	999
904	907
904	908
904	919
904	921
904	926
904	931
904	933
904	937
904	938
904	967
904	968
904	969
904	974
904	977
904	978
904	987
904	993
904	999
905	910
905	921
905	924
905	926
905	939
905	942
905	944
905	954
905	976
905	995
906	908
906	910
906	911
906	914
906	924
906	935
906	937
906	941
906	945
906	946
906	953
906	958
906	967
906	968
906	976
906	985
906	986
906	989
906	995
907	907
907	916
907	926
907	929
907	949
907	953
907	954
907	959
907	962
907	966
907	969
907	976
908	910
908	917
908	919
908	925
908	936
908	942
908	947
908	948
908	954
908	956
908	962
908	974
908	983
908	984
908	993
908	995
909	909
909	910
909	911
909	919
909	921
909	928
909	933
909	937
909	945
909	954
909	963
909	968
909	971
909	975
909	977
909	984
909	989
909	993
910	913
910	921
910	928
910	931
910	948
910	954
910	981
910	990
910	996
910	999
911	919
911	922
911	926
911	932
911	937
911	939
911	943
911	947
911	950
911	954
911	955
911	957
911	978
911	991
911	993
911	996
912	917
912	929
912	957
912	959
912	962
912	971
912	974
912	978
913	923
913	926
913	928
913	933
913	934
913	938
913	939
913	944
913	946
913	949
913	953
913	959
913	960
913	961
913	962
913	974
913	993
913	996
913	998
914	915
914	916
914	934
914	935
914	947
914	948
914	949
914	952
914	961
914	972
915	915
915	917
915	918
915	924
915	927
915	937
915	942
915	945
915	947
915	960
915	962
915	983
915	984
915	986
915	987
916	922
916	923
916	940
916	947
916	950
916	952
916	953
916	967
916	969
916	975
916	988
916	996
917	917
917	926
917	927
917	928
917	933
917	934
917	936
917	948
917	952
917	962
917	963
917	964
917	969
917	973
917	974
917	978
917	982
917	991
917	994
918	921
918	923
918	925
918	927
918	930
918	931
918	933
918	940
918	941
918	944
918	945
918	950
918	962
918	965
918	966
918	970
918	971
918	980
918	984
918	985
918	986
918	990
919	923
919	933
919	934
919	935
919	945
919	947
919	948
919	961
919	962
919	963
919	966
919	969
919	970
919	978
919	982
919	984
919	987
919	992
919	994
919	995
920	951
920	954
920	962
920	974
920	977
920	987
920	988
920	998
920	999
921	921
921	929
921	936
921	946
921	954
921	974
921	978
921	981
921	984
921	988
921	992
921	999
922	935
922	936
922	937
922	949
922	951
922	955
922	957
922	979
922	985
922	993
922	995
923	924
923	927
923	933
923	934
923	936
923	940
923	943
923	951
923	954
923	972
923	976
923	985
923	989
923	992
924	928
924	932
924	937
924	944
924	946
924	952
924	955
924	958
924	962
924	964
924	969
924	971
924	982
924	983
924	998
925	937
925	939
925	941
925	942
925	950
925	956
925	964
925	980
925	994
925	999
926	928
926	938
926	954
926	956
926	958
926	991
926	995
926	997
927	933
927	941
927	942
927	947
927	955
927	956
927	973
927	983
927	986
927	988
927	991
927	992
928	944
928	953
928	962
928	975
928	981
928	988
928	991
929	935
929	942
929	943
929	948
929	949
929	957
929	962
929	965
929	972
929	973
929	974
929	975
929	980
929	982
929	984
929	991
929	996
930	932
930	935
930	936
930	959
930	985
930	992
930	995
930	998
931	934
931	936
931	940
931	950
931	958
931	960
931	963
931	974
931	975
931	984
931	990
932	937
932	941
932	944
932	950
932	952
932	958
932	963
932	968
932	970
932	974
932	981
932	999
933	935
933	938
933	946
933	973
933	982
933	983
933	993
934	941
934	945
934	994
935	943
935	944
935	950
935	951
935	959
935	961
935	962
935	965
935	969
935	971
935	972
935	974
935	975
935	976
936	938
936	946
936	954
936	964
936	974
936	982
936	984
936	987
936	990
936	996
937	947
937	955
937	972
937	974
937	978
937	984
937	988
937	990
937	992
937	995
938	945
938	946
938	947
938	948
938	963
938	964
938	968
938	969
938	971
938	974
938	976
938	979
938	983
938	986
938	987
938	988
938	998
939	948
939	949
939	955
939	962
939	967
939	973
939	980
939	982
939	994
939	996
940	941
940	944
940	952
940	954
940	955
940	965
940	986
940	989
940	990
941	944
941	955
941	956
941	957
941	958
941	959
941	962
941	963
941	965
941	971
941	974
941	980
941	981
941	987
941	988
941	993
941	994
941	998
942	943
942	944
942	950
942	959
942	961
942	966
942	967
942	983
942	987
942	995
942	997
942	999
943	946
943	947
943	948
943	955
943	956
943	987
943	989
944	949
944	954
944	955
944	957
944	977
944	979
944	980
944	982
944	989
944	998
945	946
945	954
945	956
945	960
945	961
945	970
945	979
945	998
946	959
946	964
946	971
946	986
947	952
947	953
947	958
947	964
947	973
947	976
947	983
947	996
948	948
948	958
948	965
948	975
948	979
948	981
948	984
948	985
948	996
948	999
949	958
949	962
949	966
949	980
949	984
949	998
950	952
950	975
950	986
950	992
950	993
950	994
950	996
950	999
951	961
951	962
951	966
951	970
951	973
951	980
951	981
951	997
952	955
952	962
952	963
952	968
952	969
952	975
952	986
952	991
952	996
952	999
953	956
953	962
953	967
953	968
953	974
953	975
953	980
953	985
953	995
953	998
954	956
954	962
954	968
954	971
954	972
954	995
955	961
955	963
955	971
955	973
955	976
955	981
955	985
955	993
955	996
956	961
956	967
956	977
956	978
956	989
956	990
956	995
956	997
956	998
957	960
957	964
957	970
957	977
957	981
957	986
957	997
958	968
958	985
958	988
959	960
959	966
959	967
959	978
959	990
959	992
959	994
960	960
960	963
960	971
960	978
960	979
960	983
960	993
960	995
961	974
961	986
961	996
962	963
962	969
962	970
962	971
962	974
962	984
962	986
962	990
962	994
962	996
963	965
963	967
963	976
963	979
963	987
963	989
964	967
964	972
964	980
964	981
964	988
964	991
965	968
965	977
965	978
965	986
965	988
965	993
965	998
966	974
966	976
966	992
967	971
967	972
967	973
967	974
967	980
968	968
968	973
968	974
968	978
968	998
969	978
969	983
969	992
970	975
970	977
970	994
971	981
971	989
971	999
972	973
972	974
972	977
972	993
972	995
972	998
973	974
973	980
973	983
973	997
973	998
974	977
974	980
975	975
975	984
975	993
975	996
976	979
976	981
976	984
976	999
977	980
977	988
977	991
977	993
978	986
978	989
978	990
978	997
979	984
979	996
979	999
980	981
980	987
980	990
981	986
982	983
982	989
982	999
983	992
984	988
984	990
985	996
986	987
986	998
987	987
987	991
988	989
988	993
988	994
988	997
988	998
989	993
989	998
990	996
990	999
992	996
993	994
993	998
993	999
994	994
994	997
995	997
995	999
997	999
